500 2
43 3.187311 4.3513002
150 1.0156265 -0.15196589
159 1.0148859 -0.14551255
149 1.0232455 -0.14410183
114 0.9576431 0.20153834
69 2.8468914 3.6699119
305 3.3649716 4.8988786
84 1.0169427 -0.15379302
59 1.0256764 -0.1474476
145 1.022195 -0.15855514
138 2.938247 3.7650506
366 3.3927822 4.9389524
212 1.0263073 -0.15411872
178 3.1877334 4.3497972
85 1.0287294 -0.15033947
88 3.0738773 4.527212
163 0.95921856 0.20747319
58 1.0249403 -0.14799029
38 0.96630573 0.20764157
143 0.9525691 0.20544465
103 3.0994718 4.588159
16 1.0238158 -0.15913203
47 1.0318778 -0.15496808
196 0.9580424 0.19870988
156 1.0267916 -0.16266926
401 2.7583575 3.5564191
35 0.9546939 0.21051492
5 0.9658326 0.21227656
49 3.0603063 4.5128155
30 2.978145 4.400234
97 3.0783236 4.5486107
90 4.5615797 6.4855127
227 0.9621915 0.20374285
136 3.1343136 4.6029263
281 3.3400981 4.861596
107 0.9708379 0.2099857
194 0.96029675 0.20082407
186 3.1030982 4.582247
12 1.0231758 -0.1566345
82 3.0644243 4.5196247
6 2.8143933 3.7378285
314 3.2916744 4.784531
403 3.276469 4.780478
68 2.9292917 -2.2062895
116 3.0358627 4.4643393
73 3.088892 4.5518293
219 3.720002 5.1059084
265 2.8725405 3.8407493
113 2.357399 2.7454534
137 0.9676084 0.20125094
25 3.6329207 -3.139743
193 1.1559622 0.5029481
235 1.155589 0.5047871
343 1.2581594 0.06588527
249 4.5782485 6.496767
118 1.1528772 0.48882985
222 1.2363014 0.068398304
70 4.554969 6.4411707
42 0.96321225 0.19734076
141 3.28299 4.7915306
153 2.3769987 2.7706857
251 0.94731176 0.2119673
96 1.7596143 -1.0275033
269 0.97275287 0.21296854
268 1.1627042 0.4960817
31 3.0674148 4.5264897
139 3.2688968 4.744465
122 1.160103 0.50884795
279 1.7658991 -1.0267073
247 1.250112 0.07654225
51 3.0474365 4.4859023
375 4.547623 6.4553833
300 4.55833 6.4692388
448 2.9086137 3.7161417
410 3.6867917 5.06938
164 2.40784 2.8069232
52 2.9600124 3.802668
491 1.3020909 1.2502873
195 1.1591108 0.485945
162 4.474567 6.3571234
14 3.6628065 -3.169717
304 1.2677101 0.07906978
287 4.4414163 6.3158655
223 4.4290133 6.281154
168 2.8670049 3.6746743
230 1.2558686 0.06860969
315 2.3689957 2.7680204
271 1.7285981 -1.0158714
238 1.1493627 0.49089924
450 5.000989 -4.118361
171 1.7150694 -0.9952156
177 2.7379315 3.578329
4 3.0455499 4.476113
78 4.4957747 6.394455
262 2.9059653 3.7296658
152 2.3874042 2.7759871
209 3.028301 4.463097
92 2.3764102 2.7815468
206 3.6941302 5.0738893
20 3.6975727 5.067583
270 3.6924303 5.064009
225 1.312979 1.2400935
369 3.228291 4.71756
258 4.4858212 6.341977
256 2.3472893 2.7357514
93 1.1512233 0.49557257
121 3.977108 -3.6988678
245 2.9471846 -2.2230484
89 1.0207901 -0.14426799
192 3.247457 4.7396293
393 1.5187211 -0.57019126
55 1.1469917 0.5065727
99 5.07676 -4.1694717
94 3.9159837 -3.6493862
131 1.7265182 -1.0053288
72 1.290486 1.238915
487 3.7596838 5.1743364
311 1.1546252 0.5030254
24 5.0137053 -4.1264157
106 3.8107653 -3.5640838
292 4.421139 6.284158
179 2.4038036 2.803637
389 2.786351 3.649643
112 2.9093628 -2.1825888
278 3.2994225 4.814329
303 1.1495812 0.50566447
102 4.464775 6.329133
243 2.3719187 2.766526
111 3.9458861 -3.6694117
170 3.0308676 4.4723296
319 4.4381566 6.2961802
65 3.928785 -3.6842499
284 2.379221 2.765835
301 1.7527478 -1.0142822
191 3.018705 4.4430156
444 2.7478073 3.6084535
261 1.1480694 0.49650314
48 1.252267 0.06517951
334 1.5224874 -0.58230764
60 1.2526284 0.07406134
13 1.3076663 1.2451358
185 2.3767197 2.7627323
71 1.2569789 0.08296325
202 1.2775435 0.074663766
211 2.3541858 2.7469702
221 1.3099124 1.2495778
456 5.038317 -4.144478
331 3.8582609 -3.5306263
169 2.3712003 2.7701902
18 1.7158461 -0.98570675
37 1.1538559 0.49507472
264 5.1464744 -4.2396483
322 3.7790883 5.2042427
229 1.1598338 0.49944764
213 2.9231272 -2.1993127
376 3.4345403 -2.9562967
174 1.704413 -0.9882888
474 1.3108437 1.2705903
276 2.3633542 2.7525444
328 1.2503449 0.07660124
374 2.8111093 3.7685366
442 2.9339147 3.9701915
32 1.5181825 -0.5756029
362 1.2428654 0.090459704
134 1.2967706 1.2493935
242 5.064506 -4.1681843
332 5.961471 -5.2048645
11 1.1523938 0.49115774
394 1.3197261 1.2620645
217 1.2479795 0.081994206
182 1.515714 -0.58253944
204 1.7394108 -1.0215278
404 2.9058115 -2.1884646
313 3.5194952 -3.0230987
437 2.9125223 3.7231376
10 2.8685215 -2.149359
220 1.0203605 -0.14605398
183 6.938643 -6.2450547
63 1.5223936 -0.57211334
56 3.7792225 -3.3936315
184 2.40914 2.8152215
175 1.2923558 1.245963
74 2.379608 2.766358
45 5.9892397 -5.231982
306 4.968001 -4.0759063
479 3.882492 -3.6338372
425 5.025147 -4.1440325
379 2.8388586 3.626996
255 3.7187357 5.1069965
115 1.153238 0.5152416
335 1.7261914 -1.0073525
54 1.5179008 -0.57692075
267 5.8169284 -5.0912666
387 4.94304 -4.065318
289 0.9587615 0.19161274
398 1.7354602 -1.0039207
324 2.80326 3.74934
263 2.8758879 -2.1666908
189 2.884617 -2.1702926
187 6.9877167 -6.2857375
248 1.5075351 -0.5739264
326 1.3071092 1.2591475
337 5.7322526 -4.993911
367 2.824644 -2.1123145
370 5.830077 -5.0920177
473 3.9590847 -3.7009006
188 4.4455247 6.300584
26 4.4061875 6.252093
288 1.5111336 -0.56196797
7 2.89745 -2.1744237
386 3.9149032 -3.5983698
377 2.9222147 3.9704702
253 2.873523 3.6852467
218 3.5219007 -3.025858
8 1.5135915 -0.58136314
128 5.7081895 -4.9734817
323 2.3551915 2.7460163
67 3.860684 -3.5032897
28 3.8505452 -3.5703092
39 5.745894 -5.020178
239 3.993721 -3.7151105
234 1.5128424 -0.5775741
441 6.9211273 -6.2265897
364 1.2403352 0.07430445
9 1.312508 1.2449138
294 3.6180463 -3.1526659
190 5.6363277 -4.908452
449 6.850159 -6.1750617
19 4.9549437 -4.0716724
109 1.7316864 -1.0022036
340 6.8652425 -6.212411
254 3.6320572 -3.172491
158 3.903774 -3.646664
147 5.642201 -4.941239
216 6.843407 -6.1871557
166 1.7377068 -1.0117105
126 3.922201 -3.6476624
381 3.7703087 -3.45001
127 1.734339 -0.99482614
348 1.2771071 0.09537731
44 2.8287935 -2.1293108
91 3.2856553 4.780052
57 2.3225586 2.7070777
157 4.937664 -4.048421
83 2.8120298 -2.1057072
161 5.7708535 -5.022805
173 1.2450281 0.08584916
237 1.5363116 -0.60638255
399 1.257876 0.07679952
130 1.3083224 1.2797395
461 1.5183574 -0.58162344
176 0.95921105 0.20670068
228 2.8736942 -2.1533866
36 1.5241456 -0.569094
105 5.823998 -5.079614
358 3.6239862 -3.1427283
397 2.992205 4.060322
430 3.945331 -3.6806943
273 6.9623356 -6.2830005
76 0.9616465 0.2005639
317 2.869993 -2.1603546
201 1.0290439 -0.15465114
368 4.950244 -4.074332
117 3.7054627 -3.314548
34 1.0211797 -0.17182533
424 2.9816492 4.0512514
378 1.1706125 0.4839539
259 6.814411 -6.130319
144 3.721426 -3.279594
310 6.8784432 -6.2014017
244 2.8774743 -2.1701338
197 3.8391914 -3.5164046
236 3.5094085 -3.0279264
282 5.7387967 -5.0177083
3 1.7332461 -1.0008693
459 3.7983801 -3.4453526
395 3.7713115 -3.441897
40 3.4601989 -2.984854
154 2.93206 3.7559924
81 1.5098994 -0.5642653
207 5.7358227 -4.986082
443 3.9161127 -3.6441836
86 6.7854114 -6.114019
199 4.987021 -4.1023216
155 3.911896 -3.6671693
385 4.5733576 6.486369
392 2.8494513 3.662185
151 1.5368072 -0.5778452
359 5.817584 -5.081237
0 6.800491 -6.1270385
471 1.543156 -0.5897836
148 5.7825627 -5.0474358
215 3.1686509 4.6828475
50 6.8075457 -6.141198
120 6.8372245 -6.168149
418 1.5206189 -0.5830404
434 2.8741279 -2.1611385
124 3.7102666 -3.3479073
308 1.3135098 1.2707143
46 5.744961 -5.0089374
22 2.9777827 4.408603
77 3.5278764 -3.0098965
347 3.8167927 -3.5021474
21 4.967649 -4.083895
64 3.0087397 4.437424
455 3.928763 -3.6608326
293 3.4812062 -2.9775138
80 1.7275324 -0.9883303
416 1.7259827 -1.0212259
198 6.782283 -6.107265
203 3.4365695 -2.912298
133 4.9142437 -4.0361185
66 6.9924445 -6.2891808
351 2.4353647 2.8476987
489 3.9028113 -3.5746753
432 3.8881884 -3.5802844
132 1.032985 -0.17488988
372 3.8171635 -3.4481454
342 6.840591 -6.1791325
297 3.9565623 -3.7188985
95 5.772086 -5.0354548
433 1.509011 -0.58384436
1 6.776387 -6.0968003
125 3.875586 -3.542056
17 3.4699864 -2.9494057
277 1.1620789 0.50716436
23 1.5396653 -0.57267576
226 0.95484936 0.20040041
108 3.7671647 -3.4499698
208 0.9610751 0.20572382
180 3.7660744 -3.4086576
283 6.8595304 -6.176612
146 4.9034405 -4.026443
240 3.4792354 -2.9501722
286 3.803667 -3.4763088
200 3.447762 -2.9319408
233 3.7575943 -3.3115776
280 3.8125162 -3.4508202
246 3.43183 -2.9347386
160 1.0253159 -0.16370045
214 3.8868196 -3.6128426
250 1.7488542 -1.0373313
407 3.8808784 -3.5482109
454 3.635429 -3.191511
429 3.4786847 -2.9528577
445 3.8343616 -3.470789
298 3.7131178 -3.2636313
260 2.8472917 3.8504922
486 3.981132 -3.7249968
15 2.8655386 3.8685324
123 3.5194013 -3.0255966
101 6.878105 -6.197154
241 4.2768445 6.061956
181 1.3343589 1.2832122
210 4.21774 5.9736843
316 5.7770987 -5.038066
423 3.4074247 -2.9043748
205 3.8540173 -3.6019614
333 5.7202954 -4.9878497
165 1.1523845 0.51905876
87 2.8081303 3.8074012
62 2.7013097 3.5718074
349 3.4471054 -2.9207478
312 3.4595625 -2.9368112
41 1.5132586 2.1088915
274 1.3249829 1.2779502
336 2.8790045 3.88952
119 2.6069458 3.3419716
390 2.590219 3.3240826
224 4.2530394 6.038391
330 2.6665392 3.5544453
142 2.6492715 3.4316382
422 1.2569716 0.07425737
498 4.321633 6.121472
2 2.5919662 3.3420174
419 4.240714 6.0136642
405 3.0373695 4.425476
257 1.023535 -0.15978026
440 1.0231416 -0.15617092
428 1.2435635 0.08491626
290 0.9753189 0.19807328
415 4.260756 6.039599
299 1.0179797 -0.1535438
460 0.9557633 0.2111146
470 4.1801577 5.9153066
466 1.1772527 0.48647028
383 3.037955 4.4913745
426 1.023603 -0.15517119
104 2.6431456 3.5114954
388 3.0325844 4.4715424
494 4.297226 6.086503
27 2.6621761 3.4255574
480 3.0237243 4.40106
452 1.7582624 -1.0278186
465 1.2514598 0.09364915
477 3.0041208 4.4381456
344 0.9751617 0.21600688
98 2.8449926 4.165615
272 1.0217648 -0.16104522
435 0.9711388 0.19399375
496 1.0154021 -0.16530137
446 2.4173462 2.8172617
476 4.2593083 6.068014
493 2.6231883 3.4122376
414 3.030671 4.4723434
384 1.0265191 -0.16963483
252 3.0412648 4.488376
325 1.2534857 0.07048236
463 1.0168313 -0.15927498
464 1.1549289 0.48695865
417 1.1449813 0.47692528
499 1.5542132 -0.5828047
396 0.96346134 0.19839302
361 2.4710708 2.8877661
447 2.41604 2.8337407
472 4.2315273 6.0113306
329 0.9685083 0.20388088
453 0.9814246 0.2084427
129 1.2590979 0.074574664
309 2.8374255 3.8378065
350 0.99940795 -0.15143709
352 0.9589962 0.2054385
484 1.1572628 0.49956965
483 1.554103 -0.6103977
406 2.4397836 2.8576424
61 2.718936 3.9584072
431 1.0163244 -0.17002325
172 2.7698772 4.0303874
357 1.0104795 -0.14697021
295 0.96213937 0.20156421
296 2.9749703 4.375423
495 1.2563466 0.10370727
356 2.3991246 2.821062
412 2.3990822 2.8079143
302 0.96138936 0.2121231
371 0.9592711 0.18893376
382 1.0139242 -0.15950507
53 2.8165154 4.122953
413 2.5868874 3.3576884
266 2.9924254 4.4259205
488 3.0572498 4.165422
327 2.798645 4.066736
110 1.7091265 -0.98057306
275 3.0156627 4.4443536
481 1.1611917 0.5008265
436 3.0773778 4.556459
462 3.1124575 4.5851746
451 2.927799 -2.1979637
307 0.9633381 0.21619217
321 1.0185329 -0.16810897
391 3.0039008 4.438249
380 1.0201813 -0.14670128
363 2.9695513 4.388927
420 4.219539 5.9997954
478 0.9523562 0.21042353
468 1.16285 0.50484484
353 2.9551756 4.3299403
318 3.0642898 4.4938135
438 1.1583058 0.4867716
231 2.7735841 4.0397997
354 0.9779625 0.2113982
135 2.6437995 3.3795044
402 2.4121048 2.8165526
458 3.074748 4.190426
345 2.6667025 3.5784707
341 2.9806201 4.3873825
497 1.2477493 0.09638732
482 4.1841764 5.9274864
408 1.2556227 0.07984653
427 1.7594768 -1.0304372
346 1.0245647 -0.1697919
469 1.0288856 -0.15743779
79 2.8077607 -2.0971658
360 0.96839666 0.20111287
320 1.0277029 -0.16180949
29 3.134612 4.289657
492 2.3851368 2.7805042
339 1.0457052 -0.17841342
467 5.396941 -4.6915064
409 1.1533574 0.49839854
457 1.785905 -1.06972
285 2.812472 -2.1102033
439 1.1524097 0.492017
411 1.3118297 1.27244
140 2.845097 -2.1295383
100 2.818603 4.1014075
485 1.5121843 -0.56753767
291 2.7029014 3.430918
365 3.024187 4.1237984
373 4.3156033 -3.5246687
475 1.2969912 1.2763003
355 2.3874946 2.7848005
232 1.0372708 -0.1626059
75 2.6441097 3.364279
400 0.9651162 0.19972537
33 2.6844857 3.4129357
338 4.4419246 -3.6338553
167 1.3210789 1.284368
421 4.3709173 -3.5771708
490 1.7306725 -1.0239124
