500 2
303 6.1469245 0.17685954
211 1.3516068 -0.21040645
209 -0.14425616 -2.637212
268 6.179182 0.17746274
232 1.3526449 -0.21136075
300 6.0725965 0.17795816
246 6.127268 0.18212605
202 1.3507122 -0.21317305
50 -0.4240193 -6.460395
13 0.34292468 -0.87244385
399 5.9292364 0.13469571
219 1.3462203 -0.22093031
380 5.953881 0.13679866
264 0.77464664 -0.45627558
281 6.1856613 0.19564308
225 -0.29879984 -3.892245
204 0.8846678 -0.41420066
270 6.195924 0.18239436
248 -0.30080664 -3.9215744
418 0.8507294 -0.44052094
265 -0.28578368 -3.8226225
126 -0.22251202 -4.9172897
293 0.5765306 -0.5027952
252 7.0510893 0.038333625
213 0.76214504 -0.462215
321 0.7648314 -0.464102
218 -0.23546374 -3.3615494
96 -0.20190951 -4.859649
74 0.47478583 -0.6703021
302 1.1296625 -0.28272957
15 -0.64592326 -7.6687922
309 5.914476 0.046735626
239 1.1428541 -0.29478753
208 0.5656589 -0.5093725
483 5.8392196 0.13396518
277 -0.23498464 -3.3488495
39 -0.5650867 -7.3322
288 6.1125426 0.12361182
454 6.9799385 0.03937128
452 0.8501604 -0.44877332
220 6.014774 0.030384935
238 7.1183624 0.03203445
54 -0.4164134 -6.2726107
261 -0.28667775 -3.8746402
389 0.593775 -0.4976196
258 -0.24241497 -3.3757424
231 6.985705 0.029521052
64 0.61127293 -0.58284736
4 -0.63637584 -7.5044804
32 -0.6425618 -7.7013655
135 -0.5631294 -7.2918897
73 -0.22362727 -4.8338814
273 0.5653381 -0.5381914
245 1.1274098 -0.28608552
212 6.248385 0.13216902
52 -0.40083602 -6.25975
62 -0.41178077 -6.3072743
318 6.09603 0.034113392
137 0.61764175 -0.57545054
80 0.6015661 -0.6149831
226 6.1221046 0.13209258
144 -0.6461128 -7.56277
42 -0.6244784 -7.4500046
132 -0.22711498 -4.839855
129 0.61979115 -0.5606475
118 -0.5718507 -7.4483027
45 -0.56646574 -7.273635
387 1.4884335 -0.19077517
76 -0.079632364 -3.788447
296 1.1494327 -0.29297623
299 5.6232247 0.14724581
274 6.080609 0.03994116
206 5.7412252 0.14212373
235 5.845629 0.12845838
1 0.38716003 -0.7533213
458 7.0090504 0.04034844
58 -0.570373 -7.31838
63 0.23598659 -1.2989155
24 0.55514854 -0.62108576
250 0.44327718 -0.5237545
256 6.1521764 0.19141671
253 0.4099983 -0.51842815
48 -0.64344114 -7.668037
37 0.07681981 -2.4183161
11 -0.07780357 -3.7212007
260 6.1129937 0.19652121
352 0.8723879 -0.4333029
243 1.1563278 -0.28524357
87 -0.086626895 -3.7648687
16 -0.21633145 -4.8203373
272 1.1536877 -0.2954028
315 1.1460522 -0.29746425
60 0.5620767 -0.63324195
341 6.1687427 0.19396695
298 5.433106 0.10246964
79 0.080948636 -2.4213943
336 6.170783 0.18507883
29 -0.6344481 -7.6162887
392 6.1430964 0.18370372
203 0.97570705 -0.35572913
224 0.059065454 -1.1075306
88 0.58801776 -0.60630274
334 6.226222 0.12534983
84 0.08251314 -2.4149597
92 -0.564543 -7.300838
38 0.39788157 -0.755447
146 -0.64411986 -7.637685
81 0.08879976 -2.420657
94 -0.092680275 -3.7535372
405 5.547765 0.06770278
134 0.53918284 -0.6320984
41 -0.6466976 -7.6915517
133 0.2551509 -1.2812504
249 5.766027 0.14834963
65 0.5869824 -0.6220348
6 0.55872625 -0.6139818
326 -0.23341915 -3.4225256
305 0.59706414 -0.5000421
19 0.09136748 -2.4309902
356 5.82659 0.1312842
223 5.937288 0.12425167
100 0.4073654 -0.7424482
311 5.649866 0.15193169
360 6.8936477 0.027760804
172 0.5892987 -0.6075538
168 0.6173343 -0.55966747
292 5.9807005 0.029847091
327 0.9858378 -0.3529255
125 0.3801357 -0.7443721
484 6.0125985 0.13303566
263 5.3626266 0.06017051
410 0.9392018 -0.42105663
147 0.5837381 -0.6080184
368 6.033324 0.18743366
320 5.391852 0.10338414
102 0.0719011 -2.451874
308 -0.25543386 -3.4750736
136 0.41189194 -0.72895813
49 0.0743835 -2.449485
25 0.08067256 -2.4394848
428 5.3338237 0.06118261
44 -0.6547186 -7.7298245
33 0.14954375 -1.8136618
350 0.97193354 -0.3663822
317 6.9521675 0.039438214
409 1.455544 -0.19436358
353 5.668741 0.15634565
289 5.3364906 0.09655797
26 -0.6678981 -7.8148637
173 0.6194725 -0.5595071
271 1.4841673 -0.18769751
35 -0.65281326 -7.7924013
408 -0.2586012 -3.4337883
83 -0.07872251 -3.745751
9 0.4783905 -0.6769402
200 6.2163515 0.1259507
355 0.70187277 -0.44682744
3 0.015733749 -2.935464
357 -0.24879535 -3.409479
141 -0.63039887 -7.499503
7 0.6185946 -0.5713469
316 5.9165983 0.13178875
346 6.0543466 0.13640895
236 -0.23949336 -3.4778562
67 -0.5419633 -7.232891
47 0.30567905 -0.9528454
2 0.58827263 -0.6089882
348 0.7977981 -0.458917
403 -0.24167588 -3.3190198
310 5.4609675 0.07986186
391 1.4989239 -0.19087352
313 6.9430256 0.03224258
28 0.5499429 -0.63072073
251 1.4940767 -0.18042503
57 0.39510688 -0.7455243
420 -0.23038362 -3.32333
390 -0.22672896 -3.3758929
285 -0.23397626 -3.3022807
106 0.011326336 -2.9281142
90 -0.55550843 -7.260187
71 0.08298737 -2.4171283
40 0.3201149 -0.96233386
370 0.7491671 -0.42683557
396 -0.24888743 -3.3874893
69 -0.080506995 -3.7374995
229 -0.23963344 -3.4653287
66 -0.06987017 -3.7729168
301 5.496811 0.09340005
86 0.38734102 -0.75780135
17 -0.5700225 -7.035119
97 -0.070203885 -3.807131
290 0.91374743 -0.43403122
46 0.33085853 -0.9370532
5 0.15840745 -1.7775697
291 0.06034118 -1.1626663
149 0.039553057 -2.9083457
55 -0.5548073 -7.15214
127 -0.57202107 -7.3010545
319 1.5031084 -0.19305936
123 0.23830782 -1.33394
222 5.514832 0.08013263
159 0.23766077 -1.2865251
14 0.23228131 -1.3034488
244 0.9916633 -0.36501262
395 -0.2573955 -3.4781303
122 0.019929018 -3.001541
183 0.60935163 -0.566735
78 0.5533298 -0.6267611
373 0.78732616 -0.47318178
36 0.15596467 -1.7710791
257 1.5154974 -0.18640417
43 -0.574672 -7.237993
448 1.5027354 -0.18252017
322 0.9759426 -0.35650086
287 0.7076744 -0.44402656
349 0.7057841 -0.45489842
93 -0.35729322 -5.9300504
165 0.22861236 -1.3495008
282 0.9660711 -0.38675383
455 0.7957908 -0.45395347
431 5.4494233 0.06414349
424 0.9310872 -0.4150658
61 0.021225858 -2.9170346
228 5.398668 0.10009643
230 5.428061 0.10164545
369 0.9482224 -0.37114483
110 0.23074606 -1.2885242
283 0.7422437 -0.4415528
262 5.437289 0.086713694
109 0.24694265 -1.3220383
215 5.4399657 0.069476455
491 0.28161535 -0.6285304
276 6.798601 0.02650874
20 0.3216529 -0.9203695
99 0.36967212 -0.7683091
307 5.346671 0.091820225
240 1.5086575 -0.19183889
217 0.94279355 -0.40658647
75 0.5629985 -0.6203238
115 -0.6061297 -7.2787704
205 0.979815 -0.40993866
254 5.687627 0.17365679
31 0.22192825 -1.3526732
170 0.460214 -0.6774223
468 6.8059926 0.032923527
82 0.22501524 -1.3194846
214 -0.2279314 -3.2883127
210 5.664692 0.13596869
342 5.3637547 0.09997347
471 0.93864554 -0.4246172
108 -0.34588528 -5.875065
59 0.23366074 -1.3229709
382 0.4342022 -0.590881
442 1.5096602 -0.186642
77 -0.33875468 -5.835571
404 0.41501456 -0.612142
351 0.7006028 -0.45781127
421 -0.19139557 -3.0087798
188 -0.3401679 -5.822391
166 -0.55207974 -7.2686276
354 0.66682243 -0.48553634
164 0.032658584 -2.9439123
18 -0.6162202 -7.257303
437 6.045279 0.19010535
259 1.5056137 -0.19203703
112 -0.33924183 -5.8237615
429 5.8613296 0.13381316
478 0.58271074 -0.51579225
103 0.22217983 -1.3524448
439 5.9853916 0.12550949
98 -0.34781858 -5.8117094
438 0.97251934 -0.40347925
51 -0.6334934 -7.6021237
427 1.1907079 -0.26750866
328 1.4750054 -0.19414195
12 0.61400753 -0.57459426
124 0.3276035 -0.9303283
416 -0.19365516 -3.1937573
275 5.9347115 0.121532515
488 -0.2472214 -3.4469666
358 5.5476213 0.14824177
221 5.882087 0.033659287
443 -0.2484722 -3.441145
297 0.41456655 -0.61368054
234 0.42399064 -0.60417
242 6.018062 0.13417721
324 0.7389538 -0.43505034
333 0.37933356 -0.63473874
375 -0.17891133 -3.1304572
171 -0.34180063 -5.824579
119 0.62423915 -0.5463835
34 0.02117721 -2.9029925
8 0.61761916 -0.55465764
156 -0.35275343 -5.862986
158 0.23912047 -1.2905791
449 6.1236258 0.12791073
91 -0.36865357 -5.9738927
247 0.696022 -0.45459488
447 5.82591 0.13907233
444 -0.20058413 -3.1377153
104 -0.6571498 -7.708826
335 5.585469 0.14725026
402 0.2925357 -0.5980464
241 5.649123 0.14363596
267 0.94704646 -0.4150302
117 -0.6382799 -7.6511693
120 0.5546855 -0.6279345
419 -0.30765164 -3.913979
255 0.44142187 -0.5905421
462 0.33982328 -0.6007922
451 1.1864753 -0.27979606
145 -0.571162 -7.3638105
470 1.5070353 -0.18662316
450 6.0592265 0.1885163
364 5.8149343 0.13210215
304 0.3727441 -0.62030697
160 0.4571309 -0.68232894
340 1.1743636 -0.26976952
191 0.61485994 -0.5572527
376 6.0373726 0.13437405
198 0.60681224 -0.54802257
101 0.6092875 -0.55593014
474 -0.32809925 -4.0896683
30 0.63162327 -0.5513305
406 0.38542774 -0.60067993
68 0.08710863 -2.3892338
434 -0.20973274 -3.22795
330 1.1752015 -0.28605106
456 7.379908 0.035184763
473 5.7816105 0.16593601
426 -0.047899153 -1.6564977
184 0.4728036 -0.6644112
181 0.5464222 -0.62589467
295 1.4811362 -0.20764282
338 1.1772264 -0.26988813
367 -0.3076466 -4.000271
163 0.62308747 -0.58651704
323 -0.30724362 -4.031632
201 -0.057243038 -1.4813303
400 7.1250105 0.030320344
286 5.799802 0.17873645
413 7.3011384 0.028525252
167 -0.59718853 -7.3525777
182 0.53070265 -0.63298064
345 5.6180725 0.033457194
113 -0.58230555 -7.251441
464 0.42685705 -0.6062435
435 1.1818442 -0.2701929
494 -0.28205943 -3.8969405
337 7.165642 0.032965552
157 -0.5485455 -7.238076
207 7.2692056 0.038644854
116 -0.33772296 -5.8670135
398 6.224163 0.18508153
70 -0.5589356 -7.1636257
432 1.5071567 -0.18242542
441 1.1670249 -0.28682575
383 -0.30990264 -4.0651913
479 1.1835756 -0.26931357
372 7.2470202 0.022104586
139 0.61480683 -0.5846859
461 5.8087373 0.19533032
459 5.670511 0.038617652
155 0.42500302 -0.71797806
463 5.68123 0.036673743
280 0.38304925 -0.6164541
111 0.08268825 -2.3566387
498 0.9668611 -0.4156448
377 -0.18241279 -3.105471
175 0.54329914 -0.63414514
196 0.09609462 -2.297597
482 -0.30334383 -4.0046163
21 0.14169082 -1.8102266
465 6.9009237 0.040750492
195 -0.54895747 -7.2069225
347 5.866638 0.13967888
131 -0.5807427 -7.19908
386 6.277582 0.19097675
371 6.0598826 0.19272834
150 -0.16438378 -4.5048575
415 5.93455 0.15865722
95 -0.61867476 -7.4257708
140 0.61546713 -0.5500641
284 -0.30745488 -3.9887822
466 5.3724895 0.11065197
105 -0.57312423 -7.1187716
180 -0.041775156 -3.457642
385 -0.034384515 -1.5327703
190 -0.63454735 -7.469506
436 -0.20402145 -3.2166243
331 -0.19847319 -3.0792773
445 -0.2949648 -3.9308743
394 -0.31186685 -3.9975972
121 0.091895305 -2.3099751
487 0.626681 -0.4874435
107 -0.041394096 -3.4376826
378 5.9294615 0.16381127
72 0.6179978 -0.5512181
179 -0.59423125 -7.326564
314 0.41722307 -0.61072326
128 0.09639354 -2.329434
457 0.8381429 -0.43627897
279 -0.20444945 -3.1568532
496 6.731581 0.03553217
388 1.102492 -0.35160887
269 0.38834745 -0.58152235
425 0.40975916 -0.59481275
193 -0.0461732 -3.5164692
446 5.500329 0.11328632
344 5.5877466 0.046307463
423 5.674376 0.12954223
85 -0.5911759 -7.188744
325 5.6686397 0.036721338
480 -0.21716063 -3.2463214
233 -0.056553986 -1.5480015
189 0.602596 -0.5938995
143 0.08730506 -2.3688574
161 -0.15766828 -4.4757333
266 7.265985 0.028279383
476 5.6184587 0.030802835
294 7.056916 0.032469746
489 6.709005 0.019411989
362 -0.03889504 -1.4691459
365 5.8022313 0.17789502
186 0.045871273 -2.7641954
153 -0.16864915 -4.3870273
138 -0.55092454 -7.224192
312 -0.20854238 -3.1572917
379 -0.30581066 -3.9429832
366 0.44956574 -0.595598
169 -0.16356364 -4.573401
412 5.6524334 0.14527956
237 0.98141676 -0.40190688
490 6.1606374 0.19473848
492 5.39388 0.10101645
393 6.035814 0.17106909
194 0.41852063 -0.7082697
142 -0.04687282 -3.5358412
411 6.165303 0.18291214
178 0.34950534 -0.8589412
199 -0.17588797 -4.589031
197 -0.59317344 -7.084328
467 7.2499695 0.028983416
10 -0.63793135 -7.58634
151 0.3449477 -0.87068
176 0.6165646 -0.54624385
53 0.6091768 -0.56335264
374 1.1180043 -0.33228543
472 -0.20666122 -3.2687886
152 0.34850347 -0.84353495
177 0.42430893 -0.70390993
422 1.0915418 -0.34061518
187 -0.16471376 -4.5550942
361 6.0048 0.1333515
162 0.34378585 -0.8851016
329 0.9702889 -0.4165873
339 1.0065472 -0.3972791
469 0.19066766 -0.8658696
306 6.018572 0.12475249
216 0.9687577 -0.40413675
148 0.43408468 -0.68345267
343 0.23945548 -0.8021067
397 1.1175615 -0.32816496
485 1.0848911 -0.35207143
481 0.8264264 -0.41931728
417 0.1998363 -0.8581979
475 5.323754 0.08580129
493 0.82912076 -0.44017166
414 5.8781557 0.17893049
440 5.8378687 0.15579441
363 7.005769 0.023181893
359 5.7279415 0.16059166
401 5.795842 0.17373924
460 5.241793 0.11733364
495 0.9657822 -0.42368796
174 0.4240192 -0.72180223
185 0.050511166 -2.7904818
89 0.20572357 -1.5258225
486 5.2973423 0.06780981
27 0.6138883 -0.55971587
407 5.447412 0.13602033
192 0.35126996 -0.8672211
430 5.686195 0.16133754
384 0.9752905 -0.41714358
453 5.3632903 0.15236798
278 5.4170265 0.14702375
0 -0.62140214 -7.382618
477 0.24040784 -0.8348649
332 0.22611561 -0.8513877
22 -0.6149718 -7.340231
23 -0.6153196 -7.239463
154 -0.612875 -7.240972
114 0.18889508 -1.5389982
56 -0.6206361 -7.2316465
499 1.5422295 -0.18607931
381 0.20852068 -0.8893897
227 5.762238 0.11631835
433 5.216139 0.0510012
497 1.5124922 -0.19619334
130 0.60893947 -0.562546
