500 2
209 3.257096 -3.356272
13 -1.5454024 -1.5763938
211 5.3317676 -5.140427
303 0.30416813 -0.8873454
219 5.3945136 -5.189307
380 3.6693394 -3.7306285
399 3.6048596 -3.6840677
202 5.3507805 -5.1418204
265 1.9592693 -2.2176259
300 0.32535124 -0.88891894
483 3.6776006 -3.7348497
232 5.296412 -5.0924263
225 2.0087059 -2.2809405
50 -5.149942 -4.171273
4 -5.8474936 -4.8049173
258 3.205006 -3.326634
74 -1.0016496 -1.1922544
248 2.0466132 -2.303642
24 -0.8537538 -1.1377792
288 4.005811 -4.081935
204 0.35231024 -1.0192399
246 0.30865735 -0.8870928
29 -5.800001 -4.7599754
208 0.59979117 -1.1196839
293 0.5564484 -1.0888109
302 4.42929 -4.2778273
213 0.44264612 -1.0502788
309 -0.2019346 -0.87403935
261 2.0282934 -2.284054
218 3.1352925 -3.2843575
281 0.30500278 -0.8711549
268 0.29107684 -0.88323367
64 -0.6746043 -0.96529824
212 3.9837427 -4.0402017
270 0.31618834 -0.8853404
321 0.469251 -1.0670598
118 -5.463864 -4.4452934
137 -0.6724385 -0.97286505
245 4.469802 -4.3064117
223 4.02386 -4.063991
226 3.9410732 -4.0081186
238 -0.21215048 -0.85982776
15 -5.5539937 -4.5528574
1 -1.2142234 -1.3301183
277 3.2097497 -3.3198717
62 -5.0314713 -4.086903
327 4.1749444 -4.0308065
264 0.4404727 -1.0358399
273 0.6096063 -1.1371582
32 -5.7889085 -4.739404
67 -5.270284 -4.2844977
126 -4.9631963 -4.045252
305 0.58263576 -1.1136907
88 -0.82415104 -1.1139606
274 -0.17039934 -0.86883706
334 4.2550087 -4.313317
405 -0.11017418 -0.9158894
389 0.57717836 -1.0968732
45 -5.3192563 -4.3285646
356 3.6702456 -3.7341247
65 -0.7990106 -1.1046492
418 0.37046236 -1.0372739
84 -3.8303235 -3.3025832
39 -5.353316 -4.345243
231 -0.24296111 -0.8612065
203 4.161328 -4.0244217
316 3.04091 -3.1304913
235 2.9995277 -3.0887015
252 -0.24349084 -0.87431973
452 0.35310107 -1.0121566
320 -0.029033706 -0.9437191
299 0.1145112 -0.90781695
318 -0.17417504 -0.87799203
360 -0.20855641 -0.8570578
100 -1.2312802 -1.3399957
58 -5.3603377 -4.369016
125 -1.2372316 -1.3546995
80 -0.79139864 -1.0870898
60 -0.9050419 -1.1742064
350 4.202153 -4.041785
206 0.14208242 -0.8962139
272 4.4128957 -4.2499123
146 -5.689563 -4.688606
40 -1.6437415 -1.6420661
220 -0.1872922 -0.89318377
144 -5.711143 -4.7017064
454 -0.23501688 -0.87483567
296 4.4216933 -4.2537494
244 4.1743755 -4.0328608
253 0.63671863 -1.1290445
168 -0.62998426 -0.93738073
292 -0.17473768 -0.8932643
54 -5.0008917 -4.0374393
352 0.37373954 -1.0452682
172 -0.79973173 -1.0931383
96 -5.029549 -4.0907083
239 4.5252047 -4.358299
129 -0.62199783 -0.92838955
224 3.6331108 -3.629967
298 -0.022930762 -0.956447
291 3.6956253 -3.6622882
63 -2.2615607 -2.1268659
147 -0.8072159 -1.1004952
458 -0.22116363 -0.86169606
134 -0.8823504 -1.1610495
79 -3.8440428 -3.3073428
324 4.212157 -4.0855155
165 -2.2437677 -2.0882742
81 -3.8151371 -3.2957385
289 -0.0063415812 -0.9480374
135 -5.228427 -4.250698
7 -0.65535873 -0.95444405
47 -1.6598197 -1.6502218
25 -3.7735162 -3.2308495
243 4.482898 -4.3560505
353 0.11723069 -0.907341
19 -3.7947712 -3.2631824
310 -0.097843446 -0.92504114
136 -1.2378461 -1.3486073
41 -5.769034 -4.7278857
73 -4.8896823 -3.9724567
9 -0.98935276 -1.2094419
11 -5.1486707 -4.21648
428 -0.08399372 -0.9212554
311 0.11456613 -0.91054785
49 -3.767303 -3.27093
17 -5.337573 -4.341507
342 -0.02555988 -0.95626897
336 0.2989624 -0.902449
90 -5.2382855 -4.2728205
86 -1.2401888 -1.3536233
355 4.268875 -4.1177087
48 -5.739304 -4.714156
283 4.295805 -4.161782
37 -3.7368283 -3.2276478
44 -5.680076 -4.674997
42 -5.7389526 -4.6932683
249 0.0955063 -0.91227776
28 -0.8483055 -1.138102
6 -0.8577898 -1.1281501
5 -2.887443 -2.5787528
282 4.1950717 -4.0331054
26 -5.728417 -4.7056847
301 0.0039763977 -0.9528506
236 1.4140601 -1.7576472
200 4.326115 -4.3581076
71 -3.8191538 -3.295001
390 1.441719 -1.7789098
250 0.6639066 -1.141573
484 4.175597 -4.2127934
409 5.7274485 -5.501223
317 -0.22711247 -0.855491
387 5.8390303 -5.6195188
38 -1.2053694 -1.3278701
315 4.3889527 -4.229357
173 -0.61363894 -0.9130573
349 4.2520022 -4.1039352
262 -0.00031370198 -0.95867723
369 4.1636515 -4.0291533
351 4.2743115 -4.15053
133 -2.2825298 -2.1140165
346 4.1613355 -4.216306
431 -0.07384017 -0.937269
102 -3.7666438 -3.256355
87 -5.272269 -4.2963624
322 4.184639 -4.0300097
307 -0.012242626 -0.9433831
228 -0.016728701 -0.957149
127 -5.314438 -4.3242126
230 -0.015186678 -0.95816064
251 5.764387 -5.539621
256 0.45050097 -0.9093772
222 -0.09527466 -0.9288868
420 1.4199657 -1.7614515
92 -5.2971253 -4.3017697
368 0.45445138 -0.91009843
14 -2.2017255 -2.0622003
75 -0.8810054 -1.1594054
285 1.4403746 -1.7823402
110 -2.2294877 -2.0903866
109 -2.2766068 -2.1296644
287 4.254133 -4.1090045
46 -1.6367112 -1.6369909
354 4.330377 -4.187065
16 -4.9474125 -4.0225267
348 0.4580114 -1.0817957
183 -0.60161513 -0.89003754
55 -5.3250256 -4.3241067
36 -2.8539789 -2.5461571
76 -5.1387854 -4.2044606
217 0.33148536 -1.036584
123 -2.1981606 -2.0662205
94 -5.1039658 -4.1848283
106 -4.6339417 -3.844413
290 0.33523494 -1.0318838
159 -2.2328887 -2.072506
35 -5.73038 -4.704797
33 -2.8674097 -2.5506516
263 -0.105825976 -0.926551
370 4.3617086 -4.2250094
410 0.34403148 -1.0300074
215 -0.11473204 -0.9152972
52 -4.980174 -4.0311203
132 -4.962575 -4.0280323
31 -2.2415514 -2.090773
313 -0.223753 -0.85256743
2 -0.81191134 -1.1051829
78 -0.8522104 -1.1589675
57 -1.248684 -1.3514563
260 0.47236925 -0.9278687
247 4.1801767 -4.060593
396 1.4428385 -1.7800077
214 3.1539192 -3.310098
221 -0.19412753 -0.8776047
448 5.754299 -5.5347705
421 3.8656726 -3.9314187
455 0.4370023 -1.0682933
319 5.6876917 -5.4499598
170 -1.0442872 -1.2229513
99 -1.2229362 -1.3313557
242 4.207328 -4.2556906
447 2.8317325 -2.9427052
141 -5.7908034 -4.75004
376 4.2755966 -4.3131485
149 -4.59583 -3.8319745
392 0.44738275 -0.9178435
341 0.44519556 -0.9180225
43 -5.4236984 -4.4130483
12 -0.65577734 -0.95564204
308 1.4927943 -1.8314867
297 3.8656564 -3.812163
333 3.8614144 -3.8008883
403 1.4348328 -1.7810559
408 1.4439139 -1.7827146
240 5.702151 -5.4851866
66 -5.1992416 -4.2566853
382 4.020146 -3.9448073
158 -2.2342138 -2.0988317
97 -5.206699 -4.254296
124 -1.6193259 -1.6437967
104 -5.61294 -4.619241
83 -5.084108 -4.1626945
271 5.703335 -5.4773526
439 4.253419 -4.295489
326 1.442068 -1.7842616
61 -4.603231 -3.8532712
416 3.8173862 -3.8653514
82 -2.2661924 -2.1104271
391 5.692068 -5.484433
205 0.3119511 -1.0189673
122 -4.574681 -3.8059616
491 0.6463557 -1.129847
69 -5.166326 -4.2371874
357 1.4507077 -1.799187
3 -4.627541 -3.854706
468 -0.2405912 -0.8710533
275 4.263428 -4.3000774
120 -0.8803811 -1.1624516
267 0.33089256 -1.0353647
59 -2.2616417 -2.1096404
402 0.6970192 -1.1702857
119 -0.60394853 -0.9051262
30 -0.60346395 -0.9006225
395 1.4259399 -1.7667356
257 5.6118674 -5.380429
464 3.9230983 -3.8385174
373 0.44263837 -1.0604767
471 0.32275656 -1.0342611
20 -1.6549872 -1.6559938
166 -5.283117 -4.2879596
429 2.8729396 -2.9828475
241 1.9936213 -2.1720016
424 0.32198572 -1.0462235
254 0.8481407 -1.1361893
34 -4.670229 -3.8797352
328 5.6930013 -5.473447
304 0.68628454 -1.1667316
276 -0.2315732 -0.8717465
18 -5.6252284 -4.6013947
229 1.4406507 -1.7816137
280 3.9326963 -3.8550177
234 3.9704978 -3.891658
191 -0.60311556 -0.89745164
404 0.68794376 -1.1737092
210 1.9367249 -2.075892
436 3.730582 -3.789663
323 2.3758326 -2.6092684
160 -1.0283142 -1.2085683
51 -5.799841 -4.7718196
488 1.4196073 -1.7535222
449 4.123587 -4.164311
367 2.3983223 -2.63175
145 -5.284171 -4.300004
437 0.4731713 -0.9124191
444 3.8067293 -3.8706815
131 -5.37791 -4.369094
434 3.6791835 -3.733487
184 -1.0100493 -1.1949661
375 3.7832468 -3.8393564
470 5.651167 -5.4297605
156 -4.8817916 -3.952563
157 -5.290024 -4.3054476
140 -0.61809164 -0.9058059
68 -3.742842 -3.2320566
105 -5.404297 -4.4087543
175 -0.8932781 -1.1637391
406 0.6603238 -1.1494914
465 -0.23396388 -0.868859
255 0.65967906 -1.1600525
335 2.0618865 -2.2048657
398 0.39298874 -0.94184977
163 -0.6886528 -0.9949652
427 4.641879 -4.4837666
330 4.7033596 -4.5411835
358 0.111106984 -0.9059497
194 -1.1814525 -1.2920265
182 -0.90521365 -1.1719297
314 4.0206776 -3.9226403
21 -2.9034114 -2.5792055
181 -0.87987864 -1.1641268
259 5.7405643 -5.524967
70 -5.447228 -4.429076
164 -4.60456 -3.8310194
155 -1.1723274 -1.2725238
101 -0.5922085 -0.8875345
8 -0.6016098 -0.89139825
432 5.6763554 -5.46015
115 -5.4820294 -4.4974074
492 0.007236323 -0.9635913
445 2.359464 -2.5774071
462 0.6698795 -1.1661818
77 -4.8850856 -3.9512155
383 2.3823338 -2.5821753
347 2.8180096 -2.9152796
111 -3.7111704 -3.2264273
487 0.5835452 -1.1214287
345 -0.14827062 -0.8904026
438 0.31476483 -1.0352751
478 0.5887841 -1.1375325
103 -2.3017886 -2.1465352
489 -0.2403567 -0.8737752
295 5.531991 -5.320826
366 3.8493752 -3.778301
442 5.6994677 -5.487417
419 2.4142847 -2.6269217
198 -0.59460664 -0.8916984
498 0.321534 -1.035772
457 4.3116803 -4.1663804
286 0.7986937 -1.0654916
480 3.8163161 -3.8909886
279 3.730064 -3.8090727
474 2.3753273 -2.5916033
379 2.4404275 -2.633582
112 -5.002949 -4.0477533
72 -0.6060066 -0.90569055
176 -0.6118172 -0.89267445
377 3.766071 -3.8238974
481 4.2470837 -4.106909
139 -0.7053799 -1.0095614
344 -0.14409214 -0.885339
167 -5.3825555 -4.38983
108 -4.981238 -4.0197763
435 4.628267 -4.451515
95 -5.5183315 -4.5490794
269 3.8819194 -3.7931762
446 -0.0124442475 -0.9720214
113 -5.3835483 -4.386051
179 -5.3206935 -4.339294
400 -0.22225004 -0.8297341
85 -5.332191 -4.3552227
284 2.4752872 -2.7201753
482 2.375604 -2.5916207
93 -4.9049296 -3.9775593
178 -1.4573724 -1.5147518
364 2.839513 -2.9396558
312 3.774532 -3.8375676
117 -5.4884214 -4.5116916
196 -3.6050277 -3.12256
456 -0.20931192 -0.8221519
201 0.99919385 -1.3837794
473 0.7439276 -1.0604457
496 -0.24539097 -0.8710001
479 4.550366 -4.378224
338 4.473547 -4.310605
443 1.4294751 -1.7566237
425 3.909615 -3.8295767
331 3.6619012 -3.7337914
493 4.2564864 -4.1164565
451 4.608307 -4.4476986
337 -0.25004432 -0.84223187
188 -4.9992375 -4.0477777
450 0.5524385 -0.9392055
463 -0.14060812 -0.8898354
490 0.37845564 -0.92703193
441 4.5098042 -4.3353157
91 -4.9630075 -4.009931
386 0.3767794 -0.9355206
152 -1.4555568 -1.5190978
195 -5.240759 -4.2708583
98 -4.8705215 -3.9315796
476 -0.15015642 -0.9073009
325 -0.14798862 -0.8864684
121 -3.5817635 -3.1244185
388 4.1922464 -4.0381236
422 4.154619 -4.002456
189 -0.70879126 -1.011138
207 -0.22263849 -0.84084874
413 -0.2291687 -0.83064514
116 -4.856306 -3.932579
466 0.003554568 -0.97190946
143 -3.6176903 -3.1522543
426 0.9892666 -1.3866082
306 4.1673684 -4.196758
138 -5.2267175 -4.2484374
385 0.968941 -1.3365442
459 -0.15385528 -0.89753234
472 3.7188735 -3.796107
494 1.595005 -1.9177616
372 -0.2331527 -0.8370912
169 -5.097722 -4.163972
294 -0.23015408 -0.8363522
151 -1.4454478 -1.5131339
10 -5.407864 -4.448751
423 2.9117959 -3.0357478
415 0.16751458 -0.916094
412 2.400115 -2.5147324
150 -5.0676007 -4.1132493
161 -5.071935 -4.1398783
128 -3.5608916 -3.102149
197 -5.4522433 -4.44781
467 -0.21232653 -0.81747884
233 0.99809563 -1.3727511
461 0.53026336 -0.94188005
485 4.1578083 -4.0114174
53 -0.59922767 -0.8958074
475 -0.04888774 -0.962546
177 -1.1890587 -1.3242615
411 0.38577405 -0.9373536
340 4.6270566 -4.4661493
339 0.31892282 -1.0477692
365 0.74954236 -1.0460603
171 -4.9320445 -3.9773037
266 -0.21693444 -0.8253719
148 -1.1473724 -1.2786677
394 2.3852205 -2.5933907
486 -0.06520924 -0.9660305
374 4.0861726 -3.962959
174 -1.180091 -1.2945794
186 -4.318801 -3.6647058
440 0.19560337 -0.9241486
216 0.29502565 -1.0331115
190 -5.7105894 -4.686043
393 0.37283036 -0.9160133
469 3.7781942 -3.718738
180 -5.194339 -4.2673445
193 -5.1766033 -4.2467027
153 -5.0281787 -4.100325
107 -5.236675 -4.304732
192 -1.4489545 -1.5134975
162 -1.4385247 -1.5056708
378 0.150609 -0.9119614
460 0.00971633 -0.963684
343 3.6714344 -3.6418912
407 1.6050658 -1.7956556
359 0.15723318 -0.90635175
332 3.656649 -3.62585
142 -5.0882597 -4.187868
185 -4.3931026 -3.6983373
362 1.0036806 -1.3867105
23 -5.358569 -4.405801
371 0.34470677 -0.91535574
397 4.026659 -3.8861265
477 3.709362 -3.6607537
363 -0.25570604 -0.85531104
27 -0.61935437 -0.912832
414 0.17874609 -0.9058935
89 -2.607309 -2.3812914
361 4.146955 -4.1828556
417 3.6622965 -3.6247985
237 0.31087098 -1.0285716
430 0.74435425 -1.0381376
0 -5.3037505 -4.358364
495 0.28554797 -1.0285037
401 0.16610064 -0.93258923
453 1.5669763 -1.7597678
187 -5.0591054 -4.126336
329 0.32615253 -1.0346382
199 -4.9586916 -4.035661
278 1.4685645 -1.6553867
154 -5.205948 -4.2790604
384 0.29734686 -1.0325325
22 -5.1826982 -4.2722445
56 -5.2427015 -4.3157926
381 3.6040761 -3.5592656
114 -2.478892 -2.2612927
227 3.9527361 -4.0078387
130 -0.6177313 -0.9001872
499 5.1998014 -4.99776
433 -0.075157136 -0.96884304
497 5.3014393 -5.0922127
