500 2
209 -6.0201344 1.9418173
13 -0.55855185 -1.3436713
265 -6.675026 2.1504016
211 -1.612626 0.26352948
300 -0.96584004 -5.209907
232 -1.6260117 0.2711631
483 -1.2955145 -7.2917914
303 -0.94328994 -5.131153
246 -0.9712343 -5.172877
225 -6.624082 2.1406999
219 -1.6117231 0.2675462
380 -1.2960227 -7.279541
268 -0.9796814 -5.258408
202 -1.6052301 0.26359725
399 -1.2918106 -7.2156835
258 -6.216112 1.9924947
213 -6.687369 2.0096776
293 -6.984319 2.1234384
218 -6.062527 1.9307673
270 -0.96026117 -5.236796
248 -6.587187 2.1109488
39 -0.9353406 -0.28266075
50 -0.8229488 -0.3141055
274 -1.2957033 -6.2584653
277 -6.0375605 1.9425915
135 -0.9340909 -0.2858861
454 -1.2196957 -5.6798987
281 -0.96382564 -5.151482
309 -1.2538377 -6.0713644
74 -0.5550909 -0.8318504
311 -1.1762087 -6.1296062
264 -6.752876 2.0254982
273 -6.9675913 2.1294794
261 -6.4296246 2.0760572
224 -5.0009894 1.5812013
204 -6.3924837 1.8838993
305 -6.8344727 2.0758002
118 -0.94756633 -0.27120483
64 -0.85693604 -0.53675336
321 -6.51928 1.9511755
84 -0.60614663 -0.79756826
389 -6.916082 2.1139956
390 -6.8694644 2.2001214
15 -1.0635995 -0.10333339
58 -0.9338162 -0.26301202
208 -6.8587756 2.088123
231 -1.2140517 -5.6333885
299 -1.1629477 -6.0420947
206 -1.1667092 -6.106064
25 -0.59358114 -0.8068362
318 -1.2832842 -6.179527
45 -0.9383193 -0.2748665
405 -1.3054793 -6.4795103
226 -1.2885436 -7.244394
252 -1.2293649 -5.745024
172 -0.76479983 -0.5919261
302 -1.958352 0.40181285
24 -0.69917494 -0.6542175
126 -0.6406777 -0.48206824
245 -1.9711939 0.40904307
336 -0.9781978 -5.1675754
86 -0.5701922 -1.3078834
87 -0.61040133 -0.6003704
327 -2.7532146 0.69337076
418 -6.2883253 1.8546307
96 -0.65894395 -0.47301403
220 -1.2581115 -6.1004233
81 -0.60468364 -0.80290926
19 -0.6017033 -0.8140041
137 -0.86375403 -0.5332854
452 -6.4250736 1.8848003
360 -1.2170348 -5.6804247
203 -2.7226129 0.6904914
298 -1.2933421 -6.585424
11 -0.5977367 -0.60464907
129 -0.8899556 -0.51771224
1 -0.56630236 -1.2590928
4 -1.0620093 -0.10052668
289 -1.3080709 -6.665321
288 -1.2980345 -7.2720594
17 -0.9976588 -0.19767393
63 -0.5421572 -1.1530904
396 -6.8535185 2.1989586
239 -1.9493437 0.40716797
320 -1.3069447 -6.7013574
62 -0.82278824 -0.32960355
458 -1.2192703 -5.67494
125 -0.5686047 -1.3389213
235 -1.2232196 -6.910352
144 -1.0990981 -0.08335039
283 -3.8423119 1.1055819
80 -0.7622912 -0.6098004
310 -1.3227032 -6.5676355
285 -6.8327537 2.1842241
37 -0.5968599 -0.81103015
212 -1.2733407 -7.138527
428 -1.3004408 -6.504801
222 -1.310889 -6.4847507
100 -0.5660134 -1.3122723
249 -1.1669676 -6.073248
238 -1.212989 -5.66149
32 -1.093368 -0.08914645
49 -0.5970457 -0.8184993
102 -0.58517396 -0.7993463
296 -1.9469011 0.4120307
168 -0.87183166 -0.52795434
244 -2.7357485 0.6858533
29 -1.0639273 -0.10879691
79 -0.5992855 -0.81377697
408 -6.9173026 2.2097518
236 -6.7541895 2.1603239
253 -6.7111826 2.0761976
349 -3.9574976 1.1393001
291 -5.0500026 1.6155552
54 -0.82378346 -0.319868
316 -1.2668428 -7.0991645
356 -1.2408376 -6.977676
317 -1.1971214 -5.594363
263 -1.3064241 -6.45946
57 -0.5576317 -1.2517337
228 -1.3039343 -6.6286945
292 -1.277401 -6.132201
353 -1.1394899 -5.9076614
223 -1.2941878 -7.257233
136 -0.56234413 -1.3504759
40 -0.5585451 -1.3375189
272 -1.9558306 0.4067524
88 -0.76718396 -0.6104864
326 -6.723641 2.146527
229 -6.733575 2.1465454
90 -0.94202137 -0.2832043
308 -6.819545 2.1685703
28 -0.70711446 -0.6460525
123 -0.5429958 -1.1326982
55 -0.94433564 -0.26297623
420 -6.722572 2.1533241
146 -1.0736561 -0.08482051
132 -0.66153854 -0.47406268
355 -3.8488066 1.1032315
395 -6.8200893 2.1713283
127 -0.9285904 -0.2744826
65 -0.7468479 -0.6066923
260 -0.92332405 -5.124533
76 -0.5973733 -0.61171186
256 -0.94741434 -5.2124934
48 -1.0697575 -0.090586156
403 -6.8368692 2.181244
370 -3.8566897 1.1070019
282 -2.7234254 0.67155117
357 -6.713757 2.160016
47 -0.56552577 -1.3305945
38 -0.555977 -1.2662385
315 -1.957374 0.39942974
134 -0.6930194 -0.67995995
41 -1.0655705 -0.10230047
94 -0.60482514 -0.5923863
16 -0.6418507 -0.48197553
165 -0.5525612 -1.1269162
350 -2.7443814 0.6869146
431 -1.2998431 -6.551093
141 -1.0889926 -0.0792823
52 -0.82440484 -0.31921792
9 -0.5508227 -0.8430156
133 -0.5488055 -1.1432054
67 -0.9358164 -0.27574825
73 -0.6554211 -0.47187105
287 -3.7903154 1.0887259
35 -1.093162 -0.085043624
42 -1.0718362 -0.09986786
368 -0.95323646 -5.219533
147 -0.7689979 -0.5944758
5 -0.5537133 -0.9624472
243 -1.9568075 0.4068354
262 -1.2974676 -6.622522
106 -0.5778707 -0.7003123
26 -1.0919346 -0.08899419
33 -0.57437086 -0.93379
46 -0.56382674 -1.329153
71 -0.596588 -0.7983227
351 -3.8954766 1.1153607
6 -0.692808 -0.6377197
36 -0.5755429 -0.9556088
250 -6.6789193 2.0318477
352 -6.380382 1.8738782
307 -1.3100371 -6.660992
334 -1.2986033 -7.306868
342 -1.2907797 -6.586552
215 -1.3025256 -6.546926
301 -1.299832 -6.6700535
44 -1.0803621 -0.08652623
92 -0.9362695 -0.26064152
69 -0.6050792 -0.5914914
173 -0.8929223 -0.52283317
66 -0.6108987 -0.6089341
214 -5.9320793 1.9166971
60 -0.70584923 -0.6605966
149 -0.58491206 -0.71746916
159 -0.55120325 -1.143118
392 -0.9232133 -5.069159
2 -0.77309513 -0.5887045
443 -6.817536 2.1839364
230 -1.3105296 -6.6354084
409 -1.535736 0.23680384
369 -2.6423376 0.67294645
333 -4.6304345 1.4247113
97 -0.599888 -0.5921254
200 -1.2970921 -7.279108
387 -1.5505061 0.23214059
484 -1.2901957 -7.1962576
3 -0.5930224 -0.70842934
183 -0.89595586 -0.5174909
14 -0.54803884 -1.1616745
221 -1.2910414 -6.1630387
375 -6.047985 1.9271928
322 -2.7395344 0.67324597
124 -0.5523897 -1.3235496
110 -0.5476835 -1.1423701
382 -4.7396045 1.4526408
109 -0.5553829 -1.1805549
410 -5.9969187 1.7557654
247 -3.8738565 1.10265
488 -6.6620703 2.1251974
167 -1.0010827 -0.22006367
341 -0.95759374 -5.156314
78 -0.69237506 -0.6805865
61 -0.58080524 -0.69820696
346 -1.3121085 -7.3942304
43 -1.00868 -0.19432265
68 -0.58247167 -0.8165884
373 -6.60775 1.9694433
7 -0.8744299 -0.528271
354 -3.813448 1.0827264
324 -3.8892004 1.1006726
313 -1.1964742 -5.5508165
59 -0.54284745 -1.1250037
83 -0.61463153 -0.60101557
210 -1.1160265 -6.297009
348 -6.651651 1.9896606
464 -4.653932 1.4472444
271 -1.5432256 0.23817727
12 -0.887691 -0.52666545
31 -0.54217 -1.1440094
402 -6.644298 2.032801
447 -1.2156624 -6.7736835
158 -0.5418602 -1.1347469
75 -0.6892646 -0.67030954
290 -6.142452 1.7830756
122 -0.59642905 -0.68977976
82 -0.5424341 -1.1534001
8 -0.88601124 -0.50933313
455 -6.4488707 1.9344374
280 -4.6325946 1.3995756
251 -1.5183066 0.23016529
34 -0.5984211 -0.70288706
319 -1.5123712 0.21865228
421 -6.02334 1.9400465
234 -4.5768595 1.380564
404 -6.744836 2.0879383
70 -0.98510045 -0.21957587
448 -1.5135853 0.23275681
491 -6.718313 2.065649
20 -0.56053865 -1.3048453
21 -0.5670227 -0.96217984
254 -0.96058893 -5.389739
286 -0.9382965 -5.232688
242 -1.304715 -7.3507094
131 -0.9973787 -0.21517453
179 -0.9899199 -0.22493277
166 -0.9368754 -0.28424814
385 -6.600381 2.1020927
119 -0.89912695 -0.5238823
101 -0.899206 -0.51244015
170 -0.5655138 -0.9685397
240 -1.5584769 0.23914751
241 -1.1107755 -6.2004023
18 -1.0459281 -0.1239058
30 -0.892574 -0.5186487
99 -0.5807087 -1.3211439
391 -1.5630487 0.25185105
276 -1.227625 -5.717622
416 -5.84198 1.8757206
115 -1.059542 -0.12102915
297 -4.6487904 1.406969
436 -5.8855934 1.881404
444 -5.859599 1.8773242
429 -1.2120847 -6.771454
439 -1.2784338 -7.2649455
335 -1.1300905 -6.335784
145 -0.9232398 -0.29853475
120 -0.68674684 -0.70812166
105 -0.9897065 -0.22032264
377 -5.8700795 1.8819679
494 -6.86292 2.2013268
198 -0.89495325 -0.5230535
437 -0.9303527 -5.1001267
104 -1.0958015 -0.0736921
471 -6.0701323 1.764727
462 -6.709286 2.0600708
205 -5.905767 1.709816
376 -1.3360046 -7.388241
364 -1.199005 -6.7635036
456 -1.1450951 -5.1963434
181 -0.68066394 -0.7054555
478 -6.7900014 2.0673892
269 -4.6829367 1.4302152
85 -1.0013285 -0.21348839
121 -0.59174234 -0.8539861
164 -0.59244037 -0.7079756
426 -6.385709 2.0093775
345 -1.3215979 -6.425372
191 -0.9048982 -0.51747656
323 -6.413611 2.0690784
284 -6.4632535 2.0907764
358 -1.1483867 -6.002141
314 -4.7191243 1.4314795
113 -1.0074495 -0.20979606
103 -0.5405155 -1.1662848
398 -0.9315935 -5.0734544
367 -6.512051 2.098788
157 -0.9405296 -0.30518788
337 -1.157773 -5.2673206
480 -5.813156 1.8635858
201 -6.3632703 1.9953221
470 -1.5370976 0.2449145
424 -5.862564 1.710513
51 -1.0922292 -0.08778077
383 -6.3537483 2.0584803
257 -1.5090925 0.22370407
217 -5.822232 1.6939008
160 -0.5580259 -0.9854781
304 -6.596038 2.0310173
445 -6.4421673 2.072041
93 -0.7496145 -0.38377303
328 -1.5455546 0.24000944
194 -0.56552017 -1.3139431
143 -0.6044665 -0.8456612
419 -6.3005004 2.0332425
366 -4.643671 1.4088916
107 -0.6195471 -0.6500227
182 -0.63930583 -0.73337054
406 -6.725487 2.0601544
175 -0.6723205 -0.69365054
275 -1.3037199 -7.335439
450 -0.9189712 -5.12621
155 -0.5668262 -1.282369
347 -1.18829 -6.672062
128 -0.6030372 -0.8408563
139 -0.8524383 -0.5620664
425 -4.6150723 1.4124035
184 -0.56678027 -0.8933044
111 -0.6015125 -0.83202815
72 -0.89055157 -0.5235066
140 -0.8793778 -0.5064933
196 -0.6134073 -0.8515796
138 -0.93804944 -0.28930083
255 -6.7719107 2.08489
112 -0.7398764 -0.38175556
434 -5.861337 1.8787735
117 -1.091354 -0.08794006
207 -1.1551714 -5.226508
312 -5.932603 1.8987255
472 -5.851998 1.8694679
379 -6.34154 2.0404127
457 -3.5780537 1.0049602
77 -0.7497605 -0.37665552
435 -1.7816725 0.3478375
279 -5.7672644 1.8576012
451 -1.796553 0.34489235
442 -1.5180306 0.22904547
259 -1.5276757 0.22822042
490 -0.9188789 -5.034932
188 -0.75315505 -0.39360625
177 -0.5827003 -1.2956748
473 -0.93188846 -5.202329
449 -1.2945704 -7.1893716
468 -1.2362629 -5.829702
163 -0.86657965 -0.5486623
487 -6.736467 2.0397074
479 -1.7960665 0.33964503
362 -6.4677186 2.039229
432 -1.5496397 0.23560195
463 -1.3095715 -6.3303905
474 -6.502739 2.092381
476 -1.3030338 -6.4031262
330 -1.8124725 0.34242633
91 -0.749873 -0.3907921
266 -1.1457036 -5.211464
98 -0.75433046 -0.3936379
371 -0.90923876 -5.0052996
331 -5.8917747 1.8814983
466 -1.26416 -6.440071
481 -3.7440002 1.0582608
492 -1.2781044 -6.5123243
413 -1.116066 -5.0683665
465 -1.2384588 -5.821367
461 -0.9082857 -5.0439396
427 -1.7894052 0.3363464
340 -1.8350819 0.3622944
438 -5.9496107 1.7188177
446 -1.283622 -6.5298557
372 -1.1555951 -5.260502
193 -0.5998133 -0.6428157
400 -1.113018 -5.0453525
176 -0.88920856 -0.51970804
95 -1.113016 -0.079522796
388 -2.4265506 0.56627846
295 -1.5276399 0.22986783
386 -0.91989136 -5.006564
423 -1.2020774 -6.662668
325 -1.3028244 -6.314949
195 -0.93811554 -0.2966537
267 -6.0933433 1.7586659
441 -1.8288546 0.3505559
156 -0.7557021 -0.3655481
344 -1.2990973 -6.3875885
116 -0.76442343 -0.3737259
148 -0.5809517 -1.3680853
496 -1.2255127 -5.7536225
459 -1.28014 -6.200813
150 -0.63550687 -0.5113156
294 -1.1187974 -5.0835323
412 -1.1831547 -6.56926
422 -2.5230534 0.59414756
108 -0.73977494 -0.40196243
498 -5.912437 1.7195256
189 -0.85558915 -0.5569981
178 -0.585728 -1.4400965
489 -1.2347687 -5.8012705
485 -2.4941962 0.5843463
415 -1.0998758 -5.797168
482 -6.38969 2.0690029
475 -1.3478687 -6.792987
142 -0.5923021 -0.62871456
365 -0.95098704 -5.275501
493 -3.6478453 1.0302887
171 -0.74687463 -0.3933594
180 -0.59646994 -0.6541091
394 -6.489757 2.099724
486 -1.3378745 -6.7251444
197 -1.0319973 -0.15233226
152 -0.5919819 -1.433413
233 -6.39736 2.0229373
411 -0.923911 -5.060144
374 -2.4292922 0.5641383
469 -4.707921 1.4636484
343 -4.8143225 1.5035897
153 -0.6346184 -0.5146476
161 -0.62875897 -0.50920385
187 -0.63952196 -0.5013534
190 -1.071445 -0.09593887
338 -1.8313447 0.35945654
393 -0.91278493 -4.981404
151 -0.57566375 -1.4350187
169 -0.62099177 -0.51687104
186 -0.5894726 -0.72218263
378 -1.0890567 -5.7593207
10 -1.1186007 -0.06824955
430 -0.94922954 -5.2766542
53 -0.88023293 -0.51502335
467 -1.1128353 -5.021063
332 -4.8294005 1.5014775
306 -1.2565424 -7.0361805
407 -1.0318732 -5.780012
453 -1.025081 -5.700342
359 -1.0712029 -5.657522
162 -0.5879233 -1.4383378
174 -0.5576072 -1.3081468
363 -1.1465533 -5.169108
417 -4.7138114 1.4630473
339 -5.839991 1.6839794
460 -1.2754223 -6.4989676
477 -4.9052486 1.5165806
440 -1.0692464 -5.656132
192 -0.5772292 -1.3804913
401 -1.0878786 -5.7770553
89 -0.5525818 -1.0533205
27 -0.8873656 -0.5219804
414 -1.1165472 -5.848603
199 -0.6309633 -0.50670457
278 -1.0434241 -5.8293
361 -1.2395235 -6.971086
397 -2.4005241 0.56265664
216 -5.588219 1.598639
185 -0.57057065 -0.7209093
23 -1.1273581 -0.069246694
0 -1.1257172 -0.0740725
114 -0.5461999 -1.0829136
329 -5.3114905 1.5196313
154 -1.1118493 -0.080243774
237 -5.507157 1.5800531
22 -1.1141685 -0.076471254
495 -5.5101457 1.5931813
381 -4.7522707 1.4838818
384 -5.4089227 1.538801
56 -1.0990094 -0.084169
433 -1.2860413 -6.4556603
227 -1.2261047 -6.801612
499 -1.5431197 0.24090931
130 -0.87809026 -0.5123126
497 -1.5780785 0.24704425
