500 2
150 0.66649324 -4.686466
149 0.6703066 -4.6591854
43 0.65471995 -0.6423612
114 0.47250435 -1.2848723
69 0.61477864 -0.8722154
138 0.6157929 -0.9047376
159 0.6784133 -4.727843
59 0.6611053 -4.68244
84 0.6523408 -4.6113443
145 0.68259037 -4.6763396
38 0.46406865 -1.2904472
212 0.66612226 -4.620302
163 0.47663045 -1.3024813
88 0.9777885 -0.32123026
47 0.6802678 -4.6888757
305 1.7158341 0.20042254
58 0.6886188 -4.7468867
401 0.6116478 -0.8728863
85 0.67789865 -4.6799417
196 0.47261572 -1.3096039
16 0.65729326 -4.635753
35 0.46476147 -1.3093983
366 1.7302004 0.19873221
97 0.9763409 -0.3311184
143 0.46901718 -1.3092712
30 0.97605383 -0.32015535
156 0.6891843 -4.756197
103 0.9739307 -0.31850237
178 0.65913385 -0.64806473
49 0.9784973 -0.3236842
136 0.9804345 -0.32043692
5 0.4707311 -1.2853653
194 0.46532708 -1.3001044
73 0.97392905 -0.31570375
82 0.97320175 -0.3209257
227 0.47008336 -1.2958995
107 0.46352544 -1.2988589
249 1.3053677 -0.15411584
448 0.62387574 -0.9129708
186 0.9807991 -0.32920995
90 1.2612023 -0.16587329
281 1.7057898 0.20270039
25 0.9911385 -5.459337
4 0.9741607 -0.31931582
116 0.97382283 -0.31753546
118 3.3248754 0.7966435
137 0.47123644 -1.3187598
235 3.2728205 0.78969526
403 1.7312114 0.19827908
343 4.1162405 0.9284471
153 6.2819724 1.8900948
70 1.2896837 -0.16384026
168 0.6190624 -0.90098315
12 0.6696161 -4.699602
68 7.4938464 2.217073
6 0.63068974 -0.70679414
251 0.4707901 -1.3158625
269 0.46946946 -1.2999617
491 5.807651 1.7474848
42 0.4692532 -1.2971269
287 1.29078 -0.15864314
222 4.1123896 0.93346286
265 0.6412365 -0.7192339
193 3.3367574 0.807518
96 0.9508199 -0.83283603
52 0.62071186 -0.9081483
314 1.7292935 0.2052056
51 0.9836811 -0.3334658
141 1.722671 0.20132318
31 0.9825897 -0.32914278
271 0.9622593 -0.82468116
300 1.2750006 -0.15271892
225 5.782522 1.7402903
113 6.327916 1.8914306
256 6.3442526 1.905088
262 0.628016 -0.92900884
247 4.144205 0.939652
268 3.2382772 0.7707099
139 1.6970428 0.19664784
450 2.8065798 0.5081614
14 0.97515947 -5.376181
164 6.2540474 1.8876314
177 0.6193114 -0.8213559
304 4.0904584 0.92424124
238 3.2092555 0.7618319
72 5.60532 1.6900938
315 6.265632 1.8770039
162 1.2834675 -0.15930244
122 3.3126564 0.7925035
279 0.9629722 -0.82285
292 1.2995583 -0.15120137
389 0.62296236 -0.79162174
78 1.2801901 -0.15475321
258 1.2803978 -0.16044463
13 5.6754346 1.7289476
93 3.2405603 0.7737674
219 0.67010957 -0.5901382
375 1.263501 -0.15569864
171 0.9627538 -0.8311343
301 0.94826585 -0.83420694
89 0.66412747 -4.65956
195 3.2933285 0.7890946
394 5.5928216 1.6929327
319 1.2767736 -0.15627852
112 7.275795 2.1638398
192 1.6956683 0.19519109
102 1.2771276 -0.16003655
223 1.2850567 -0.15992475
170 0.9728474 -0.3128338
121 1.2468655 -7.2091184
245 7.174661 2.1300244
24 2.8197823 0.51807815
209 0.9789214 -0.3077497
179 6.2959895 1.90423
169 6.2149787 1.868555
230 4.0476227 0.9153731
243 6.026123 1.8126168
444 0.6331988 -0.79402626
211 6.1493783 1.8652594
264 2.8311539 0.52376944
202 4.0573096 0.91898465
221 5.5984445 1.6863585
65 1.226731 -7.158899
328 4.046365 0.90896386
393 7.6647363 2.1765304
410 0.6740191 -0.57264507
303 3.2877107 0.79416275
152 6.1754894 1.8551123
276 6.177411 1.8572448
60 4.130957 0.9279601
55 3.2615337 0.7852393
134 5.6834173 1.7087805
99 2.7707336 0.49843556
94 1.2558565 -7.3008285
369 1.7114408 0.20317419
48 4.05636 0.9149906
131 0.9500868 -0.81326675
311 3.359772 0.8097149
18 0.9543852 -0.840771
204 0.9574076 -0.84116614
437 0.61601293 -0.9019945
229 3.2582746 0.78505886
206 0.6542941 -0.5770468
37 3.3023841 0.7970025
111 1.2297819 -7.203182
242 2.8287206 0.517921
92 6.2312794 1.8784826
220 0.717424 -4.9792113
191 0.97112197 -0.3178478
379 0.61949295 -0.8947905
456 2.8504949 0.5221509
20 0.6828376 -0.5637791
106 1.2309256 -7.1282644
56 1.1161702 -6.3554516
158 1.2668629 -7.41544
71 4.0637155 0.9205686
261 3.2830503 0.7882615
32 7.5085745 2.123601
322 0.66224784 -0.5771924
11 3.3771534 0.82513773
185 6.1699615 1.8472035
63 7.5938115 2.1490304
404 7.150568 2.1245255
217 4.0335937 0.90571517
248 7.723652 2.1867557
9 5.7301884 1.7212723
374 0.64210373 -0.7120486
174 0.95271426 -0.82747287
376 0.96917427 -5.266329
175 5.6472926 1.729096
45 1.4240818 -5.8317995
332 1.4055282 -5.771981
362 3.9931147 0.8966489
278 1.7255995 0.19500235
288 7.4897337 2.1288886
213 7.1604724 2.12275
331 1.1927711 -6.8446827
425 2.77642 0.5056364
334 7.4595447 2.1233232
267 1.4165838 -5.7662506
487 0.66905 -0.5715492
284 6.1955957 1.8755996
253 0.6194219 -0.91769725
182 7.3997293 2.0971513
183 2.2714434 -10.07448
166 0.9509894 -0.8167953
26 1.2789314 -0.15308744
473 1.2534857 -7.3827295
479 1.275179 -7.4458423
74 6.1247244 1.8423605
306 2.847948 0.5157201
324 0.6250437 -0.71473414
270 0.6744136 -0.5728671
234 7.6379404 2.1633863
7 7.038741 2.091434
115 3.2320902 0.7664468
263 7.179674 2.1320946
8 7.625355 2.1559505
54 7.6014147 2.1519115
184 6.1091313 1.8405654
387 2.7974079 0.50934917
228 7.163108 2.136047
254 1.000685 -5.673482
326 5.6420226 1.693432
130 5.7359357 1.7279217
189 7.1724224 2.1367464
364 4.050274 0.9128768
289 0.45032984 -1.3145955
474 5.5972557 1.6901809
337 1.4042267 -5.732626
370 1.3612852 -5.55479
126 1.2422422 -7.3019724
381 1.176991 -6.7239823
335 0.9539035 -0.8274037
10 7.2856736 2.1596644
218 0.96266085 -5.231989
442 0.64484525 -0.6761234
176 0.46250466 -1.2999423
190 1.387244 -5.7264147
310 2.2209806 -9.882193
147 1.3770111 -5.6511793
28 1.1993275 -7.0352364
348 4.034673 0.9091893
109 0.9601526 -0.81891406
398 0.9547072 -0.82292974
392 0.6147934 -0.91104686
67 1.1486948 -6.5996575
358 0.9627027 -5.347606
441 2.2052333 -9.776287
430 1.2351596 -7.2134314
83 7.0692725 2.0988698
187 2.2270417 -9.960449
323 6.158068 1.8430263
313 0.97071266 -5.2414417
340 2.1922023 -9.821017
57 6.237327 1.8697847
154 0.63190836 -0.9186283
120 2.2277255 -9.853167
294 0.97913086 -5.389801
105 1.3876451 -5.6701183
161 1.4024532 -5.752662
157 2.7984965 0.50187296
144 0.97804034 -5.509419
44 7.0670867 2.1022315
399 4.0774717 0.92503357
201 0.6631616 -4.6453686
347 1.1787648 -6.710261
239 1.2502718 -7.309549
128 1.3689061 -5.6470227
127 0.9542019 -0.83974534
367 7.137028 2.126222
188 1.2908627 -0.16096936
76 0.48227257 -1.3479512
377 0.6432286 -0.6840226
386 1.1823901 -6.7191386
216 2.2093947 -9.854774
36 7.7095323 2.182028
449 2.204862 -9.851401
19 2.8281455 0.5114093
173 4.0514483 0.904336
255 0.6651029 -0.57045555
434 7.1079884 2.1121414
81 7.770801 2.194015
237 7.3967924 2.087674
282 1.407586 -5.755661
124 1.0883282 -6.172672
273 2.187306 -9.717635
259 2.2257552 -9.892243
133 2.8183253 0.5162958
197 1.1782025 -6.7327433
455 1.2342123 -7.2159667
39 1.3566875 -5.558549
461 7.670674 2.167603
155 1.2660145 -7.3542576
308 5.67967 1.6971041
91 1.7217172 0.20111795
395 1.1434864 -6.5654855
86 2.1877565 -9.684629
207 1.3620167 -5.5807524
459 1.1082951 -6.3362117
215 0.975647 -0.33075586
385 1.2660369 -0.1550777
199 2.801287 0.50914735
471 7.702373 2.1821854
244 6.969465 2.0758247
351 6.2621384 1.885451
236 0.9767956 -5.357089
95 1.3978451 -5.736361
368 2.8446422 0.5209135
418 7.47283 2.1222906
397 0.65796906 -0.68285006
277 3.3430703 0.79961765
317 6.990044 2.0771759
443 1.213387 -7.171577
34 0.663075 -4.6668754
21 2.8485608 0.5231443
22 0.97726923 -0.31626737
50 2.1942973 -9.8182955
3 0.95204324 -0.8413374
151 7.6286488 2.151411
454 0.9801652 -5.586264
424 0.63737303 -0.6882139
198 2.1924233 -9.733301
359 1.395558 -5.7389035
64 0.9692012 -0.313665
1 2.195055 -9.763574
0 2.256313 -9.967196
117 1.074617 -6.0937505
342 2.1915786 -9.761044
297 1.2287929 -7.1902547
132 0.66517293 -4.639406
66 2.1769557 -9.70884
316 1.3954719 -5.7419233
433 7.694888 2.170902
233 0.9860059 -5.5734143
378 3.40545 0.825744
146 2.8606732 0.5186429
293 0.95420986 -5.1255026
40 0.9348479 -5.122666
214 1.2361844 -7.1954446
416 0.97002834 -0.8399152
432 1.1821514 -6.76275
372 1.1035959 -6.268495
80 0.9640045 -0.84811175
148 1.3784201 -5.648291
226 0.46951136 -1.3004266
17 0.9271866 -4.92085
46 1.3856192 -5.681284
108 1.1676217 -6.6769094
489 1.1648828 -6.600815
445 1.0564852 -6.0650554
180 1.0652401 -6.109069
125 1.1510994 -6.5930324
203 0.9230278 -4.8844028
286 1.1563727 -6.6535134
250 0.97240335 -0.8286341
77 0.9467328 -5.11698
280 1.0822932 -6.2052727
298 0.9738974 -5.484577
181 5.6990533 1.7241242
486 1.2434789 -7.289814
208 0.46245047 -1.3025248
240 0.94824517 -5.077801
205 1.2173053 -7.1495824
283 2.1833405 -9.667245
260 0.63381475 -0.6615189
200 0.92393315 -4.932236
23 7.5762844 2.1389208
160 0.66286296 -4.627914
407 1.1558181 -6.6415706
429 0.92908573 -4.9335423
101 2.1656394 -9.692167
274 5.56661 1.6776588
246 0.9690633 -5.1610074
390 0.61198705 -0.8530136
15 0.6458787 -0.65746605
210 1.2902398 -0.16237883
62 0.60939735 -0.7312231
87 0.6410726 -0.64488465
165 3.2510712 0.7804375
123 0.96297294 -5.199676
333 1.4155847 -5.8061547
336 0.63218397 -0.64223015
349 0.94286877 -5.0126333
423 0.9569805 -5.0833106
241 1.2884572 -0.1442259
142 0.6227892 -0.8301511
119 0.6011846 -0.8532788
41 1.6324503 0.3210453
104 0.6326848 -0.71303767
224 1.2876346 -0.14634462
2 0.5989391 -0.8145487
312 0.9362513 -5.0081663
330 0.6155357 -0.71688694
257 0.7022641 -4.914889
299 0.66624314 -4.7321625
498 1.2660255 -0.16011424
27 0.59951967 -0.8653714
452 0.97074586 -0.8277703
422 3.964926 0.88829005
428 4.0976734 0.9296535
419 1.2758262 -0.15975098
290 0.4687901 -1.3252099
272 0.6850752 -4.7942886
415 1.2721128 -0.15504716
417 3.3925579 0.8231094
383 0.96191895 -0.32341027
460 0.46934855 -1.3159696
325 3.8943257 0.876436
405 1.7236545 0.20394415
344 0.47712514 -1.3343949
465 4.097764 0.9262215
426 0.6864787 -4.7156663
494 1.2897757 -0.15739968
414 0.96363497 -0.30651304
129 3.9156613 0.88166195
466 3.2964337 0.7925627
476 1.2823819 -0.14993404
499 7.3405495 2.06992
484 3.3861518 0.8200675
396 0.46415493 -1.3175343
464 3.444274 0.8395179
406 5.982787 1.798798
388 0.9632235 -0.31865668
252 0.9739943 -0.3208573
477 0.9578302 -0.31867936
447 6.021968 1.8060288
357 0.68478674 -4.8074765
440 0.6751122 -4.784446
435 0.4525479 -1.3267368
480 1.769078 0.20484492
470 1.2755322 -0.15480746
453 0.4669272 -1.3451605
446 6.016667 1.8011138
451 6.6566706 1.9807162
296 0.95986265 -0.32855454
436 0.97006184 -0.32326895
98 1.655823 0.21353479
352 0.45826823 -1.3084921
135 0.6043238 -0.8767402
413 0.60846025 -0.7993337
481 3.439301 0.83028334
384 0.65888375 -4.6672616
496 0.67790526 -4.7806168
472 1.27873 -0.15600207
492 6.0363116 1.8227358
493 0.5903069 -0.7741739
478 0.46015704 -1.3184928
371 0.46038207 -1.3406615
462 0.96736777 -0.32557893
329 0.4690058 -1.3280231
350 0.6673926 -4.660735
438 3.4447849 0.8349559
463 0.66203314 -4.7153726
356 6.0794697 1.8293287
382 0.68061876 -4.745109
327 1.6566734 0.18904522
402 5.8542137 1.7722604
61 1.6654544 0.19689253
361 6.03659 1.8198828
321 0.662634 -4.6905246
391 0.974698 -0.3027939
495 4.058854 0.9138266
468 3.303825 0.8019626
309 0.64121175 -0.6646925
412 5.862187 1.7738882
275 0.9665129 -0.3302123
302 0.46703658 -1.3372595
266 0.98071384 -0.3091831
483 7.007875 1.9770142
295 0.46608222 -1.3229198
482 1.2833003 -0.15821846
427 0.9678553 -0.83120364
172 1.6597475 0.17694767
354 0.47555017 -1.340335
110 0.9465948 -0.81539
307 0.4693946 -1.3589388
488 0.6575047 -0.59072256
53 1.7272007 0.20828459
431 0.6804183 -4.826782
353 0.96133816 -0.32096583
409 3.5337355 0.85750604
363 0.9686752 -0.33096
346 0.6709174 -4.7340584
33 0.62394696 -0.9227988
75 0.60146594 -0.90435416
360 0.47326118 -1.3330172
285 6.332028 1.8911145
345 0.6388846 -0.6810761
497 4.030531 0.9074637
380 0.67467743 -4.777021
420 1.2816998 -0.14564745
291 0.60012406 -0.90243316
318 0.9691218 -0.31815156
231 1.6974137 0.2153258
408 3.9661794 0.8913434
469 0.6631225 -4.697254
341 0.9635861 -0.32426646
100 1.6765059 0.19972692
320 0.6822124 -4.751106
29 0.6508666 -0.6088061
485 7.136812 2.0153854
140 6.3739047 1.8974695
411 4.997589 1.5094713
467 1.3189783 -5.3729615
79 6.176399 1.8416704
458 0.65240806 -0.597401
167 4.961177 1.5084966
232 0.6832422 -4.7163205
457 0.9717374 -0.843514
400 0.47227615 -1.3429856
439 3.4399235 0.8361055
339 0.67224646 -4.740432
355 5.9631925 1.7902597
365 0.65135336 -0.60016525
373 2.716309 0.48697844
475 4.893152 1.4739344
421 2.6951032 0.48183692
338 2.6820009 0.48083854
490 0.9555804 -0.8484641
