500 2
43 1.5264025 -0.16780178
150 -0.52926505 -7.6145754
138 1.1418324 -0.40986592
114 -0.48978287 -7.0617266
69 1.1497906 -0.4002415
159 -0.5195647 -7.515605
149 -0.52991825 -7.470274
84 -0.52664554 -7.494213
38 -0.5048144 -7.123326
16 -0.52340674 -7.487131
145 -0.5361583 -7.522068
85 -0.5318993 -7.5626807
212 -0.5271699 -7.4597826
58 -0.53976524 -7.5562634
196 -0.49124607 -7.0271077
59 -0.53423977 -7.5680175
178 1.5306245 -0.17431776
47 -0.5278852 -7.5345454
35 -0.48789868 -7.133016
401 1.1561575 -0.39925578
163 -0.5055832 -7.1229467
88 0.027416877 -2.4486425
30 0.018759131 -2.4634295
366 6.9301558 0.3959891
305 6.953115 0.39237326
143 -0.5016023 -7.177808
156 -0.5327176 -7.5761476
103 0.01836795 -2.4891415
97 0.010665114 -2.455704
227 -0.5035185 -7.1647577
136 0.011676309 -2.422696
73 0.019109013 -2.4534864
90 5.9657207 0.40941927
49 0.028247451 -2.4656606
186 0.013582813 -2.4608564
116 0.020760324 -2.4466796
137 -0.49280515 -7.1026583
5 -0.49088663 -7.144384
107 -0.499122 -7.175046
194 -0.4969549 -7.157616
12 -0.54128265 -7.6069865
82 0.020083485 -2.4550998
68 0.39281195 -1.4560645
222 2.987919 -0.16812333
448 1.1354483 -0.4161371
251 -0.484856 -7.1628513
343 2.9709117 -0.1766076
25 0.1761905 -1.7688371
6 1.2517723 -0.26358506
235 0.79288137 -0.6727146
42 -0.48629925 -7.1201634
118 0.7804816 -0.6734984
249 5.8261404 0.3880738
281 6.8663826 0.3765753
314 6.907383 0.39609852
52 1.1158563 -0.43327636
113 5.196394 0.080060415
31 0.013018446 -2.4764915
51 0.012411937 -2.4642415
219 1.88416 -0.14098072
70 5.7604547 0.39056662
162 5.7114434 0.38549528
287 5.7931767 0.38757786
262 1.1340381 -0.4259747
238 0.77141887 -0.6661266
96 6.795195 0.25932786
269 -0.5075919 -7.290121
225 8.523674 0.5151405
271 6.6685266 0.24699755
491 8.469727 0.51421857
265 1.2536271 -0.24241512
403 6.914437 0.40101877
268 0.77411836 -0.6740437
141 6.93367 0.39527526
121 -0.042767935 -2.6133485
153 5.276699 0.077431634
193 0.7701028 -0.6719045
223 5.784872 0.39914328
206 1.865416 -0.14619453
195 0.78224206 -0.66074336
14 0.18023796 -1.789733
171 6.6359463 0.25026292
4 0.019961478 -2.4944746
258 5.7860384 0.38286388
304 2.950973 -0.17429964
247 2.9593866 -0.17520271
78 5.7500734 0.390866
177 1.16495 -0.37818092
315 5.166628 0.06965464
245 0.38065827 -1.470308
410 1.8518109 -0.14759383
256 5.090839 0.069847494
122 0.78513545 -0.6746273
450 1.9372088 -0.3050218
292 5.749827 0.3871122
24 1.9433451 -0.3030282
93 0.7855684 -0.6731092
65 -0.04147205 -2.6350775
168 1.1384546 -0.41834706
164 5.10954 0.07707919
18 6.370282 0.23239794
13 8.362457 0.51408535
319 5.6383457 0.36736807
328 2.9434652 -0.17232232
375 5.7939496 0.3892159
279 6.556337 0.24490216
300 5.7310414 0.38192633
221 8.1813755 0.49561843
102 5.6952558 0.38265133
311 0.7828423 -0.66781116
389 1.170521 -0.36265016
111 -0.027415153 -2.5712523
170 0.00746751 -2.452453
152 5.1567125 0.07434768
92 5.1396923 0.06761511
60 2.9991794 -0.16898158
209 0.014052431 -2.4333088
192 6.8124423 0.3811476
139 6.5825853 0.3842414
303 0.76988226 -0.6780191
270 1.8588468 -0.1387516
37 0.7687916 -0.6603393
264 1.9310149 -0.3057077
437 1.1421847 -0.41425246
94 -0.033209667 -2.5851457
89 -0.5458302 -7.6770062
134 8.205917 0.50607884
131 6.497501 0.23819329
179 5.1780405 0.08064107
230 3.032982 -0.17438856
72 8.324502 0.50254005
301 6.53481 0.24215199
474 8.305393 0.50377584
369 6.635764 0.372683
11 0.7812666 -0.6730377
169 5.1067395 0.073492594
284 5.151718 0.0799273
191 0.022920024 -2.4326866
393 0.6450964 -0.7782114
322 1.906218 -0.13477589
456 1.92049 -0.30398262
202 2.9916797 -0.17201085
20 1.8188088 -0.14861241
242 1.9721067 -0.31037828
394 8.236847 0.5157109
276 5.1466823 0.07742137
174 6.4975643 0.24286461
261 0.7828745 -0.6670467
211 5.1461873 0.078869246
112 0.40167537 -1.449997
362 2.9085782 -0.17263474
183 0.6106428 -9.322256
32 0.6549531 -0.7708459
243 5.118275 0.067184165
185 5.2470417 0.073070355
106 -0.041622117 -2.5936666
487 1.8618066 -0.13543946
182 0.6552649 -0.78060174
175 8.2507105 0.49780092
26 5.6798377 0.3837261
334 0.6612396 -0.7975642
48 3.0412633 -0.174316
387 1.9489665 -0.30881792
71 3.0032437 -0.17630717
332 0.35939875 -1.95943
158 -0.04712221 -2.537602
374 1.2854221 -0.2541579
55 0.7773412 -0.6741767
331 -0.0029558768 -2.4781766
74 5.1322227 0.07568091
278 6.7365727 0.39252466
479 -0.049977016 -2.5904193
229 0.7832183 -0.6669681
213 0.39098525 -1.4471159
189 0.3981607 -1.4726086
326 8.364405 0.5131041
288 0.6439788 -0.7743729
379 1.1294874 -0.4213943
473 -0.051322844 -2.5605927
204 6.4849935 0.2389092
218 0.19757132 -1.7191898
99 1.9486679 -0.3071386
335 6.451368 0.23596251
130 8.292868 0.4983174
217 2.9309084 -0.1749921
161 0.36231402 -1.9974322
10 0.3972549 -1.4508606
442 1.3665605 -0.19561033
45 0.35825217 -1.9413844
444 1.1720012 -0.34930918
63 0.65173453 -0.79144233
54 0.665004 -0.77003324
184 5.131796 0.06775907
323 5.0527916 0.06639407
28 -0.03637533 -2.5710652
337 0.367635 -1.9376227
398 6.463619 0.24131146
306 1.9390991 -0.30918184
239 -0.054579653 -2.5401914
324 1.2476631 -0.24054474
404 0.39566183 -1.4510609
220 -0.53521806 -7.477785
7 0.3874161 -1.4709321
253 1.1351768 -0.41433072
56 0.09059291 -2.2554061
187 0.6131614 -9.222815
364 2.9965062 -0.17813276
399 2.9721115 -0.17648351
9 8.434452 0.5130362
248 0.6589128 -0.7865617
166 6.6460943 0.25089458
441 0.6142687 -9.140239
190 0.3625097 -1.963237
154 1.1137801 -0.41878137
176 -0.4909358 -7.035292
115 0.7881418 -0.66958493
313 0.19942112 -1.7555804
377 1.3845892 -0.21287563
425 1.9148986 -0.30687368
44 0.4033189 -1.4653476
263 0.3984863 -1.4544913
201 -0.5217125 -7.513952
340 0.61781174 -9.22831
147 0.36680242 -1.9371597
267 0.35841352 -1.9559317
57 5.067506 0.07335885
348 3.0048444 -0.17007142
127 6.621973 0.24383385
370 0.36380842 -1.9691311
109 6.508954 0.23675486
381 0.003955609 -2.5480564
8 0.6538932 -0.7685256
254 0.14752215 -1.996069
430 -0.055407275 -2.545624
376 0.20190018 -1.7264895
120 0.5965905 -8.8771105
289 -0.5054873 -7.270228
83 0.38827914 -1.4855069
173 2.939356 -0.17752141
237 0.6556008 -0.7846407
234 0.6542576 -0.79016566
228 0.38296926 -1.4663326
449 0.60812634 -9.106514
39 0.36417404 -1.9497366
126 -0.04720336 -2.5487666
310 0.6095285 -9.034538
34 -0.5124122 -7.267438
86 0.6025617 -8.97085
386 0.007962565 -2.5076149
418 0.66543865 -0.77779645
255 1.8918277 -0.14332838
188 5.666248 0.37843442
157 1.9308947 -0.30776158
294 0.16824904 -1.8861232
128 0.36375374 -1.9611992
392 1.1368586 -0.42409804
76 -0.48301327 -7.0517173
358 0.18461029 -1.9111297
91 6.685545 0.38502538
367 0.40433547 -1.4583008
207 0.36344156 -1.9310397
347 0.0061244206 -2.486055
197 -0.00011164229 -2.498499
19 1.950264 -0.30868167
282 0.36558047 -1.9455273
151 0.65998644 -0.7809539
273 0.6051812 -9.027457
259 0.5959896 -8.914203
21 1.9531991 -0.31264105
67 0.04563275 -2.4012434
395 0.007920768 -2.4721508
397 1.3988835 -0.19888051
471 0.6530264 -0.7804118
236 0.18725234 -1.7737595
317 0.3881495 -1.4629567
461 0.6614966 -0.78925776
199 1.9709692 -0.31140232
105 0.3581777 -1.9505537
385 5.8548226 0.39819598
144 0.1510308 -1.9760001
124 0.09155164 -2.228197
155 -0.05379775 -2.5683498
455 -0.056030285 -2.5415018
443 -0.04305205 -2.509017
81 0.64896894 -0.79624766
50 0.60803217 -8.947026
424 1.3615758 -0.19304027
372 0.071529105 -2.3360128
198 0.5970416 -9.029169
95 0.3567897 -1.9187441
244 0.3889176 -1.4622533
277 0.7690582 -0.66194737
368 1.9757817 -0.31104633
297 -0.054896418 -2.5835059
3 6.538065 0.24541458
308 8.266168 0.49852276
40 0.19913621 -1.6905819
36 0.6694963 -0.7911913
351 5.3609395 0.07497312
378 0.79389536 -0.65634567
359 0.3608188 -1.9389381
22 0.012187849 -2.492757
434 0.39347517 -1.4729404
459 0.08469658 -2.4212613
342 0.6161389 -9.0523815
215 0.01764725 -2.4891415
117 0.10316829 -2.2148426
132 -0.5004469 -7.1458364
216 0.61771923 -8.946136
214 -0.058416896 -2.614124
433 0.6558469 -0.7872684
286 0.0034209026 -2.5154045
148 0.3587454 -1.96596
432 -0.0051388503 -2.5906746
489 -0.0041920845 -2.5933418
66 0.61148614 -8.994707
146 1.9796349 -0.31026134
108 0.009264696 -2.5074482
46 0.35766312 -1.9473143
77 0.21654327 -1.6050879
80 6.476471 0.24110991
133 1.9474777 -0.30761933
180 0.07917977 -2.2355611
0 0.6129884 -9.110734
125 -0.0022330382 -2.4849234
203 0.22784387 -1.5074363
64 0.019925445 -2.4410863
416 6.5621357 0.24614543
17 0.23933487 -1.497803
233 0.15980546 -1.9745842
160 -0.5188362 -7.223287
1 0.60048234 -8.924819
240 0.21398342 -1.5936736
293 0.22960119 -1.6410574
226 -0.46366197 -6.6112065
280 0.0645121 -2.3774076
445 0.07333012 -2.3489835
250 6.4968657 0.246032
454 0.15053816 -2.0057788
205 -0.05121376 -2.5325737
407 0.012003686 -2.504086
298 0.16852826 -1.9830216
200 0.24247558 -1.5156434
208 -0.45877558 -6.677379
316 0.36522248 -1.9610354
283 0.5963511 -8.922271
486 -0.06093679 -2.6195621
23 0.6465963 -0.7883637
15 1.477201 -0.19443907
246 0.21737684 -1.6424166
274 8.075164 0.49232417
123 0.20397642 -1.7583188
181 8.047013 0.48669365
165 0.75437623 -0.6708985
429 0.25084594 -1.5022713
101 0.5802293 -8.89962
260 1.4881607 -0.19826739
333 0.3570807 -1.9496087
349 0.24432541 -1.5265226
210 5.6488433 0.3879536
423 0.2461724 -1.5671002
336 1.4916388 -0.17438273
41 6.169191 0.35677132
62 1.2402804 -0.29651576
224 5.6447997 0.38635483
87 1.4606731 -0.19442157
119 1.1759939 -0.40310913
241 5.4686127 0.36958927
390 1.1513354 -0.41405126
312 0.2336236 -1.6124558
2 1.1740239 -0.38115317
27 1.1438856 -0.41476676
419 5.645161 0.37345752
498 5.738489 0.39687243
272 -0.5270991 -7.1674743
142 1.183779 -0.38752994
460 -0.47315708 -6.800155
296 0.012348863 -2.4695666
104 1.28602 -0.26585197
422 2.973295 -0.17167611
330 1.2739891 -0.2841283
415 5.6198835 0.39015347
299 -0.51797 -7.096156
446 5.2571783 0.08410155
405 6.3833537 0.38059127
452 6.4314685 0.23608899
257 -0.53293455 -7.4023466
451 0.3973377 -1.4806501
426 -0.52899253 -7.3416424
290 -0.45512196 -6.743978
465 3.005275 -0.17548406
494 5.664007 0.37978545
98 6.1271925 0.34456173
327 6.1515336 0.34712407
61 6.177888 0.35525104
388 0.01918834 -2.4745805
412 5.199194 0.076104686
484 0.7942743 -0.6585866
325 2.8685296 -0.16915838
435 -0.46745494 -6.6333394
476 5.629569 0.37928435
440 -0.50724304 -7.128584
357 -0.50370765 -7.183282
344 -0.45713937 -6.739124
470 5.6590314 0.39507183
428 3.0643802 -0.16941345
129 2.920227 -0.16990243
384 -0.5188009 -7.12048
252 0.021653924 -2.5047967
383 0.024109865 -2.5170858
396 -0.46078578 -6.7044435
356 5.1621237 0.072389506
477 0.013810614 -2.469823
466 0.7739134 -0.6852659
266 0.014376008 -2.5240893
464 0.7931233 -0.6773503
352 -0.46717972 -6.57016
480 6.343046 0.36838013
406 5.2414327 0.07581094
329 -0.46892127 -6.7117786
453 -0.470668 -6.8374214
417 0.7989411 -0.6579926
275 0.025810733 -2.481344
483 0.65632117 -0.80635315
447 5.242545 0.08331485
414 0.024865009 -2.4961383
436 0.016416263 -2.509607
496 -0.5063242 -7.1369815
478 -0.4535202 -6.6298633
382 -0.49388555 -6.9448857
353 0.017052626 -2.4636528
463 -0.48382533 -6.9690323
53 6.031595 0.34056383
499 0.6529768 -0.7976403
371 -0.46760964 -6.6490903
402 5.167272 0.07415933
295 -0.47328025 -6.6560035
413 1.2007134 -0.35094696
493 1.1836985 -0.34724778
110 5.8652596 0.20285153
309 1.5362676 -0.17993997
481 0.8032282 -0.65997326
472 5.6723237 0.3812865
318 0.018797278 -2.5255017
231 6.0925927 0.34951085
172 6.154416 0.3555691
495 2.9549491 -0.17325416
438 0.8032523 -0.6647934
431 -0.5206411 -7.113551
354 -0.45888093 -6.560616
462 0.0110399565 -2.5112705
409 0.78927636 -0.6570038
341 0.02421437 -2.4907308
135 1.1485982 -0.42573118
488 1.7084575 -0.1602926
492 5.1943955 0.07791134
482 5.594178 0.3796672
350 -0.5013991 -7.071061
391 0.021087639 -2.5017061
346 -0.49035662 -6.831489
468 0.8046918 -0.66520363
302 -0.46542558 -6.6261077
485 0.6556374 -0.7881309
321 -0.4857957 -6.8569927
469 -0.4861908 -6.844666
33 1.1220701 -0.43088272
361 5.245309 0.07471679
307 -0.44680044 -6.5459123
345 1.3742341 -0.22558087
140 0.38443744 -1.4740742
380 -0.50221914 -6.9046288
420 5.5963507 0.3743211
411 7.197978 0.43853924
360 -0.44704804 -6.5641365
427 6.228193 0.22672643
408 2.9672728 -0.17782968
285 0.38878527 -1.4997135
291 1.1312124 -0.42429498
363 0.014943335 -2.5131764
100 6.1937766 0.3555979
467 0.370529 -2.0159872
458 1.7271663 -0.15006214
320 -0.49435675 -6.959793
79 0.3927383 -1.4690605
29 1.7652321 -0.1512544
75 1.1235716 -0.41989625
497 2.934779 -0.17491606
439 0.787885 -0.66287786
339 -0.46570724 -6.6721387
373 1.9286438 -0.30868083
365 1.743517 -0.14873943
232 -0.49522847 -6.9839797
167 7.2654495 0.4409412
457 6.0169187 0.21233709
355 5.1863947 0.07252017
338 1.956326 -0.30341446
475 7.0809736 0.43487883
421 1.9274895 -0.30681372
400 -0.44466737 -6.1726675
490 5.2568836 0.1829129
