500 2
150 -0.9822416 -4.765752
43 0.6707727 -0.7448986
69 0.81513005 -0.6063164
149 -0.974948 -4.7813125
114 1.3524724 -0.38156825
38 1.3526561 -0.38715407
138 0.7947488 -0.60074484
59 -0.9642162 -4.733553
145 -0.9682137 -4.7196875
159 -0.9762145 -4.789043
84 -0.98440003 -4.7799325
58 -0.9882775 -4.783819
212 -0.9816247 -4.751321
88 0.43110782 -0.86993474
401 0.79950005 -0.6032101
85 -0.9963633 -4.813215
30 0.43441445 -0.8694139
196 1.3781451 -0.38310817
305 1.4875267 -0.5146638
103 0.43806502 -0.86599857
35 1.3504865 -0.3827864
47 -0.9910444 -4.804304
178 0.66180956 -0.73918307
186 0.43720952 -0.85668325
16 -0.9995255 -4.773264
156 -0.9855251 -4.751857
163 1.3768661 -0.39136115
97 0.43168166 -0.86670375
90 6.0393715 -0.38600388
136 0.43132916 -0.8643603
143 1.3521283 -0.3858457
73 0.4320439 -0.8784361
366 1.4916 -0.51240385
225 6.4823303 -0.5332275
107 1.3558114 -0.39035523
49 0.435954 -0.87057936
227 1.3494084 -0.3881535
70 5.9464064 -0.3769437
5 1.3589134 -0.38611174
251 1.3521051 -0.38561177
235 4.921463 -0.6617326
82 0.43484464 -0.87277913
222 7.3089805 -0.5459326
137 1.3671759 -0.38984534
116 0.43904087 -0.86975104
448 0.80603945 -0.61019766
12 -1.0289193 -4.9139247
6 0.7214736 -0.62525004
281 1.486401 -0.5228631
31 0.43487614 -0.8661371
194 1.3891518 -0.38736367
52 0.7862302 -0.6211992
68 5.49608 -0.5759984
162 6.002444 -0.39041233
262 0.7915147 -0.61519724
271 0.018673927 -1.5337586
153 6.124113 -0.3673047
96 0.028478084 -1.5150474
249 6.044665 -0.39279762
193 4.9360147 -0.65128654
25 -0.4281249 -3.2188115
42 1.3631046 -0.3910715
375 6.0107408 -0.38912654
343 7.306466 -0.5450605
265 0.7202022 -0.64962596
113 6.1837378 -0.3581798
269 1.3749492 -0.38219947
13 6.3372817 -0.51011735
4 0.43345106 -0.88130516
171 0.025533825 -1.5241296
256 6.191689 -0.37855232
219 0.69607675 -0.8316066
491 6.4623847 -0.5305959
177 0.77557266 -0.5966974
247 7.204146 -0.540545
314 1.4690902 -0.50619197
51 0.43270382 -0.8801193
279 0.02271115 -1.496119
287 5.919367 -0.39064592
14 -0.43101037 -3.1862473
72 6.3171806 -0.5197306
122 4.874485 -0.6608948
118 4.8608556 -0.66262823
304 7.2210064 -0.5450411
168 0.7883947 -0.6065042
268 4.917763 -0.6465254
403 1.460503 -0.53660804
258 5.915537 -0.3945413
221 6.2278013 -0.5171754
195 4.778638 -0.6515856
164 6.0178976 -0.35201964
93 4.815711 -0.6513142
139 1.4541016 -0.50397956
152 5.992912 -0.36172184
134 6.228399 -0.51347417
141 1.4720178 -0.5244443
328 7.0797925 -0.5281428
450 0.2641908 -1.5452143
78 5.919381 -0.37474787
315 6.0372925 -0.35616058
112 5.3360133 -0.5632401
174 0.021434454 -1.5042953
223 5.849846 -0.38344756
410 0.68369395 -0.8358714
300 5.895929 -0.3923924
474 6.2677383 -0.5069779
319 5.857882 -0.3732397
170 0.42987552 -0.866988
245 5.3028564 -0.55500424
18 0.02155967 -1.517457
301 0.018236646 -1.5212337
394 6.335084 -0.51969326
230 7.124782 -0.53146243
206 0.6876596 -0.83756655
121 -0.8958567 -5.050214
238 4.865724 -0.66381
192 1.4667196 -0.506498
65 -0.92667097 -5.2365336
311 4.813832 -0.6580152
243 6.049016 -0.34631184
24 0.26944074 -1.5388799
292 5.927759 -0.37891808
331 -0.7652874 -4.508083
102 5.88596 -0.38921016
270 0.68443835 -0.8351672
209 0.42787805 -0.86801004
131 0.032583416 -1.4867687
89 -0.9723216 -4.734323
264 0.25981408 -1.5373756
92 6.010175 -0.36693093
374 0.71045727 -0.6315063
179 6.0837884 -0.35484833
189 5.27603 -0.5612009
213 5.2184644 -0.56141406
20 0.68411505 -0.8370491
284 6.1313186 -0.37262866
389 0.78168535 -0.6124547
211 6.0252094 -0.35189784
71 7.197011 -0.5536503
63 -1.4352263 -8.152512
169 6.1003675 -0.35550234
106 -0.9202578 -5.1996946
303 4.7586646 -0.638731
444 0.7754921 -0.59484285
456 0.27603343 -1.5362939
94 -0.9082282 -5.119743
229 4.8325853 -0.6403065
393 -1.4249518 -8.168189
253 0.79525095 -0.60338795
60 7.1625495 -0.529763
115 4.8390245 -0.65539175
9 6.2232285 -0.5163465
362 6.95084 -0.52491593
217 7.1181245 -0.53701615
111 -0.9021538 -5.108566
379 0.7923688 -0.6025375
334 -1.418444 -8.115698
99 0.27047062 -1.5406972
55 4.859513 -0.667073
202 7.116965 -0.53099674
322 0.69836265 -0.8464225
28 -0.9163116 -5.1402044
306 0.2678215 -1.5355407
158 -0.9740076 -5.4376135
37 4.8628454 -0.6526143
175 6.3441954 -0.5178869
54 -1.3956796 -8.010005
220 -1.0316955 -5.008158
276 6.0610795 -0.36100477
182 -1.4307193 -8.165654
191 0.43258893 -0.87563974
487 0.6962136 -0.8510434
437 0.7834282 -0.6214645
387 0.27941906 -1.5327966
147 -0.1318123 -3.3208961
369 1.4786808 -0.5138908
183 -1.7207755 -9.357487
261 4.8978214 -0.6696799
326 6.4274125 -0.5277862
8 -1.3933829 -8.041
288 -1.3948187 -8.019024
190 -0.119164385 -3.234761
242 0.28230774 -1.5176306
184 5.9895983 -0.34333408
479 -0.9744206 -5.4402695
324 0.7112832 -0.63491005
185 6.005411 -0.34923372
10 5.386064 -0.5681078
126 -0.9718791 -5.3849716
278 1.4689717 -0.51516074
332 -0.122747235 -3.237908
267 -0.12687577 -3.280062
48 7.134244 -0.53495556
130 6.310636 -0.5295582
228 5.2299056 -0.55868214
45 -0.12379794 -3.2625198
128 -0.12714636 -3.2638264
425 0.2771144 -1.5634712
248 -1.3723904 -7.867504
376 -0.39816356 -3.1365867
204 0.023811521 -1.5072043
335 0.014256645 -1.5219537
11 4.8200836 -0.6562398
404 5.301065 -0.5632347
74 6.197892 -0.3744509
166 0.02392738 -1.492195
473 -0.95280635 -5.3074408
56 -0.58923894 -3.6871896
39 -0.11800073 -3.1825976
32 -1.4019041 -7.9844713
239 -0.9377065 -5.269717
57 6.0336595 -0.35861138
370 -0.12237103 -3.2148798
7 5.292537 -0.5643317
176 1.3617518 -0.38822672
386 -0.75112593 -4.4079156
26 5.894678 -0.3835908
442 0.6601772 -0.68621385
364 7.0924892 -0.54140264
313 -0.41702378 -3.212858
83 5.276189 -0.56253207
263 5.2360115 -0.5623885
289 1.3868171 -0.37908554
399 7.1308556 -0.5362904
430 -0.9501235 -5.282171
218 -0.41048923 -3.1177583
50 -1.6991212 -9.222087
109 0.016661145 -1.5030452
187 -1.7213843 -9.347395
76 1.3490471 -0.38229272
441 -1.7483534 -9.457516
259 -1.7177382 -9.325241
337 -0.124770336 -3.2757351
398 0.023519978 -1.5220499
294 -0.43118927 -3.1845405
67 -0.7185754 -4.2631407
197 -0.77114797 -4.4706373
173 7.0700865 -0.5280345
161 -0.12001392 -3.2340703
348 7.041447 -0.5273793
323 6.1410365 -0.3443852
19 0.27261296 -1.5345647
358 -0.42657536 -3.1965582
157 0.29018334 -1.5454426
449 -1.6946409 -9.209476
381 -0.76588005 -4.411009
234 -1.3842893 -7.958394
154 0.7967083 -0.62073183
340 -1.689553 -9.19777
310 -1.7210962 -9.329225
34 -0.97310865 -4.693181
254 -0.4402555 -3.2301073
347 -0.77501583 -4.5284905
36 -1.3881406 -7.9435515
455 -0.9424987 -5.2601275
86 -1.7185434 -9.329662
188 5.8812695 -0.38423154
199 0.27574167 -1.5490881
395 -0.755971 -4.356091
377 0.6763465 -0.6845965
127 0.014503923 -1.5298253
44 5.340087 -0.5641788
367 5.346504 -0.5653986
255 0.698331 -0.8547304
461 -1.3813807 -7.894764
359 -0.12568691 -3.2371147
201 -0.9793572 -4.714624
120 -1.6941206 -9.214915
273 -1.6866391 -9.171394
236 -0.40428934 -3.0957315
244 5.2952166 -0.56274676
392 0.7829942 -0.6113338
3 0.020413611 -1.4856346
216 -1.6670958 -9.065939
237 -1.3562499 -7.7409678
22 0.42573872 -0.87461436
443 -0.9346879 -5.2642856
308 6.277848 -0.5256577
372 -0.6022997 -3.8173912
105 -0.13473554 -3.2981968
385 6.0120945 -0.39167935
81 -1.3399006 -7.733697
432 -0.7927978 -4.584645
297 -0.92697555 -5.1920743
277 4.7751803 -0.6443127
378 5.070416 -0.6764425
317 5.347767 -0.5698867
459 -0.6304677 -3.875119
207 -0.13405833 -3.298358
21 0.2690814 -1.5391543
282 -0.13214317 -3.3098958
124 -0.56548405 -3.6312518
471 -1.3973553 -8.034295
368 0.26662877 -1.5516305
40 -0.39453742 -3.121605
66 -1.6982081 -9.280367
91 1.489337 -0.5193967
117 -0.57343364 -3.7196445
144 -0.45547408 -3.2593515
424 0.66869676 -0.67653656
351 6.2311416 -0.3677371
433 -1.3481121 -7.772409
151 -1.3695964 -7.8706355
155 -0.9444117 -5.226265
215 0.42453566 -0.8531316
132 -0.9783943 -4.7163424
17 -0.40684682 -3.1404736
203 -0.40854242 -3.132877
397 0.6654584 -0.7014673
1 -1.7032739 -9.285872
0 -1.6978211 -9.281106
418 -1.3821688 -7.909171
434 5.424765 -0.5726289
133 0.2761986 -1.5685849
77 -0.4163849 -3.1876433
46 -0.12980185 -3.2451897
489 -0.8353712 -4.754266
342 -1.7118326 -9.32643
80 0.021649593 -1.5093282
198 -1.6617264 -9.038135
226 1.3826476 -0.39014608
148 -0.124572806 -3.2359552
23 -1.3812193 -7.92196
240 -0.42611942 -3.2284236
108 -0.78137124 -4.4722147
64 0.4287443 -0.84789073
214 -0.9494974 -5.3042
95 -0.12447774 -3.188056
416 0.031684123 -1.5063324
146 0.2668679 -1.5241264
293 -0.40519363 -3.1844802
445 -0.6109193 -3.8107572
454 -0.44855866 -3.2355273
160 -0.97366655 -4.69012
125 -0.7573337 -4.417954
316 -0.13106836 -3.2975307
200 -0.40035954 -3.1166067
286 -0.77136296 -4.434916
208 1.3415911 -0.38568243
205 -0.9425043 -5.290048
407 -0.7789488 -4.4946494
180 -0.5704551 -3.6790845
233 -0.43866295 -3.1850817
123 -0.40451086 -3.1838298
250 0.026509613 -1.503106
181 6.217268 -0.517623
283 -1.6632565 -8.985546
246 -0.39999327 -3.1695702
298 -0.45775214 -3.2798805
260 0.6424891 -0.69401896
486 -0.9499759 -5.2997746
165 4.707247 -0.6313591
280 -0.634359 -3.9249063
274 6.14846 -0.51039755
101 -1.6417412 -8.928177
349 -0.41523328 -3.1522343
333 -0.13572387 -3.3281357
429 -0.42080724 -3.2052069
390 0.79295313 -0.5864099
210 5.782932 -0.37097362
241 5.714354 -0.36443084
87 0.63809776 -0.69430274
15 0.64035183 -0.7091696
62 0.6969455 -0.6136895
312 -0.414573 -3.205853
423 -0.41695842 -3.188627
336 0.6421959 -0.717306
119 0.7955599 -0.59530133
142 0.7841405 -0.5917241
2 0.786493 -0.5978753
41 1.4030508 -0.34354535
498 5.9718847 -0.38057217
224 5.6245327 -0.36146283
422 6.78082 -0.50889057
428 6.9049683 -0.52564096
330 0.70507026 -0.6393946
494 5.8369417 -0.38486752
257 -1.0234163 -4.9187827
104 0.68219554 -0.6294964
419 5.764723 -0.38595563
272 -1.016053 -4.8815536
446 5.974301 -0.3340942
290 1.3660944 -0.37834588
27 0.80076605 -0.58899015
460 1.3717003 -0.37391084
464 4.723343 -0.6401635
440 -0.97552806 -4.787933
299 -1.0063313 -4.835423
344 1.3681747 -0.38161272
447 5.9411945 -0.3406531
499 -1.3283261 -7.6151843
466 4.7487316 -0.6511371
426 -0.9929694 -4.8486958
415 5.7505274 -0.3710763
476 5.8176327 -0.3777188
352 1.3803883 -0.38652506
435 1.370666 -0.37757468
484 4.86446 -0.6522572
252 0.42437047 -0.8673908
406 6.0308495 -0.34241107
129 6.673444 -0.5100352
493 0.76037645 -0.574797
405 1.4828348 -0.5214305
452 0.030895898 -1.5159823
496 -1.0002344 -4.8736086
388 0.43517214 -0.87665516
481 4.8430653 -0.6492429
477 0.4248621 -0.85300285
329 1.3607936 -0.38489467
470 5.852857 -0.38129783
465 6.7330785 -0.5092499
325 6.588195 -0.49183172
384 -0.9820262 -4.7679963
414 0.42815217 -0.86959755
438 4.748637 -0.6456413
296 0.4228793 -0.87152517
356 5.907054 -0.34463087
431 -1.0063347 -4.7787538
453 1.3562135 -0.3767021
350 -0.98580885 -4.7761717
413 0.7727905 -0.59420896
417 4.714742 -0.6493628
480 1.511558 -0.5285793
135 0.7895592 -0.59376305
383 0.42522827 -0.8714268
396 1.3783017 -0.38619095
371 1.3492106 -0.38143566
412 5.9701676 -0.34207284
357 -0.9859832 -4.7594514
472 5.838908 -0.3782801
354 1.392889 -0.38698193
468 4.830201 -0.65508175
451 5.261674 -0.5582813
462 0.43889 -0.8729215
266 0.4278995 -0.87974674
307 1.3628186 -0.3722112
483 -1.2750876 -7.327293
478 1.3758919 -0.37678176
408 6.4396696 -0.48237127
361 6.136701 -0.36014575
341 0.4284052 -0.8697542
402 5.8890305 -0.35543394
98 1.3785547 -0.5102123
492 5.9587026 -0.34250298
463 -1.0242693 -4.932823
61 1.4004481 -0.5253197
391 0.43298757 -0.87071353
409 4.745767 -0.65201944
295 1.4003152 -0.37343138
436 0.4323517 -0.8644776
321 -0.98783475 -4.718817
327 1.4098703 -0.5119977
382 -1.0127265 -4.870088
420 5.6788764 -0.36648348
309 0.63960576 -0.70407665
53 1.3707688 -0.49441266
275 0.4292545 -0.8738833
488 0.65387547 -0.7953899
345 0.6675243 -0.7050191
346 -1.0194814 -4.854172
110 0.023237381 -1.5139691
411 5.5899954 -0.46319172
302 1.3712486 -0.38661236
380 -0.9945593 -4.8288927
485 -1.2661748 -7.255946
318 0.42644766 -0.88156956
360 1.3714998 -0.37866172
172 1.3945681 -0.5028076
363 0.4219188 -0.8677267
231 1.4271176 -0.5211657
100 1.3963821 -0.5250277
285 4.928399 -0.5395422
482 5.8031864 -0.37910444
140 4.9332967 -0.5300891
497 6.6477227 -0.4900128
457 0.02914485 -1.5378556
291 0.78524035 -0.60005313
427 0.018366048 -1.5169392
495 6.674982 -0.5028403
75 0.7894681 -0.6096122
353 0.42901048 -0.8543165
167 5.2877026 -0.44208363
79 4.9044666 -0.53813636
320 -1.0101599 -4.872744
365 0.64998806 -0.81252486
469 -1.0136691 -4.831537
33 0.78043646 -0.5951203
475 5.488914 -0.4567991
29 0.6752817 -0.81954986
458 0.6842589 -0.8222015
439 4.5916023 -0.62240064
467 -0.14885543 -3.3542728
338 0.27034745 -1.5148065
339 -0.9940397 -4.824639
355 5.8941174 -0.33643675
421 0.2703336 -1.5066434
232 -1.0165322 -4.8245587
373 0.28182888 -1.5142043
400 1.3686212 -0.37708423
490 0.019094855 -1.5761293
