500 2
43 2.6741738 0.19087431
150 -0.04199479 -3.4441175
114 0.38647604 -1.0591251
84 -0.025671983 -3.4503634
159 -0.032234244 -3.5304096
149 -0.020836778 -3.498411
145 -0.030811215 -3.5160158
138 2.777539 0.2325609
69 2.7572691 0.22705668
212 -0.027826397 -3.4961507
58 -0.015018469 -3.527213
196 0.3811824 -1.0500932
59 -0.032513965 -3.491186
35 0.38243863 -1.0679317
88 0.8209419 -0.44990543
85 -0.02840541 -3.4727404
38 0.3836635 -1.0577803
103 0.82047737 -0.45355526
16 -0.016636102 -3.5311296
30 0.8166402 -0.44889957
163 0.38291547 -1.0530292
178 2.6887562 0.17764704
143 0.38457814 -1.0772793
47 -0.030940728 -3.4948156
156 -0.027292375 -3.478016
97 0.81037295 -0.4563231
401 2.7559988 0.22943719
186 0.8155202 -0.45509306
227 0.38766053 -1.0509095
73 0.8157433 -0.43723872
82 0.8195329 -0.4496115
107 0.39182994 -1.0541174
5 0.37594822 -1.0602286
305 7.319636 0.9170149
136 0.80863225 -0.44012582
90 6.1940556 0.9458994
366 7.1783457 0.88968635
49 0.8193416 -0.44030678
194 0.39301628 -1.0358002
25 0.15766162 -5.429804
343 0.5640034 -0.8149751
12 -0.023027375 -3.5450075
235 1.1399133 -0.3204869
68 0.80673707 -0.6845684
137 0.38135597 -1.0489929
116 0.7905653 -0.44153258
6 2.6536632 0.19069298
193 1.151682 -0.32381812
251 0.39254585 -1.0658692
219 3.1575038 0.26286834
265 2.5734437 0.16674533
225 8.535029 1.195271
375 6.1013675 0.9233896
113 6.972938 1.1020486
42 0.38821515 -1.0539765
448 2.770941 0.23931377
268 1.1558555 -0.31258857
221 8.385653 1.189874
4 0.8152754 -0.45334318
287 6.153973 0.94272786
491 8.431262 1.1791676
162 6.153894 0.9440705
118 1.1668979 -0.31699005
223 6.1037607 0.9355673
304 0.56032574 -0.8411991
52 2.7866762 0.23037402
96 2.11209 -0.03499982
122 1.1769538 -0.31691512
70 6.092985 0.91365767
249 6.203403 0.9480547
222 0.5728723 -0.836747
13 8.475769 1.2018373
206 3.040791 0.25126436
72 8.489829 1.1930232
164 6.789519 1.0727475
279 2.118294 -0.045349855
394 8.565037 1.2135907
262 2.776325 0.23834015
31 0.8160547 -0.45130324
300 6.0236883 0.9213725
51 0.8070188 -0.44359773
315 6.7036915 1.0491047
292 5.9542155 0.9016553
121 0.13706024 -6.336146
195 1.1649375 -0.3223669
152 6.6900587 1.0427635
134 8.458266 1.1970652
410 3.0649338 0.25741237
271 2.1171608 -0.04429321
247 0.55772495 -0.81898457
281 7.00713 0.87463695
153 6.6659546 1.0559214
102 6.007668 0.9061776
18 2.1220446 -0.04366269
314 7.1127043 0.88396555
92 6.6059723 1.042018
171 2.1135845 -0.037780557
450 0.729303 -1.173975
238 1.1616837 -0.31501183
14 0.16157794 -5.43734
328 0.56415343 -0.82366145
78 6.1198444 0.92529744
301 2.0872986 -0.050637264
256 6.7439804 1.0463692
93 1.174138 -0.308479
269 0.38850942 -1.0633918
177 2.6249633 0.20319708
141 7.116518 0.88153166
322 3.0425584 0.24637018
258 5.865979 0.89294046
179 6.7021112 1.0643926
403 7.0841913 0.8800076
243 6.6214113 1.0418166
319 6.0130997 0.92679167
89 -0.029374205 -3.526636
209 0.81973815 -0.44979054
230 0.56380117 -0.82959783
487 3.0434797 0.26197743
245 0.8064632 -0.67812544
131 2.1458094 -0.037265036
60 0.5600633 -0.8270176
20 3.0456347 0.26507136
311 1.1416116 -0.3156773
175 8.337125 1.1866056
99 0.7222425 -1.1773231
334 2.3241878 -9.118802
474 8.352554 1.185093
303 1.147504 -0.31466705
270 3.06757 0.2565352
65 0.141971 -6.226763
174 2.1032727 -0.049858928
264 0.72687143 -1.1729457
326 8.411023 1.1833013
170 0.81261784 -0.45223263
24 0.7230542 -1.1643986
94 0.13968459 -6.3292637
168 2.6988966 0.2237559
389 2.6976674 0.21072732
55 1.1537812 -0.32064316
191 0.81261533 -0.45157245
169 6.7623615 1.0577202
74 6.6401486 1.0432994
211 6.769103 1.0690284
202 0.564493 -0.8345911
37 1.1514194 -0.31955674
71 0.56098884 -0.8149534
442 2.5463855 0.1709462
11 1.1573473 -0.31381366
112 0.7984044 -0.68265575
404 0.79729295 -0.6812356
139 7.0148706 0.8679259
456 0.71577317 -1.1601894
192 6.974897 0.8744196
9 8.336194 1.1821499
374 2.5842316 0.16037248
332 0.42669997 -7.5368404
393 2.3088877 -9.01464
10 0.7933081 -0.6723744
7 0.79605734 -0.667419
185 6.7549267 1.061168
111 0.13053562 -6.1818876
158 0.14093405 -6.502186
48 0.55319536 -0.8105309
242 0.7178432 -1.1597935
218 0.16477814 -5.4945517
130 8.523212 1.2026192
229 1.1624181 -0.3161734
444 2.6145263 0.1861045
276 6.801724 1.0756828
261 1.1463438 -0.3257758
331 0.10762877 -5.606337
63 2.3177218 -8.957031
248 2.2911928 -8.978871
213 0.79641026 -0.6897483
381 0.10428632 -5.5486565
369 7.158486 0.8824181
217 0.57092404 -0.8240146
106 0.14254443 -6.163019
324 2.5928645 0.17986354
473 0.14033468 -6.368017
182 2.2833278 -8.818714
437 2.7745092 0.23630789
362 0.5609769 -0.81851876
32 2.291065 -8.914262
479 0.14304689 -6.3836975
288 2.312099 -8.949464
278 7.109214 0.87340534
379 2.7409322 0.23095708
54 2.3067052 -8.926947
220 -0.025631791 -3.7121234
204 2.1035428 -0.04584327
306 0.72034955 -1.162989
284 6.7373753 1.0560709
189 0.8031256 -0.6905626
115 1.1432405 -0.31776124
289 0.3766793 -1.0602231
45 0.41673473 -7.566506
126 0.14500211 -6.2674394
441 0.49807975 -5.736495
184 6.8209805 1.0623399
370 0.41138867 -7.505835
83 0.8068556 -0.6885435
157 0.7172659 -1.1661255
267 0.41824287 -7.4936132
147 0.41879314 -7.502159
376 0.15977031 -5.355641
28 0.13753223 -6.021494
364 0.56849307 -0.82975465
387 0.72511405 -1.1762017
255 3.0691516 0.25910595
340 0.506555 -5.82239
398 2.1010578 -0.05332437
26 5.941927 0.89955527
323 6.80472 1.0701073
425 0.722125 -1.1533512
337 0.4240065 -7.5850897
166 2.155989 -0.0376375
56 0.11415813 -5.189604
253 2.7899315 0.24646617
183 0.50170976 -5.835086
313 0.16190864 -5.4720154
386 0.107087485 -5.5542145
39 0.4072976 -7.3567157
239 0.1516537 -6.350992
161 0.41892648 -7.4791336
190 0.42009753 -7.56852
44 0.80886763 -0.6939237
377 2.5346346 0.15953219
120 0.513737 -5.929769
234 2.211656 -8.72044
237 2.2875462 -8.7865095
201 -0.026486143 -3.508873
176 0.39099845 -1.062288
109 2.1299198 -0.044227745
67 0.11880143 -5.4373565
335 2.1411216 -0.037059397
8 2.2496738 -8.80516
399 0.5667801 -0.81541544
188 6.1012964 0.9276839
57 6.7752337 1.0790274
449 0.49027163 -5.6126604
430 0.14446242 -6.3745713
228 0.8118613 -0.6732797
187 0.5024189 -5.76979
215 0.82497716 -0.44728503
310 0.5047153 -5.678985
347 0.10746758 -5.4886436
367 0.7998899 -0.6801635
308 8.482716 1.1963147
263 0.79264027 -0.67816675
50 0.4982523 -5.7378216
277 1.175776 -0.31453413
395 0.11236709 -5.4666862
282 0.40109757 -7.1998134
173 0.5610147 -0.8141522
254 0.13919914 -5.2495537
397 2.5735228 0.16316554
273 0.49671587 -5.7684045
197 0.09631721 -5.4620204
19 0.72803795 -1.1751193
128 0.40365064 -7.3907914
461 2.2529042 -8.839847
22 0.8151635 -0.45326424
392 2.7396038 0.23161943
424 2.489926 0.14233181
127 2.135372 -0.040295143
348 0.56754404 -0.81884307
216 0.49587607 -5.7182183
294 0.15281579 -5.362193
358 0.16012481 -5.2787275
151 2.239041 -8.756031
154 2.767832 0.2404893
443 0.14636655 -6.416424
259 0.49869964 -5.6480417
199 0.7288098 -1.1755414
359 0.40596178 -7.343359
368 0.7266991 -1.1723768
455 0.13821451 -6.2765646
36 2.2258234 -8.734012
144 0.14642939 -5.2492
155 0.15054607 -6.260086
434 0.7999265 -0.6887634
418 2.257051 -8.669943
86 0.50285095 -5.774851
459 0.1170147 -5.158469
81 2.2445552 -8.700153
117 0.113861755 -5.095932
471 2.253484 -8.705372
236 0.1653544 -5.334323
76 0.38483274 -1.0729567
207 0.41005373 -7.3742766
95 0.40679356 -7.309479
378 1.1784565 -0.31588846
133 0.7333769 -1.1781051
40 0.1648566 -5.4264784
0 0.4965968 -5.698094
317 0.80393773 -0.6790505
3 2.1333823 -0.042135205
124 0.118064865 -5.1918073
105 0.41012678 -7.323206
80 2.1280556 -0.03441394
489 0.117808685 -5.743759
132 -0.026605802 -3.5192227
244 0.79543054 -0.6811673
385 6.17522 0.93916565
342 0.5062572 -5.823174
351 6.8800545 1.067976
91 6.8967214 0.8571744
21 0.7271841 -1.1881769
372 0.12640078 -5.1830597
416 2.1291127 -0.03841497
198 0.49010548 -5.556586
34 -0.026982713 -3.4974048
214 0.14134581 -6.2638135
286 0.10843227 -5.460471
46 0.4068188 -7.398003
77 0.176614 -5.426756
432 0.10524048 -5.6510124
148 0.40357178 -7.172472
66 0.50155693 -5.7472672
1 0.5050225 -5.832497
64 0.82880944 -0.44726214
17 0.17312159 -5.4485636
205 0.14371434 -6.2287917
203 0.16865937 -5.4266596
297 0.13753094 -6.4293
146 0.718902 -1.1842799
108 0.116327785 -5.479066
226 0.39017648 -1.0646815
316 0.39967442 -7.255858
240 0.17233345 -5.4922514
160 -0.020282023 -3.524323
433 2.3054514 -8.86842
125 0.11681839 -5.467744
23 2.2105196 -8.780468
250 2.1634018 -0.03927563
200 0.17685021 -5.452274
293 0.18511793 -5.4904222
233 0.15138958 -5.07063
445 0.119214706 -5.0670414
181 8.204199 1.1539803
274 8.004881 1.1304368
454 0.14555308 -5.094078
180 0.1266184 -4.992342
407 0.12630892 -5.608472
208 0.38582185 -1.0577246
283 0.49591205 -5.730096
429 0.1666763 -5.3857856
486 0.13009639 -6.244297
260 2.6104822 0.18175481
246 0.16978371 -5.374197
15 2.5482209 0.16657631
165 1.161482 -0.32224724
298 0.14848626 -5.2475696
280 0.12209879 -5.2633305
210 5.78774 0.8833008
123 0.16819917 -5.352009
101 0.50213104 -5.8181543
423 0.1689328 -5.5275407
349 0.17668846 -5.543136
87 2.596747 0.17464921
312 0.1790324 -5.4578195
333 0.40780497 -7.406303
241 5.817186 0.87492883
41 5.9908075 0.7969226
336 2.5868883 0.18734732
62 2.5705082 0.18363532
390 2.6775672 0.21856181
142 2.6611633 0.2095286
2 2.6591244 0.21918003
224 5.700925 0.8737116
498 6.0143056 0.9202169
330 2.5488434 0.16972864
119 2.6553223 0.21638085
257 -0.032264978 -3.7298348
422 0.5715737 -0.8164971
272 -0.031767227 -3.576322
428 0.5710497 -0.8248686
27 2.6925294 0.22979996
290 0.37045273 -1.0591378
447 6.7407584 1.0663191
104 2.5361116 0.16303319
299 -0.034650147 -3.7487054
426 -0.034850102 -3.635678
419 5.8201265 0.8725867
460 0.3758047 -1.0650969
129 0.5714537 -0.8251889
415 6.0229297 0.91265434
470 5.9589305 0.90188456
440 -0.028329829 -3.666824
417 1.1600858 -0.3392496
465 0.56829697 -0.82982635
494 6.0218415 0.9206567
466 1.1721064 -0.33068013
344 0.3722698 -1.0744244
396 0.369684 -1.0566359
388 0.80646414 -0.44541767
476 5.9971333 0.92307097
446 6.416581 1.0058591
484 1.1487756 -0.3128908
252 0.83155155 -0.44518077
350 -0.021774366 -3.6729486
325 0.55881184 -0.8263411
453 0.37704432 -1.0634966
352 0.37849692 -1.0682651
296 0.8284408 -0.44522297
499 2.1289349 -8.289066
462 0.8259476 -0.44230872
452 2.2040055 -0.035925638
451 0.8017156 -0.6905051
435 0.3779325 -1.0627021
414 0.81460696 -0.4339849
384 -0.036686182 -3.584111
405 6.5640826 0.80142593
309 2.5682492 0.17329133
383 0.8261076 -0.4443534
402 6.6544495 1.049531
357 -0.042828023 -3.6481621
61 5.9860406 0.7284225
382 -0.041705925 -3.681232
472 5.875529 0.88628334
436 0.8374556 -0.4454544
329 0.3850523 -1.0647076
98 6.0166235 0.7293677
110 2.0822926 -0.041911956
480 6.5986557 0.8095441
483 2.0816197 -8.08141
495 0.5736732 -0.8378201
478 0.37180287 -1.0489352
371 0.37552348 -1.0779979
354 0.37225953 -1.0865386
295 0.3771993 -1.0565315
493 2.6840432 0.22173543
135 2.6990314 0.23424427
412 6.431411 1.0083858
488 2.7608447 0.22095843
406 6.574061 1.0310583
477 0.81838036 -0.4489485
463 -0.035669193 -3.6679094
356 6.3887434 1.0188622
172 6.2454104 0.7634445
438 1.1460235 -0.31184348
492 6.363229 1.004777
482 5.840545 0.89266926
496 -0.03426759 -3.712557
481 1.1593819 -0.3118018
413 2.6335223 0.20142038
427 2.1829352 -0.037450455
321 -0.027614133 -3.7439792
464 1.1728519 -0.328772
431 -0.03938594 -3.6810489
266 0.82723296 -0.44976673
302 0.38863307 -1.0724059
307 0.38990065 -1.0768216
363 0.82225233 -0.45683065
327 6.088666 0.75388926
346 -0.02078903 -3.683611
53 5.941281 0.72225636
420 5.7725816 0.87662715
231 6.017642 0.7259451
345 2.471065 0.15387349
361 6.577426 1.020707
353 0.82166374 -0.4455654
320 -0.03287864 -3.6799335
341 0.82048637 -0.4502882
468 1.1741079 -0.3213801
380 -0.03455033 -3.7090623
275 0.8294118 -0.4331579
291 2.6930258 0.23829478
232 -0.05117759 -3.6754353
458 2.7399635 0.19997717
408 0.56423604 -0.8148293
391 0.8153431 -0.43207693
469 -0.024186203 -3.648975
409 1.1551723 -0.31369048
318 0.81138796 -0.4343712
411 7.2952795 1.0263969
475 7.2200613 1.0200053
167 7.22409 1.0178612
485 2.1232653 -8.169105
360 0.3807217 -1.0696844
285 0.8156266 -0.7049517
75 2.7089067 0.2431695
79 0.79952514 -0.68384254
29 2.7912333 0.20429377
497 0.5699799 -0.83166
100 6.0857096 0.7472523
355 6.367933 1.001549
457 2.1967816 -0.030224254
33 2.7309463 0.24053323
467 0.39173308 -7.0114155
365 2.7629383 0.21179734
140 0.8091933 -0.7005123
373 0.7340855 -1.194494
339 -0.03584274 -3.6337664
338 0.73059475 -1.1922712
400 0.37430206 -1.063357
439 1.1120597 -0.3347962
421 0.72974885 -1.1800969
490 2.1721594 -0.037444975
