500 2
209 -4.514407 -1.4198083
13 -0.5756525 0.89157534
202 -0.7741974 0.23135218
211 -0.77528685 0.22799002
303 -1.2241125 6.29265
219 -0.7625041 0.2554248
293 -0.8693372 0.33318874
300 -1.2183669 6.2909865
399 -1.6395555 8.149263
213 -0.79137856 0.4143405
264 -0.79014605 0.4055119
246 -1.2187414 6.3285584
483 -1.6538882 8.128423
380 -1.6259993 8.043859
232 -0.79206014 0.21539368
281 -1.2108679 6.286984
268 -1.2230664 6.3103466
50 -7.3140936 -2.2320924
126 -5.8437395 -1.8148466
389 -0.86497426 0.34173775
204 -0.7716684 0.44707376
258 -4.8799005 -1.5508162
321 -0.79696053 0.41720882
84 -1.4211875 -0.19451723
218 -4.7217393 -1.4897143
273 -0.85996133 0.33547187
452 -0.7903048 0.42014396
96 -5.7896523 -1.8078445
208 -0.86877066 0.34320173
270 -1.2237222 6.3019557
248 -2.4378588 -0.677973
225 -2.5007238 -0.72467154
265 -2.3763819 -0.6504258
249 -1.2742491 6.4769683
277 -4.7041216 -1.4841216
79 -1.4652159 -0.2064103
54 -7.0562954 -2.1542432
74 -0.5514521 1.230182
15 -7.273856 -2.0713954
16 -5.717204 -1.7731405
309 -0.87552625 3.6194146
19 -1.4715232 -0.20841183
144 -7.1271873 -2.007323
235 -1.5734112 7.8184347
253 -0.8910055 0.27725255
87 -4.1959147 -1.305925
24 -0.539865 1.4702252
226 -1.690204 8.298923
288 -1.6814696 8.364416
245 -1.0001199 0.04442843
231 -0.76777 2.9911213
410 -0.77510154 0.4500318
299 -1.2702564 6.379887
25 -1.4685777 -0.18708925
418 -0.77881235 0.43749878
102 -1.4785954 -0.23705243
252 -0.76589364 2.960223
356 -1.6086543 7.9140472
311 -1.2505841 6.2526736
238 -0.7825963 3.0386903
274 -0.8616171 3.508928
1 -0.5607001 1.0421845
11 -4.1798487 -1.2817149
73 -5.6994305 -1.7812582
81 -1.4191464 -0.20277111
352 -0.7822498 0.43892813
37 -1.4448494 -0.18423851
305 -0.8902792 0.31232786
137 -0.5298385 1.6258547
132 -5.753638 -1.798861
454 -0.7684357 2.973518
40 -0.5844504 0.83616775
206 -1.2601409 6.3459272
62 -7.0196304 -2.1386244
49 -1.4295279 -0.18879135
224 -3.3602734 -1.0406806
32 -7.0833106 -1.9919348
129 -0.5273726 1.6600085
261 -2.4725335 -0.7165229
250 -0.9012441 0.2566907
212 -1.6688087 8.213497
334 -1.7127904 8.441324
318 -0.8832132 3.6120424
256 -1.159956 5.9434166
100 -0.5745439 1.0104789
4 -7.2806005 -2.066544
64 -0.5313375 1.6419836
118 -7.4232726 -2.1688185
80 -0.5387814 1.5744276
203 -1.3663272 -0.15259553
316 -1.5672067 7.7683034
289 -1.2332572 5.858934
272 -1.0322725 0.037503086
29 -7.1809297 -2.0350847
52 -7.089668 -2.155449
298 -1.2306004 5.9182215
168 -0.52701193 1.653718
387 -0.75249845 0.28204468
342 -1.2217171 5.9015017
353 -1.230245 6.192183
88 -0.5414314 1.5683261
260 -1.1751765 5.9833283
315 -1.0172299 0.048317056
360 -0.7735981 3.0076032
302 -0.9978952 0.06375491
172 -0.53349906 1.5635437
45 -7.4211893 -2.1615899
146 -7.085457 -2.003026
368 -1.1742345 6.0874844
76 -4.235312 -1.3096493
243 -1.0162083 0.05606637
28 -0.55404705 1.468768
63 -0.6012186 0.6836141
136 -0.57300824 1.0026248
320 -1.2346907 5.9027367
390 -1.4357188 -0.18185538
125 -0.572763 1.0408332
9 -0.5415741 1.2295256
336 -1.2238377 6.2656326
7 -0.5379389 1.6100745
220 -0.8942672 3.6582134
106 -2.3821354 -0.6389945
94 -4.296951 -1.3330507
133 -0.60629404 0.6931918
491 -0.9273609 0.21958835
448 -0.7518819 0.2732352
46 -0.5710329 0.82791233
134 -0.54907894 1.4330553
301 -1.231268 5.885688
17 -7.2383456 -2.0697699
428 -1.0498766 4.6599507
33 -0.5819396 0.24006128
223 -1.6469804 8.154697
135 -7.2167263 -2.1172934
39 -7.2736964 -2.1237116
396 -1.402308 -0.18575469
409 -0.758895 0.26752722
458 -0.78560954 3.023534
239 -1.0076119 0.06824093
405 -1.0607369 4.6974196
42 -7.2896957 -2.0758035
291 -3.3804195 -1.0305262
65 -0.54183435 1.5838723
200 -1.7056582 8.4123745
471 -0.7668726 0.4560855
47 -0.5815987 0.84120226
262 -1.2384152 5.9860687
392 -1.1762947 6.0696435
61 -2.349902 -0.6415011
285 -1.380312 -0.17732295
97 -4.2301254 -1.3114723
41 -7.1179566 -2.0248868
58 -7.285091 -2.1103063
263 -1.0171659 4.610791
307 -1.2396439 5.909491
48 -7.336539 -2.0816174
38 -0.57273304 1.0364121
230 -1.245222 5.9750614
90 -7.2319007 -2.1246812
147 -0.55306053 1.5698018
421 -5.4481153 -1.733547
327 -1.3541753 -0.15782586
69 -4.3149376 -1.3458703
71 -1.4246387 -0.18202049
319 -0.7586634 0.2590928
228 -1.2335274 5.95203
44 -7.153824 -2.0175824
123 -0.61839193 0.6417633
317 -0.7931188 3.058276
244 -1.3593186 -0.15514232
205 -0.75518584 0.4596979
292 -0.88829255 3.6234386
287 -1.8712242 -0.37613443
290 -0.7709396 0.4531773
86 -0.57211804 1.0320812
282 -1.3620182 -0.15461923
149 -2.3424714 -0.63464725
241 -1.4096925 7.0477576
455 -0.8006127 0.4145432
6 -0.5366424 1.4682993
110 -0.59692556 0.6944534
60 -0.5454427 1.4942453
2 -0.529229 1.5949264
308 -1.445233 -0.17654872
92 -7.213563 -2.109984
122 -2.2732155 -0.5903891
251 -0.7535593 0.27920985
484 -1.704388 8.421547
141 -7.1146584 -2.0245042
173 -0.52364826 1.646839
3 -2.2880824 -0.6203835
57 -0.57183313 1.0401855
165 -0.60623944 0.66309
36 -0.5069955 0.23024683
462 -0.9242693 0.21072003
35 -7.2394433 -2.0445838
350 -1.327528 -0.13090008
26 -7.056205 -1.9953415
355 -1.8719534 -0.3794787
346 -1.6960661 8.367192
5 -0.53723145 0.27588087
404 -0.90388256 0.22743112
373 -0.79326314 0.42177677
391 -0.76208985 0.26991522
370 -1.8844723 -0.38227883
66 -4.234904 -1.330241
214 -4.671015 -1.473475
67 -7.294187 -2.1456406
254 -1.1919683 6.09805
402 -0.945309 0.2293882
349 -1.8663269 -0.3781999
322 -1.3616141 -0.15082276
408 -1.4257379 -0.17839067
348 -0.7895109 0.42589536
159 -0.60422456 0.6898827
310 -1.064768 4.687102
324 -1.9056902 -0.38781008
83 -4.22181 -1.3052816
296 -1.0234888 0.04145671
127 -7.2204757 -2.114354
240 -0.7527752 0.27567378
236 -1.429163 -0.15659373
257 -0.746432 0.27396747
403 -1.4183743 -0.17661472
222 -1.0417751 4.628621
429 -1.5181376 7.5175724
34 -2.3101325 -0.6195398
99 -0.5655523 1.0111386
78 -0.54731 1.4421813
341 -1.1403298 6.0271306
170 -0.56340045 1.1636354
369 -1.3465058 -0.13536097
328 -0.75127417 0.2643876
215 -1.0678761 4.8381753
271 -0.74789953 0.26080146
326 -1.4400967 -0.18889844
335 -1.3824862 6.9131265
55 -7.282635 -2.1286452
247 -1.8846885 -0.4018654
313 -0.79493487 3.0917714
12 -0.53971267 1.6995908
217 -0.76413053 0.46009362
119 -0.5418594 1.6825233
437 -1.1511779 5.962781
59 -0.6053523 0.6659003
31 -0.5953157 0.6484378
333 -2.3506374 -0.63806885
447 -1.5196387 7.568024
351 -1.8846072 -0.40521955
120 -0.5466555 1.4665267
259 -0.75805503 0.2740428
283 -1.8743807 -0.395181
75 -0.5467106 1.4848685
14 -0.5930333 0.65710896
210 -1.3830665 6.920023
124 -0.56706774 0.83443856
444 -5.44172 -1.7423575
229 -1.3928583 -0.18944602
158 -0.6138424 0.6847788
30 -0.54526734 1.6840594
424 -0.7671266 0.45152304
442 -0.7599208 0.2686573
420 -1.4463246 -0.21037637
82 -0.58877146 0.68232006
183 -0.53645724 1.675749
375 -5.42655 -1.7292957
395 -1.4153657 -0.16521795
198 -0.5432477 1.6947339
68 -1.432148 -0.18951169
191 -0.5349104 1.680073
109 -0.60686326 0.7026827
156 -7.1030507 -2.1661644
416 -5.3990426 -1.7138734
465 -0.8170677 3.2023792
478 -0.85152864 0.34367487
267 -0.7719157 0.44737408
354 -1.9113177 -0.38439873
487 -0.8507645 0.33408096
364 -1.5209491 7.502966
164 -2.3680236 -0.6224338
297 -2.3928978 -0.6739556
112 -6.9628816 -2.14133
276 -0.7793722 3.051041
21 -0.531045 0.32055095
377 -5.4024744 -1.714408
43 -7.022389 -2.0155537
221 -0.89600414 3.7273555
431 -1.0355138 4.653501
406 -0.93847424 0.2389457
121 -1.3891668 -0.14857246
304 -0.9463517 0.24704768
103 -0.60259485 0.6865028
108 -7.0993414 -2.1953073
358 -1.2248305 6.249979
436 -5.3716817 -1.705232
242 -1.6875142 8.334131
91 -6.9527426 -2.1453276
439 -1.7102714 8.430925
115 -6.992091 -1.9921128
20 -0.5791377 0.83638865
357 -1.4191034 -0.19133359
72 -0.54382807 1.7185448
280 -2.389695 -0.6194793
51 -6.916959 -1.9577986
498 -0.7671709 0.45145592
196 -1.4122723 -0.12243735
18 -7.1276064 -2.042724
286 -1.1792647 6.02887
488 -1.4135435 -0.1855908
470 -0.7668366 0.26902473
8 -0.5316883 1.6856077
492 -1.2694062 6.2223625
104 -6.89996 -1.9369267
275 -1.6858864 8.34591
438 -0.7645754 0.44710812
468 -0.81256014 3.213498
111 -1.4029765 -0.1368053
117 -6.7789974 -1.9054896
98 -7.013275 -2.154606
464 -2.3385386 -0.632278
382 -2.4503777 -0.6527774
473 -1.1721804 6.041545
77 -7.0504494 -2.1742713
166 -7.0815644 -2.0848687
93 -7.1298738 -2.1854625
413 -0.7484524 2.8047624
385 -1.1515391 -0.0048043174
432 -0.76703674 0.2628733
337 -0.722919 2.7273507
443 -1.463272 -0.17767328
466 -1.2619166 6.2124605
116 -7.023292 -2.1605077
449 -1.7013732 8.343388
255 -0.9261274 0.23666911
426 -1.1562958 0.0032574346
376 -1.6815406 8.279143
105 -7.315872 -2.1015253
450 -1.1597857 5.963952
188 -6.9649568 -2.1269433
181 -0.54311395 1.4483472
367 -3.801286 -1.1334196
398 -1.1970891 6.280687
101 -0.5346329 1.6746219
143 -1.4022223 -0.11575338
145 -7.1976433 -2.1204655
155 -0.58503044 1.0570254
434 -5.340821 -1.6962397
427 -0.94633937 0.12966499
312 -5.3564496 -1.706853
167 -7.2120337 -2.0846758
474 -3.6999435 -1.1073648
445 -3.8305707 -1.1637839
175 -0.5482629 1.450394
451 -0.93858325 0.10532962
150 -5.1692486 -1.604811
456 -0.75199217 2.832884
386 -1.224422 6.312383
140 -0.5345165 1.6657766
295 -0.76912344 0.25451365
323 -3.7909374 -1.1496382
419 -3.8761783 -1.1970276
234 -2.3654685 -0.6289422
182 -0.5578025 1.4631702
157 -7.0713305 -2.0498574
216 -0.76379335 0.43877083
70 -7.307041 -2.1121416
284 -4.014582 -1.2327808
347 -1.5044951 7.479935
161 -5.102758 -1.6167169
425 -2.3422194 -0.6030033
131 -7.234644 -2.0773747
193 -3.8352375 -1.1970978
330 -0.9545938 0.11291199
179 -7.265354 -2.0916862
400 -0.765806 2.8624864
457 -1.7761295 -0.32061407
178 -0.5787813 0.9687419
490 -1.1820383 6.155735
379 -3.8999898 -1.1834346
365 -1.1377498 5.865423
128 -1.3651302 -0.0909017
472 -5.3576226 -1.7044219
233 -1.1346351 0.0001087119
176 -0.532045 1.6711575
461 -1.141261 5.8893943
423 -1.49284 7.3996973
201 -1.1643432 -0.009427075
494 -1.5236772 -0.21600494
184 -0.5680053 1.1988926
331 -5.3256097 -1.6879652
279 -5.5074267 -1.7712873
412 -1.3967178 6.958173
160 -0.56313634 1.1667176
388 -1.2314924 -0.06816927
345 -0.93714774 3.952431
194 -0.575212 1.0564712
446 -1.2520151 6.142489
479 -0.96753055 0.11504429
139 -0.53836346 1.6429281
163 -0.5354344 1.6414019
493 -1.7725577 -0.30440402
496 -0.8034933 3.18032
371 -1.2000607 6.218634
269 -2.3874636 -0.6120169
171 -6.9556956 -2.1518476
325 -0.94818074 4.010739
113 -7.193778 -2.0864313
480 -5.5080667 -1.7469877
294 -0.73029643 2.755654
197 -7.062038 -2.016805
393 -1.2146018 6.331338
95 -6.847565 -1.9265186
180 -3.8529084 -1.1902274
107 -3.7403944 -1.1646465
85 -7.197354 -2.0720904
340 -0.9367182 0.109107986
362 -1.1322496 0.014752227
190 -7.0796466 -2.0105717
207 -0.74487203 2.8303
314 -2.3763301 -0.6164755
138 -7.140165 -2.087918
344 -0.9528909 4.0118704
463 -0.9539717 4.0495977
195 -7.1751056 -2.1096964
378 -1.2348508 6.3356867
153 -5.1973944 -1.6360589
489 -0.822246 3.2318008
339 -0.75518155 0.45225757
366 -2.367163 -0.59519124
186 -1.9094518 -0.43527612
481 -1.7765121 -0.32784507
482 -3.8066194 -1.1748741
142 -3.7423205 -1.160593
476 -0.93911445 3.9700105
435 -0.92603654 0.11310517
383 -3.828718 -1.1639173
169 -5.1277103 -1.5945638
441 -0.9416918 0.12612659
185 -1.9542178 -0.435966
459 -0.9282373 3.8641174
415 -1.2397228 6.33746
411 -1.2097379 6.2808447
189 -0.5365139 1.6743653
422 -1.2261685 -0.064413466
177 -0.5749528 1.077381
266 -0.7400593 2.7669663
53 -0.5362925 1.6799643
151 -0.5961191 0.9471145
430 -1.1560738 5.920014
152 -0.5953894 0.9852869
187 -5.332518 -1.669898
475 -1.116045 5.0622573
338 -0.9418698 0.12928717
148 -0.5951064 1.0509378
394 -3.8445427 -1.1694902
495 -0.7573167 0.4551219
485 -1.2322437 -0.073482364
414 -1.232964 6.3056226
374 -1.2542503 -0.09583867
407 -1.2620426 6.3305483
199 -5.1898994 -1.6260976
372 -0.7590975 2.873914
237 -0.7695145 0.44319332
460 -1.2653092 6.1289144
306 -1.6610241 8.198706
192 -0.5897242 0.97098035
467 -0.73335296 2.7590623
453 -1.2866864 6.3981853
359 -1.2060361 6.208258
27 -0.54362947 1.7016166
343 -2.7837539 -0.8304238
440 -1.2221918 6.226274
401 -1.2069868 6.1978426
278 -1.2585715 6.313581
89 -0.5915427 0.5278979
10 -6.7053394 -1.8775105
363 -0.76168776 2.8379402
162 -0.57849365 0.97690076
486 -1.1064681 5.0180163
361 -1.6458743 8.145204
174 -0.5787642 1.053062
417 -2.8489697 -0.8359685
329 -0.75918037 0.4508453
397 -1.2340363 -0.06145044
469 -2.732528 -0.79197925
477 -2.743409 -0.7949396
0 -6.481594 -1.8188508
384 -0.7643592 0.45107964
332 -2.7361429 -0.81507456
23 -6.4067307 -1.7956141
114 -0.6089109 0.57614
22 -6.88587 -1.9353375
154 -6.5489526 -1.8412902
497 -0.7477812 0.27255586
56 -6.5647497 -1.8403393
227 -1.5855416 7.8373446
130 -0.5440796 1.7234901
381 -2.7396154 -0.8035538
433 -1.076529 4.930444
499 -0.7677517 0.27350757
