2000 2
1852 0.1940796267951551 0.9809857789300788
933 -0.11924392153831773 0.9928649893999504
1869 -0.05087080351194063 0.9987052424765024
1033 -0.05190040166107648 0.9986522659601885
263 -0.05902555190731165 0.9982564721663653
1052 -0.04623266169580759 0.9989306987937256
1165 -0.0366801258515147 0.999327057758128
577 -0.05802329731948658 0.9983152292578604
1105 -0.004664531819116137 0.999989121012278
713 -0.4091747896594716 0.9124560216838546
19 0.028060731098843824 0.9996062201538156
1937 0.036018947635242736 0.9993511071746755
639 -0.09134095791987135 0.9958196771535902
383 0.06404063185496825 0.9979472919305991
626 0.09631633378651432 0.9953507742730323
1263 -0.25834520186444915 0.9660526676499668
968 -0.23036901269669313 0.9731033439409972
1550 0.061304088287366325 0.9981191355540954
97 -0.03947051792857271 0.9992207354806295
135 -0.02273636855172546 0.9997414953602157
1633 -0.14527363722713854 0.9893915151883999
1646 -0.1127726793684161 0.9936208143895077
1938 -0.04941344560676642 0.998778409555026
1110 0.10150039030484449 0.9948354993505029
1875 -0.13532397783138217 0.9908014034224476
613 -0.05034251556217562 0.9987320116662289
376 0.0021673440482953992 0.99999765130713
136 -0.15340475470923498 0.9881634385224942
792 -0.10390513530074354 0.9945872122936904
140 -0.15796024522716637 0.9874454723820315
1031 -0.0057916122014877724 0.9999832284734117
262 0.043566388224341925 0.9990505341658578
1816 0.16534581334734025 0.9862356523714332
188 -0.033957368329991945 0.9994232822663784
1710 0.07118137470172617 0.997463388749468
1764 0.041544252607935296 0.9991366648638453
476 -6.218225065235646e-16 1.0
1967 -0.1637705182649494 0.9864984629218789
829 -0.05658658927991437 0.9983976952666037
970 0.02483138975986406 0.9996916535025155
1914 0.036475884496970694 0.9993345335022521
893 -0.08071302845193952 0.9967373811782703
1025 0.028950217706191446 0.9995808546059514
1613 -0.20884790939490316 0.9779481329505049
1533 -0.16064890377647148 0.9870116157955883
481 -0.11715429782957072 0.9931137248573599
585 0.034837839274834574 0.9993929782396217
1101 -0.12843531273361614 0.9917178885363611
1592 -0.14069694508739852 0.9900527105377135
981 -0.08079076759376436 0.9967310830267161
385 -0.15602796976671773 0.987752637379661
1716 0.11891147804121427 0.9929048596869962
1502 -0.028085076549218692 0.9996055364368609
328 -0.08395098872693177 0.9964698848895388
815 -0.04995703908710914 0.9987513675813662
777 0.46606901477648577 0.8847483673142753
732 -0.057207352534737334 0.9983623184074839
1009 0.036647529327448546 0.9993282536755347
1975 -0.15392897531949928 0.9880819149023471
1017 0.23908580118222472 0.9709984447325618
1407 -0.1684154642407822 0.9857161008143074
720 -0.180036911660964 0.9836598550513193
855 -0.15220882962875903 0.988348355683887
573 -0.045009758911499116 0.9989865472581344
1139 0.03069564542348492 0.9995287776507666
653 -0.20506292864936357 0.9787487906984846
1317 -0.001948704911630925 0.999998101272781
336 -0.015492251683821397 0.9998799878674267
5 -0.09571556399402513 0.9954087255039037
1463 -0.09132821518258866 0.9958208458912491
1895 0.02914577790651902 0.9995751715755168
840 -0.1406048256809318 0.990065797306035
1859 -0.07374685745583201 0.9972769931244725
1752 0.0020795906866600484 0.9999978376489501
1354 -0.08120193066102731 0.9966976705385248
594 -0.05833209845658616 0.9982972334378429
389 0.1863283964872397 0.9824875208685827
1520 -0.16593176194373044 0.9861372370913944
415 -0.04954118577789116 0.9987720815640174
1222 -0.1173745724785723 0.9930877150259552
679 -0.26244537403189033 0.9649468512043868
1370 -0.04986089865458154 0.998756171838431
439 -0.06836910912402344 0.9976600948808103
948 0.029439883567698034 0.9995665526894746
1750 0.027740775902515884 0.9996151506216411
1995 0.015978260753828452 0.9998723394430323
770 -0.10634506310712631 0.9943292852736166
175 0.03091917456010906 0.9995218880267314
1238 0.11932867048962628 0.9928548073103027
146 -0.08028655432214385 0.9967718240375165
342 -0.048451102411612525 0.9988255556778168
880 -0.04360577244012379 0.999048815929382
460 0.1373793992666472 0.9905185009161289
986 -0.00887029713299705 0.9999606581404953
256 -0.13914341766203708 0.9902722400033881
316 -0.10217312853457035 0.9947666318315358
942 -0.04458928229101457 0.9990054033411292
1966 -0.012009048248023053 0.9999278887800742
1897 -0.09564773845617319 0.9954152450752498
1610 -0.13717251650392664 0.9905471723830117
211 -0.15074355057115202 0.9885729016927394
261 -0.03857198649009006 0.9992558240301671
1043 -0.08672356949964166 0.9962324138940878
1274 -0.08526181672192458 0.9963585813397087
1200 -0.051238882130729704 0.9986864257403287
1865 -0.12782509601479233 0.9917967255586243
1664 -0.13095070850604026 0.9913888802794623
1066 0.05049629793004087 0.9987242481763224
760 -0.1568321778044647 0.9876252669940703
1699 -0.15067136146063725 0.9885839068261217
1144 -0.05802329731948658 0.9983152292578604
650 -0.20682281215852305 0.9783784157322974
1356 0.03987754290032028 0.9992045744352019
274 0.014968945558143749 0.9998879590578523
1739 -0.07123233481210593 0.9974597508056232
1197 -0.04283087232193194 0.9990823371355048
96 0.002109438439005003 0.999997775132261
1336 0.020928623151223846 0.9997809723799479
1186 0.0526753506567092 0.9986116900142881
332 -0.017164347206895064 0.9998526817411458
231 0.012095719141274002 0.9999268441133359
3 -0.17300291467512885 0.9849213123462758
543 0.051852062450651125 0.9986547769973434
920 0.08533647162019008 0.9963521900469816
925 -0.21473943917473623 0.9766713742415715
114 0.06348613940019901 0.9979827203434228
1421 -0.07185730809441687 0.9974149223234149
1881 -0.008394655105756326 0.9999647642620492
531 -0.11839968873617675 0.9929660184050493
165 -0.19647193958746023 0.9805094476621535
1489 -0.16766174364632444 0.9858445819283453
1661 -0.07220884825285925 0.9973895338502383
739 -0.10005230223570072 0.9949821791456047
731 0.007282351144250517 0.999973483329339
947 -0.15905752179463586 0.9872693172384872
417 -0.039112907596842536 0.9992347974621985
901 -0.07213656095930837 0.997394764660896
103 -0.030488629034480647 0.9995351136901585
631 -0.19029616306143673 0.981726728944514
1653 -0.11566768152748111 0.9932879680385025
340 -0.0392548810606106 0.9992292301133495
1029 0.04803860056862039 0.9988454799694538
664 0.04072858628376444 0.9991702468845466
917 0.024681052971925934 0.9996953764143339
579 0.03200405356998124 0.9994877390719158
1049 -0.060708512786772036 0.9981555372161287
1209 0.03248719015430728 0.9994721519261444
1050 0.0020444120049168905 0.9999979101875934
850 -0.13195331950575373 0.991255931367582
961 0.08094116390934479 0.9967188811219544
814 0.01995390720718421 0.9998009009733723
1971 -0.056935359492462805 0.9983778667616104
1074 -0.14459696867701244 0.9894906349478094
546 -0.10220268548302748 0.9947635955743743
1453 -0.11568640660713765 0.9932857873373242
294 -0.07551790388873099 0.9971444460018077
1169 0.10412939799732411 0.9945637578721209
1782 -0.15950481699655003 0.9871971501958953
52 -0.09836020016213295 0.9951508785224807
671 -0.13718374111138082 0.9905456179170578
998 -0.061420527502955624 0.9981119770853664
1157 -0.16079982409166638 0.9869870397183993
811 -0.009517678127991806 0.9999547058757472
1509 -0.033611152526937714 0.999434985592265
1357 0.029768769036169172 0.9995568119872283
982 -0.08306316885402772 0.9965442840034393
1207 0.14760148546926 0.9890469157159675
1350 0.08087715041642346 0.9967240774359367
1420 -0.06222271981424601 0.9980622892079021
1972 -0.08314791829137723 0.9965372164067985
310 -0.1119404908780195 0.9937149120859504
306 -0.18178210596516253 0.9833388357788329
538 -0.12043279655259503 0.9927214823476529
297 0.21111199053653643 0.9774618803061842
1552 -0.02941503397717414 0.9995672842666079
226 -0.03108611616623546 0.9995167099061923
237 0.1420817076516109 0.9898549329830115
1230 -0.18209908404791322 0.9832801856993311
555 -0.0239974770464046 0.9997120190811989
1812 -0.005289850054694634 0.9999860086453204
1922 -0.013967353165692309 0.9999024517649433
445 -0.18904526928550014 0.981968373299656
1776 -0.18020810693475037 0.9836285061927565
317 -0.014531090934321424 0.9998944181243631
1303 -0.15798292457556606 0.9874418441318715
1012 -0.10904372132344811 0.9940369544639345
41 -0.04900279145033264 0.9987986415840157
1949 -0.13017109747460154 0.9914915457946466
1098 -0.12618414351070922 0.9920068356248705
1580 -0.12470229131316705 0.9921942040453805
628 0.022773587564744183 0.9997406482230432
937 0.013418534795527882 0.9999099674090369
1930 -0.0999292634379861 0.99499454385878
684 -0.08015505098932314 0.9967824074495392
1765 -0.07267291229836041 0.9973558280864834
660 -0.3722251415879748 0.9281424696509757
752 0.06752385718729297 0.9977176598169193
1884 -0.10435842753093007 0.9945397521483349
192 -0.036713429093620034 0.9993258348127442
1909 -0.03413337031928444 0.9994172867379505
1601 -0.12483269346886532 0.9921778059608612
1505 0.22726165092303247 0.9738337342789772
1319 -0.1323594435773023 0.9912017845504049
304 -0.18373178653531774 0.9829764140693003
603 -0.18971711196311977 0.9818387940127306
33 -0.016530674152184663 0.9998633590706655
532 -0.234282069492351 0.9721686643347344
1365 0.05436037628171176 0.9985213815890527
1001 -0.11214952731413297 0.9936913421798625
1944 -0.09491740125142845 0.9954851515415362
1442 -0.015506773900563467 0.9998797627531006
1597 -0.379876978442422 0.9250370161509515
1513 -0.02682741081068606 0.9996400802434818
754 -0.0549207110868763 0.9984907187819584
309 0.024159058787341026 0.9997081273444314
108 -0.038408012780725254 0.9992621400584711
1694 0.011855742386436755 0.9999297182164687
198 -0.20801824534427604 0.9781249458039032
1328 -0.12348231600449233 0.9923467728743651
1405 -0.08030685609031345 0.9967701885915778
1067 -0.10973517662590919 0.9939608598988596
224 -0.21761334508193456 0.9760350567690951
421 -0.13297575222205751 0.9911192911657899
1849 0.002596803599141801 0.9999966282998496
467 -0.013064218136186193 0.9999146594607412
1086 -0.14562987520072757 0.9893391427862441
1514 -0.1338521185860631 0.9910013170273905
553 -0.035250289567628185 0.9993785154211583
965 0.17825338184147407 0.9839846197284171
1114 -0.13140550724031855 0.9913287006169622
1163 -0.08846678127184178 0.9960791276858482
358 0.017350880995789707 0.9998494621335103
755 -0.13267134153665805 0.9911600855234554
1126 -0.046059465541123105 0.9989386996378037
1129 -0.09240180024258854 0.995721802167618
1417 -0.11769965197377576 0.9930492394263499
1810 -0.0022135267534957558 0.9999975501466548
1821 -0.14237078580104315 0.9898133962269826
143 0.017144658262175455 0.9998530195449097
406 0.09267910597427786 0.9956960295772042
1311 -0.20972861329783415 0.9777596375204733
1136 -0.20076478327116218 0.9796394754184232
75 -0.08779605376554124 0.9961384707675927
1602 -0.1688189055915442 0.985647085479825
1018 -0.009242602434690076 0.9999572862378845
1212 -0.02519448241519852 0.999682568646583
1989 0.05538063714471197 0.9984653148855225
816 0.09136167226270263 0.99581777692576
1839 0.4664684220592941 0.8845378517743105
496 -0.10533546833861253 0.9944367446498973
1674 -0.07964188684120088 0.9968235399810609
1840 -0.16273229871492176 0.986670258472889
584 0.012314518011804176 0.9999241734482356
1244 -0.2862575257739757 0.9581527169182174
386 -0.054321582639934 0.9985234927929802
11 0.2602590431186288 0.9655388290871453
682 -0.07012358466147733 0.9975383114819323
74 -0.11191851118266676 0.9937173878194219
1058 -0.13455513693867083 0.9909061081270089
1992 0.08988985613505535 0.9959517125664371
353 -0.041171337180719525 0.9991521010310449
1814 0.06715655249788055 0.9977424504633445
1784 0.013348891668308556 0.9999108995761711
1242 0.11328769778487395 0.9935622263001965
950 -0.15359848772665052 0.9881333435159882
1462 0.035381967067258234 0.9993738621789403
1635 -0.13969209374406333 0.9901949903657359
1893 -0.02886031561452489 0.99958345433617
1837 -0.12593731187321675 0.9920382016223711
1362 0.0418460019875602 0.9991240724342784
60 0.12795769103787122 0.9917796273891981
873 0.08242798000547749 0.9965970239330523
106 -0.11681806910926237 0.993153330926088
247 -0.23037468884583676 0.9731020001722245
874 0.09419901838425966 0.9955533862809377
1313 0.08832714681102545 0.9960915194580383
484 0.07648982108639388 0.9970703622464022
596 -0.11415908985114484 0.9934624815282952
0 -0.0756330032750154 0.9971357223646145
1464 -0.008216767648719852 0.9999662417948952
1754 -0.07959811550900293 0.9968270361539234
1727 0.0163785373998912 0.9998658627599206
1761 -0.13402241369958956 0.9909783007847024
729 -0.017872637440025634 0.9998402716588972
1605 -0.26443003173445173 0.9644048726115587
1946 -0.17508864324970705 0.9845526735553445
1777 -0.08965195117155958 0.9959731560896269
884 0.14828590291831173 0.9889445338317518
1615 -0.14501213207544977 0.9894298770256194
453 -0.05692690992803203 0.9983783485863693
943 -0.23333493296522947 0.9723964258768705
186 0.00949799995608897 0.9999548929810955
295 0.026928823617755667 0.9996373534730301
689 0.011598952053741689 0.9999327298929939
1624 0.08510100019693885 0.9963723298875179
1612 -0.008151299638927276 0.9999667776052343
438 -0.15337197824641835 0.9881685262589476
670 -0.12566104193920713 0.9920732344634406
1906 0.04538705912541963 0.9989694764425717
597 -0.29293111201677896 0.9561335490466869
1641 0.14958263651401552 0.9887492274856734
357 -0.03592844140207088 0.9993543651270144
1855 -0.29974396440178763 0.9540196831327432
1756 0.12619028161030343 0.9920060548338968
1075 -6.624686604437576e-16 1.0
1658 -0.12514368657769928 0.9921386282721495
1813 -0.0962853868534744 0.9953537684052222
234 -0.015978260753830097 0.9998723394430323
678 -0.07418917705532954 0.9972441857478302
1649 -0.15508345368423235 0.987901372806704
1298 -0.003940508242773214 0.9999922361672556
1828 -0.08483489131152926 0.996395022677332
1531 0.0019572456203164703 0.9999980845929566
1277 -0.06897807181524225 0.9976181762621665
420 0.1924821309457591 0.9813004785826713
331 0.028291580193145156 0.9995997131302984
308 0.1449825499001265 0.9894342121760584
1640 -0.11641910058257 0.993200177718241
999 -0.0738252717060688 0.9972711914306585
1334 -0.10121307022722795 0.9948647719238922
335 0.1993739509252897 0.9799234805291891
1766 -0.1440523890546394 0.9895700628089206
1957 0.05084169889742537 0.9987067245459117
1278 -0.12266158261091971 0.9924485559218598
367 -0.07275372158541643 0.99734993657967
1491 -0.16345643142354166 0.9865505537103919
1587 0.0022011951016852604 0.9999975773671276
529 -0.12279185595469352 0.9924324461197356
1011 -0.12562234835268066 0.9920781348232395
1461 0.055483799881234336 0.9984595875400962
1729 -0.051554324911351174 0.998670191596272
1619 0.0038583773396158156 0.9999925564344492
35 -0.016606231942598967 0.9998621070230977
1504 -0.1401150360184156 0.9901352315121192
896 -0.2814152081983094 0.9595860985834999
572 -0.07830720920668255 0.9969292758196345
1644 0.03814058203373692 0.9992723832880241
1994 -0.06326826519242361 0.9979965564166747
1371 0.0614862104835528 0.9981079330014225
817 0.009457327141828478 0.9999552784816592
762 -0.10872501226252894 0.9940718644587588
537 0.07332875880040128 0.9973078226569732
662 -0.21115832417167277 0.9774518720290073
1803 0.11946093325562503 0.9928389020509294
287 -0.07682389869645197 0.9970446773284923
260 0.010128736680958232 0.9999487030309343
1168 -0.1568248606747816 0.987626428906363
510 -0.18733313614943256 0.9822964400324468
1428 -0.1040306192707353 0.9945740949040184
1851 -0.1370416757094834 0.9905652826132849
826 -0.17782381041761694 0.9840623417490171
227 -0.027478963314248962 0.9996223819899063
856 -0.1310279132607572 0.9913786793887245
823 -0.24970594282978592 0.9683217141608916
1767 -0.05548485604896426 0.9984595288489293
195 0.05288466123841706 0.9986006271807052
375 0.14157681948314338 0.9899272721695455
1247 -0.04158227239000705 0.9991350832709676
904 0.11047270267018884 0.9938791586328513
645 -0.16321772649285748 0.9865900738191636
79 -0.024997870885398142 0.9996875043988481
1850 -0.06204248277168794 0.9980735094829062
1492 -0.03548695135318504 0.9993701397798799
1090 0.6605190288251364 0.7508093050568159
1485 -0.1595048169965499 0.9871971501958954
190 0.06560280043179414 0.9978458160334722
82 0.06561039065834894 0.9978453169893914
163 -0.05702392789640611 0.998372811953163
318 -0.10634097767729832 0.9943297222082002
502 -0.08293179869369588 0.9965552251458162
1145 -0.14563838743430849 0.9893378897553323
953 -0.19860196486246506 0.9800802311814928
617 0.03786877620950025 0.999282720649364
574 0.1768908513579449 0.9842304743838516
1351 -0.11903137074328411 0.9928904938506434
534 -0.29383456150524345 0.9558562917431789
745 -0.1441027546750829 0.9895627297423104
313 -0.2225604408347514 0.9749188941524526
711 -0.08419858876304272 0.996448994003362
1614 -0.10568528837275398 0.9943996278265433
1430 -0.09470163627954817 0.9955057006797983
1340 0.05796017828747674 0.9983188958107944
1493 -0.010564409627377438 0.9999441950675172
1866 0.04912796380206038 0.99879249254921
1518 -0.16852992211462925 0.9856965381657972
1962 0.10305699085136097 0.9946754529175145
1749 -0.030003026306688278 0.9995498078697431
608 -0.05872767998008663 0.9982740403336934
1069 0.05085421462548735 0.9987060873224037
1759 -0.1448889248085543 0.9894479266074698
522 0.054810180826216075 0.998496792222087
1802 -0.0505786185763053 0.9987200825771517
1039 -0.3022087662442653 0.9532417645094654
930 -0.004222430719884159 0.9999910854996737
1444 0.07437391498585337 0.9972304251123093
319 -0.18789679285749325 0.9821887777987836
1523 -0.18743512257045788 0.9822769847792411
468 -0.0022627933761338787 0.9999974398797914
1722 -0.08262307479799921 0.996580868525442
1678 -0.21177420608929484 0.9773186203256586
507 -0.22164918560022198 0.9751264730909311
547 0.0061478445021425025 0.9999811018254181
786 -0.08743426920554245 0.996170290948537
768 0.014207188606377907 0.9998990728028019
447 -0.06759119025768366 0.9977131005452167
1376 -0.2207124178611815 0.9753389301170498
1830 0.1682123353866978 0.9857507850485097
1996 -0.10870236992552156 0.9940743406670224
1312 0.03995102903063899 0.9992016389495131
37 -0.05224017659863116 0.9986345497472757
1887 -0.08848772578766329 0.9960772672764536
885 -0.03831772442661592 0.999265606330352
635 -0.029082529202809536 0.9995770137889165
341 0.03481206984989432 0.9993938762033547
1801 0.14748590759485916 0.9890641572016048
1386 0.1290822412895162 0.9916338916070159
996 -0.0039760617327624604 0.9999920954353075
1935 0.12076448967391334 0.9926811865013859
991 -0.022338120565908486 0.9997504730529427
363 0.0622224719765144 0.9980623046589486
1743 -0.0925130154396209 0.9957114752649326
394 -0.07520599285481755 0.9971680192619102
1904 -0.12627452497775798 0.9919953348386481
669 -0.009854869691114088 0.999951439592629
1102 -0.21928953262103895 0.9756598284662776
761 0.1439206112099008 0.9895892368396942
1780 0.06728529792310987 0.997733776457126
734 0.01885261303181712 0.9998222736976169
1296 0.04192103441640205 0.9991209270521055
1691 -0.005932729223885407 0.9999824012071192
1227 0.3194117086927199 0.9476160405723392
1171 0.0437653331537937 0.9990418387704979
461 0.1982826396169177 0.9801448846096927
1270 -0.04473575892128433 0.9989988547910037
1383 -0.03318522580247708 0.9994492187142068
1534 -0.05584567679727923 0.998439412474815
693 0.20401821683784294 0.9789670919894636
888 -0.10521773411766341 0.9944492085708272
1121 0.009313544388084266 0.9999566280049006
364 -9.500864861433766e-16 1.0
1038 -0.2642969874067233 0.9644413421498118
451 0.22092406264244555 0.9752910122345826
393 -0.0731220642934674 0.9973229986887209
134 -0.2984994311396022 0.9544098121925056
581 -0.1224642569833464 0.9924729244475724
1579 -0.1554230568285479 0.9878480011651944
866 -0.22454180606819296 0.9744644566774276
1228 -0.13227282978785995 0.9912133466110673
1045 -0.02139801390046222 0.9997710362883673
995 -0.010312354903073643 0.9999468262544529
797 0.07177670316565589 0.9974207261144463
1611 0.0665701054240999 0.9977817502158596
1769 -0.18486904909561663 0.9827631630695578
1390 -0.1460338225741599 0.9892795978207469
773 -0.18511980136145306 0.9827159605623063
892 -0.01079720463636568 0.99994170848707
592 -0.1782605700752619 0.9839833175193788
288 -0.12426839889318221 0.9922486407330197
409 -0.17227677992187873 0.9850485831164616
1427 -0.20072189355097225 0.9796482641485731
824 0.08395615290949099 0.9964694498019686
377 -0.1282730434516798 0.99173889019421
110 0.20580326727959733 0.9785933860276405
1219 0.025789042288715848 0.9996674073399766
1863 0.06604794606017544 0.997816450466333
1876 -0.03520046577621099 0.9993802715729072
1913 -0.10703221353616912 0.9942555532988225
623 -0.2892648980198099 0.9572490891996654
380 0.0240925192707138 0.9997097331301674
62 -0.06829610818891632 0.9976650949122395
1797 -0.09075778373694665 0.9958729962656672
1054 -0.34006417976883047 0.9404022297071357
1229 -0.1451200795405367 0.9894140500893184
1723 -0.018028071954192846 0.9998374811046116
235 0.10602771620283709 0.9943631747992333
819 -0.07330858418753088 0.9973093058246373
1082 -0.16202522053557694 0.9867866172128591
1668 -0.15972260122297113 0.9871619374036702
591 -0.06767659896400988 0.9977073107643667
778 -0.12228097729353558 0.9924955227063434
482 0.06060039653983255 0.9981621070443493
330 -0.17745544105486985 0.9841288363014374
197 -0.019414266620358136 0.9998115253644527
1912 -0.03835499017765989 0.9992641766462318
702 0.0788127414040399 0.9968894380985185
189 -0.21412149599275032 0.9768070356799374
772 -0.1002432369283847 0.994962960843327
836 0.007969942709169623 0.9999682395022417
1456 0.032342529636656785 0.9994768435420112
1724 -0.1014263146255127 0.9948430543062994
736 0.09331881117425445 0.995636278708758
29 -0.14006574581662112 0.9901422053669027
326 -0.06769701630753464 0.9977059256028589
1606 -0.21164349044901498 0.9773469358168356
782 0.002236683498276942 0.9999974986203358
749 -0.06086517265960234 0.9981459967144669
710 -0.15832377095347774 0.9873872510575933
1973 -0.0037632263290888228 0.999992919038728
280 -0.051550283063634905 0.998670400240269
1190 -0.32956039149089933 0.9441344969655358
1762 0.006388195637539084 0.9999795952700717
849 -0.06804737314817813 0.997682091153105
514 -0.012055282224563162 0.9999273324449562
630 -0.05755435969932 0.9983423739777859
972 0.09997812815095371 0.9949896350673365
1369 0.004477604883585809 0.9999899754770077
1791 -0.14293501614739462 0.9897320754421087
1026 0.16546502306731445 0.9862156590428552
801 -0.08754171475404694 0.9961608545701448
1468 -0.1257835379419225 0.9920577108126386
923 0.017589689703863983 0.9998452894403822
1745 -0.41855630344932027 0.9081908504509615
370 -0.16662927867256755 0.9860196161786335
1014 -0.059039619153040124 0.9982556402897327
641 0.013181289048013077 0.9999131230357129
994 -0.11467791674111477 0.9934027256918103
524 0.10612743302358514 0.9943525370610892
1260 0.02763091766951868 0.9996181933061944
1436 0.0702703615720125 0.9975279827075221
619 -0.07231788113324915 0.9973816341142427
1488 -0.15753737022368092 0.9875130262345945
1344 -0.10998458075252517 0.9939332935346775
1979 -0.010778012215142437 0.9999419155394429
126 -0.00774410346299368 0.9999700139811966
704 -0.059034673991423446 0.9982559327480736
913 -0.004684048296580139 0.9999890297856048
66 -0.01412473031376152 0.9999002410208548
1638 -0.04649727685712154 0.9989184167112308
889 0.045738735971914975 0.998953436368128
541 -0.07743161812231929 0.9969976652505057
30 -0.05441248028296321 0.9985185436382522
847 -0.09691302768736616 0.9952928539201253
1269 -0.08257679167443932 0.996584704617102
984 -0.04188913892352759 0.9991222648105913
464 -0.06345682809505665 0.9979845845343075
427 -0.13208350829844426 0.991238592285215
1600 0.1802000077183081 0.9836299899953852
1273 -0.10883329513955092 0.9940600152249699
54 -0.0057068853238771014 0.9999837155973591
1686 0.006128203670342674 0.999981222383588
465 -0.2426358585455738 0.9701174362662762
1153 -0.20053533379225064 0.9796864702040294
382 -0.04393861482177111 0.9990342327105433
488 0.1670735855595036 0.985944428965594
1120 -0.12407892965819123 0.9922723513304589
1361 -0.27636271290731734 0.9610534069002137
473 -0.2882696361898631 0.9575492764609892
1569 -0.08108051294507283 0.996707555113617
1355 -0.02687881094606316 0.9996386994920343
980 -9.587760511694704e-16 1.0
1372 -0.008164268050577494 0.999966671808215
872 -0.05485037711283843 0.9984945849280203
105 0.0467650049853616 0.9989059186473566
1811 -0.03273139593988195 0.9994641843106868
223 0.16122406690603933 0.9869178285198201
1338 -0.025003109262710366 0.9996873733959016
141 0.01649790598426474 0.9998639002875013
558 -0.16697281610572742 0.9859614995940372
1873 -0.1322474344681488 0.9912167351677396
299 0.01819328392547789 0.9998344885129772
1255 -0.010388639699114808 0.999946036626578
1929 0.2915543984247756 0.9565542497731989
1398 -0.010855402985670625 0.9999410783771306
1639 0.10129416042544091 0.9948565188325927
215 -0.006113595960048233 0.9999813117975942
489 -0.060767289764076436 0.9981519606225941
116 0.14979765019844565 0.9887166752892479
329 -0.0226993314455548 0.9997423369808467
1965 0.057023927896404196 0.998372811953163
1823 -0.2630227544303937 0.9647896302572124
629 -0.12039989661911515 0.9927254730760697
100 0.03538134576465499 0.999373884175428
1400 -0.14609758793117364 0.9892701829129861
388 -0.09756651913567486 0.9952290059799042
1240 -0.041667891196638406 0.9991315162896349
323 0.0873514987417735 0.9961775522804989
43 -0.22878132474805432 0.9734778402442067
1570 0.05041104265341539 0.998728555103235
1789 -0.11116880345153952 0.9938015381046423
49 0.008524801396313815 0.999963663220396
1053 -0.06777631174554619 0.9977005420296065
941 0.07058840645588958 0.9975055272398334
706 -0.6605190288251372 0.7508093050568152
1681 0.036475884496970694 0.9993345335022521
992 0.07627659881993226 0.9970866965677875
833 -0.08918051158836089 0.9960154799765104
1158 -0.16279694803956793 0.9866595936334894
169 0.0819134150275038 0.9966394495696685
1563 -0.09372822124577382 0.9955978206796675
686 -0.12997751474468539 0.9915169416912627
1793 0.03248719015430754 0.9994721519261444
1853 -0.08385879910180943 0.996477647422762
676 -0.09140027928213124 0.9958142341557226
902 -0.18015946838773494 0.9836374158958415
1781 -0.08902917612302286 0.9960290185526001
181 0.093606198212823 0.9956093007079342
718 -0.04439484055232024 0.999014063030313
1673 -0.20050583996806512 0.9796925069319968
8 -0.31359078417763936 0.9495582236381576
1267 -0.02476125753134501 0.9996933930588251
1529 -0.1185797836882619 0.9929445276048633
209 0.12466929988368058 0.9921983499615956
1645 0.017902065637174263 0.999839745182158
191 -0.19129470857289055 0.9815326456476181
127 -0.19152291878245276 0.9814881413349068
977 -0.1970084436066543 0.9804017916893479
1896 -0.061595855861655405 0.9981011724973928
1690 -0.16499781689378218 0.9862939320609683
971 -0.12869162245973823 0.9916846607206748
437 -0.11911240309866766 0.9928807760391278
1968 0.03574422694577728 0.9993609709409553
321 0.11813570964055556 0.9929974592654919
1908 -0.045763324438073065 0.9989523102412726
432 0.07028155852227048 0.9975271938807888
1490 0.01426132036552918 0.9998983021994946
258 -0.16784880463526036 0.9858127503651564
1100 -0.030653724112316115 0.9995300641791852
708 0.17329130627341746 0.9848706124004578
1320 -0.2652474989007331 0.9641803588161841
1424 -0.02867965474744623 0.9995886540990584
1170 -0.10086042054198918 0.9949005857713086
1603 -0.10366927844076596 0.9946118241342051
1076 -0.10819151787568972 0.9941300696889489
727 -0.14396795992156125 0.9895823495374316
1539 -0.19104131712422148 0.9815819961426772
71 0.08144690380176638 0.9966776820322134
1844 -0.09089938731054549 0.9958600812295709
1093 -0.052842881219245456 0.9986028389226864
812 -0.05560159720286413 0.9984530346433378
519 -0.05335088397789837 0.9985758274556704
87 -0.10918460634957233 0.9940214895746916
576 0.1744821715846108 0.9846603332109598
449 -0.05331936622457398 0.9985775108550211
1838 -0.07159386112873252 0.997433867005066
763 -0.18822190968811559 0.9821265258169941
1636 -0.15382422809347562 0.9880982273293716
652 -0.13507801119578217 0.99083496652641
1364 -0.0401023655463258 0.9991955765902834
1685 -0.07446972493553256 0.9972232749329641
1943 0.06925579763916896 0.9975989346893683
521 -0.22371960376626246 0.9746535481342415
1467 0.05071134412894229 0.9987133520568531
139 -0.06192463363019628 0.9980808282648084
1862 0.06956811015844958 0.9975772040543939
1984 -0.037697714663985506 0.999289188528082
561 -0.3580059842418821 0.9337192914613048
1998 0.019311499523771133 0.9998135156048569
1223 0.11499699760641846 0.9933658392261682
1275 -0.0172492432008209 0.9998512207368649
1256 -0.0019102761475933326 0.9999981754208553
1508 -0.19977432189737018 0.9798419363909905
255 0.16050301273111964 0.9870353503822616
411 -0.19637223963426972 0.980529420007896
1883 0.01671672025769257 0.9998602658690994
51 -0.2767415236468524 0.9609443943796221
1910 -0.05248875456531284 0.9986215152119357
1308 -0.14069694508739852 0.9900527105377135
1680 -0.1191522728118099 0.9928759921983108
1901 0.024807907212455904 0.9996922365106865
434 -0.12483269346886555 0.9921778059608612
233 -0.1577365817742939 0.9874812255279396
610 -0.11939102912637921 0.9928473105992403
27 -0.13356206384833413 0.9910404507892567
58 -0.2503247544901105 0.9681619272050859
1097 -0.11787363114770695 0.9930286033544322
503 -0.06492692881787195 0.9978900209513467
1809 0.07007672952479684 0.9975416041344384
230 -0.020536962930615913 0.9997890943361939
1566 0.07309119692858572 0.9973252613523568
580 0.20463793036725064 0.9788377380623452
886 0.1474250180403444 0.9890732349304595
1554 -0.16678825320792723 0.9859927375958955
1125 0.06879930934776748 0.9976305202996097
1185 0.11690867535578507 0.993142669321259
1287 -0.14435652430827633 0.9895257419034807
1988 0.12455104556595624 0.9922132014080578
663 -0.15269429033089435 0.9882734711102715
781 -0.1982137070156942 0.9801588271046161
1568 -0.017794747847269348 0.9998416609388968
1907 -0.04048836470739706 0.9991800099698356
18 -0.030719085328910326 0.9995280575334317
1089 -0.05785748555530973 0.9983248526232416
1701 -0.06291218062171619 0.9980190667163732
182 -0.06315394894151583 0.9980037969532444
756 0.03883502154477169 0.9992456360183001
92 -0.08259289568290275 0.9965833701114589
1047 -0.004645257278721326 0.9999892107342032
145 -0.20253398386236857 0.9792752347429389
1393 -0.018710740575907096 0.9998249387703335
1131 -0.1860030004848177 0.9825491762810882
1065 -0.11627453136537512 0.9932171128991699
988 -0.35875657876942535 0.9334311528921975
436 -0.042284996252666886 0.9991055895609392
1418 -0.13066526163743133 0.9914265426148433
1819 -0.035708327722773346 0.9993622543058364
588 -0.14709705593069633 0.9891220633149994
369 0.16281377408402378 0.9866568172209204
1141 0.2756713170778618 0.9612519570542143
1841 0.029961242951366776 0.9995510611873758
705 -0.06587660713427783 0.9978277770399439
85 -0.0559117067040237 0.9984357170361261
1452 -0.016801049274559415 0.9998588524103159
91 0.004626219717680608 0.9999892989883061
13 -0.026822753713125275 0.999640205215479
582 -0.13214727094860088 0.9912300937627131
1057 -0.15803420079026184 0.9874336389755938
865 -0.26284159539533514 0.9648389999010379
668 -0.07738083716720495 0.9970016078418843
1950 0.037664990575947126 0.9992904224923373
472 -0.16043145383652405 0.9870469839981778
338 -0.14357445992299023 0.9896395174293625
1628 0.00815129963892558 0.9999667776052343
1206 -0.010914552711819913 0.9999404344955258
493 -0.029045505772027826 0.9995780902933232
1232 -0.09734049624106779 0.9952511380508654
441 0.07117261183977379 0.9974640140495821
1774 -0.22577035863627853 0.974180550596883
647 0.051517397512224894 0.9986720972138791
1214 -8.906243106870954e-16 1.0
466 0.016365433574148706 0.9998660773243235
1310 0.0687253171863693 0.9976356202429988
83 -0.09055153342503575 0.9958917711249425
1676 -0.11014910626960381 0.9939150740319856
1483 0.01895184901256328 0.9998203975809881
322 -7.173862920889777e-16 1.0
715 0.13026821488406692 0.9914787905905595
1154 -0.14498611018315688 0.989433690478527
1697 -0.0179156173392407 0.9998395024479448
1804 -0.1842722421268277 0.9828752417176616
1882 -0.00616269968935007 0.9999810103859665
1795 0.13797793844376458 0.9904353025325826
1902 0.0894059904799822 0.9959952654838744
571 -0.05674876796331746 0.9983884901853814
864 -0.08855627682645707 0.9960711750847104
1279 -0.1456300089992027 0.9893391230912139
1215 -0.26192133841115933 0.9650892251418554
699 -0.16224708910469585 0.9867501619341407
240 0.0019850507422233734 0.9999980297848347
57 -0.052062016983487204 0.9986438536273136
78 0.09493315866937106 0.9954836489792567
644 -0.07963212290611123 0.9968243200290943
956 -0.24436779309507653 0.9696826190552463
737 0.1463276003783469 0.9892361868469607
658 0.07026125462657186 0.9975286241999776
1707 -0.029218477145666187 0.9995730491531313
1527 -0.21915475145377752 0.9756901121335775
569 -0.09585288629431093 0.9953955114370618
53 0.03442898095861209 0.9994071468976753
501 -0.06021408687346204 0.9981854856398158
1669 0.015279201423641918 0.9998832661885364
1920 0.004092058719476385 0.9999916274926688
275 0.12186145952069914 0.992547119628829
587 -0.03567294499898759 0.9993635179428451
1055 0.16930380776871462 0.9855639099901204
612 -0.16983378518377065 0.9854727217991135
611 -0.038696058158644686 0.99925102706126
1522 -0.039913461955051514 0.9992031402846785
622 -0.017484017058697236 0.9998471428910978
118 -0.114466875525653 0.9934270654695264
838 -0.019369930709134828 0.9998123852925224
1924 0.016122288001998136 0.999870027468361
67 0.01805284920581918 0.9998370340388237
402 0.08153573342782401 0.9966704190324839
557 -0.024362035183572807 0.999703201576205
701 0.12918959530576046 0.9916199112889644
517 -0.056402820264557056 0.9984080938505077
390 -0.08272641355274672 0.9965722956718693
252 -0.23667087474419476 0.9715898810958344
1081 -0.05400699393454436 0.998540557316604
245 -0.031096447909934974 0.9995163885236622
1940 -0.14111096335436812 0.9899937858497911
243 0.009332126092859163 0.9999564547631997
1684 -0.2930495972781737 0.9560972406272807
1688 -0.04915655451269372 0.9987910858374941
1629 -0.10386929974583838 0.9945909554034308
1773 -0.031046196456087898 0.9995179506570204
753 -0.10855664360088388 0.9940902650816528
634 0.022867440787330225 0.9997385058863333
1123 -0.059734718299661274 0.9982142873299601
1655 -0.019935188547606467 0.9998012743828502
184 0.08710647368976068 0.9961990073480976
1330 0.13439566793476734 0.9909277493542946
929 0.23443007804623933 0.9721329839621913
1237 -0.15949506812321285 0.987198725305281
1449 -0.10971452956554142 0.9939631391566851
1156 -0.09951658433664279 0.995035903594422
733 -0.2732818833793359 0.9619339957692747
183 -0.12944414246892946 0.9915867153106094
895 0.061196080758052995 0.998125763468639
533 0.061795765758409185 0.9980888153537899
780 -0.02549810945913948 0.999674870352361
1682 -0.028269524754806628 0.9996003371198597
68 -0.09669413103032451 0.9953141438883959
158 -0.12226670519272076 0.9924972810044954
290 0.02769286417651154 0.9996164790927076
1385 0.06026740567292669 0.9981822678316096
1985 0.1511091486511267 0.9885170839160706
1740 -0.08108516432709903 0.9967071767204485
269 0.12949146635646328 0.9915805363866583
655 0.32876743991531726 0.9444109118659781
470 -0.08814734251987555 0.9961074470189869
1030 0.07175759208470454 0.9974221012080118
1013 -0.20305693503025007 0.9791669322113165
1567 0.03588913359381356 0.9993557775336496
349 0.012102054354091054 0.9999267674587028
494 -0.013739268160994732 0.9999056118006341
560 0.04875099626038923 0.9988109632776462
20 -0.10357911260598139 0.9946212180683446
241 -0.19307582222007877 0.9811838394888291
384 -0.2911493052428982 0.9566776270283411
495 -0.004486207199728414 0.9999899369218477
1073 -0.06287729012671545 0.9980212654980458
1306 0.0419166650329754 0.9991211103727683
918 -0.05945711736075349 0.9982308606705914
1598 0.047835510716606446 0.9988552267042915
1388 -0.10233812503171563 0.9947496711057474
1146 -0.25239492538979036 0.9676243081059313
1506 -0.15070126139933107 0.988579349274832
1348 -0.06176284733513997 0.9980908529232477
98 0.05506181106310032 0.9984829477574724
416 0.037559412293635276 0.9992943963358129
293 -0.046373918316529705 0.9989241511245847
1253 -0.11886437554990054 0.9929104996046382
1947 -0.13618570660728496 0.9906833264549648
430 -0.061880343139154186 0.9980835752245303
1276 -0.057258328035334316 0.9983593961447942
401 -0.010924505319951934 0.9999403258112527
883 -0.04894673562977031 0.998801390202872
1216 0.05976775746156754 0.9982123096656418
111 -0.004630957156899422 0.9999892770604147
1654 -0.05482724524263622 0.9984958553640089
1286 -0.004251500532003877 0.9999909623307733
1251 0.10993027770945062 0.9939393009850868
1457 0.0711510224654258 0.9974655542935427
1191 -0.08035006433672635 0.9967667064870717
1425 0.10781776736138399 0.9941706739997949
1048 0.13624031650701987 0.9906758178930517
926 0.1278674369871494 0.991791267635654
1496 0.04942056222096444 0.9987780574430756
1119 0.01068430783574331 0.9999429211540383
1246 -0.14565669955255042 0.98933519389308
59 -0.18006633015148535 0.9836544702006779
410 0.11092385652750471 0.9938289078372925
985 -0.2322377730868286 0.9726590444506599
250 0.006904002141735481 0.9999761670932097
735 -0.11134866500124874 0.9937814019201806
1305 -0.024978456728062714 0.9996879896745205
957 -0.045168864805378364 0.9989793659791946
120 -0.06295289305479998 0.9980164994908806
1808 -0.024484198655565486 0.9997002170731958
960 0.2218362738285383 0.9750839284973728
296 -0.23068543447077433 0.9730283810470431
1806 0.36681095900729793 0.9302955016295341
757 0.006579093115562142 0.9999783575326902
177 -0.03755941229363678 0.9992943963358129
1854 -0.028160016218467993 0.9996034281086553
1703 0.04840186836451072 0.9988279427102671
1800 -0.05545876212058582 0.9984609785585274
599 0.09076827939047381 0.9958720397001278
1266 -0.024181361458621303 0.9997075881266518
1719 -0.1508260484212774 0.988560318401271
681 -0.12890253045053987 0.991657268235073
46 -0.048778059304698564 0.9988096419891366
779 0.07294600011190114 0.9973358917975801
1062 -0.1565322230318743 0.9876728522910303
440 0.002228179016219143 0.9999975176060547
931 0.07218538485347667 0.997391232272249
214 0.025857606757007736 0.9996656361868201
513 -0.03728893690785924 0.9993045257499246
1964 -0.014543072298626928 0.9998942439318855
56 0.12999771971180066 0.9915142928217081
806 -0.018337048062781025 0.9998318621990115
528 -0.12360583106739836 0.9923313955157006
717 -0.02391964634047396 0.9997138843283846
881 0.034865836608497604 0.9993920018879426
485 -0.14508582943828668 0.9894190730404405
1395 -0.27504489086877154 0.9614313849708598
851 0.0062181046064740024 0.9999806674006767
642 0.07965695402397574 0.9968223360637652
563 0.1984507545440277 0.980110860066812
844 0.013304571385307488 0.9999114902731406
672 -0.07368040314705161 0.9972819050760362
1584 -0.19789386858821692 0.9802234524715217
48 0.06306378761425746 0.9980094982973579
426 0.06799862054015494 0.997685415150806
361 0.010320748092764216 0.9999467396610711
520 0.08212534624712664 0.9966220083380606
1184 0.023662545891440116 0.999720002761741
345 0.03793301399149197 0.9992802842293654
1695 -0.11039631833056483 0.9938876460139026
700 -0.02754730152780634 0.9996205010795528
84 -0.05519851570216027 0.9984753997291462
802 0.21426121581258215 0.9767763978508666
1500 -0.0023060713948950275 0.9999973410138258
1591 -0.15503539399605984 0.9879089161499083
204 -0.04912796380206225 0.9987924925492098
526 -0.10899152378653339 0.9940426790348035
583 0.006974955970472242 0.9999756746987448
63 -0.03477452836438977 0.9993951831868283
1077 -0.03231382879580425 0.9994777718731696
1455 -0.04624480723641258 0.998930136597984
1333 0.08345761210749689 0.9965113280747563
1167 -0.06420870973661656 0.9979364917638592
1111 -0.12894648447301407 0.991651553793998
487 -0.08704750105096255 0.9962041620876629
1736 0.0868229935578814 0.996223753877435
1618 -0.12384400079086588 0.9923016998212347
621 -0.07709132307973515 0.9970240357713628
1000 -0.044645761859057026 0.9990028808507132
455 0.0410593022845086 0.999156711280022
721 0.010156676436039493 0.9999484196316196
1015 -0.11756372146054579 0.9930653409501045
1952 0.05771630461423275 0.9983330246874924
129 0.16029763359561527 0.9870687254004383
1870 -0.14565375397280347 0.9893356275570137
1718 -0.27740593120268203 0.9607528034481986
946 -0.16047686064692981 0.9870396026487013
1211 -0.07663758383710452 0.9970590156774126
1268 -0.12288482539471933 0.9924209387592088
1299 -0.0341855078123649 0.9994155047104336
1775 -0.04034531482057477 0.9991857963222
1318 -0.1997001270139509 0.979857060632117
976 -0.045095309347550606 0.9989826890766669
372 0.0052024772585209786 0.9999864670236165
1955 -0.240164251930157 0.9707322659182748
499 -0.040425085593876205 0.9991825721332052
1316 -0.05069776996045376 0.9987140412155209
205 -0.07927741460061632 0.9968525926807043
542 -0.09674141062633003 0.995309549572407
1391 -0.17553755088869583 0.9844727361527075
1021 0.004827886545863316 0.9999883456878387
601 -0.12142499851785954 0.9926006093766706
1399 -0.1642300852832136 0.9864220593072057
130 -0.07127788762288832 0.9974564966633979
911 0.1344459781896729 0.990920924669886
1642 -0.024483902803910253 0.9997002243190147
1474 -0.12058290314231924 0.9927032605314492
945 -0.14073436183450178 0.9900473925015083
1218 -0.09994054661604287 0.9949934106023449
69 -0.04993115467516536 0.9987526619703222
1143 -0.2703815070527185 0.9627532605210438
997 -0.11787534939657342 0.9930283993948188
1798 -0.15571779298403352 0.9878015837951373
1413 -0.014689199924564444 0.9998921078824337
1041 0.06911625297377826 0.9976086124201539
1309 -0.11723142379743227 0.9931046235288742
1687 0.03416310104822843 0.9994162708935493
1419 0.09081914023788332 0.9958674027030163
1113 -0.0676771088364913 0.997707276178506
798 -0.2190508478388713 0.9757134446450307
221 0.03175134421665481 0.9994957989608738
1898 -0.16202785501035982 0.986786184642216
743 -0.12735960319920103 0.9918566083224641
7 0.09642707503946943 0.9953400520421815
1342 0.008081061627864957 0.9999673476883967
1607 0.053836880203581475 0.9985497435430771
1521 -0.10633663982837159 0.9943301861202902
1919 -0.05254561141370353 0.9986185251241637
267 -0.0840488119503596 0.9964616386041828
1948 0.13515581487438852 0.9908243566372599
1945 -0.04297331367187741 0.9990762204717208
373 0.012111474279242073 0.9999266534055301
1448 0.29523674681086987 0.955424127459912
1346 -0.29321603847006805 0.9560462095442456
1572 -0.09634097499891034 0.9953483895281388
1650 -0.03888840091595562 0.9992435600363906
1700 0.20934392706621158 0.9778420732411225
1149 -0.11785335290481752 0.9930310101950959
1528 -0.08069381014011405 0.9967389372373647
1516 -0.17593026846092588 0.9844026313654726
1990 0.15107394436594312 0.9885224647592565
665 -0.19536143189653554 0.9807313143401384
651 0.1584306709579987 0.9873701041148645
270 -0.055961237012957146 0.9984329421408228
225 -0.12930425410728189 0.9916049666423418
1858 -0.07046929035568762 0.997513949334427
289 0.09796398365363712 0.9951899607143905
657 0.04064789516030294 0.9991735327854901
1785 -0.020876263382870647 0.9997820670662027
1435 -0.07631779776469338 0.9970835440144158
963 -0.18252343621883405 0.9832015028623935
1656 -0.05979070694411069 0.9982109353053208
790 -0.14955066795890348 0.9887540633105109
1519 -0.09958503957660118 0.9950290547981635
1476 0.03599871269924857 0.999351836283897
356 -0.07134157551536535 0.9974519435055432
1574 0.02778918723590445 0.9996138059634669
242 0.0022281790162191444 0.9999975176060547
709 0.07146519281156045 0.9974430942246313
525 -0.07431702486160524 0.9972346663728249
1117 0.05858389251263696 0.9982824888467532
1071 -0.008723952441658599 0.9999619456028294
675 -0.015998592943194695 0.9998720143217519
320 -0.04894168113953278 0.9988016378877422
475 -0.19444763156487269 0.980912900607802
1867 -0.02576630840347763 0.9996679935614908
751 -0.085154940033852 0.9963677213698922
1301 0.04357584330574971 0.9990501218058045
1406 0.06514926539178781 0.9978755299229009
1589 0.09467050092862116 0.9955086620687557
1928 -0.06258347278316596 0.9980397331441263
300 -0.014354613161899624 0.9998969672326106
691 -0.08543719008597524 0.9963435584928589
216 -1.0277577680219255e-15 1.0
1632 -0.14108354141837676 0.9899976941088544
725 0.0332096363780357 0.9994484078988963
1877 -0.23192086813881857 0.9727346559682846
1608 -0.0645237044841736 0.9979161746157034
203 -0.15753737022368092 0.9875130262345945
949 -0.07842684467731403 0.9969198714209485
1725 -0.13712353501785968 0.9905539541812983
831 -0.13704167570948356 0.9905652826132847
1220 -0.1097813008011948 0.9939557666186144
151 0.013073216282747336 0.9999145418564652
1027 -0.03193164355997507 0.9994900550478523
878 -0.16184764737874055 0.9868157573924156
1894 -0.05854146200874356 0.998284977962645
1003 -0.16165575692113282 0.986847210187198
276 0.012655296899395749 0.9999199185236727
1807 0.16913654647243648 0.9855926281417577
1662 0.028720694851067253 0.9995874757555099
1666 0.11540466350719572 0.9933185610068861
719 -0.03428661548742114 0.999412041151405
173 -0.13426368154995422 0.990945641201702
1861 0.015714470672823406 0.9998765200820915
22 0.06668541292328468 0.9977740504258723
570 0.022025276968302462 0.9997574141632907
1515 -0.061562337002417505 0.9981032404830679
1094 -0.09286731407903638 0.9956784932776974
429 -0.15616762868502476 0.9877305663747055
1341 -0.014173754943772566 0.9998995472900234
172 0.03033306447309841 0.9995398467293192
424 -0.17574692345554008 0.9844353807619434
1321 -0.013254844634495685 0.9999121506881069
858 -0.26430351813316605 0.96443955243573
1847 -0.12193531510350133 0.9925380491097608
1829 -0.3958309452021658 0.9183233977310825
785 -0.14932840715281398 0.9887876550691778
1204 0.07774270793485419 0.9969734556962667
28 -0.08510100019694081 0.9963723298875177
793 -0.010054133646176648 0.9999494559209604
1135 0.2373200258373764 0.9714315237506691
552 -0.2863934619264705 0.958112094154839
1542 -0.21691865476221323 0.9761896830105059
194 0.10792293974535742 0.9941592624306831
1217 0.027985398913795076 0.9996083320219153
863 0.010501879591021146 0.999944853741973
703 -0.26629153573423453 0.9638925344644511
1836 0.08794499132242709 0.9961253327274125
606 0.01889116220826499 0.9998215460723082
1180 -0.2538531880945869 0.9672427610968273
1507 -0.019379828828699482 0.999812193481641
1693 -0.027715300032692954 0.9996158572892377
1820 -0.065544568975332 0.9978496427207046
637 -0.016374357990303914 0.9998659312129827
265 0.01601017610798203 0.9998718289165823
1060 0.11335654821143044 0.9935543734379058
1198 0.07401902930752609 0.9972568291570489
1596 0.13758861819841672 0.9904894608940825
1264 -0.1616144088326381 0.9868539825413265
324 0.035620782504459464 0.9993653785546956
1466 -0.026113770971483437 0.9996589773345953
1872 0.021474858890468705 0.9997693886270145
70 0.006399295361144682 0.9999795242998133
1951 -0.001968809893956963 0.9999980618919226
1064 0.027789187235904185 0.9996138059634669
305 -0.2343704376823795 0.9721473643129265
1176 -0.07350741725350403 0.997294670400238
1498 0.10202247307986852 0.9947820942229848
877 -0.07058195919032356 0.9975059834591747
354 0.07312849703514634 0.9973225270299376
1010 -0.1889598699193683 0.981984810249148
1034 -0.22409837080482345 0.9745665293876165
1704 -0.04368719048305496 0.9990452589285921
4 -0.13791007339630537 0.9904447544693373
10 -0.0022898395151503582 0.9999973783140608
232 -0.025724465847652606 0.9996690711714817
1095 0.00891227316139067 0.999960284904904
775 -0.07428455540443016 0.9972370855660986
1983 0.36071071536795296 0.9326777470373889
448 -0.11984133335793287 0.9927930573986669
31 -0.1871905142395988 0.9823236286370772
1178 -0.06983918594231969 0.9975582630137019
1384 -0.022321062628599293 0.9997508540447116
692 -0.043215025156037985 0.9990657944303584
1375 -0.018407127125019112 0.9998305744829988
987 -0.1079815802138788 0.994152894847927
1993 -0.045289185560847656 0.998973918413907
615 -0.12546777893373667 0.992097695012661
1495 -0.2700337740837082 0.9628508507832918
1429 -0.22080020131565992 0.9753190611789374
539 0.07205361506633558 0.9974007602543085
810 -0.11533903296705829 0.9933261838259494
1787 0.10272307373205358 0.994709992974354
1104 -0.1897218210142259 0.9818378840883285
955 -0.03021596596231226 0.999543393455714
1293 -0.052594264876243926 0.9986159638730636
906 0.048983106718655814 0.9987996071566051
1288 -0.10374933747642769 0.9946034762523214
1626 -0.046676184833275444 0.9989100729141787
646 -0.04582192052317882 0.998949624155076
1582 0.03337014899477284 0.9994430614877801
822 -0.10567564824091595 0.9944006523373072
1959 0.13663924874754882 0.9906208738471572
1889 0.027156227509777597 0.9996312016476062
1347 -0.014424574670136539 0.9998959604106749
1036 0.0220452219180199 0.9997569745646114
1536 -0.17624687983101095 0.9843459947344902
624 0.03313933682233801 0.9994507413349474
1195 -0.18204942624382361 0.9832893808052107
157 -0.11523082067332048 0.9933387428097994
395 -0.13200251107327549 0.9912493818764022
1900 -0.2082288016620126 0.9780801430140591
607 -0.004186918381669371 0.9999912348188186
362 0.017781468396470893 0.9998418971925839
1225 -0.04167413168645123 0.9991312560160353
714 0.04067485316510575 0.999172435728687
1738 -0.11296875732751675 0.9935985405926664
511 -0.019660584200386595 0.9998067120343309
89 -0.03169130743432414 0.9994977043660997
1181 0.029200388182136477 0.9995735777470374
159 0.08605252230323848 0.9962906018854393
498 0.08865119749630625 0.9960627315498111
1295 -0.16881890559154406 0.985647085479825
1107 -0.20691808658853597 0.9783582704932479
1 -0.1295180354080685 0.9915770663463501
311 0.004021887104409997 0.9999919121793535
859 0.03054929200501061 0.9995332614565623
952 -0.26095033159786674 0.9653522281732007
368 -0.07003893281691963 0.9975442586120513
282 0.10137594973437 0.9948481878233756
1396 -0.15315493901543578 0.9882021881453098
44 -0.03907526821042226 0.9992362700654353
1426 0.15296432084762018 0.9882317119722611
975 0.04287893130295367 0.9990802756787449
55 -0.038053006393298866 0.9992757220629507
1732 0.09750884368279125 0.9952346584618348
1860 0.010528541909019399 0.9999445733665793
1796 -0.033031180447159414 0.9994543216767173
1960 -0.1252900085692498 0.9921201609445891
804 0.1946564711115113 0.9808714789687859
24 -0.05818978199533059 0.9983055390366898
1160 0.11646337497730935 0.9931949870437802
26 0.025194482415196947 0.9996825686465831
161 0.054650275383035005 0.9985055570203696
162 -0.06761627676866454 0.9977114007146272
1282 0.28056276905634037 0.9598356800095726
575 0.05409570271717681 0.9985357554677423
371 -0.2434068805742041 0.9699242704918436
1175 0.1323077005183557 0.9912086926493053
433 -0.0951553486158941 0.9954624350671339
251 -0.19205591204041428 0.981383985323953
1016 0.024978456728061125 0.9996879896745205
220 -0.05180947088220522 0.9986569875221953
1726 -0.00860737897401418 0.9999629558274634
1753 -6.253532438919475e-16 1.0
1283 -0.24056441926439323 0.9706331748832745
821 -0.10744620953651339 0.9942108991839887
795 -0.17622851366561004 0.9843492830145253
431 0.29813997653200464 0.9545221602422312
196 -0.17936873746757748 0.9837819148669522
1786 -0.0836041554491298 0.9964990442502378
125 -0.006152784288590014 0.9999810714436038
1469 -0.0979244968248577 0.9951938469070226
638 -0.040255435692515114 0.9991894214297937
1770 -0.08470538505206826 0.9964060405995042
239 -0.177938302454657 0.9840416457241814
454 -0.057207352534737334 0.9983623184074839
1188 -0.03758369315905142 0.9992934834214252
1291 -0.08155172206579529 0.9966691109029633
458 0.10211409875708614 0.9947726930485316
500 -0.24057558114251895 0.9706304084243083
1179 -0.33367513397972826 0.9426881270937968
1921 -0.1645630581402632 0.9863665646682902
1091 -0.036615019578317705 0.9993294453488697
1970 -0.05179021797740884 0.9986579861603535
1556 -0.038243517752958665 0.9992684490915736
457 -0.12235979020251601 0.9924858093401618
1080 -0.09554224723876918 0.9954253759034707
428 0.008256813833575304 0.9999659119316605
1817 0.0526606192144801 0.9986124669680163
1586 -0.012455694789856097 0.999922424824697
1705 0.17113938910585472 0.9852468266868332
973 -0.028605879612089873 0.9995907680904315
595 0.10246002251779003 0.9947371229554339
586 -0.30641822833847726 0.9518969846269651
147 -0.2081419381066073 0.9780986318369048
1577 -0.04120535936191897 0.9991506985234285
1471 0.1664282761026005 0.9860535629029067
1024 -0.126673398696198 0.991944479324702
1923 -0.2665869220312483 0.9638108803089459
1744 -0.033055152628854466 0.999453529127134
1778 0.00392308546063894 0.9999923046706252
302 -0.3439827498489 0.9389759676404872
1709 -0.1792473402834392 0.9838040409559786
899 -0.023478099924426957 0.9997243514208998
456 -0.05482724524263622 0.9984958553640089
515 -0.1330970765667121 0.991103005852265
852 -0.02781348815768399 0.9996131301040931
1037 -0.13830886262946832 0.9903891449920799
180 -0.02690462207210397 0.9996380051354377
1621 0.06542355497822817 0.9978575842543919
90 0.18749865750304937 0.9822648591060122
1297 -0.06961485538929901 0.9975739430784701
1272 -0.08949743761169442 0.9959870524564769
1280 -0.2046656963408244 0.978831932836953
939 -0.15763478908776637 0.9874974801331169
442 -0.25040206009208965 0.9681419360308888
1548 0.059688573094723134 0.998217047661437
1440 -0.04297331367187739 0.9990762204717208
154 -4.964094295001421e-16 1.0
1880 -0.012045992708722664 0.999927444397673
1553 -0.07988406900758813 0.9968041610661499
1713 -0.02396107335811282 0.9997128922663383
1751 -0.2301858660525276 0.9731466832238848
452 -0.0689902710792569 0.9976173326964656
1148 -0.35368558173831177 0.9353643724615727
1931 0.1296411819281898 0.9915609733890608
1368 0.05345672263922418 0.9985701671914062
1706 0.03874232068856551 0.9992492344693912
1363 -0.09757114724765467 0.9952285522555995
910 -0.15283000349215958 0.9882524930566007
1233 -0.34915350860282207 0.9370655406268757
178 -0.07350741725350403 0.997294670400238
979 -0.3336087457185695 0.9427116233398646
841 -0.05549173141130636 0.9984591467581312
1987 -0.06353153710740736 0.9979798313557093
722 0.030740444527802623 0.999527400860143
36 -0.09400288559063931 0.9955719248254408
1377 0.011552886389108815 0.9999332631811386
490 -0.050898241700755076 0.998703844486328
783 0.17047716522089795 0.9853616270883734
1322 -0.10286701933648884 0.9946951172760559
1623 -0.06010787279332872 0.9981918871781422
1558 -0.12256232358781054 0.9924608187917329
1905 -0.14689922664975869 0.9891514632298245
124 -0.09446235836722794 0.9955284339744904
1454 -0.07001254076080622 0.9975461112831909
1981 0.0018931905081854435 0.999998207913244
1590 -0.08908697510053852 0.9960238505514997
527 0.01706190616218159 0.9998544350844842
1916 0.18377927771496516 0.9829675361285161
842 0.024271193917242362 0.9997054111816299
1234 0.451421559383735 0.892310806683163
1941 -0.032712957886591926 0.999464787967195
366 0.024048463865356327 0.9997107938727662
99 -0.05565799734224202 0.9984498922489055
104 -0.15182834790225708 0.9884068761260574
854 0.08483187352570236 0.9963952796125236
1326 -0.031046196456087884 0.9995179506570204
1387 -0.06847161473201242 0.9976530649358979
1366 -0.18229226769054555 0.983244389325583
876 -0.012933169694555557 0.9999163630632574
1402 -0.15235772811482914 0.9883254133551802
1583 -0.0038917350647568304 0.9999924271704189
1487 -0.10579628663387375 0.9943878246109429
1470 -0.030488629034480647 0.9995351136901585
818 -0.03388384275590024 0.9994257777344415
1969 -0.14309168174405143 0.9897094374692297
504 -0.04196830452218487 0.999118942576675
936 0.01532110828403391 0.9998826249320212
142 -0.07003466938627524 0.9975445579441328
598 0.13090665485135966 0.991394698248698
868 0.09836934819726612 0.9951499742929428
764 -0.10013826223478707 0.9949735315256366
661 -0.21473678011169833 0.9766719588824387
1663 0.1137831922944229 0.9935056039858509
1954 0.05634798921325576 0.9984111898970398
259 -0.14762427572550682 0.9890435143190209
1224 -0.11625343808848117 0.9932195820323962
1265 0.06327337349866578 0.9979962325610746
152 0.04538705912541963 0.9989694764425717
1450 -0.011838089814745972 0.9999299273596817
843 -0.13661570225184833 0.9906241213993501
334 -0.004350295284910054 0.9999905374206968
144 0.05404323075908485 0.9985385967548376
185 -0.013935580599967117 0.9999028950819883
750 -0.21181820557156827 0.9773090850843662
759 -0.24806505935923912 0.9687433748548153
518 -0.025414350412449403 0.9996770032331008
1843 -0.05517395039248333 0.9984767574651339
1982 -0.1385422623854509 0.9903565224368045
399 -0.08496763275803443 0.9963837119220165
742 -0.1421009637165405 0.9898521688165512
412 0.04367988464276666 0.9990455783784815
890 -0.07470491823958997 0.9972056834930376
403 -0.0602152693088693 0.9981854143104179
867 -0.10518527067064287 0.9944526428311926
1465 -0.17385811978464494 0.9847707114780314
122 -0.08127454160565055 0.9966917521916149
1138 0.06380659816098938 0.9979622828700101
509 -0.17287141117526528 0.9849444020848447
741 -0.03659094533080049 0.9993303271290221
1936 0.2679942003107298 0.963420525315821
640 0.03795837003464867 0.9992793213833221
1128 0.018932159869263204 0.9998207705997535
974 -0.0022324191080267007 0.9999975081493585
609 -0.02402393301265077 0.9997113836716094
1127 -0.044823394091795386 0.9989949265847606
907 0.042245848727413104 0.9991072456274654
138 -0.04647211726056934 0.998919587513089
171 -0.02632912043227045 0.999653328618108
1051 -0.10904684617949978 0.9940366116689588
799 -0.0391635928043117 0.9992328122107771
1397 -0.2060315884261083 0.9785453410908534
1915 -0.0786477015870015 0.9969024721782378
419 0.049411422038530786 0.998778509666748
837 -0.07329176226408497 0.9973105422004848
45 -0.03576870691954825 0.9993600950634879
1517 -0.01359981167901526 0.9999075182847138
1480 -0.04445717118170524 0.9990112911927074
1792 -0.06315394894151549 0.9980037969532441
1378 0.06588486839730429 0.9978272315968681
958 -0.09516545087676098 0.9954614693494785
16 -0.12272460634995055 0.9924407644772809
21 -0.04361508551985327 0.9990484093952083
1300 -0.17508515547561798 0.9845532937998221
967 -0.04274289323900471 0.9990861049366861
1323 0.033151145491362374 0.9994503497185894
9 -0.04583764068265179 0.9989489029458154
65 0.048485095013476774 0.9988239061824331
724 0.009858033780314404 0.9999514084044214
337 -0.14646757872881225 0.9892154711595039
1329 -0.18468537861118936 0.9827976958292289
1934 0.40218724403661615 0.9155574371574027
1478 -0.0546417371767247 0.9985060242974549
166 0.04528305188156434 0.9989741964697043
1541 -0.08762624818537357 0.9961534222342235
1380 0.37554524452396515 0.9268040619869095
1472 -0.14918621523658762 0.9888091186793246
835 0.09567672218534358 0.9954124596527154
1578 -0.03965342777077724 0.9992134935368057
374 0.09548275841755492 0.9954310839254392
551 -0.18789679285749333 0.9821887777987836
12 0.0739176660453866 0.9972643474256977
1252 -0.008451757415226467 0.9999642832604544
1715 -0.11953552925949941 0.992829923624712
121 -0.11072125069635523 0.9938515002978237
167 0.05785823465293577 0.9983248092093304
1735 -0.05818278198935309 0.9983059470322609
959 -0.009077394309255466 0.9999587996075409
1096 0.04985533625370657 0.9987564495146101
405 -0.04582192052317847 0.998949624155076
170 0.0049219606503742765 0.9999878870783167
1532 0.05049629793004087 0.9987242481763224
244 -0.12123015082569848 0.99262442571739
17 0.03204625253147235 0.9994863869501621
556 -0.03664752932745039 0.9993282536755347
1134 0.11218975681884807 0.9936868009916041
677 0.10406412201076046 0.9945705900086377
213 0.04773740074173884 0.9988599203944578
1271 -0.030587414405809102 0.9995320955727072
1254 0.08328909370708658 0.9965254271063293
218 -0.06278466018205099 0.998027097049887
1481 -0.16134293662299087 0.9868984024720425
1164 -0.13246156405364135 0.991188142608891
413 -0.058298222064789705 0.9982992123126634
1005 -0.14307983403002314 0.9897111503332378
217 -0.05292616780978177 0.9985984281787004
153 -0.2860175512896678 0.9582243789187698
935 -0.044164757439278876 0.9990242610669321
1475 0.023146923085417284 0.9997320740836906
791 0.2813080241536498 0.9596175256563261
179 0.04908119366715345 0.9987947919508828
1560 -0.06007303309958063 0.9981939845011172
969 0.01957033115400028 0.999808482729829
544 -0.039163592804311455 0.9992328122107771
1445 -0.12480557543945929 0.9921812174896406
659 -0.22889643582202818 0.9734507803006643
1459 0.0042924699337532094 0.9999907873084971
379 -0.04103834317841617 0.9991575723524145
834 0.09332246905472678 0.995635935856842
1790 0.04124380386294563 0.9991491123165325
827 -0.1867092644099717 0.9824152129234803
1562 -0.06407090288378775 0.9979453489062696
1733 -0.10964191940507438 0.9939711512459359
1423 -0.049654725626706746 0.9987664432803779
1551 -0.08011640273143804 0.9967855145483275
1827 -0.17459070396273096 0.98464109506449
565 -0.08924800470622253 0.9960094345215602
483 -0.11420292296304008 0.9934574436716944
392 -0.08598349378576041 0.9962965616704668
1166 -0.09266994713807422 0.9956968820366099
1079 -0.011015321399967496 0.9999393295067733
746 -0.24987466913358555 0.9682781881904503
1918 -0.07231788113324915 0.9973816341142427
1689 -0.09841672323481156 0.9951452901901925
1359 -0.08138484161500047 0.9966827517095405
1525 0.045867577685868716 0.9989475288108133
101 0.10755331550966715 0.994199318206806
228 -0.06918760481162019 0.9976036664630054
1281 -0.03074044452780423 0.9995274008601429
1304 0.12711126710984877 0.9918884643818219
771 -0.10338700384327516 0.9946412053782563
477 -0.36185448762133177 0.9322345894614207
278 -0.056948789266992 0.9983771007996045
674 -0.13876994721441244 0.9903246446242309
769 -0.05250381695430742 0.9986207234006456
1339 0.005991222939125246 0.9999820524627899
1999 0.16053948829897524 0.987029418354237
76 -0.053320960941516025 0.998577425703322
1708 -0.13897484213229183 0.9902959119648553
1221 -0.2511172043274647 0.9679566879208793
435 0.1046308586552712 0.9945111278497896
805 0.021351740703523747 0.9997720255983008
784 0.029087224011981293 0.9995768771831793
1677 -0.083688052613547 0.9964920018995396
688 -0.21570725445613437 0.9764580791692986
1433 -0.09024207307239343 0.9959198603540331
497 -0.13832851425230394 0.990386400423971
666 0.002205282723925144 0.9999975683610974
360 -0.03421833819856635 0.9994143811907694
1434 -0.15556255519531786 0.9878260430972164
206 0.10600498350691452 0.9943655984956935
1290 0.11516461773244949 0.9933464203501913
1235 -0.03644035136969018 0.9993358298350227
1974 0.06537064253878533 0.9978610519977549
1150 -0.11138868080067309 0.9937769175169474
633 0.05145154440404042 0.998675492128669
909 -0.23997234820808072 0.9707797237764599
1728 -0.06403266434377572 0.9979478031926506
1411 0.02733924515325074 0.9996262129788568
600 -0.12507984890120769 0.9921466783691064
1758 0.16867470463889353 0.9856717729624715
808 -9.123019290187642e-16 1.0
1741 -0.10402442321344657 0.9945747429806922
578 -0.13689014468742416 0.9905862346547403
1885 -0.020520429289402918 0.9997894338218316
897 -0.16852852570069138 0.985696776917299
1499 -0.1304697371498193 0.9914522921896227
1124 -0.08042283346395486 0.996760837843075
1794 -0.0025139399072882395 0.9999968400480787
344 -0.058527100005705254 0.9982858200760554
1201 -0.20453416040083763 0.9788594266947244
1564 -0.08362233099238599 0.996497519193801
187 0.0021312983712277384 0.9999977287810472
964 -7.469641942458648e-16 1.0
1891 0.05011028231252177 0.9987436906466841
1112 0.05418608682904994 0.9985308548032729
649 -0.0023569197136861105 0.9999972224608743
292 -0.12500786953409257 0.9921557501494144
23 -0.09800056540293439 0.9951863590206134
425 -0.1318053773462807 0.9912756137939662
149 -0.19704527819956433 0.9803943891818517
254 -0.013392956581271298 0.9999103103348881
1874 0.029661623102336995 0.9995599972562602
1122 -0.18080914776507911 0.9835182011963306
1826 0.14557607916314103 0.9893470600226631
1137 -0.0681844604906294 0.9976727315846623
1711 -0.01964267829830281 0.9998070639824811
1604 -0.03875894170363625 0.9992485899104456
966 -0.15000174596332985 0.9886857317711998
1903 -0.12450158690373574 0.9922194086281783
1092 0.0041799228366169415 0.9999912640843819
1976 0.10943629331967926 0.9939938117032969
1404 -0.1248004565686945 0.9921818613743378
314 0.41977280253542004 0.9076292162835875
590 -0.15575507485196027 0.9877957059320821
951 -0.008243400117081892 0.999966022600023
1035 -0.07979735418308914 0.9968111066121698
137 -0.12442570028866287 0.9922289277720518
1561 -0.199569411470189 0.9798836920805665
219 -0.006360697066498892 0.999979770561799
809 0.005003704822752652 0.9999874813906656
1257 0.008723952441656793 0.9999619456028294
443 -0.08593258745972028 0.996300953734602
567 -0.10505499595015594 0.9944664136238653
1023 -0.13341909187002596 0.9910597085567435
1441 -0.14955066795890348 0.9887540633105109
1410 0.11273601136380929 0.9936249754015744
1352 -0.09346678791558986 0.995622398079082
748 -0.12379663123194193 0.9923076106206293
1007 -0.2856347216887181 0.9583385653128066
1961 -0.2760392062244936 0.9611463762752016
210 0.023564452910069308 0.9997223197263574
685 0.016578950506598376 0.9998625597551395
1083 -0.04239071446911525 0.9991011096614786
1248 0.13320415477506825 0.9910886202306329
825 0.09825063232366886 0.995161702060524
1594 -0.17159771009686878 0.9851671055661121
1593 0.47467063417255345 0.8801635013190594
1845 -0.1640661371584557 0.9864493411411976
1737 -0.09823001620168001 0.9951637372397658
253 0.013026029791570375 0.9999151576748244
1588 -0.10771292937790927 0.994182038081975
1231 0.177739785811611 0.984077521610794
765 -0.11777005486358294 0.993040892500117
830 -0.19226413063671619 0.9813432142071945
407 0.03146034072484977 0.9995050009687175
1173 -0.07205361506633691 0.9974007602543085
1510 -0.09957667583480245 0.9950298918272208
1331 -0.0019183194142858087 0.9999981600236195
1779 -0.0663930306426697 0.9977935485269894
1692 -0.13779973401317602 0.9904601119206659
614 -0.07278743689091235 0.9973474765751661
680 -0.06842793988743526 0.9976560614975291
1088 -0.045956314626453026 0.9989434504244745
1084 0.047870021233746736 0.9988535733865503
359 -0.07791588444606556 0.9969599364823982
1857 -0.22301051595910215 0.9748160389384527
1617 -0.19574841330459883 0.980654148356459
1210 -0.05608321987093006 0.9984260976401352
115 -0.07308877939642885 0.9973254385236245
516 -0.06296887639769591 0.9980154911649476
506 -0.025381882804802972 0.9996778281152799
1788 0.025367113355191283 0.9996782030033589
983 -0.06751450294962232 0.9977182928519781
176 0.027408837110707917 0.9996243072515988
351 -0.029847687609409833 0.9995544585185797
346 -0.11795537196943738 0.9930188972137195
944 0.16008023165115404 0.9871040063916836
1698 0.020919500867821718 0.9997811632969693
347 -0.07428891533733574 0.9972367607835172
1717 -0.0787943529684682 0.9968908916929076
879 -0.19212196211281418 0.9813710570797992
860 0.020048298011141517 0.9997990126754759
1099 -0.13642693251347685 0.990650136064677
776 -0.09362864189027012 0.9956071903204514
479 0.14019460536020287 0.9901239683130072
1183 0.010826186488279361 0.9999413951257948
505 -0.14118548599630365 0.9899831607375893
1019 0.02585997206758169 0.9996655750022924
853 -0.10035579121564393 0.9949516144865951
1382 0.14249801992034705 0.9897950870350795
545 -0.05201524188085564 0.9986462910420666
616 0.02806005730034682 0.9996062390683149
766 0.02917227071783299 0.9995743987423675
39 0.023478099924425642 0.9997243514208998
627 -0.10423375639267132 0.9945528261627299
1439 -0.12146069956446386 0.9925962414100263
1637 0.011636289174510208 0.9999322960952142
1008 -0.15874307156031225 0.9873199264836083
446 -0.13064618763244615 0.9914290562905181
813 -0.06415253668181325 0.9979401044337725
1917 0.33274522222550995 0.9430167639475431
94 -0.06123158630612595 0.9981235859543824
248 -0.04962209416125242 0.9987680650536699
350 -0.04693714308759263 0.9988978449264844
1657 -0.08063332362013914 0.9967438322467663
1109 -0.004159144732992289 0.99999135072014
694 0.12216898837306775 0.9925093139512099
938 -0.007880764249137865 0.9999689462952583
738 -0.18643378494297247 0.9824675281310001
1078 0.00668435988113369 0.9999776594169388
284 -0.022274485287578083 0.9997518928740137
1205 -0.1617351977253735 0.9868341936803438
1187 -0.06536106033367078 0.9978616796891532
1712 -0.2756344703847953 0.9612625233180025
1622 0.026801821094755193 0.9996407666687093
667 -0.21955183504717515 0.9756008362683061
1458 -0.2339013563333082 0.9722603331955072
1409 -0.1176205953969725 0.9930586062959537
86 -0.13506627980950128 0.9908365657657279
1451 -0.03293852774474877 0.9994573794764879
1345 -0.1270287946193372 0.9918990298097676
1063 -0.07100356956224323 0.9974760614217365
1431 -0.135860153948687 0.9907280245198674
1447 0.10775200409908656 0.9941778038221485
1162 -0.11712678784424489 0.9931169697318083
1835 -7.268119814672763e-16 1.0
549 0.09387301040462555 0.9955841792222159
1956 -0.025675970484767604 0.9996703179246973
1660 0.0521531756260499 0.998639097107718
1239 -0.03153999367674005 0.9995024906416548
1871 -0.09430467961844607 0.9955433829834149
491 -0.042610835926567225 0.9990917458680355
1978 0.28870889484564505 0.9574169280083814
1581 0.04411941063130388 0.9990262647225778
1540 0.1210580800171169 0.9926454257500859
562 -0.069757540359545 0.9975639756742354
301 -0.09882366566290077 0.9951049608483254
1997 -0.08581723532186232 0.9963108963178673
687 -0.039568559963440386 0.9992168578754161
698 0.02890731040622378 0.9995820963808216
1545 0.02549810945913821 0.999674870352361
712 -0.28121170984430927 0.9596457545607338
861 0.013333182458351574 0.9999111091719766
1133 0.05672731276522739 0.9983897094754312
463 -0.235247593925575 0.9719354760230886
1530 0.12111650634610648 0.9926382986216649
862 -0.16079991027235696 0.9869870256778465
1289 -0.10882877789004444 0.9940605097794397
1547 -0.029449242627940228 0.9995662769964985
333 -0.0765253625135159 0.9970676350640285
605 -0.02720163709433266 0.9996299670074863
1414 -0.10060411451992808 0.9949265360526179
408 -0.07343572071012919 0.9972999523331904
1349 -0.06665414155151789 0.9977761399302101
1437 -0.05638820214322338 0.9984089195610458
894 -0.027247080731604315 0.9996287293748641
1731 0.09125902255477758 0.9958271892262968
683 -0.012404718786146957 0.9999230585159223
568 -0.45442057962732413 0.8907872567628966
1159 -0.03748259982023901 0.9992972804479736
1783 -0.1845391766905483 0.9828251585436621
871 -0.1217385736805835 0.9925621994002275
1720 0.10102441188505165 0.9948839471030174
796 -0.08581723532186232 0.9963108963178673
1140 0.008236717728159156 0.9999660776651709
1004 -0.04491349029168812 0.9989908800333557
1933 0.06007367535739197 0.9981939458487288
1879 -0.12638183239356862 0.9919816694076781
915 0.09783726928940706 0.9952024260109056
1833 0.04361508551985194 0.9990484093952084
93 -0.027156227509779664 0.9996312016476062
803 -0.08186171939390417 0.9966436970642386
1721 0.16006983578122522 0.987105692250314
1648 0.04242716445407269 0.9990995624643157
1665 0.0039058917563601666 0.9999923719757005
492 0.13517177633866373 0.9908221792438088
1022 -0.15305560936151585 0.9882175774812828
1512 -0.1451684224809319 0.9894069582908732
1379 -0.24481510071695192 0.9695697842140857
800 -0.13579200140426773 0.9907373680015423
1250 -0.10485455049133154 0.9944875681682808
643 0.06541291494224856 0.997858281800957
1292 -0.24416040585892676 0.969734858716961
1805 -0.07439730343723484 0.9972286805147894
80 0.04252727888227663 0.9990953060398537
1537 -0.10568528837275398 0.9943996278265433
1818 0.006028090718036122 0.9999818308960894
1799 -0.12927026656196802 0.9916093979904576
870 -0.045009919495620304 0.9989865400229364
391 0.014118552910301419 0.999900328264632
1667 -0.02381140592058173 0.999716468278924
1259 -0.18780395847480816 0.9822065328540595
1108 0.06918206057501891 0.9976040509613994
1130 -0.07457471843857512 0.9972154287664263
1599 -0.03682676989224956 0.9993216644400857
1714 0.34898112901009604 0.9371297517392343
1172 -0.0024032894980018753 0.9999971120956245
1958 -0.403301268035491 0.9150672582935994
459 -0.161336729133358 0.9868994172825057
72 -0.053785606750955346 0.9985525066346944
726 -0.18300704424373854 0.9831116018831079
1243 -0.03251635594246063 0.9994712034852347
1174 -0.07235915967836436 0.9973786402418297
1261 0.05859415636678777 0.9982818864627688
989 0.03673631476686695 0.999324993771971
1285 0.030052914870315722 0.999548309141583
1760 -0.164855235896213 0.9863177739438765
1044 -0.07214786082082987 0.9973939473342408
150 -0.08654606454593267 0.9962478500411488
1892 -0.10849191681809571 0.9940973312433423
566 -0.03653200809109029 0.9993324834032128
1208 0.03489390156773969 0.9993910223898257
1696 0.06406982059912567 0.9979454183914046
828 0.035911387980409125 0.9993549780800217
81 0.002135008185841105 0.999997720867426
1832 -0.0825959005844398 0.9965831210725201
6 0.08483489131152766 0.996395022677332
174 -0.11421453392862263 0.9934561088641347
934 0.3919553190993536 0.9199842541205386
1194 -0.05915785297335109 0.998248640585893
695 -0.17493110603208173 0.984580676299506
291 -0.09309283044761038 0.9956574335178
1555 -0.14794848081237877 0.9889950692623847
50 -0.13952993385148618 0.9902178535854622
564 -0.13795565543457947 0.990438406531984
1825 0.18207984543644054 0.9832837484092992
61 -0.09451052786127959 0.9955238621566951
1888 -0.1093205471149163 0.9940065482573519
1748 -0.1293068550067727 0.9916046274842899
264 -0.16495296095103298 0.9863014349951473
1834 -0.16606694629415225 0.9861144808532808
148 0.0022032360689240196 0.9999975728724667
1824 -0.20797192846624352 0.9781347948877147
1890 0.14878692857754802 0.9888692784612432
1616 0.05106121003324415 0.9986955255882249
1213 0.03859391244095465 0.9992549774319365
707 0.07126629707415562 0.9974573248522156
404 -0.20425028784734126 0.9789186993383456
1262 -0.050967209744827234 0.9987003271907078
236 -0.23509704076404297 0.9719719036186129
398 -0.19011281180669254 0.9817622516612426
962 -0.19815045611022084 0.9801716159649346
1199 0.364124137384103 0.9313504241553137
164 -0.011494399125404058 0.9999339372122269
1193 -0.05399091130726482 0.9985414270305519
1389 0.03271295788659064 0.999464787967195
208 -0.08259289568290254 0.9965833701114589
1868 0.016326310014927126 0.9998667169184584
1702 -0.07611129691803646 0.9970993282925501
1479 -0.1288143416250718 0.9916687276463342
414 -0.022625797062024118 0.9997440038866491
632 0.06020947471336477 0.998185763850968
486 -0.33612362617958974 0.9418178740732644
201 -0.06614951703800552 0.9978097220390463
1620 -0.03676559717328319 0.9993239168880588
1367 -0.14063295722461464 0.9900618017791918
1482 -0.20554557753678188 0.9786475440908595
1501 -0.16433044110980333 0.9864053457502436
1040 -0.1772718163669344 0.9841619293195444
325 -0.06216816438700841 0.9980656888886372
64 -0.22197706399262196 0.975051887368675
1627 -0.0952081870913809 0.9954573828701924
740 -0.014377980136638076 0.9998966315010719
1151 0.06748440714133278 0.9977203289463349
875 0.019714597177630338 0.999805648442798
1730 -0.1182962280728426 0.9929783494234595
396 0.12747023179255845 0.9918423967580491
887 -0.07688924635830717 0.9970396400316548
787 -0.051500842698398996 0.9986729510712478
155 -0.15158382473267348 0.9884444061652705
1822 0.023641647116735227 0.9997204971998962
716 0.06285536919252983 0.9980226463180436
928 0.42929380442674436 0.9031648960631786
1734 -0.02307614363762714 0.9997337103423168
246 -0.10683839458935444 0.9942763989161009
88 -0.0088702971329973 0.9999606581404952
1484 -9.242130335707934e-16 1.0
1056 -0.14604282419687328 0.989278268992401
102 0.0241593242235687 0.9997081209298345
654 -0.033470295499811745 0.9994397126986476
1746 0.05465027538303456 0.9985055570203696
207 0.19743286245015618 0.9803164105658629
618 0.1358545043967985 0.9907287992357445
1325 0.08100574355811171 0.9967136346567139
1670 -0.05747850604986301 0.9983467440435092
554 0.019660584200385054 0.9998067120343309
1337 -0.16222281533293945 0.9867541528594928
845 0.11550768739263542 0.9933065861823354
1245 -0.02390150372674571 0.9997143182527699
112 0.002181092554189171 0.9999976214148062
1432 0.043756348997130295 0.9990422323017387
636 -0.11811808238951914 0.9929995561996101
1412 0.027201637094331148 0.9996299670074863
222 -0.01609731945314362 0.999870429758988
530 -0.06703146146667499 0.9977508622765714
1085 -0.051283590878211625 0.9986841308975707
940 -0.051158700386793446 0.9986905363398285
307 0.08984343201201633 0.9959559014957953
857 -0.06967073510686501 0.9975700419868616
266 -0.004635709180067388 0.999989255042472
1846 -0.10376234398215993 0.994602119428331
747 -0.16589567831228236 0.9861433080020915
1926 -0.15364252363465905 0.9881264974339942
1651 0.17355123991201146 0.9848248408346549
919 -0.03812770731155446 0.9992728746119172
25 0.004166036300620769 0.9999913220331175
1284 -0.21347463454586468 0.9769486068394333
42 -0.05015784603682725 0.9987413030815065
1324 0.1300846998116894 0.9915028849554108
1446 -0.13865596398269578 0.990340609917633
1192 -0.1440647864780515 0.989568258028234
932 -0.40447015833732164 0.9145511964972666
32 -0.13964882110962915 0.9902010941029559
550 -0.173002914675129 0.9849213123462758
903 0.08170638202622105 0.9966564438843433
47 -0.10777286360172444 0.9941755427846151
1332 0.12091234973883438 0.9926631874309805
1061 0.0409351281437326 0.9991618063576371
418 0.04976600918480801 0.9987609044860625
229 -0.030082349917796992 0.9995474236990575
1314 0.00628028427324336 0.9999802788202612
1647 0.3394394238087605 0.9406279166409939
113 -0.06325173307358097 0.9979976043373995
128 -0.05085795700109513 0.9987058967532308
40 0.06449884244614977 0.9979177818453316
1565 -0.03886811892997231 0.9992443491613278
1771 0.06909304398878617 0.9976102201122258
1408 0.013820691421813833 0.9999044896832012
697 -0.06360282957837932 0.9979752903101478
1631 -0.14630196225103492 0.9892399788936438
1643 -0.14055505176314964 0.99007286470434
1381 -0.12682631469698208 0.991924939650366
882 -0.017768218632793945 0.9998421327422732
1524 0.09332246905472678 0.995635935856842
378 0.008929231225974199 0.9999601336201924
95 -0.0176222816649748 0.9998447155378279
1070 0.022356275789748067 0.9997500672332125
1755 -0.17927048363274978 0.9837998239977886
1763 -0.15082234340246597 0.988560883674136
1953 -0.10848697756121284 0.9940978702822137
1068 0.06101403493399019 0.9981369082150373
480 -0.02716689169157295 0.9996309118848908
422 0.041743236169693304 0.9991283712487005
1856 0.4458687638887291 0.8950983439758653
168 0.2692217886067874 0.9630782047888751
1549 -0.1305560935133643 0.9914409243351465
15 0.08146028238568606 0.9966765886653727
758 -0.06181817936217479 0.9980874273831657
160 -0.1207658022467089 0.992681026819647
1116 -0.10844557200799076 0.9941023880425294
156 -0.21325716763911332 0.9769961005298553
794 -0.07450121855358448 0.9972209225813662
927 -0.07329176226408497 0.9973105422004848
1899 0.02227448528757677 0.9997518928740139
1327 -0.014053154213066127 0.9999012495525064
1203 0.05525726831365072 0.9984721499864248
1422 -0.06492692881787158 0.9978900209513465
312 -0.04066612213425734 0.9991727911180136
1544 -0.06869110561873361 0.9976379764267577
1294 0.139702559119261 0.9901935139029792
1747 -0.09839044147208105 0.9951478890229979
285 -0.08612131400165662 0.996284657753309
1147 0.15768011683059097 0.9874902433727085
1595 0.08992744062655421 0.995948319654367
900 -0.1457946990835097 0.9893148668240808
604 -0.11614620198896389 0.9932321278349482
1683 0.07556553449874373 0.9971408375931251
789 0.0020609393680818943 0.9999978762622054
656 0.07142707061861751 0.9974458248861654
1416 -0.06997868208440472 0.9975484870690395
1925 -0.002256180268401213 0.9999974548220593
279 0.016568654508178265 0.9998627304224259
1559 -0.049460672071618014 0.9987760719591874
690 -0.0019805816007286542 0.9999980386463381
898 0.014738896848245144 0.9998913765603225
924 -0.023334665834535064 0.9997277096141681
271 0.3409490523561934 0.9400817750054586
1977 0.036647529327448546 0.9993282536755347
1878 -0.16884870084695572 0.9856419817673633
1652 -0.12703812932511122 0.9918978343043079
1103 -0.04804106058988751 0.9988453616538442
1258 0.050813325498552706 0.9987081685616566
1526 -0.09799788297793799 0.9951866231676562
1353 -0.14634381912188618 0.9892337876380995
1226 -0.04889838106826918 0.9988037586677888
723 -0.11296875732751714 0.9935985405926664
133 0.03175539626897242 0.9994956702296417
200 -0.1942178609354184 0.9809584203694214
839 -0.19105802891656695 0.981578743446758
471 -0.3047504134608537 0.9524322471942237
1932 0.008510041092049135 0.9999637889446855
381 -0.02859995395339596 0.9995909376509292
327 -0.20492791758660664 0.97877706787277
193 -0.08720601578960181 0.9961902984922628
548 -0.1402994892389147 0.9901091118252067
355 -0.1993739509252912 0.979923480529189
1573 0.1914507546549455 0.9815022203449424
365 -0.04487955189269149 0.9989924052874032
77 -0.004193949168193512 0.9999912053565144
1535 -0.0895753035392434 0.995980052509011
807 0.20537167276376025 0.9786840532195337
1963 -0.2319404271897445 0.972729992461957
1142 -0.0791794122465629 0.996860381736725
1757 -0.20031007618031535 0.9797325519654005
540 -0.08134131539124954 0.9966863049176612
1991 -0.06586237324388405 0.9978287166596697
788 -0.19568594104581682 0.9806666163773565
474 0.05304330583160652 0.9985922129209975
119 -0.07740023210969056 0.9970001023417029
1609 -0.10839802738224957 0.9941075734846995
536 -0.10624935139234008 0.9943395171311995
1249 -0.1512061320810815 0.9885022537258468
1672 -0.05007183926650478 0.998745618720037
1477 0.02716689169157152 0.9996309118848908
352 -0.12053366993791156 0.9927092396121328
1815 -0.04510657604146067 0.9989821804205599
1986 -0.017924001348078256 0.9998393521839767
832 0.047531656291269465 0.9988697320723102
1742 0.047214913604326045 0.998884754079937
1980 -0.3749211645203631 0.9270566975081377
625 0.01270943865440094 0.9999192318227959
303 -7.557180008901382e-16 1.0
1360 0.10829189760542217 0.9941191402005177
1831 0.010573433982074366 0.9999440996844907
132 -0.0395071005547317 0.9992192897486308
1132 -0.013205617285280568 0.9999128020343148
38 -0.19907989800056983 0.979983262210168
423 -0.06474449633680275 0.9979018740307555
212 -0.23459088272503476 0.9720941918056547
257 -0.3031994793115331 0.9529271093558075
1335 0.048428524301714675 0.9988266506426219
908 0.0498430252976074 0.9987570639696032
1438 0.032531523563332346 0.9994707099133261
1927 -0.11883803821672662 0.9929136521736418
238 -0.07277612025637895 0.9973483024101605
648 -0.24108691166487933 0.9705035296297951
914 -0.009707756812241747 0.9999528786186248
1403 -0.030911830558424183 0.9995221151788124
1401 0.44434272827418975 0.8958568746344752
620 -0.15409442586309907 0.9880561258946385
535 -0.01300262735429353 0.9999154622676286
1189 -0.1928474426328708 0.9812287520603755
891 0.07538053668410881 0.9971548398765439
508 0.2385285587298842 0.9711354831691839
1241 -0.12101142887573993 0.9926511139778424
14 -0.06938669518570846 0.9975898388271632
1177 0.05983530179231446 0.998208263169276
444 -0.0980374212669012 0.9951827289655585
1115 -0.03268685270115239 0.999465642061043
1659 0.04923995223857349 0.9987869778403916
1202 -0.12239861462219166 0.9924810220546125
1392 -0.12408258698548974 0.9922718939922608
281 -0.09011068511306336 0.995931756913321
1106 -0.17041032664844954 0.9853731884781364
462 -0.08169712540596048 0.996657202703318
593 -0.0700767295247986 0.9975416041344382
1675 -0.09862240992496059 0.9951249269617324
523 -0.13750622686481748 0.9905009023587013
1028 -0.04629214792986556 0.9989279438678444
1087 0.015841965917824587 0.9998745081838313
993 -0.058436498725345586 0.9982911276860686
117 -0.0730971131619457 0.9973248277504123
1155 -0.04625602891546616 0.9989296170346394
673 0.050578618576303996 0.9987200825771517
1634 -0.1334795453042303 0.9910515682775423
1443 -0.138540663859986 0.9903567460552961
131 -0.1869114079908919 0.9823767737293378
1161 -0.26297753565050563 0.9648019567471798
1625 -1.1900144196087486e-15 1.0
1585 0.056667212012123186 0.9983931225137586
283 -0.06852478170427741 0.9976494145201414
123 -0.03595169947756191 0.9993535286897599
1042 0.034167181462200026 0.9994161314041959
1002 -0.04252727888227825 0.9990953060398536
286 0.05430713054658946 0.9985242789095294
73 -0.1888148074529966 0.9820127129963684
589 0.039470771255650336 0.9992207254738485
848 0.10812058675538808 0.9941377865867842
512 0.07135223369090811 0.9974511811348552
1343 0.10314437211672348 0.9946663955822811
400 -0.07096896103349357 0.9974785243652249
696 -0.25673486379302274 0.9664818724182973
1571 -0.046724864905421645 0.9989077970461389
1538 0.04002648263557349 0.9991986192383495
450 0.0874504400254012 0.9961688714968782
1196 -0.03873373065389488 0.9992495674803323
348 0.012374431981226808 0.9999234337853785
922 0.06472100425410104 0.9979033979340589
1503 -0.023892520662720407 0.9997145329824817
268 0.09291278540806094 0.9956742511020937
1486 0.3915728281004067 0.9201471188312493
912 -0.08792542816698717 0.9961270597075715
199 -0.13014744093359337 0.9914946513312297
728 -0.11062477480795387 0.9938622435723622
109 -0.1967936275699004 0.9804449337662362
1182 -0.10977075300231376 0.9939569315545342
1046 -0.015565273877453042 0.9998788537863574
1315 0.02968859862480197 0.9995591964019417
2 -0.09154488125344092 0.9958009513533783
921 -0.2738792562220366 0.9617640838642625
469 -0.23685016124343172 0.9715461909343066
744 -0.1220849788355987 0.9925196511619867
1302 0.05967888678157454 0.9982176268091603
1020 -0.15837326259886172 0.9873793139892045
315 -0.015946535518326383 0.9998728459184012
905 -0.03644728853333718 0.9993355768502227
1842 -0.08342250813207709 0.9965142674026065
1460 -0.13339145344073447 0.9910634289231786
34 -0.025132108597756456 0.9996841386745269
1152 -0.07221089740160318 0.9973893854941787
1772 0.017165101769417077 0.9998526687873796
1911 -0.054686817968139706 0.9985035562983837
1942 -0.17018076983811883 0.9854128604688013
1575 -0.0512071603689867 0.9986880527606931
1373 0.24547848082497947 0.969402040152516
1546 0.008684569934365505 0.9999622884114456
1543 -0.02294336468882886 0.9997367663624037
1576 -0.13415715696800723 0.9909600684357879
1118 -0.09882167418935767 0.9951051586191343
990 0.054419005801603734 0.9985181880204109
916 -0.06164823310258884 0.9980979387591825
272 -0.05141842302069954 0.998677197984446
602 0.17022670755608893 0.98540492592366
1358 0.2524159536182111 0.9676188228631195
1006 0.06007367535739177 0.9981939458487288
249 -0.19591554227248015 0.980620772927068
767 -0.09642707503947102 0.9953400520421813
1072 -0.14224389359943174 0.9898316395901242
1848 -0.13449869566583858 0.9909137706501955
1497 0.08679552143337901 0.9962261477491483
1059 0.037594506311180484 0.9992930766773173
478 -0.08300008203748606 0.9965495403550044
1557 -0.21258783268465978 0.9771419617406873
202 -0.1931229472574844 0.9811745651221209
273 0.36436342870252547 0.9312568345113713
1374 -0.08647021948574606 0.9962544359460022
1630 -0.056978066624200324 0.998375430348608
1307 0.02494461549303207 0.9996888346670202
1494 0.030556460064001638 0.9995330423494548
1032 -0.21389086070504165 0.9768575636738738
1473 -0.08874216258556068 0.9960546313228196
954 -0.01074941452503156 0.9999422233746152
1511 -0.1550798777523955 0.9879019341596118
1864 -0.16057954006942438 0.9870229031340115
1679 -0.13841634138462247 0.9903741295276728
820 -0.1851868062406815 0.9827033361062616
107 0.02791133340057449 0.9996104028409277
1886 -0.0059460756335128545 0.9999823219360233
1768 0.4076609307987422 0.9131333777166964
397 0.01604228348739069 0.999871314290249
1394 -0.14831605973091383 0.9889400115405869
339 -0.1316358308773407 0.9912981428557365
1939 0.09411930628912785 0.9955609254001752
730 -0.08594347262135468 0.9963000148116945
846 -0.11766675203625752 0.9930531382888017
343 -0.09330577209199345 0.9956375007472935
1415 -0.18852745051251263 0.9820679204633721
978 0.4595892102715257 0.8881316106309893
869 -0.11015074085018632 0.9939148928807513
774 -0.11067797574640173 0.9938563204430906
277 0.07406198760536314 0.9972536397486564
1236 -0.23158547749999447 0.9728145592100785
559 0.23630246149218212 0.9716795493848452
1671 -0.0144716251743513 0.999895280549325
387 -0.07706628094045054 0.9970259717489849
298 0.16165575692113135 0.9868472101871981
