500 2
211 4.9810133 -4.6678376
209 4.0496836 -3.942191
219 4.9639034 -4.6494384
202 5.0333037 -4.723733
232 5.0279293 -4.726666
300 -0.08085675 -0.813967
50 -5.2118063 -4.364071
380 -0.26127398 -1.0009385
303 -0.07872402 -0.8172697
399 -0.26765743 -1.0035905
13 -0.74455804 -0.9311805
246 -0.07908643 -0.81032026
265 3.2137256 -3.2209897
258 3.9701009 -3.8754349
268 -0.087335855 -0.81084037
281 -0.06966449 -0.81588995
483 -0.24577525 -1.0021398
270 -0.085101984 -0.82556576
239 5.0221605 -4.731914
245 4.9305263 -4.646938
224 4.2701135 -4.135097
454 -0.88691664 -1.2093976
4 -5.7354274 -4.938235
96 -4.9245105 -4.1414742
225 3.1970475 -3.1909862
15 -5.824678 -5.0113473
302 4.9954276 -4.706905
126 -4.8712664 -4.1093974
135 -5.1457977 -4.3227897
238 -0.8997611 -1.2154013
231 -0.8812977 -1.1980898
288 -0.24871692 -1.0209742
277 4.020223 -3.8958783
272 4.9879785 -4.704366
213 1.6407652 -1.8732585
315 4.952944 -4.664466
309 -0.7165754 -1.0854298
274 -0.71891475 -1.0836991
220 -0.7043731 -1.0796221
11 -4.6301923 -3.9580934
58 -5.1666017 -4.33119
248 3.2178097 -3.2234645
42 -5.7638655 -4.9545236
206 -0.15468025 -0.8146749
62 -5.009596 -4.21113
243 5.073088 -4.7691545
19 -3.2965739 -2.9567237
74 -0.020227851 -0.68315816
299 -0.14131282 -0.8090902
84 -3.3203597 -2.9890347
264 1.6719877 -1.8861903
327 4.881118 -4.6332955
218 3.9795785 -3.8912985
318 -0.71303165 -1.0784838
223 -0.2565103 -1.0102003
129 0.4576273 -0.9365815
452 1.5680157 -1.8078922
204 1.5823436 -1.8215308
321 1.6581365 -1.8931807
360 -0.88594645 -1.2159499
64 0.37761328 -0.8932151
25 -3.2443013 -2.9091225
73 -4.7953696 -4.0426774
39 -5.135373 -4.316119
87 -4.6533093 -3.9660897
32 -5.9589915 -5.1320887
293 1.8589522 -2.029221
37 -3.2359078 -2.904825
24 0.24175201 -0.82842976
45 -5.1634393 -4.345515
54 -4.995956 -4.189985
296 4.9365473 -4.651729
52 -4.973412 -4.1762123
336 -0.0776576 -0.82640654
137 0.37302577 -0.8911541
118 -5.146692 -4.32795
29 -5.74659 -4.9456134
144 -5.7582808 -4.963337
311 -0.14125688 -0.8161769
350 4.924392 -4.648525
203 4.852406 -4.6090584
226 -0.25107592 -1.0176209
208 1.8252797 -2.0053616
261 3.2322056 -3.229426
146 -5.839234 -5.0380297
132 -4.820085 -4.046953
418 1.5737265 -1.8184758
244 4.8968234 -4.637664
334 -0.25731537 -1.0347197
168 0.4095118 -0.9067492
352 1.5906996 -1.8419405
49 -3.244854 -2.9089744
67 -5.165822 -4.328076
356 -0.25968227 -1.0047331
80 0.3163656 -0.87057716
212 -0.24949741 -1.0212208
235 -0.29105735 -1.0010587
76 -4.6701665 -3.9725344
79 -3.2681246 -2.9519625
252 -0.885083 -1.2257603
249 -0.14899698 -0.8112288
81 -3.2480643 -2.9059043
458 -0.88285387 -1.2179743
41 -5.752819 -4.964927
48 -5.7108607 -4.92699
409 5.1256514 -4.809281
147 0.3252485 -0.8872926
17 -5.2181945 -4.4071984
316 -0.28332147 -1.0008515
292 -0.71296126 -1.0767765
484 -0.250943 -1.0114584
289 -0.365213 -0.9138138
44 -5.8372517 -5.025689
291 4.315383 -4.1525908
313 -0.9081167 -1.2311995
3 -4.0613694 -3.524784
405 -0.55683064 -0.96623224
88 0.30993664 -0.8703436
16 -4.7848315 -4.022085
71 -3.2484043 -2.9262018
353 -0.12911917 -0.8232084
127 -5.2122297 -4.3823314
28 0.2212805 -0.8263194
106 -4.0159936 -3.495415
392 -0.101835474 -0.8365298
256 -0.09907553 -0.84197855
149 -4.069637 -3.556211
55 -5.1932974 -4.343708
387 5.0529723 -4.7257643
370 5.0365353 -4.7999697
320 -0.39397165 -0.9070522
389 1.8071897 -1.9921553
102 -3.343038 -3.0221877
200 -0.24417117 -1.0092483
282 4.851026 -4.5911655
287 5.012617 -4.7703385
448 5.0198936 -4.701846
60 0.20598632 -0.81769425
317 -0.88600904 -1.21169
65 0.27309874 -0.8557077
410 1.5065862 -1.7807641
66 -4.7710066 -4.0844502
172 0.282345 -0.86317587
94 -4.732618 -4.0157433
122 -4.0078306 -3.4940257
260 -0.116138875 -0.8384918
92 -5.193257 -4.35895
40 -0.8346258 -1.0246673
63 -1.4262638 -1.4726503
349 4.971148 -4.7208114
341 -0.10969404 -0.83254015
298 -0.3686832 -0.9101357
263 -0.5707517 -0.9864576
253 1.8700444 -2.0528066
90 -5.253604 -4.4102173
420 2.692818 -2.7851074
322 4.8190703 -4.563584
368 -0.11963254 -0.83341163
250 1.8969494 -2.0666485
1 -0.40744436 -0.77961683
324 4.9273252 -4.6848946
428 -0.55444735 -0.97786397
36 -2.1064675 -1.9987555
141 -5.8003554 -4.9951725
355 4.892765 -4.6531434
396 2.6298976 -2.7185884
251 5.0907273 -4.764632
97 -4.7416053 -4.026182
6 0.22742906 -0.82700336
369 4.832055 -4.593934
61 -4.1040707 -3.5541735
38 -0.3501362 -0.7590325
33 -2.1095498 -2.0238476
390 2.6689563 -2.7688377
2 0.2888281 -0.8540812
228 -0.3650758 -0.9208313
43 -5.1279902 -4.337688
9 0.038243268 -0.7055359
35 -5.9013114 -5.064143
273 1.8306988 -2.0111248
354 4.9478765 -4.711124
47 -0.85278577 -1.0408746
100 -0.40674368 -0.7659684
310 -0.56631684 -0.97445035
290 1.4878699 -1.7666614
328 5.02754 -4.7064676
165 -1.4445555 -1.4998409
26 -5.885717 -5.069037
46 -0.8514507 -1.0428768
271 5.0651503 -4.741373
134 0.22814776 -0.8240582
83 -4.746765 -4.0609565
305 1.854123 -2.0293858
5 -2.1285095 -2.0266573
69 -4.789219 -4.053534
391 5.063198 -4.735176
403 2.6784084 -2.765958
173 0.4540241 -0.9391465
125 -0.39894155 -0.7795494
240 4.952023 -4.6373153
283 4.8800125 -4.633751
7 0.435363 -0.9320247
326 2.6680348 -2.7581124
136 -0.4108487 -0.79297745
86 -0.42932975 -0.81877244
57 -0.37725648 -0.7336721
382 4.687282 -4.480465
333 4.7316194 -4.536088
319 5.045167 -4.722402
133 -1.4372866 -1.4766103
247 4.827651 -4.5857263
110 -1.4798694 -1.5358543
346 -0.2529307 -1.0042301
301 -0.39356342 -0.90578216
297 4.69935 -4.470051
471 1.5086412 -1.7768071
159 -1.4315563 -1.4876786
276 -0.8969151 -1.2161157
351 4.9027367 -4.659721
115 -5.3964534 -4.6170797
342 -0.3916837 -0.906617
280 4.7595305 -4.557165
348 1.6874746 -1.9121414
214 3.8857853 -3.7943468
307 -0.39671806 -0.9121012
464 4.701104 -4.4985127
31 -1.3986865 -1.4647462
123 -1.3990208 -1.4693556
262 -0.3926289 -0.90397924
421 4.1920114 -4.064668
78 0.18975037 -0.806642
257 5.047414 -4.729916
285 2.6390467 -2.7290778
432 5.031472 -4.7053056
230 -0.38438168 -0.90878433
222 -0.56842846 -0.9732835
444 4.1165957 -3.9913542
455 1.6925663 -1.9375184
375 4.167955 -4.0461464
308 2.6426141 -2.744818
217 1.484527 -1.7422827
164 -4.126988 -3.5915887
166 -5.295899 -4.4429965
416 4.196968 -4.062835
75 0.22432642 -0.8135093
183 0.48734042 -0.9625515
431 -0.56669307 -0.98637146
109 -1.4349499 -1.4723061
447 -0.29860678 -0.98979336
424 1.4932572 -1.7637414
205 1.4465446 -1.719486
408 2.6565359 -2.7600577
167 -5.0945997 -4.28822
215 -0.53767246 -0.961312
18 -5.354956 -4.579216
236 2.6276755 -2.7114027
442 4.938821 -4.6323695
429 -0.29338768 -0.98422474
439 -0.23289654 -1.006522
77 -4.9625945 -4.160439
358 -0.13002351 -0.8248935
34 -4.0634236 -3.5176694
241 -0.27444747 -0.9658788
395 2.6303725 -2.7274685
242 -0.2463481 -1.011534
119 0.47690287 -0.9577398
234 4.637847 -4.434988
488 2.5816247 -2.6637847
269 4.6598387 -4.4588027
103 -1.4495184 -1.4941065
373 1.7192532 -1.9499023
427 5.079895 -4.784919
14 -1.430878 -1.4760325
99 -0.3687629 -0.7711502
376 -0.2464981 -1.0196828
121 -3.1044908 -2.826402
157 -5.2088733 -4.3668885
131 -5.02153 -4.2407613
12 0.40003622 -0.9133889
254 -0.19720317 -0.8953176
357 2.659365 -2.7435422
221 -0.6961225 -1.0703481
59 -1.4361433 -1.4924647
82 -1.4228399 -1.4727311
93 -4.9719424 -4.174995
21 -2.1443415 -2.0447962
68 -3.219269 -2.916993
286 -0.18223086 -0.89232254
196 -3.1163952 -2.831892
377 4.1838374 -4.05601
267 1.4681112 -1.7601658
470 5.024809 -4.700991
465 -0.8723211 -1.2166454
70 -5.027831 -4.2313404
468 -0.8702362 -1.2223876
489 -0.8629407 -1.2070988
51 -5.824343 -5.0190434
498 1.4428796 -1.7243807
156 -4.9474545 -4.1566887
108 -4.9656196 -4.175188
275 -0.23724152 -1.016565
124 -0.87256217 -1.0352275
259 4.8332515 -4.524816
91 -5.0156107 -4.2160068
113 -5.074391 -4.2809944
438 1.4560246 -1.7302252
402 1.9621813 -2.1203363
112 -5.0024257 -4.2040744
158 -1.4238977 -1.4819613
338 5.045496 -4.765443
434 4.1429315 -4.0062428
437 -0.108802505 -0.8402339
398 -0.056069855 -0.8149135
105 -5.1213217 -4.3262644
210 -0.28587052 -0.9602795
191 0.4794336 -0.97170174
104 -5.873798 -5.0720825
295 4.8420258 -4.511867
145 -5.2486773 -4.3931007
404 1.9646722 -2.1156142
445 3.5739536 -3.5421338
449 -0.23633483 -1.0147091
20 -0.8299034 -1.0059136
229 2.7006342 -2.7779977
181 0.16596618 -0.7924628
443 2.6593916 -2.728833
101 0.47190964 -0.95791036
163 0.36637217 -0.88343006
441 4.9467945 -4.6556597
491 1.9391754 -2.0979748
331 4.1223884 -4.0091963
335 -0.29109067 -0.9660743
379 3.6571476 -3.6018555
139 0.35290766 -0.8821943
150 -4.7510014 -4.009982
366 4.6970053 -4.479801
195 -5.2351284 -4.3953314
337 -0.92114055 -1.2403927
456 -0.95281327 -1.2464263
170 -0.048051912 -0.689786
479 4.9719243 -4.6656914
8 0.48852366 -0.9583871
413 -0.9339949 -1.2590892
314 4.815378 -4.603976
340 4.9859743 -4.6860595
457 4.870193 -4.6116233
198 0.48003504 -0.95972466
179 -5.1252766 -4.3329396
323 3.6046073 -3.5520647
480 4.1472673 -4.025911
143 -3.1589866 -2.8641539
98 -5.0807686 -4.274204
400 -0.9431358 -1.2473154
364 -0.29584137 -0.98868334
138 -5.189235 -4.3412676
107 -4.653903 -3.9950955
435 5.0044527 -4.6866446
111 -3.1907477 -2.899641
425 4.7160273 -4.5090027
451 5.0296836 -4.7420497
117 -5.730254 -4.937942
474 3.6601934 -3.6152143
478 1.8905616 -2.0673823
266 -0.9578658 -1.254106
459 -0.6355217 -1.0308359
161 -4.7840905 -4.0270457
496 -0.8862742 -1.2221824
180 -4.5517745 -3.9013143
386 -0.044575028 -0.8070472
450 -0.13361196 -0.8481859
175 0.1590983 -0.79156977
160 -0.048813306 -0.66947937
330 4.888452 -4.6206517
436 4.1371984 -4.0116224
184 -0.09091199 -0.66181195
120 0.21026567 -0.8188462
128 -3.0718038 -2.8054411
294 -0.9411478 -1.2244784
193 -4.564039 -3.9039264
473 -0.17890899 -0.8700642
494 2.6846247 -2.772625
345 -0.6682735 -1.055918
367 3.6505363 -3.6303587
186 -3.8612812 -3.3792257
188 -4.8940997 -4.105113
85 -5.0511575 -4.2470183
411 -0.06522636 -0.81560874
182 0.19947329 -0.79991305
461 -0.121549375 -0.8525096
207 -0.9291189 -1.2409759
422 4.799991 -4.5470457
476 -0.6707578 -1.0612592
347 -0.29395336 -0.9964493
72 0.4748611 -0.9558181
372 -0.9504909 -1.258892
388 4.7498503 -4.5020413
419 3.586491 -3.546458
30 0.46559775 -0.9417183
176 0.48400524 -0.969662
463 -0.6576119 -1.0506175
423 -0.3033863 -0.99703044
493 4.9590974 -4.713089
155 -0.3574954 -0.756761
284 3.6456301 -3.598168
304 1.9820299 -2.1322935
189 0.32491678 -0.8696572
446 -0.35799176 -0.90059996
140 0.4960195 -0.97842306
481 4.891032 -4.6528244
385 2.3127348 -2.4285223
490 -0.049226105 -0.81372774
197 -5.3827744 -4.6034393
415 -0.08392508 -0.80080813
312 4.069351 -3.9496017
279 4.0241513 -3.9039617
171 -5.0428295 -4.2361407
116 -4.942153 -4.1477604
466 -0.31659272 -0.88695735
462 1.9969704 -2.1595275
255 1.9405538 -2.0895658
169 -4.8957095 -4.1490693
482 3.6290188 -3.5981905
153 -4.713975 -3.9860544
10 -5.7348986 -4.956094
95 -5.7478137 -4.9613905
365 -0.1943603 -0.88956845
412 -0.30122486 -0.9589023
485 4.710185 -4.460577
344 -0.6419301 -1.0472041
185 -3.9327714 -3.4443207
378 -0.09833442 -0.7945903
190 -5.7349086 -4.9389434
487 1.8785814 -2.0500724
194 -0.32741964 -0.7661911
393 -0.046363313 -0.8084328
477 4.480206 -4.291868
142 -4.6621194 -3.995858
325 -0.64090014 -1.0421646
472 4.0297527 -3.9117486
394 3.6727774 -3.629319
371 -0.058930818 -0.82097137
406 1.9441662 -2.0972242
414 -0.083196595 -0.8038631
440 -0.10442958 -0.8020657
374 4.6188755 -4.3810434
201 2.340339 -2.4801931
492 -0.29654247 -0.8939139
469 4.240598 -4.0710893
426 2.3003652 -2.4223702
343 4.3361077 -4.1549244
397 4.64728 -4.4134007
306 -0.24520504 -1.0320746
178 -0.70752835 -0.95097387
383 3.619194 -3.5764384
359 -0.08692795 -0.794943
475 -0.47326836 -0.9522025
467 -0.95263416 -1.2767353
430 -0.1963448 -0.8779446
339 1.4227124 -1.7235576
401 -0.09285054 -0.80522656
460 -0.3430901 -0.92029226
332 4.3904414 -4.22182
199 -4.7901616 -4.04718
151 -0.6114905 -0.9107095
152 -0.66092145 -0.9082357
363 -0.9470812 -1.2529674
361 -0.2407237 -1.0361586
216 1.4082767 -1.6878984
233 2.3280063 -2.4424624
177 -0.34316003 -0.7862628
453 -0.2685978 -0.95036787
187 -4.7868114 -4.0482492
486 -0.47788206 -0.9470984
53 0.48855683 -0.96366537
417 4.2370167 -4.08024
362 2.3722882 -2.4923997
162 -0.665294 -0.91846687
174 -0.3633702 -0.79290867
237 1.4064758 -1.6748517
148 -0.338157 -0.77069527
27 0.49733302 -0.9667883
407 -0.27652338 -0.9491469
0 -5.772634 -4.982207
192 -0.6417317 -0.90701604
23 -5.739711 -4.9677515
89 -1.6795785 -1.6926751
329 1.4151148 -1.7002993
384 1.3821596 -1.6675146
154 -5.4283075 -4.677243
278 -0.27453825 -0.9486398
495 1.4238942 -1.7031991
381 4.262459 -4.092458
114 -1.6564039 -1.6565877
56 -5.49128 -4.7360764
22 -5.5784254 -4.812298
227 -0.23982768 -1.0123808
497 4.703462 -4.406106
499 4.81936 -4.497028
130 0.47883797 -0.959895
433 -0.47990748 -0.94629836
