500 2
43 1.7913604 -0.2980291
150 -0.31951767 -5.198287
149 -0.32408842 -5.203675
159 -0.30546305 -5.1372485
84 -0.31025177 -5.1374993
59 -0.31398094 -5.2360535
114 0.38526493 -1.0813075
38 0.38475177 -1.0912197
58 -0.307806 -5.2575016
69 1.2176546 -0.35033298
212 -0.31837246 -5.182612
196 0.38445276 -1.0644258
163 0.38760203 -1.0790647
85 -0.32266843 -5.2465124
97 0.6595703 -0.77373874
156 -0.31379074 -5.26671
47 -0.29887632 -5.204986
305 4.2653303 0.16755089
145 -0.32077006 -5.2569594
16 -0.32530367 -5.1878095
178 1.7888849 -0.29073912
88 0.6596511 -0.7812782
138 1.1306933 -0.3942734
30 0.6553405 -0.77751416
143 0.37785184 -1.0699373
103 0.67146033 -0.76820225
35 0.38149476 -1.0734417
73 0.6629805 -0.76826906
366 4.2223306 0.17574272
401 1.2168516 -0.34693277
107 0.39084634 -1.086609
5 0.38534358 -1.07869
186 0.6649845 -0.7748047
49 0.66052526 -0.7675467
136 0.65549374 -0.78162056
137 0.3809542 -1.0677965
82 0.6695726 -0.77008265
219 1.8952357 -0.30380496
249 4.9429507 0.51660776
90 4.956776 0.517996
227 0.3992762 -1.071935
235 7.4340115 0.56683797
25 -0.0012916563 -3.805743
194 0.3857256 -1.0827211
12 -0.3164788 -5.329493
314 4.2866645 0.18529665
6 1.5708787 -0.3033138
70 5.044182 0.5265572
225 6.558491 0.37228665
116 0.66275257 -0.7871616
222 7.5210466 0.6685834
251 0.3753584 -1.0729963
78 4.9393964 0.5309134
265 1.6568992 -0.30330607
31 0.6613035 -0.7953672
281 4.233934 0.17930382
287 4.943034 0.5184701
206 1.8992187 -0.29416922
448 1.0974867 -0.3858424
72 6.5232034 0.3664128
315 2.823431 -0.10715434
403 4.123742 0.17625114
164 2.7841153 -0.1118622
269 0.38214943 -1.0873557
153 2.7575345 -0.108424775
42 0.38902697 -1.0799152
68 4.6402144 0.0030815955
141 4.158963 0.17080668
96 0.4749814 -1.7632095
410 1.9196433 -0.30154812
162 4.961518 0.523682
52 1.0986022 -0.38853523
304 7.478202 0.66483986
118 7.405432 0.57005394
343 7.431517 0.65267974
292 4.870491 0.4960007
20 1.911398 -0.2945225
113 2.763076 -0.109090164
193 7.3877435 0.56521493
4 0.66402906 -0.79162097
122 7.3704476 0.55660576
491 6.327247 0.35383826
375 4.9260783 0.50143325
268 7.29012 0.55133027
256 2.738775 -0.109006085
300 4.874606 0.5096957
221 6.3351855 0.3689656
195 7.3829994 0.5633945
271 0.46577618 -1.7652463
51 0.6649291 -0.77561784
121 0.20903124 -2.8594193
223 4.9219217 0.5075606
279 0.46938184 -1.7711889
238 7.3056097 0.5565604
247 7.3762116 0.650078
170 0.65945554 -0.7781886
14 0.0012273234 -3.8125095
209 0.651753 -0.77245605
171 0.46430826 -1.7542064
450 0.61997795 -1.0834285
301 0.4682686 -1.7597847
262 1.1022837 -0.3888219
245 4.4854703 -0.0029776478
89 -0.32427925 -5.146716
258 4.895154 0.5227001
202 7.3188853 0.66339254
60 7.2357297 0.63432235
192 4.179592 0.17094646
131 0.46575585 -1.7334739
13 6.363155 0.36169553
168 1.1252812 -0.37791067
94 0.19697578 -2.8862357
92 2.8529615 -0.102956
270 1.8939327 -0.28574005
394 6.3936005 0.36769825
389 1.3971785 -0.3576836
243 2.7084274 -0.10041808
442 1.7226089 -0.2919241
65 0.19653662 -2.8818293
487 1.8841748 -0.29257652
134 6.3513613 0.37926674
311 7.1774817 0.541201
11 7.1662464 0.5495531
152 2.7604125 -0.10002812
37 7.301595 0.5501921
474 6.365818 0.36801636
24 0.62941426 -1.0992903
93 7.174672 0.5432541
71 7.227063 0.6450094
139 4.053994 0.1725039
303 7.2043157 0.5461142
112 4.4328895 0.0008862533
328 7.161709 0.6364566
179 2.833029 -0.104219705
99 0.6255897 -1.0951203
376 -0.018342804 -3.9402983
322 1.9064845 -0.2896302
319 4.859089 0.50370175
229 7.13415 0.53019226
102 4.846516 0.50866014
264 0.6174183 -1.0880604
182 -0.358211 -9.040012
106 0.19781369 -2.8542283
261 7.2859287 0.55321294
177 1.3612041 -0.33893052
393 -0.35314238 -9.049017
369 4.169806 0.18222411
18 0.45809692 -1.7190163
111 0.20188636 -2.8663728
220 -0.3291849 -5.347797
456 0.62786996 -1.0956993
211 2.7785304 -0.095683515
278 4.1481833 0.17686701
191 0.6675588 -0.79276115
55 7.189403 0.5414403
284 2.7301242 -0.10379177
230 7.288901 0.64303166
185 2.7713218 -0.10360622
288 -0.3574152 -9.074329
169 2.7131488 -0.09336474
362 7.2172136 0.63663185
48 7.3339286 0.66082674
276 2.824111 -0.107632965
147 1.2277678 -8.700673
242 0.622379 -1.0942569
32 -0.35983068 -8.92605
374 1.6533188 -0.30163902
213 4.512732 0.00033498957
404 4.6218805 0.0034484062
444 1.3927017 -0.3391109
437 1.111984 -0.375498
184 2.789021 -0.1129666
9 6.454722 0.36932856
331 0.16718976 -2.9197295
217 7.1773906 0.63817555
158 0.2132487 -2.8518963
74 2.7996137 -0.11466444
248 -0.34744787 -8.918547
166 0.4614422 -1.7398015
56 0.092817135 -3.2403781
370 1.2431924 -8.784616
340 -0.35441992 -9.2065525
387 0.6296429 -1.1007458
174 0.4626456 -1.7494882
473 0.21385878 -2.842872
63 -0.33893076 -8.833809
54 -0.35933185 -9.114361
425 0.62568295 -1.0982361
334 -0.3450009 -9.025017
326 6.4349504 0.38188365
175 6.4350343 0.36614037
115 7.199584 0.547367
183 -0.34338757 -9.254434
10 4.5759883 0.00018759067
255 1.905815 -0.29587033
218 -0.013794029 -3.887622
189 4.602675 0.008153916
332 1.2130721 -8.705332
187 -0.34387118 -9.04893
28 0.19990078 -2.8412309
253 1.1153375 -0.39006767
7 4.536571 -0.0026979903
45 1.1992704 -8.622294
306 0.6216181 -1.1001906
377 1.7651228 -0.29254547
324 1.642846 -0.29333755
204 0.4675388 -1.767763
479 0.21595812 -2.8847919
313 -0.010802461 -3.902621
267 1.1866993 -8.399778
441 -0.35589728 -8.968439
8 -0.34512576 -8.883984
398 0.47306308 -1.7632518
128 1.1696095 -8.385016
83 4.457555 -0.00071431877
364 7.4480352 0.6594836
335 0.46766838 -1.7517816
337 1.1722189 -8.4941635
381 0.14982964 -2.9230247
379 1.1280854 -0.38943708
157 0.62202716 -1.0862412
176 0.39005026 -1.0849496
289 0.37008727 -1.0756992
397 1.7222512 -0.29160377
130 6.347343 0.36714497
399 7.1759343 0.636155
26 4.8703027 0.50296926
367 4.5039253 -0.0001873434
263 4.5175557 -0.0037123142
237 -0.3448275 -8.901556
126 0.22891322 -2.8904164
109 0.46992573 -1.7586011
430 0.21702546 -2.9058874
127 0.47217584 -1.7609684
105 1.2104937 -8.632034
44 4.5683064 -0.006133741
294 0.025030203 -3.7809803
39 1.2149364 -8.571482
449 -0.34448776 -8.933119
67 0.1348193 -2.9150715
201 -0.30112162 -5.0642805
57 2.802542 -0.10500349
386 0.15175289 -2.922343
254 0.029913453 -3.6496074
190 1.1840847 -8.496007
424 1.7370818 -0.2941942
348 7.3195868 0.65626574
144 0.041212898 -3.5728621
120 -0.34137735 -8.97893
239 0.211972 -2.8690712
461 -0.34246227 -8.803952
199 0.6329989 -1.0972661
188 4.8136706 0.51213527
19 0.62439716 -1.0955012
197 0.16945066 -2.897343
273 -0.35176954 -9.012944
228 4.5596356 0.0027125475
323 2.7721522 -0.1043159
50 -0.34773147 -8.905721
161 1.1815375 -8.43503
259 -0.34672162 -8.851276
310 -0.35261267 -9.0641575
234 -0.3388419 -8.663896
86 -0.34188446 -8.928476
347 0.16522217 -2.930006
236 0.013311675 -3.8118305
443 0.20985563 -2.8659978
358 0.012762931 -3.753178
207 1.177389 -8.457592
151 -0.33549502 -8.736682
392 1.127275 -0.38176876
34 -0.3270364 -5.143879
173 7.2316523 0.6527976
244 4.391048 -0.006020897
317 4.5171275 -0.005983412
418 -0.34019148 -8.726673
359 1.2039454 -8.491569
22 0.6468374 -0.7644813
81 -0.34677026 -8.791143
395 0.16052592 -2.9057915
91 4.1063523 0.17050444
489 0.18311334 -2.809718
434 4.532719 -0.0014592458
277 7.112575 0.54044724
455 0.20897777 -2.8145525
46 1.1686499 -8.346594
40 0.0042046257 -3.9103472
76 0.39822984 -1.0601798
36 -0.34714037 -8.859501
385 5.0571156 0.5285351
215 0.65703267 -0.7817858
378 7.44946 0.5584055
432 0.175444 -2.8341112
154 1.1060498 -0.37892708
282 1.2085993 -8.591013
77 -0.02472539 -3.96555
308 6.433202 0.37802023
21 0.6180143 -1.0898405
216 -0.35998756 -8.979817
416 0.47390208 -1.7957617
132 -0.30817553 -5.0698543
342 -0.34148997 -9.0458975
17 -0.025643354 -3.9565043
471 -0.34971568 -8.943451
0 -0.34590617 -8.96495
117 0.08952086 -3.3131437
95 1.2131561 -8.595903
133 0.6350959 -1.1012483
459 0.109499924 -3.2779465
368 0.6293095 -1.1038983
80 0.47621563 -1.747922
372 0.11479989 -3.2386022
66 -0.3373799 -9.201203
250 0.4764021 -1.7620018
203 -0.032941222 -3.9615378
351 2.9061952 -0.103617996
155 0.20033745 -2.858867
3 0.47346374 -1.7569803
297 0.20764716 -2.8785126
214 0.21129751 -2.8439875
124 0.10472554 -3.2472928
226 0.38003564 -1.0674034
198 -0.3507861 -9.047935
433 -0.33984035 -8.7035675
293 -0.022883438 -3.9806132
64 0.6606294 -0.7793773
146 0.62859714 -1.0915571
286 0.16164362 -2.8991907
454 0.041673146 -3.647308
125 0.16567332 -2.8775158
1 -0.35438052 -9.097993
200 -0.023057904 -3.9138532
445 0.10641019 -3.2419927
108 0.15726674 -2.8761556
160 -0.3089908 -5.075182
208 0.37135884 -1.0667166
233 0.022146631 -3.7055285
429 -0.018960968 -3.927442
486 0.21307752 -2.848412
148 1.2107164 -8.639723
180 0.099634536 -3.2751796
23 -0.33016366 -8.666392
240 -0.03155955 -4.028189
205 0.22108278 -2.842169
407 0.16584152 -2.848655
316 1.2023531 -8.4848
423 -0.033013508 -4.001063
165 6.962308 0.5287184
260 1.7156132 -0.29936284
15 1.7233422 -0.29609907
246 -0.026134027 -4.0622773
181 6.317139 0.36055246
298 0.024122141 -3.7081459
283 -0.34460917 -9.022793
123 -0.0030182963 -3.873115
280 0.09490325 -3.2458365
210 4.7785907 0.48885947
349 -0.028704384 -3.98392
333 1.1960207 -8.432243
101 -0.34841874 -9.000003
87 1.7280833 -0.30457652
336 1.7465278 -0.30349776
274 6.3360124 0.36471072
62 1.565994 -0.31094986
224 4.764052 0.5017881
241 4.7971754 0.5053416
312 -0.036291346 -4.151457
41 3.990617 0.1818682
390 1.2196784 -0.34237042
142 1.3097684 -0.34904072
119 1.223762 -0.35752374
2 1.3187314 -0.3319756
405 4.0845103 0.17076051
498 4.9526963 0.50941104
422 7.0410385 0.6371787
428 7.063514 0.6274951
415 4.9185233 0.5142258
452 0.47619894 -1.7854089
330 1.5921143 -0.29976532
446 2.9007132 -0.11537422
494 4.926959 0.51265734
104 1.6182133 -0.29995546
129 6.673703 0.59812135
453 0.3927552 -1.0744423
388 0.6564874 -0.7792418
426 -0.3219432 -5.198684
419 4.8693895 0.5096337
257 -0.30823365 -5.191473
460 0.37316364 -1.0769511
440 -0.32065868 -5.038529
476 4.93761 0.52038187
435 0.37694198 -1.0669398
417 6.8833833 0.5223157
290 0.38315544 -1.0760641
465 7.0455966 0.6128195
451 4.4782176 -0.012013689
299 -0.32721043 -5.263666
496 -0.30754846 -5.1561456
480 4.0384073 0.16857255
272 -0.32125533 -5.3005385
27 1.1809136 -0.3386256
396 0.37338617 -1.0692226
344 0.37726492 -1.0766753
447 2.868509 -0.107673675
414 0.63884777 -0.77169913
383 0.63595533 -0.7597028
98 3.8510623 0.16660585
296 0.6510722 -0.778322
484 6.854877 0.5182509
466 6.6805005 0.5013562
406 2.8930666 -0.10774733
499 -0.32479006 -8.17378
61 3.750632 0.14398757
470 4.948145 0.51879853
371 0.36117995 -1.0761913
431 -0.32590398 -5.126124
412 2.8736272 -0.09863269
329 0.3856962 -1.0855027
382 -0.32580778 -5.1363335
252 0.6662383 -0.7765997
309 1.6941906 -0.30516332
478 0.37373316 -1.0924232
477 0.6532659 -0.78266656
325 6.6292033 0.5848963
352 0.37591276 -1.0954977
488 1.7917413 -0.2926772
436 0.6590038 -0.7657987
462 0.6503506 -0.7822722
384 -0.32544705 -5.146575
472 4.8601027 0.5148285
356 2.8794076 -0.115698494
357 -0.32219777 -5.191705
463 -0.30239013 -5.1739573
345 1.7027829 -0.29965734
350 -0.33009756 -5.1668105
327 3.7625098 0.14392337
438 6.7611623 0.5052251
266 0.6463703 -0.7728356
354 0.39254883 -1.0834566
481 6.9713717 0.5245665
495 6.944949 0.6068458
493 1.4410111 -0.33375967
469 -0.308025 -5.131653
483 -0.31785476 -8.201053
468 6.7694283 0.50821865
464 6.786484 0.52221423
361 2.9620717 -0.10970995
427 0.474888 -1.7903835
492 2.9558952 -0.09967156
295 0.38099143 -1.0756845
402 2.871665 -0.10048925
409 6.8750906 0.5134334
413 1.3673539 -0.31838134
172 3.8390326 0.1452395
485 -0.32142243 -8.192397
482 4.9578743 0.5291861
341 0.6675611 -0.7602719
318 0.6522346 -0.78174984
302 0.3729956 -1.0883487
391 0.6551667 -0.7692524
307 0.3776142 -1.0879465
53 3.8637462 0.15189868
135 1.1599809 -0.36477157
353 0.65673137 -0.7780183
275 0.668165 -0.7858092
497 6.8678374 0.61708546
408 6.649639 0.598031
29 1.806458 -0.28522223
231 3.80832 0.14587484
110 0.47471803 -1.7811863
380 -0.30717534 -5.15673
320 -0.31555682 -5.1732926
346 -0.30931494 -5.13578
457 0.4809155 -1.7962229
321 -0.3153769 -5.139089
360 0.371772 -1.0744768
420 4.794633 0.52483195
458 1.7976286 -0.2910549
285 4.2239666 -0.0065833894
467 1.1196893 -7.9635625
363 0.65493184 -0.773355
79 4.1548066 -0.012983926
365 1.7854744 -0.29009873
291 1.1463345 -0.35233495
411 5.5134015 0.29546946
140 4.160024 -0.009532357
100 3.817432 0.15001528
75 1.12191 -0.37996563
355 2.8631153 -0.11099002
475 5.5168447 0.30686012
373 0.64226145 -1.1153253
33 1.115567 -0.34760022
167 5.5348873 0.2966352
338 0.62975085 -1.0810497
439 6.528381 0.48701364
400 0.37163624 -1.075374
232 -0.31022313 -5.045941
339 -0.3110307 -5.0657864
421 0.62032276 -1.0741736
490 0.48078138 -1.8493501
