2000 2
901 5.52741 -1.0527419
645 5.511666 -1.0498377
597 5.513333 -1.049145
533 5.559422 -1.0517144
567 5.583421 -1.0616397
629 -0.53930414 -1.6661297
699 0.11653209 -1.0578076
619 4.065209 -0.5908047
1324 -2.2979198 -7.4380107
1017 -2.265823 -7.3609467
1295 -2.222015 -7.211404
847 4.052676 -0.5912325
558 -2.256676 -7.325545
734 5.338125 -0.8540959
511 5.517831 -1.0525806
913 -2.24878 -7.30465
507 -2.2360091 -7.2756824
1242 -2.2630582 -7.350744
509 -2.2160532 -7.2341833
849 4.058493 -0.59397614
528 5.427428 -1.0258898
886 -2.2119105 -7.177425
853 5.385649 -0.8781814
865 -2.2098503 -7.1710663
606 -2.2286594 -7.2469673
1067 -2.2763445 -7.421483
1229 -2.2423413 -7.285237
1285 -2.2020528 -7.1323013
694 -2.2015746 -7.166459
777 4.036309 -0.579082
948 3.9405425 -0.57935894
914 -2.2268112 -7.246633
1175 -2.2755723 -7.3859982
77 0.33416262 -0.94343495
800 5.0886116 -0.79563147
667 0.118761 -1.0716136
1377 -2.2803154 -7.386539
565 4.2028923 -1.0977228
1062 6.6451774 -1.4243224
651 -0.35239604 -1.5778888
741 5.0309973 -0.78281873
1018 7.249997 -1.3169287
757 0.8995691 -0.5788491
1459 6.6675396 -1.096369
513 6.585725 -1.0827024
515 6.582146 -1.4165006
994 5.31163 -0.8546502
998 -2.3079078 -7.4828243
1132 -2.234559 -7.2858424
564 0.48231986 -0.7494564
982 7.269079 -1.3171657
7 3.3811767 -0.7097384
811 6.625817 -1.09273
686 7.0058265 -1.2654467
970 -0.46783742 -2.0870242
820 3.9771934 -0.58609116
747 0.77151316 -0.6773272
782 0.115306176 -1.0703996
197 3.4126294 -0.70624316
1319 3.822369 -1.0807929
1022 7.179706 -1.3100972
553 3.9110744 -0.5686344
715 -2.252689 -7.332919
796 4.0578837 -0.59452593
956 5.3033476 -0.8621387
514 5.34735 -0.86882436
1168 3.8367858 -1.0766779
650 5.447793 -0.8810077
640 5.3167324 -0.860912
778 -1.7801288 -5.397921
708 0.7603906 -0.65090513
1262 6.598052 -1.4178377
1379 6.49702 -1.4027032
1094 4.984998 -0.77195257
635 4.0427947 -0.5858782
591 7.329256 -1.3706813
582 7.029859 -1.2765875
2 6.650235 -1.2016628
1058 5.311274 -0.8509502
997 6.9638615 -1.2551653
1195 6.6066127 -1.4210061
1158 4.911086 -0.7591849
705 4.0038486 -0.5829894
749 -0.33087867 -1.6451535
1124 7.1742983 -1.2970593
663 5.50857 -0.8994899
1274 6.514269 -1.4009813
530 -1.7090836 -5.217041
585 7.074677 -1.281314
804 7.262412 -1.3616592
746 5.0303035 -0.7841318
55 5.2501082 -0.9539184
906 6.4623556 -1.3908968
24 6.204757 -1.1091347
731 3.949609 -0.576114
1162 5.021265 -0.7830561
501 7.2865486 -1.362252
895 7.2999535 -1.3636717
903 6.510059 -1.4021693
1171 7.049733 -1.2755629
570 3.954401 -0.57412314
671 3.9834676 -0.59162664
977 5.3572087 -0.8675762
534 -0.31709108 -1.0323422
1216 6.608179 -1.4264443
1103 6.579583 -1.088894
928 4.0483723 -0.5927171
821 6.5677676 -1.4141011
964 0.1132475 -1.050786
1118 7.10964 -1.2965593
70 5.271307 -0.95997024
1176 3.9013104 -1.1023097
1139 7.1844416 -1.3437076
15 5.1705174 -1.0759301
1080 -2.2752519 -7.398129
548 0.004286141 -0.845837
685 5.4450336 -0.883613
601 -0.45662108 -2.066759
1059 5.0430064 -0.78515
1020 4.1402564 -1.0826174
575 6.5438914 -1.4097333
573 3.9204192 -0.57608277
1328 6.593625 -1.0954498
647 0.89324486 -0.56653506
1183 4.934893 -0.7703803
807 7.2236285 -1.3540182
1181 6.524686 -1.0788462
510 7.2473702 -1.3593354
787 3.8176491 -1.0751079
717 0.12149617 -1.0871325
1239 7.0228844 -1.2734156
672 5.3270698 -0.8728451
140 4.5634594 -1.0174459
82 4.4223127 -0.9738985
44 5.2678967 -0.9578921
577 7.226415 -1.3587013
611 5.406146 -0.873078
1228 6.5285053 -1.0803138
764 5.016191 -0.7862604
795 7.1389656 -1.294143
789 4.008907 -0.5850502
636 -1.7537065 -5.3511004
824 3.836681 -1.0789304
1061 5.297875 -0.8599881
980 5.0706935 -0.8015668
813 4.88993 -0.76257634
1241 3.9148705 -1.1043833
550 -1.7842023 -5.417878
260 0.3082396 -0.93816
103 5.1912727 -0.9610385
762 -1.7930154 -5.459682
1122 4.9509463 -0.7762943
40 6.1875715 -1.1122009
788 7.1792564 -1.3454617
1350 3.7769353 -1.0644444
1109 5.3640723 -0.874666
657 7.3198004 -1.3774751
587 4.15647 -1.0911525
687 6.5284176 -1.0812144
761 3.9287767 -0.58439165
911 6.4988422 -1.0721529
660 3.8671737 -1.08602
1182 6.549936 -1.0725354
730 0.4797249 -0.7529386
766 -0.34333044 -1.6864119
1417 -0.34318745 -1.6873387
805 6.6860495 -1.4371186
1293 5.1391735 -1.1189451
1203 6.6635294 -1.4328302
14 5.173599 -0.94493264
844 3.7732346 -1.0669591
552 -0.2823748 -0.98723364
754 1.1206824 -0.58319813
816 6.6013174 -1.0843507
11 5.161266 -0.9457939
1414 6.5450554 -1.0834284
703 5.340982 -0.8517273
724 4.866549 -0.75702804
950 6.385825 -1.0548662
84 5.243032 -1.087079
1243 7.226884 -1.3530154
889 1.0915589 -0.56880295
5 -0.09624267 -1.561722
1054 4.2327533 -1.1175349
1092 6.5422573 -1.4114343
709 0.7589405 -0.6560757
13 4.4638004 -0.9972374
1102 7.2126036 -1.3542691
178 3.3842669 -0.7028787
1010 4.962485 -0.7691164
27 0.3201809 -0.94218963
521 6.5029545 -1.0740267
1015 4.099966 -1.0736016
706 6.2995043 -1.1890143
141 0.342386 -0.9463186
680 4.877692 -0.7599544
743 3.8900526 -0.56819946
1219 7.1505327 -1.3412784
968 0.11089101 -1.083988
518 0.87924534 -0.5665686
522 0.74458754 -1.1992874
902 6.997785 -1.2694293
603 4.0123997 -0.5733497
907 3.8110237 -1.0789896
969 3.787117 -1.0768119
36 5.1840672 -1.079458
897 6.443241 -1.3903307
999 4.0154433 -0.58566177
78 2.493969 -0.6641986
588 6.9773836 -1.2737199
740 1.1515428 -0.6105806
848 4.1922064 -1.0993258
566 3.8070483 -1.0772979
90 -0.09530281 -1.5827477
173 5.6378894 -1.0715405
621 3.7750425 -1.0668472
1201 3.7673104 -1.0650997
864 6.5035453 -1.0753227
831 7.3176255 -1.373717
29 5.2095385 -1.0863631
97 2.1016035 -0.6052008
725 1.1260375 -0.5808126
858 1.1098715 -0.5752152
1098 6.5661564 -1.4112482
563 0.45547253 -0.754132
1 4.412113 -0.99184436
1321 6.638515 -1.4250308
26 6.6648917 -1.1995783
737 4.936428 -0.7659922
1265 3.7199855 -1.0574344
580 7.1665154 -1.2960405
555 5.0799103 -1.1081467
880 0.96060693 -0.6181834
1008 5.2769885 -0.8388215
677 6.5651774 -1.4079629
39 6.1101274 -1.0936
1006 0.10774781 -1.0633689
0 6.5514407 -1.1824776
770 0.7440424 -1.2201866
683 5.0118527 -0.7701459
1294 6.5637255 -1.0876886
1416 6.4539156 -1.0726731
1257 7.154991 -1.3464806
505 0.47625744 -0.7645576
63 0.5988154 -0.59092134
1611 5.098077 -1.1101104
75 4.447719 -0.9810095
1236 4.8717737 -0.755086
826 1.1419947 -0.6122733
1085 4.053837 -1.0594512
1210 6.624417 -1.0945317
1300 4.022121 -1.0709771
524 6.1136045 -1.1493965
923 6.8750916 -1.2505304
995 3.8326063 -1.0854524
776 0.9059173 -0.57858914
1318 7.029673 -1.2728401
961 1.1381828 -0.6091077
625 0.79648554 -0.6704498
1271 6.4631033 -1.0649267
753 0.79302776 -0.6833419
1030 5.439983 -0.8920705
576 1.1429907 -0.61560684
101 5.696323 -1.0824579
1129 7.2798414 -1.3706107
828 1.11103 -0.57476485
68 2.5312946 -0.6756868
120 2.5180166 -0.6776927
48 6.150325 -1.1070975
51 0.30024135 -0.9401469
1057 6.5014176 -1.0725596
684 7.040148 -1.2795084
536 4.921005 -0.7709166
16 2.7002337 -0.66584146
559 3.932965 -0.5756244
1221 4.140839 -1.0840441
129 4.434784 -0.98768675
1130 -0.33355767 -1.6610589
1135 5.3029838 -0.8565355
1053 4.9389963 -0.77369165
9 5.730367 -1.1053464
713 4.847651 -0.7471493
701 0.49023327 -0.7526516
539 3.7716563 -1.0754027
854 -0.49605316 -2.2052207
866 5.3597655 -0.8608491
1104 5.342678 -0.8620554
631 6.4611797 -1.3925142
965 0.41134703 -0.8175537
137 4.5032406 -1.0166533
1028 7.130832 -1.3401111
1202 3.8143997 -1.0738058
1356 1.83968 -0.8316139
151 2.68714 -0.6810049
682 6.6486516 -1.4261096
123 -0.3295883 -1.989056
1115 4.1631413 -1.0821165
976 0.5315576 -0.6970288
1602 0.092816204 -2.214346
30 5.171379 -1.0759673
1284 5.065296 -1.1091392
115 2.0678248 -0.5904839
57 -0.08307713 -1.5582153
1123 0.9479893 -0.6147966
167 5.7363515 -1.0874124
541 4.099657 -1.0787092
535 6.4952717 -1.0668439
557 1.1717877 -0.6027162
81 0.30986997 -0.928697
624 -0.4589987 -2.1003256
1126 0.26254958 -1.561989
835 0.03209228 -0.9036659
623 7.182389 -1.3472689
1604 5.4758096 -1.0403943
675 1.4134734 -0.8372075
733 1.4053836 -0.8261903
1217 5.4587665 -1.0366081
735 4.1003137 -1.0720649
166 2.0902786 -0.6019515
632 0.25650984 -1.5442822
590 0.7327596 -1.2037212
1196 4.154019 -1.0791397
164 2.0752957 -0.59201866
22 0.9228998 -0.52732223
1136 5.464497 -1.0352659
1088 7.2499437 -1.364275
1146 5.0949173 -1.1143051
60 2.1260338 -0.61396337
728 6.513065 -1.4018822
1264 4.0545573 -1.06329
932 1.8333141 -0.83361536
1127 4.090607 -1.0692825
704 4.971058 -0.76843953
146 1.4668351 -0.5424773
143 0.3106538 -0.9327982
967 0.7450213 -1.1969545
35 0.051511344 -1.3295639
1138 3.811315 -1.0843977
879 0.4267374 -0.8004776
931 0.7217217 -1.2096844
1186 1.8358186 -0.8243712
1041 5.1942167 -1.1276345
1099 0.8153855 -0.635866
592 6.8499475 -1.2380159
1140 3.7467196 -1.0665299
526 0.97379243 -0.62301004
656 1.8680925 -0.84377253
23 2.5450425 -0.68752867
1291 5.107509 -1.1141455
556 0.79810905 -0.64549655
1042 1.858282 -0.83942586
1060 0.4194589 -0.8226417
868 0.29853985 -0.82677907
1311 4.072585 -1.0657605
1043 6.5468907 -1.0795052
661 0.011050098 -0.86444646
43 5.684089 -1.0715195
780 0.030473333 -0.89053506
888 0.4308024 -0.8355081
562 4.1517363 -1.085413
1200 7.2956133 -1.3681545
250 0.30892062 -0.9466848
503 0.031081097 -0.8702771
1363 1.8483771 -0.83752966
1031 4.1067348 -1.0794687
839 5.3549385 -0.87219507
670 1.1347251 -0.6159745
963 0.25451148 -1.548127
721 1.8379583 -0.828724
1542 1.4086627 -0.81447047
1298 0.508477 -2.1470697
1026 0.7331708 -1.2186872
926 3.7518222 -1.0595547
1025 0.09670069 -2.2208574
958 5.54331 -1.0479034
1283 0.24864085 -1.561814
1037 0.73101294 -1.2026193
1745 5.1207113 -1.1142462
42 0.49311188 -0.78697884
538 6.1111116 -1.1548358
602 6.9095936 -1.2537307
50 -0.28798425 -1.9684299
527 1.4180739 -0.83986485
955 1.4181044 -0.8334988
1180 1.8037342 -0.8260559
609 -0.4484097 -2.149499
46 2.6746213 -0.6615245
58 0.31625628 -0.9395042
1559 4.9976807 -1.0916573
1215 0.0985642 -2.208753
1537 -0.64903396 -3.619265
85 1.4548393 -0.5382328
722 5.0231857 -1.099965
105 0.92549044 -0.52560574
589 1.4118865 -0.8385389
659 0.5262187 -2.2013502
622 -0.44224757 -2.115131
198 2.6333067 -0.6503763
1652 5.0743446 -1.1082643
1408 0.5339417 -2.1623805
201 1.44005 -0.5409675
185 2.711917 -0.6659042
1270 7.1732607 -1.3111688
1530 0.2576889 -1.5511116
823 0.7310379 -1.1930408
1003 -2.2952712 -9.015849
112 -0.104618125 -1.5571691
971 4.2015524 -1.1046609
1004 -0.6351645 -3.5516458
756 4.974397 -1.0855485
801 0.46276778 -0.77576476
1012 0.43122825 -0.82132405
109 0.29763106 -0.94018894
1256 5.12398 -1.112819
1226 1.8205519 -0.8309022
1179 5.4293437 -1.0275584
378 -0.099995166 -1.5622023
1289 0.42185608 -0.82594377
904 6.088852 -1.1485527
696 0.5277991 -2.1415913
1802 -0.3494877 -1.687107
1290 0.09718495 -2.2332537
161 -0.03094401 -1.4609785
723 -0.43900257 -2.1306984
748 0.5304587 -0.708168
1329 5.0025306 -1.0943638
655 1.4034538 -0.833508
727 7.1697555 -1.3394374
1697 -2.1985743 -7.288996
547 1.4201342 -0.8191861
1382 0.828685 -0.64800125
974 5.1966505 -1.1361353
978 0.26435634 -1.544965
1072 0.2572765 -1.5623341
695 7.121515 -1.3379053
1198 5.505543 -1.0347503
1191 4.160874 -1.084174
1091 -0.62676644 -3.5764031
38 2.6306524 -0.6451161
700 1.8574452 -0.8454758
106 2.711895 -0.66463673
1002 5.4127073 -1.0282865
840 1.4348806 -0.83421016
691 3.855806 -1.0994747
945 0.7495155 -1.2321726
1648 5.405853 -1.0190561
798 1.4185828 -0.8361631
859 7.0200357 -1.2673049
595 0.54746157 -0.7013056
1016 0.5254754 -0.712048
1040 0.7422565 -1.2154332
319 0.9532553 -0.523747
45 2.1305237 -0.60041904
1548 0.095967636 -2.2338545
855 -1.038512 -3.0997634
1079 0.7492361 -1.2228507
794 1.8590652 -0.83649707
921 5.186347 -1.1280365
617 -1.1836711 -4.9210935
639 5.1242623 -1.1231261
598 0.54379535 -2.1709294
1184 1.3905878 -0.84038925
1005 4.162606 -1.0833703
1089 0.24874249 -1.5419558
583 0.97836864 -0.62335235
1568 1.4064825 -0.82970095
560 -2.1535897 -7.177551
1038 6.2445025 -1.181461
86 2.0741937 -0.58959603
1144 4.9953 -1.0965842
934 0.42028078 -0.82126456
793 1.4136311 -0.82975084
1625 0.09768556 -2.2242243
1106 0.30296168 -0.86434406
668 3.997214 -0.57736516
870 0.51969683 -2.1696765
117 -0.18808386 -2.0336843
147 0.94210845 -0.5395484
1277 1.8484948 -0.8383538
841 0.5238965 -2.1600926
608 -2.2488556 -8.798625
262 -0.3065808 -1.9726781
803 1.4354343 -0.8435815
838 0.7379481 -1.2143364
1313 0.5320874 -2.1519833
819 0.73645943 -1.2103391
1303 0.29766393 -0.8574961
93 0.46999934 -0.7832349
1481 -1.198448 -5.0011425
187 -0.1921961 -1.9797537
1068 0.4358126 -0.82690287
799 6.2307935 -1.1814697
1470 0.3081912 -0.8679464
1246 1.8096168 -0.82134414
991 0.5194097 -2.1522934
1301 0.74998033 -1.2210401
874 0.5223355 -2.162524
1528 0.2487936 -1.5425508
1525 0.101081796 -2.2073934
666 -0.33530408 -1.6511378
1197 -0.6281236 -3.5348814
1478 -2.2444212 -8.839578
1338 0.5192335 -2.1647642
594 -1.1792742 -4.9362917
985 -0.6295423 -3.5520108
912 -2.4057722 -7.872084
836 0.24505846 -1.5675881
71 0.5670802 -0.6741949
67 -0.09249405 -1.5315497
772 -0.36047226 -1.7409718
646 0.7189023 -1.2055125
986 0.5285432 -2.12669
883 0.100649744 -0.92692477
116 -0.029182792 -1.4459754
47 0.9316745 -0.5184159
549 1.8499498 -0.8365013
1490 -2.4014554 -7.834827
1446 -1.2012734 -5.021106
49 0.89888185 -0.5546337
102 1.4374763 -0.5308254
908 0.42159885 -0.82312936
183 0.9242593 -0.53996134
568 0.26250732 -1.5469687
1125 -2.438262 -7.980958
1137 0.0952432 -2.2269804
172 -0.31472695 -1.9983661
1671 -2.3838677 -7.8172297
1000 5.4964337 -1.0356677
1048 5.4412704 -1.03086
554 0.25833926 -1.5418981
1009 5.4056277 -1.014216
719 0.7281383 -1.2123511
337 0.89102924 -0.5355393
1033 0.53106236 -0.7170201
832 1.4259895 -0.83857316
1315 0.41066515 -0.8161253
1620 -2.2601264 -8.880355
136 -0.16837911 -1.9966199
1156 1.8469193 -0.8332857
59 5.827232 -1.1181103
924 -0.6178028 -3.530975
774 -2.174314 -7.2344413
359 -0.09932945 -1.5663157
1056 1.8396122 -0.82992154
1083 -1.702821 -5.214673
1374 1.8414633 -0.82991725
1096 0.09615233 -2.241246
1261 -0.62111324 -3.553497
784 0.7563127 -1.2260877
64 -0.018775078 -1.4602655
1436 5.119076 -1.1208673
572 -2.1318579 -7.0745
1133 -1.2051629 -5.0021043
1812 -0.82323915 -2.9085517
66 -0.28920817 -1.9291868
155 0.15839975 -0.9240768
10 -0.29853827 -1.9612067
1205 0.5189203 -2.150599
856 0.5217617 -2.1306355
1087 0.53636616 -0.7185162
1269 -0.35698885 -1.7374501
769 -0.63754237 -3.602107
1387 0.5236071 -2.1455529
1159 1.8672584 -0.8413918
1280 0.52657306 -2.1639602
861 0.83714414 -0.6374325
1306 0.09052832 -2.2205896
1582 -0.6235442 -3.517028
1320 5.497355 -1.0441527
1889 -0.39245743 -1.8675152
615 -1.1945702 -4.9721413
65 0.7306268 -0.6027279
544 0.83572525 -0.6329362
613 0.7325167 -1.2060134
887 0.2545284 -1.5532182
584 0.25942048 -1.546839
21 -0.09987107 -1.5835686
885 -0.6311959 -3.547207
698 0.53498775 -2.1818178
214 -0.30168942 -1.9836711
20 2.7171776 -0.67739505
37 0.93554 -0.5413905
693 5.0508604 -1.1067389
540 0.29761386 -0.8370869
626 -0.61956626 -3.523661
871 0.08867596 -0.9549235
54 -0.079436496 -1.5241956
996 0.9646492 -0.62605256
1429 -2.1036224 -6.9773564
678 0.33323288 -0.8503598
1502 -0.801655 -2.8692205
873 -0.80244637 -2.8768647
599 0.52988476 -2.143722
242 -0.18132988 -1.997361
512 -0.62209326 -3.5193706
689 0.08581835 -0.91336375
1189 1.8528211 -0.8364439
1403 -0.6182114 -3.5308187
1378 -0.5989364 -3.4539516
679 -0.63030434 -3.5526574
1800 -0.8146708 -2.9044003
1410 0.26225176 -1.5484316
1359 5.4816523 -1.0337627
1510 -2.9114406 -9.09134
938 -1.1719128 -4.8861914
673 6.2725415 -1.1843256
834 0.25967345 -1.5517565
191 -0.16351046 -1.977697
641 0.09574868 -2.2080142
561 0.102425076 -2.2318487
957 -2.2754114 -8.87274
1208 1.4513612 -0.84294295
1565 -0.81479126 -2.921889
1705 5.127419 -1.1234701
918 -0.325693 -1.6095341
1111 -0.61934 -3.501827
1047 0.72822875 -1.2202381
79 0.7056657 -0.6129114
200 1.4843553 -0.5298784
882 0.5324348 -2.1765409
73 0.596777 -0.6576146
1506 -2.1235552 -7.0601573
1606 0.67494965 -0.68208396
593 0.5398168 -2.1848507
1193 -1.2014631 -4.9747114
925 1.8292834 -0.82677764
697 -0.44766366 -2.113505
546 -0.38808525 -1.8574649
792 -0.3743146 -1.7979617
519 0.95575684 -0.6211334
19 -0.018716905 -1.4308817
1570 -2.6548128 -8.018752
1034 -2.4274564 -7.9381175
604 -1.0635436 -3.163415
648 -2.4320009 -7.962369
1164 0.30103707 -0.8480131
1032 0.2531364 -1.5554345
1375 -2.2155917 -8.699621
1050 -0.45107028 -2.0610688
1489 0.67827505 -0.6568308
628 0.7540917 -1.2298857
1024 0.24772505 -1.5469558
1527 -1.0427924 -3.0645616
478 -0.3278131 -1.9326017
1468 -2.6745253 -8.064031
138 -0.29546207 -1.9543452
829 -1.0500232 -3.1378496
654 -1.1899599 -4.973339
257 -0.17925613 -1.9975499
720 -2.4318218 -7.9479475
128 0.60905164 -0.67004323
837 -1.6579245 -5.0780087
758 -0.76792663 -2.762691
763 0.09129139 -2.2322853
83 0.5863165 -0.65859276
111 0.042661157 -1.3224425
1165 -1.1789604 -4.877575
1077 4.109193 -1.0649539
1536 -2.9661167 -9.223353
289 1.6301756 -0.5795141
1190 0.096250884 -2.2115731
808 0.9767607 -0.62870246
852 -2.1445785 -7.1174726
1263 1.4367766 -0.83076036
1082 -1.1690859 -4.884444
393 -0.31327587 -1.9107593
247 0.7327993 -0.60388803
972 5.10523 -1.1089373
313 -0.07132873 -1.5220895
145 -0.17988776 -1.9910845
872 0.09107198 -2.2436638
1232 1.4209177 -0.8345413
1585 -2.4495885 -8.300301
773 -1.1785302 -4.915908
1011 -2.3984535 -7.85765
192 -0.090394124 -1.5712091
545 -2.1964364 -8.633791
878 0.08868443 -2.2230525
1069 0.09174213 -2.207821
153 -0.09420406 -1.5401753
846 -2.4157548 -7.924324
1100 0.26809368 -0.8449999
418 -0.20642377 -1.9929452
729 -2.697972 -8.117444
1121 -2.442808 -7.9930964
610 -1.170895 -4.8877387
463 -0.07579466 -1.5291682
258 -0.17834924 -2.005635
216 0.04388398 -1.3247122
771 -1.1708759 -4.876474
1192 -0.61944944 -3.5482209
1500 -1.1836647 -4.933337
1444 -0.8261073 -2.941414
126 -0.09586484 -1.5706147
1423 -2.1041381 -6.9796567
1605 -2.140191 -7.1118164
98 0.6086755 -0.6553714
927 0.25748423 -1.5613413
1847 -0.33982947 -1.6798555
1655 -1.2123998 -5.0619907
1237 -0.3630089 -1.7522671
815 -2.8890643 -9.026954
1238 -2.637596 -7.9295545
181 -0.2825838 -1.9581158
1514 -2.469754 -8.088495
1227 -0.61606485 -3.509108
135 0.4998008 -0.787892
1422 0.67243755 -0.673726
391 1.6537863 -0.5751707
139 0.5995627 -0.6607307
1323 -2.1162577 -7.009035
1299 -0.35767937 -1.7543406
363 -0.08583811 -1.5400865
892 -2.9004722 -9.056986
993 0.2517419 -1.5673325
130 -0.18589823 -2.018288
818 0.8374421 -0.64198405
875 -1.6477276 -5.0609813
1406 0.5422481 -2.1743104
1152 0.09286748 -2.22768
634 -0.438261 -2.1069536
1451 -2.217774 -8.70412
1268 -2.8646467 -8.911423
1066 -2.552605 -7.6619782
1355 1.8241925 -0.83231395
336 0.076448016 -1.3207129
1588 1.4200599 -0.8359527
905 0.32105595 -0.83838725
1613 -1.1518846 -4.826412
1453 5.533703 -1.0478017
759 -0.7746898 -2.7664816
1477 0.68030596 -0.66906285
1151 5.518504 -1.0485874
420 -0.083744735 -1.5413042
1482 0.68479395 -0.67177266
712 0.26021498 -1.5557839
1679 -2.6574218 -7.9928045
779 -0.76211387 -2.7390273
690 -2.198544 -8.632163
1384 -2.214308 -8.71206
1498 -2.1897335 -8.645014
523 -2.8876982 -8.995707
1595 -2.2174766 -8.704625
817 -1.0482813 -3.078451
239 -0.07593766 -1.518994
1820 -0.8065962 -2.8711321
843 -1.6981766 -5.222967
1247 0.25447586 -1.5641756
1586 -1.1675352 -4.8728433
1545 -0.8349228 -2.9504385
992 0.09781361 -2.2180114
578 -0.8049865 -2.8816247
1204 0.67546964 -0.6657442
653 -1.6736717 -5.1275744
1252 -2.3568103 -7.7079935
1352 -0.6308463 -3.5734196
1771 -2.2017033 -8.687494
1732 -2.590958 -7.791892
1071 -1.1676869 -4.8717046
1343 -2.1109073 -7.0290127
367 -0.29110295 -1.985334
236 0.73684794 -0.58529824
881 1.4385395 -0.840201
529 -1.0984203 -3.2098732
1333 -2.460732 -8.368627
959 1.4271772 -0.83168435
1669 -2.8359644 -8.877704
1351 -2.1954904 -8.61544
600 -0.6374947 -3.559696
891 0.1082246 -2.2141924
537 -2.8544056 -9.302526
1491 -1.6291234 -4.998146
1253 -2.4167747 -7.91662
929 0.12059783 -0.9399832
389 -0.32319808 -1.8916663
989 -2.8371577 -9.236557
1166 -2.3813632 -7.796965
1369 -1.073888 -3.1272485
271 0.061925214 -1.3055363
783 -1.2243572 -3.66365
490 0.13048589 -1.1077226
1235 0.67060614 -0.6737454
330 -0.31327522 -2.0056248
1629 -2.8360922 -8.885102
427 0.11859045 -1.1202277
467 -0.06887772 -1.518121
681 -1.1460602 -4.8006334
217 -0.1919543 -1.9912405
716 -2.9129634 -9.069838
1296 -1.6687342 -5.1035166
937 0.501757 -2.1748679
893 0.10792289 -0.9034969
607 -2.426077 -7.9222918
324 0.119532585 -1.1177691
542 -2.3835309 -7.784929
638 1.848717 -0.8410217
34 -0.1322555 -1.8189361
1335 -2.11468 -7.0342207
947 -2.4877994 -8.434737
1609 -2.1902885 -8.6074
531 -1.0717103 -3.2322342
894 0.64516526 -0.69507927
351 0.50129694 -0.7670576
1578 0.08977562 -2.2270525
692 -2.112353 -7.0099115
360 0.064997725 -1.3011826
28 0.119294204 -1.1426893
127 -0.099305704 -1.5610036
765 -2.4148536 -7.904968
1392 -2.3715022 -8.076676
1116 -1.6825875 -5.172737
1278 -1.6545099 -5.077064
1462 -2.655098 -8.007874
89 0.5937549 -0.6619299
1659 -2.464536 -8.346608
900 -0.36833093 -1.778603
1035 0.6946323 -0.66413736
1544 -2.8604016 -9.313897
933 0.6945893 -0.672129
365 0.056778356 -1.3216623
124 -0.0923637 -1.5580717
61 -0.13350528 -1.8495854
62 1.6546674 -0.5775645
1415 -2.096141 -6.9550176
52 -0.1370238 -1.8413349
1653 -2.6131077 -7.867606
1425 -1.1091509 -3.2478042
1610 -2.1098754 -6.9828525
1449 -2.6354334 -7.9359694
517 -0.78970796 -2.496425
1353 -2.448865 -8.32617
1212 -1.1603462 -4.833766
1628 -2.8265865 -9.190401
930 0.61618847 -0.6976008
1367 -2.1528814 -8.436832
1583 -0.57520455 -2.3803225
4 0.120044746 -1.0770615
786 -2.791784 -8.710512
69 0.544686 -0.6356665
1206 -2.5989578 -7.8119965
973 -2.4519975 -8.343915
940 -2.2327302 -8.747951
532 -2.0614967 -6.8512397
1454 -2.2402463 -8.800387
113 0.7326718 -0.60356945
935 6.78292 -1.454785
586 -2.8802233 -8.933061
1276 -2.1333594 -7.069459
295 -0.3117372 -2.0117548
525 -1.1883153 -4.9507074
1021 -2.9011502 -9.017163
775 -0.7986956 -2.5060985
1722 -2.4125817 -7.8671813
1736 -2.5749352 -7.764368
1501 -2.7708375 -8.677147
922 -0.6223385 -3.5257423
1354 -1.6278834 -4.9851036
1573 0.18120427 -0.92489386
179 -0.33174306 -1.9309057
760 -1.008643 -2.9701662
1147 -2.1069555 -6.995321
1023 0.10673194 -1.1530681
1325 -1.0486224 -3.0972729
543 0.7340274 -1.2166796
1850 0.12083916 -1.1416762
1174 -2.8488524 -8.851534
1640 -2.8169942 -9.205611
1396 -2.4476383 -8.297692
941 -0.60190773 -3.4709842
1558 0.6714218 -0.66419345
1225 -2.8238292 -8.837919
1534 1.4561566 -0.85410255
158 0.50591695 -0.76824385
1670 -0.521847 -2.2715364
1331 -2.586689 -7.809164
1538 -2.6265287 -7.9333425
208 1.6181825 -0.56648344
307 1.6060368 -0.56415933
1783 -0.3127786 -1.5624075
228 0.33981776 -0.95878357
504 -2.398301 -8.151938
186 -0.22159275 -1.9998803
658 0.7405258 -1.2132325
1689 -2.9083288 -9.067046
1112 -2.2021291 -8.63859
157 -0.22358549 -2.017228
768 -2.22498 -8.740711
1464 0.12031269 -1.1428288
1741 -2.1597292 -7.1746793
170 0.4971622 -0.7729976
960 -0.44906548 -2.1774654
676 -1.0660934 -3.212416
1240 -2.217576 -8.724943
1509 -2.4007797 -8.175954
739 -2.0936747 -6.9605017
916 -0.31571808 -1.5892918
1739 -2.61586 -7.8683805
1448 -2.85697 -8.910518
287 1.6240836 -0.5743573
119 0.50420225 -0.77146727
202 -0.2901253 -1.954492
1178 -2.8379104 -8.816337
520 0.61256784 -0.6983975
1969 0.737431 -0.7358608
1120 -2.4246168 -8.250895
569 0.61129826 -0.68920016
1814 -1.8843743 -5.733503
637 -2.7486093 -8.622174
1439 -0.81390053 -2.9022443
268 1.6331382 -0.56432116
1507 0.66882515 -0.6614053
876 -2.8259983 -8.786225
1641 -1.8538923 -5.6287675
1073 -1.0975536 -3.3308976
1518 -0.33397833 -1.6089178
1469 0.10451764 -1.16554
1612 -2.8978639 -8.961324
1266 -2.2001727 -8.663748
990 -2.8719637 -8.929978
910 -2.8535175 -8.90158
1251 -2.334459 -7.6369224
1155 0.1155126 -1.1425529
814 -2.8822825 -8.959865
1508 -1.0231683 -2.975509
1421 1.8838184 -0.8489968
752 -2.130242 -7.068218
325 -0.099738605 -1.5707515
810 -1.6469562 -5.0586286
830 -2.8350813 -8.883913
31 -0.28999305 -1.9341018
620 -1.2321346 -3.6952298
1596 -2.7889948 -8.747398
1081 -2.3737886 -8.078913
1131 -2.638731 -7.9521904
1909 -0.89838094 -2.53788
644 -2.608444 -7.8546286
674 -1.6814606 -5.1329203
340 1.6010361 -0.55698824
652 -2.6217563 -7.938643
1579 -1.6805782 -5.142121
221 0.33376548 -0.9435825
649 -0.7828769 -2.483611
1326 -1.0285625 -3.0385098
302 0.04921053 -1.3279573
1476 -2.9130147 -9.065928
1860 0.18342087 -0.9212788
1729 -1.0812998 -3.1488605
1199 -2.386854 -8.111162
785 -1.2000341 -3.5767388
1892 -1.1312697 -3.339712
1134 -0.51094776 -2.2328577
1465 4.0422 -1.1286961
1638 -2.9133592 -9.015805
1150 -2.8728693 -8.930277
447 -0.09947439 -1.5331235
869 -2.7981496 -8.76629
76 -0.084487796 -1.5402548
1376 0.11040716 -1.1236134
742 -0.23077238 -1.2849174
571 -2.4296398 -8.257684
240 0.33584636 -0.942756
662 -1.1971569 -3.5629332
1412 0.62112874 -0.6835329
1768 0.15379195 -0.9475258
954 -2.8434882 -9.277002
1381 -0.36110935 -1.7695231
1360 7.063308 -1.2877048
1816 0.092247255 -1.1440715
74 -0.12982006 -1.8253394
1211 -0.53439546 -2.3214502
212 0.48684627 -0.78289706
1749 -2.8681324 -9.364197
1567 -1.1693782 -3.4387367
1695 5.5699854 -1.0586724
1070 -2.3972676 -7.8177705
1484 -2.8032506 -9.129203
702 -2.836448 -9.253003
919 -2.8571906 -9.282801
574 -2.4190638 -8.242606
1027 -2.3739254 -8.047934
850 -2.7986362 -8.76199
1254 0.11129883 -1.1361958
222 1.6137153 -0.5527637
605 -1.1691858 -3.4573507
710 -2.4532363 -8.31826
347 -0.32229894 -1.9802104
332 -0.29715273 -1.9621079
1716 -2.8681443 -9.339164
390 -0.18161044 -2.0066938
3 -0.3240717 -1.8849136
296 1.6403388 -0.5815366
1662 -0.52265054 -2.2722096
399 -0.2161081 -1.9989111
1591 -0.651533 -3.616257
1188 -2.780357 -9.049084
827 0.616585 -0.6943103
1045 0.09944657 -1.1477872
1432 -0.53809553 -2.3370974
1961 -0.44878107 -2.154218
953 -1.6116792 -4.949645
1143 -0.9761488 -2.6551926
1014 -0.45101047 -2.0562963
516 0.09472323 -2.2229707
1608 -1.7228956 -5.2804565
1497 0.6099917 -0.68943053
1036 -1.8886427 -5.7195663
1231 -2.407562 -8.167524
981 -2.8218753 -8.835098
1479 -1.7085233 -5.228936
1461 6.6447024 -1.0931733
726 -2.5597289 -7.681181
95 0.23800685 -0.70514995
204 0.50463367 -0.77231187
616 0.6992195 -0.67210215
398 1.6283157 -0.57047224
1503 -2.923063 -9.100447
415 1.5876048 -0.5611432
1110 0.601442 -0.6960015
246 0.3408229 -0.9476305
1835 -1.6640054 -5.0889297
951 -2.7399762 -8.563433
1702 -0.35830492 -1.7270304
184 -0.32588318 -1.8968128
1258 0.1768077 -0.9469445
1657 -1.2134743 -5.020024
1549 -1.8923888 -5.6993203
1646 -1.07916 -3.2661538
1556 -2.7766109 -9.04577
1673 0.5217693 -0.7310126
1391 -2.7248743 -8.522225
125 0.4191074 -0.84252554
899 -0.49314147 -2.2141216
1052 -1.7012596 -5.211297
445 0.117727935 -1.1370977
939 -0.5274585 -2.283694
1677 1.4704777 -0.85168934
1334 -0.5533692 -2.3277698
1161 -1.9165989 -5.7851934
1157 -2.7896097 -9.09552
943 -0.09218692 -0.8818007
1399 -2.5898712 -7.775124
1287 0.12312118 -1.1612495
936 -0.4434689 -2.1776264
12 -0.21441337 -2.001687
1404 -1.1996539 -3.5834646
375 -0.31391674 -1.9980961
1255 -1.9022762 -5.753766
920 -2.1128037 -7.025932
714 -0.53104955 -1.7932574
1617 -0.67884696 -2.6206167
1207 0.10229387 -1.1465559
1869 -2.3998203 -8.160238
380 -0.1821049 -1.9858185
917 -1.8880125 -5.720983
456 -0.3266058 -1.8954891
232 0.8456085 -0.5555337
1346 -2.6440568 -7.970529
1373 4.340159 -1.1246965
248 1.6125591 -0.5641857
1105 -0.51004106 -2.2552378
160 5.028697 -0.93490946
1601 -0.8235334 -2.9605815
1467 -0.5591441 -2.3911362
1160 -2.7236047 -8.53485
802 -0.9173764 -2.5683417
851 -2.770963 -8.696156
1810 -2.7540545 -8.630734
767 -0.56978935 -2.3669136
506 -2.612809 -7.867666
1635 0.15619557 -0.95092255
909 -1.6633977 -5.0920167
1393 0.12731718 -1.1604793
618 -0.43740362 -1.9984369
863 -1.1994069 -3.592998
1312 -1.0608001 -3.2044787
471 -0.31824982 -2.0162222
1167 -2.409448 -7.893926
1569 0.5028852 -0.7155618
1709 -0.4476618 -2.126667
209 -0.1036002 -1.5448406
502 -2.6975574 -8.481577
1441 -0.83136207 -2.991568
1789 -2.8119678 -9.16653
1658 -1.0434066 -3.0689173
1163 -1.2349458 -3.649705
1750 -2.7751803 -8.692487
484 0.049724575 -1.3146665
1316 -2.7758744 -9.052797
1407 -2.776566 -9.023762
1388 0.7384476 -1.2218876
341 -0.31789562 -1.9946511
790 -2.4283662 -8.247623
1920 -0.37016398 -1.7859629
1786 1.0445994 -0.55811954
1902 -0.45236394 -2.0426865
315 0.0008219225 -1.419843
323 0.34317458 -0.9492334
1757 -2.0695229 -6.858516
1692 0.09089935 -2.2532141
825 -1.6791685 -5.1582937
1485 -0.94795096 -2.6016905
482 -0.07863753 -1.5116947
1249 -1.1907101 -3.5498002
745 -0.45947447 -2.1885808
132 -0.27818403 -1.9115889
1936 -2.4305124 -7.943168
1336 -1.021888 -3.0271316
225 0.4175158 -0.84550416
884 -2.4301388 -8.277637
154 5.0737104 -0.933115
442 0.34177214 -0.95375276
381 -0.32559744 -1.8614054
1357 0.17033741 -0.942282
188 5.0192785 -0.92150486
707 -2.723636 -8.884198
234 4.856278 -0.8898199
579 -0.83276474 -2.97978
168 3.5575163 -0.8723778
612 -0.576762 -2.4007738
860 -0.9200741 -2.638592
1759 -0.84091127 -3.0190125
1622 0.24792625 -1.5465409
1220 -0.4501977 -2.1761048
339 1.6306986 -0.5780566
845 -0.92517936 -2.5822272
1654 -1.9176949 -5.813161
1456 -0.6815444 -2.6272776
244 0.13353458 -1.0918609
249 7.2487707 -1.288809
979 -0.55304545 -2.3712718
80 -0.32530963 -1.8521113
174 0.5408933 -0.6348274
751 -2.8312507 -9.213665
983 -0.24256684 -1.3105963
72 -0.32310134 -1.8700529
1097 0.17938225 -0.930465
1434 0.53248435 -2.200955
1531 -2.4221838 -8.217278
630 -0.45658422 -2.0627737
1039 4.2313905 -0.6197445
1366 -2.8674462 -9.320844
1101 -0.5491306 -2.3379638
1780 -2.8049545 -8.789564
1413 6.738233 -1.4422238
1898 0.7413671 -0.73741084
1385 -2.3003256 -7.4241614
314 3.0953302 -0.69575036
1985 -1.0778395 -3.2413554
142 0.4363971 -0.83914727
495 -0.3359502 -1.9148225
1683 -2.7889707 -8.741937
376 0.36480406 -0.9136614
755 -2.7888706 -8.741252
205 0.34243506 -0.94715846
280 4.855549 -1.0622065
1281 0.6282569 -0.6970252
1001 0.7412114 -0.7320436
1222 5.6629596 -0.91410464
290 0.25491467 -0.69313145
417 5.0090895 -0.9257928
1599 -1.8953646 -5.6973457
303 -0.30949235 -1.9771833
1431 -0.6824153 -2.6342847
424 -0.21945448 -2.0247617
328 3.1033869 -0.6868255
1209 -0.92173874 -2.5832396
121 4.8153973 -0.8796765
1119 -1.6462405 -5.069096
1661 0.5113021 -0.7230429
283 4.9872093 -0.9123686
224 3.0805788 -0.6895121
171 5.0558114 -0.9315972
1309 -1.8837343 -5.684727
1049 0.13484919 -1.146289
1418 -2.908148 -9.05106
1402 -0.8350233 -2.9852357
1649 -1.9087927 -5.766814
114 1.6397374 -0.56811637
643 -1.2088101 -3.5819893
551 -0.5351451 -2.1756873
227 0.2412278 -0.89870965
614 -2.8234818 -9.197123
898 -0.91744596 -2.553489
1427 -0.45419806 -2.1764348
1978 0.5420598 -0.724767
237 5.990465 -1.1100508
252 0.33361053 -0.95524085
1845 1.2503343 -0.6285194
1457 -1.6815989 -5.1322856
1342 -0.730527 -2.6550248
1867 -2.8798814 -9.372258
1505 0.12731983 -1.1345459
223 -0.089959234 -1.5759789
1233 -0.09453142 -0.84520274
267 0.6930222 -0.60849947
1627 1.2158571 -0.6126741
206 0.85697174 -0.5473982
481 0.43545067 -0.84302133
159 4.8666234 -1.0749568
596 -1.2118835 -3.6140234
366 4.8217063 -1.0460198
1486 1.2333119 -0.61845404
1932 -1.1935827 -3.5763116
1633 0.4491788 -0.823728
379 -0.30068827 -1.9642931
1504 -2.3980303 -7.858839
371 5.8621855 -1.0978198
1772 -2.2363315 -8.768285
455 0.34287336 -0.9495736
353 5.508593 -1.1293234
382 -0.07884478 -1.5161594
1551 -1.9179313 -5.7806783
226 0.8502974 -0.5611039
711 -0.94509166 -2.6340463
438 1.6923501 -0.5731905
952 0.7118013 -0.7056333
279 7.186222 -1.2836682
374 -0.32075575 -1.9048984
1660 0.09835291 -0.95606107
1746 -0.92633104 -2.611402
1107 1.0229343 -0.5533356
1250 1.2285641 -0.618076
1084 0.73098284 -0.73868906
108 0.43476343 -0.8563849
156 7.2089887 -1.2851343
1899 0.15686327 -0.9202408
1594 -1.3993692 -4.333797
1259 -1.8817732 -5.70539
1248 -1.8862816 -5.6881065
1554 -0.10135549 -0.89171636
1698 -0.5965373 -2.4680789
458 0.83923537 -0.5760118
477 7.127959 -1.2764719
1763 5.1120443 -1.1106681
1046 0.100230485 -0.94969517
357 -0.08417516 -1.5213315
253 0.37866896 -0.912276
425 0.33661112 -0.95453256
444 4.8979955 -0.9152359
305 0.41874665 -0.8505491
1632 -0.83940625 -3.026659
1777 0.50205344 -0.72251105
133 7.0869403 -1.2692963
1988 -0.83491814 -2.9923193
1177 1.0602261 -0.5557966
1149 0.7386437 -0.7356573
1877 -1.219598 -3.6433187
278 3.0809665 -0.69901353
498 0.7123629 -0.61043465
1874 0.4403529 -0.8174488
291 0.43343043 -0.8338316
1245 5.1760383 -0.8165513
1430 -0.58360434 -2.4768922
1380 1.2617067 -0.62045836
1529 0.73647606 -0.73363227
1726 0.85876787 -0.6122336
500 -0.30846515 -1.5521369
394 0.23156685 -0.90173036
1762 -2.415918 -8.216597
1063 -0.9630706 -2.671751
781 -2.6195767 -7.8668346
833 0.51766497 -0.70861375
949 -0.44261917 -2.1724186
1493 -2.8804438 -9.373604
664 -0.5367464 -2.1403697
356 -0.088842064 -1.5412709
962 -1.4225935 -4.4322205
1760 1.0451205 -0.5602789
1230 0.74749076 -0.7369949
1292 -0.5480836 -2.1893744
329 -0.07469209 -1.5051041
1992 1.2482514 -0.6042351
1753 0.7124025 -0.72213954
1597 -0.9365854 -2.5977328
791 -0.5356291 -2.1609879
1796 -0.67957056 -2.633855
1666 0.50315064 -0.7217666
946 -0.4648826 -2.203139
220 7.1087103 -1.2687663
1904 -1.865569 -5.61686
966 0.51715463 -0.727587
1751 0.14825039 -0.9789565
1142 0.11942495 -1.1313723
251 7.07845 -1.272831
219 3.6883228 -0.89025
1744 -0.44411325 -2.1614516
321 5.8546047 -1.0930854
344 5.8407173 -1.0816025
150 7.0493884 -1.2603176
1851 -0.55735415 -2.1960905
8 0.4402721 -0.8401576
1546 -0.8412539 -3.0228677
263 5.679345 -1.0277196
152 0.8692581 -0.5548906
451 5.4582024 -1.1092871
165 -0.27382785 -1.9344102
293 4.8815937 -0.90025383
92 0.8845017 -0.54278827
169 0.37168485 -0.90084916
1169 -0.09876759 -0.87856096
104 7.071257 -1.271407
443 1.662352 -0.5668961
100 0.86165607 -0.54685706
1976 -1.9204558 -5.8066926
439 0.4445555 -0.8473496
210 -0.3196742 -1.8178977
270 0.8966915 -0.5604996
1876 -0.29963043 -1.40686
1799 -2.7946517 -8.758045
373 4.8713703 -1.0740328
1940 1.2444875 -0.6246538
857 -0.11381582 -0.8480595
277 0.29984757 -0.9163935
33 7.0269246 -1.2633387
1886 -1.2180145 -3.601979
274 0.4220008 -0.8584105
497 5.4959226 -1.1168069
1064 -0.97240144 -2.6902888
1370 -0.10436822 -0.85814154
496 5.715031 -1.0233928
1044 -1.4406561 -4.4637012
1260 7.182993 -1.3457673
1966 -0.54811096 -2.1721017
1420 0.70985305 -0.71490973
342 0.20067392 -0.72464085
407 -0.3013689 -1.9682504
461 4.901346 -1.068882
1383 -0.11311884 -0.9005975
428 7.09429 -1.2759291
88 7.0996094 -1.2727872
1647 0.85518354 -0.59714735
1711 0.72381604 -0.7355825
1426 1.0674896 -0.5615614
1600 -0.09779558 -0.85155183
1128 -0.11639222 -0.86969113
1737 -0.7498659 -2.7229564
472 4.9159126 -1.0708452
292 0.29735622 -0.9187212
256 0.3443503 -0.9466254
1435 1.0279437 -0.56148887
245 4.853944 -1.0755126
1926 -1.4149327 -4.408618
122 3.6286585 -0.8854864
118 5.309778 -1.0872818
218 4.976508 -0.9116765
311 5.8347435 -1.0774417
1339 -1.865073 -5.6470213
988 -0.5645945 -2.225321
1187 1.0408006 -0.566485
310 3.146025 -0.7048828
308 1.2960327 -0.5407801
87 0.376245 -0.90025175
1975 0.6829675 -0.67299366
238 3.6056814 -0.8763451
453 4.965617 -0.89753056
361 3.0995 -0.686457
1643 0.8426977 -0.5987235
297 5.7531676 -1.0693126
890 -0.99982417 -2.9410474
468 0.7250807 -0.5967304
1770 -1.4255575 -4.4709888
282 3.1197577 -0.7044374
1674 -1.2093581 -3.6249127
1419 1.2472417 -0.6276637
346 7.180081 -1.2899319
1224 0.7332117 -0.7097885
1095 0.7439301 -0.727908
493 0.3088065 -0.93034446
1663 -0.11727084 -0.8481772
195 4.8917403 -1.0804446
1114 1.240283 -0.62669593
812 -0.103017025 -1.02865
1587 -0.24446048 -1.331211
180 5.873928 -1.1039962
1511 0.85586727 -0.59985447
1805 -1.2040122 -3.5555112
797 -0.7471315 -2.6978548
915 -0.94512683 -2.615616
1223 -0.41414762 -1.6903504
1305 -0.31418338 -1.5760564
1912 -1.8555045 -5.623859
688 -2.84582 -8.911452
1910 -0.9374593 -2.6473238
349 1.6030194 -0.5647742
1473 0.8663875 -0.609994
1621 -0.100728236 -0.8591804
1824 0.10296922 -0.9728318
1616 -0.75587404 -2.7767463
306 5.070674 -0.9387752
284 0.43357402 -0.84042233
1297 -0.89548755 -2.5252118
1288 -1.422099 -4.437065
430 0.36774763 -0.901923
1858 1.2336689 -0.61394006
1547 0.8590359 -0.61201054
423 7.2194085 -1.2871448
508 -0.06694998 -1.0399634
1668 -0.108858295 -0.8704729
94 -0.32954964 -1.8406342
944 0.70926744 -0.71073854
1817 -1.2097558 -3.5922892
1830 0.8534902 -0.5969704
1218 0.10169152 -0.96955234
1678 -0.94932264 -2.6533082
1065 6.8230457 -1.28372
322 4.9938135 -0.92059636
987 0.75611895 -0.7209523
1075 1.0313793 -0.5585081
333 4.8625197 -1.0701113
231 3.617515 -0.8940959
107 5.645406 -1.015262
385 0.7254921 -0.607517
1553 -1.3825611 -4.3493495
862 0.52922714 -0.71784234
312 -0.31472802 -1.837373
942 -0.73786116 -2.656072
1013 -0.75492233 -2.3906713
288 5.8910165 -1.0899907
744 -0.31963816 -1.5884262
395 3.611278 -0.8775112
750 -0.45132196 -2.2027836
1870 0.8493703 -0.61357147
304 3.520889 -0.87195337
1282 5.816807 -1.1082886
176 -0.07080123 -1.4914029
1971 0.68935174 -0.66569906
1779 -0.09376274 -0.86046845
1310 -0.46160707 -2.194451
163 -0.08724901 -1.5366528
1474 0.45454526 -0.8298532
736 -0.07656387 -1.0929236
309 5.9191246 -1.0975567
449 4.8402505 -1.0605353
1348 -0.73268366 -2.6380885
1795 0.45443052 -0.8245203
318 -0.31164283 -1.8229684
896 -0.10740741 -0.86673397
1340 1.0262408 -0.6278487
1275 1.2555066 -0.61200243
1619 -0.96793354 -2.739086
462 -0.3059182 -2.0204208
1475 -0.7313513 -2.3587298
335 6.0014644 -1.1173209
203 5.6253047 -1.0171019
1828 0.36572087 -0.85781556
199 3.1060815 -0.7021868
429 0.38256305 -0.9128225
464 0.3790383 -0.9062658
452 -0.29182127 -1.9282378
1863 -0.44808266 -2.1773238
1826 1.0492352 -0.5650498
1267 0.8515822 -0.60560286
1327 1.0487887 -0.559336
149 0.3596669 -0.92037517
1308 5.9407206 -1.1280346
1676 0.69492024 -0.65850574
1703 0.09822706 -0.969024
272 3.5212588 -0.860922
404 0.0062182588 -1.4170781
1618 -0.7407768 -2.7189565
466 5.7189326 -1.0297459
718 -0.9402493 -2.6115532
1767 0.09375392 -0.95434564
499 -0.23202553 -2.0235708
1019 -0.75243664 -2.7380762
53 5.6453257 -1.0109805
1888 1.0267005 -0.61666524
41 -0.3214363 -1.8568282
348 3.5457003 -0.8711364
1937 1.0480156 -0.5613224
1878 5.7382584 -1.0969576
369 3.0162046 -0.67883074
259 1.9346161 -0.5931387
6 0.88103044 -0.5526334
350 0.79679084 -0.5852412
627 -0.06725337 -1.1297817
1682 0.85080314 -0.60551405
317 1.945445 -0.60972047
301 1.3381069 -0.53441405
1495 1.0360636 -0.5615454
211 5.4406314 -1.1023358
1055 -0.11473276 -0.90408957
416 1.677047 -0.5735092
190 5.874503 -1.083349
276 0.7390431 -0.60825986
434 5.4011717 -1.0956327
975 0.7441699 -0.7258591
1637 -0.57322514 -2.4350011
1989 1.0344697 -0.6175926
1397 -0.7459661 -2.690302
364 5.4465537 -1.1216817
435 5.547332 -1.124352
269 3.553536 -0.8693585
294 5.8086567 -1.0736159
193 1.932433 -0.58260643
1790 -1.4677413 -4.5531383
352 0.84307563 -0.5632842
1804 1.0117167 -0.627512
1684 1.0374268 -0.6265185
402 -0.27686623 -1.916025
441 3.1223547 -0.69822717
1882 1.0304185 -0.6192955
362 5.7249565 -1.0377083
25 -0.25102967 -1.9208502
286 0.4784155 -0.62464136
1891 6.7172933 -1.2625351
327 2.5575845 -0.6662358
492 0.052985325 -1.3530765
1836 0.44889015 -0.8375877
1460 -0.43577147 -1.6832782
334 -0.23582928 -1.9110328
1358 -0.35973522 -1.4902248
1811 -0.9891889 -2.9356675
1723 -0.5633094 -2.192857
1564 0.849736 -0.6075932
479 1.2658128 -0.5499437
1148 -1.4533397 -4.513091
483 5.648724 -1.0102965
400 0.28803223 -0.91751975
1345 -0.44323972 -2.1436977
182 3.619014 -0.8963874
459 0.37932146 -0.9009129
1347 0.11394991 -0.9599661
298 2.543945 -0.65724146
422 0.8020868 -0.58626515
264 3.1606688 -0.7109694
1424 1.2438623 -0.61527187
1990 5.89229 -1.1211557
1386 5.7753205 -1.101054
431 -0.3390356 -1.9085675
465 0.49848977 -0.61954916
1029 -1.2302192 -3.6344533
485 0.29430673 -0.9262806
1664 0.42858613 -0.83500063
1614 6.7593827 -1.2609026
473 1.9455723 -0.58011836
396 0.82273966 -0.5927687
437 5.449824 -1.1116301
1925 0.5183539 -0.7332853
370 5.575888 -0.99388134
91 -0.24316189 -1.9428514
241 0.23096424 -0.73031926
413 7.0458307 -1.2605689
421 0.802896 -0.57672155
196 -0.08355862 -1.5226555
1349 0.5064725 -0.7226519
326 1.9789813 -0.6122139
1742 5.576657 -1.0639497
806 -1.4198782 -4.4494767
18 0.3764751 -0.8971982
56 -0.067635775 -1.4837366
1953 -0.93473125 -2.6443934
1307 -0.055476226 -1.0737938
1170 6.648361 -1.2424929
213 1.9914962 -0.62611854
233 1.9739218 -0.59812206
1113 -0.11093849 -0.8679658
1458 -1.4418278 -4.5158863
1372 1.0319531 -0.62811655
230 2.5146663 -0.65143365
17 -0.08637149 -1.5369294
354 7.062939 -1.2608613
1362 6.6048923 -1.2436311
409 0.3115201 -0.9318887
1395 0.90869534 -0.6475665
1761 0.08859898 -0.9362832
665 -1.41891 -4.4123893
1330 0.5442129 -0.7157288
1302 -0.32118565 -1.5961536
877 -0.44286302 -1.73507
1951 1.0370718 -0.55143774
633 6.643522 -1.2440329
343 -0.124827884 -1.8024422
475 -0.118978836 -1.8017573
454 -0.24240817 -1.9407457
822 -0.44080284 -1.7158233
387 0.55803865 -0.7296124
215 1.9362477 -0.5949925
1981 -0.93375283 -2.746409
372 0.30541223 -0.9372328
320 -0.24688889 -1.9242007
1007 -1.431531 -4.4231296
1086 -1.4292353 -4.444873
338 5.806497 -1.0684441
144 -0.24090666 -1.9110092
1984 0.68489677 -0.67311114
392 0.7672413 -0.60354173
476 0.30303267 -0.9276863
300 5.5785837 -1.1292605
1574 -0.9959705 -2.727339
1815 6.7127824 -1.2577193
265 1.3175888 -0.549752
1935 -0.29572955 -1.5249114
809 6.6453323 -1.2317835
388 1.276805 -0.54759234
1706 0.6970924 -0.67839485
386 1.2687268 -0.5371145
1074 0.10697673 -0.9603989
243 1.2832788 -0.54914373
235 -0.3300801 -1.8713082
1076 -0.7522166 -2.4347396
1672 1.0255502 -0.6247736
1117 5.6972904 -1.0866891
131 5.6346745 -1.0169164
1998 1.0276136 -0.6342136
1690 0.10373887 -0.97540945
1575 0.43496004 -0.8290738
410 5.635823 -1.0127921
1541 0.37067607 -0.84532076
255 5.744166 -1.054204
358 0.53765684 -0.75645477
401 0.19754587 -0.81741434
1819 -1.4166418 -4.4006023
273 4.7592177 -1.0438522
432 0.81518334 -0.58540964
1185 0.8459764 -0.6041545
1917 -0.28016233 -1.3470074
1400 -1.4320424 -4.492719
469 1.2588954 -0.54223585
96 5.414154 -1.0975685
162 1.2945336 -0.53947884
189 5.499833 -1.1159865
1272 5.7716155 -1.0964407
1566 0.5316938 -0.6927979
110 -0.119350135 -1.791773
1727 -0.8566823 -3.0675137
285 0.83120733 -0.5654443
397 5.7387886 -1.0305953
207 2.5288363 -0.6662257
1724 6.5044775 -1.2317924
669 6.6427784 -1.248097
316 0.5043811 -0.61881644
867 -0.08417856 -1.082528
1519 0.55092597 -0.6960653
1916 -0.29171622 -1.5013947
99 -0.10888078 -1.7612172
411 1.9563826 -0.5916425
486 1.9596288 -0.5926103
1368 0.53763044 -0.6999805
1907 0.91602826 -0.6541642
1344 6.888023 -1.2959578
299 -0.32400188 -1.8490548
419 1.2568616 -0.527426
1078 6.611464 -1.2333947
642 6.682299 -1.2563004
1939 0.5491119 -0.7060536
1598 0.74287415 -0.72775
1930 0.99802077 -0.63004106
440 0.22797222 -0.7793445
1849 5.7807484 -1.0979166
383 0.52977765 -0.6148585
1580 0.9046794 -0.64726985
581 -0.29176658 -1.5052909
426 1.9584635 -0.59771806
1108 -0.29590303 -1.5022346
229 3.152566 -0.7198784
1487 0.91126525 -0.65518916
1090 -0.9454342 -2.7938766
474 0.51047516 -0.6052905
148 1.3186691 -0.5374859
384 0.5351615 -0.7128024
488 0.5033503 -0.6084948
480 1.271513 -0.54636914
1526 -0.009375846 -1.0755973
405 0.2144779 -0.8179404
738 -0.2950268 -1.5130396
1524 0.8750476 -0.60558
412 0.5695933 -0.7156517
355 0.54608405 -0.73938024
1539 0.8887684 -0.653882
406 1.266841 -0.5524605
403 -0.109466866 -1.7656384
1894 0.087862045 -0.9598903
1974 -0.8302216 -2.9290383
261 1.2855537 -0.5426725
1855 0.92230964 -0.64920205
487 1.2836056 -0.5520074
842 6.6643586 -1.2444279
408 0.31144965 -0.9318768
1734 0.90864354 -0.64058846
984 -0.30374515 -1.5630466
1875 1.0406749 -0.562335
1903 -0.29796275 -1.508265
1244 6.7228904 -1.2617686
1153 -0.44977453 -2.0032094
345 1.2726556 -0.5382654
491 0.3248777 -0.96301603
446 -0.020997526 -1.4457481
266 2.6046906 -0.68592083
1752 0.35611504 -0.8502585
470 0.33697003 -0.96630394
1965 -1.4592582 -4.515824
1214 0.5314865 -0.678987
275 0.54162055 -0.74267775
1522 -0.4291898 -1.9635724
1829 0.92996 -0.6616772
331 -0.12075604 -1.7740854
1234 -0.29031742 -1.5048965
460 -0.016640954 -1.4587952
254 2.5895312 -0.6772822
368 0.30112615 -0.9317321
433 0.5638779 -0.72475517
1738 0.34041828 -0.84654486
1492 0.8916083 -0.6467805
281 5.6954255 -1.0253022
1213 0.5668314 -0.7175069
414 2.5535345 -0.6585491
1154 -0.4549265 -1.9924295
1631 -0.44001734 -1.9655464
457 0.4488424 -0.81490767
436 2.5211213 -0.6582202
1592 0.5406683 -0.69562453
1624 0.8947845 -0.65090424
1931 0.66673577 -0.67698795
134 -0.326815 -1.8361953
450 0.45653352 -0.8161254
494 3.6416605 -0.8741087
1755 -0.4512553 -1.9897121
1731 6.4871244 -1.2075244
1145 -0.47203705 -2.0609725
1890 0.651818 -0.6768963
732 -0.95390314 -2.802929
489 0.45587367 -0.8153133
175 -0.32438296 -1.8532257
448 -0.0821704 -1.4993627
1332 -0.9380494 -2.7172482
1361 -0.29497966 -1.5127419
1959 0.8298819 -0.6149283
1911 -0.97461236 -2.8460805
177 -0.07650136 -1.5009472
1194 -0.9175158 -2.6695144
194 -0.07226945 -1.4732804
1141 -0.90210575 -2.6176023
1314 5.001436 -0.775517
32 -0.064386 -1.45593
1853 -0.29188165 -1.4914694
1471 6.420119 -1.0536307
1872 -2.017031 -6.6871696
1520 3.8537803 -1.0842462
1708 4.073895 -1.0781833
1956 6.2897625 -1.3589971
1650 4.2326465 -0.61915344
1172 4.195584 -0.6089101
1922 5.251772 -0.8542642
1803 6.935351 -1.3065567
1728 6.5788713 -1.0896127
377 -0.0694413 -1.459764
1719 -0.634015 -3.6126204
1987 -2.3084779 -7.5556216
1792 5.0868716 -1.1086663
1887 4.3324814 -0.63263464
1455 0.538399 -2.1895204
1365 6.9088397 -1.2495093
1970 -2.2604003 -7.3699265
1879 -2.6630714 -8.7067795
1364 5.0158014 -0.7850447
1562 6.883485 -1.2501663
1712 0.099669136 -2.2369049
1550 7.189001 -1.3459665
1513 5.42254 -0.8750542
1756 0.55481094 -2.1980844
1494 6.3393397 -1.3675979
1986 -2.1269162 -6.9131346
1286 7.087473 -1.336467
1827 0.23917751 -1.5619626
1748 3.9696631 -1.1143471
1846 0.7378283 -1.2350764
1443 0.76927805 -1.244317
1973 4.906576 -1.0695058
1848 5.4511743 -0.8740027
1862 5.1935663 -1.1282841
1927 -1.9746449 -6.558366
1730 0.74693775 -1.2439405
1699 -2.1063707 -6.8443913
1807 5.349442 -1.0080278
1691 1.8935046 -0.85949606
1571 4.111693 -1.0598722
1540 0.52803415 -2.182477
1521 5.353534 -0.86553586
1787 5.040334 -1.092893
1337 6.9594936 -1.3124495
1773 4.237053 -1.1012285
1918 -1.618413 -4.955745
1561 6.7979712 -1.2355202
1854 5.4035573 -0.87873167
1982 -2.1329618 -8.43128
1995 3.9328067 -1.105919
1765 -0.6381129 -3.5721858
1945 -2.310395 -7.552845
1409 4.1614723 -0.61620563
1466 6.515222 -1.067804
1881 -0.62328744 -3.5513442
1754 -1.1825389 -4.933567
1447 6.4591475 -1.3937645
1967 6.5572176 -1.0834022
1977 5.4450006 -0.880702
1589 -2.1223328 -6.8662314
1394 4.326538 -0.6335208
1675 0.25422078 -1.5786799
1952 0.095061965 -2.2669692
1563 1.9031421 -0.8603449
1928 5.123575 -1.1222593
1813 4.225098 -0.6193327
1933 -2.751165 -8.592433
1913 5.531753 -1.051184
1433 6.423611 -1.3842113
1944 -2.263493 -7.4068785
1389 0.7843846 -1.2465208
1822 -2.0145292 -6.5758023
1895 1.482324 -0.88044316
1825 -2.0676575 -6.8521733
1949 5.59173 -1.0550685
1905 5.3772945 -1.017532
1865 5.507912 -1.0454273
1769 6.3319826 -1.0350718
1948 -2.2634761 -7.416875
1472 3.920342 -1.0991969
1864 5.0025363 -0.7754776
1897 5.0416474 -0.7930389
1993 -2.0775251 -8.125863
1543 6.8474927 -1.243378
1735 6.61223 -1.0920745
1747 4.2547994 -0.62609553
1516 4.9443626 -0.77694386
1721 7.0024242 -1.3202308
1581 -2.1284375 -6.8663297
1963 5.2908216 -1.1519275
1960 1.8884192 -0.84798676
1576 3.7823691 -1.0627258
1700 6.479096 -1.0533632
1701 7.022734 -1.3176745
1440 6.2323875 -1.3493015
1843 -1.1867048 -4.9337163
1950 6.7264233 -1.2166703
1842 0.10107515 -2.2267177
1279 7.0187635 -1.3223182
1923 6.6836247 -1.2104951
1437 6.5192013 -1.4039285
1957 0.24610074 -1.5561177
1710 4.188194 -1.0844392
1934 6.395019 -1.3793315
1442 6.4331985 -1.3979833
1390 -2.0597563 -6.658862
1488 0.5477481 -2.2261379
1714 0.09793768 -2.2395418
1994 0.09797713 -2.258409
1914 -2.0992637 -8.225937
1979 0.24137807 -1.5674835
1398 5.0378265 -0.7790846
1707 1.9217359 -0.862408
1938 5.3894725 -0.87098885
1428 6.8973804 -1.2915839
1774 4.1488976 -0.60159534
1924 6.2667456 -1.3418888
1533 3.8790746 -1.0959688
1873 5.001947 -1.0853662
1785 -2.6335983 -8.171195
1273 5.323182 -0.86278605
1919 -0.635722 -3.5712738
1463 0.7440595 -1.236557
1411 4.354342 -0.6224021
1788 4.178386 -1.0897485
1980 1.870316 -0.84318924
1584 1.9301468 -0.85121816
1859 -1.6799937 -5.121446
1512 1.9071095 -0.84953004
1634 0.25584427 -1.5753009
1645 0.75012624 -1.2404681
1651 -2.003269 -6.488406
1517 -2.03096 -6.5880394
1991 0.2579721 -1.567505
1841 -2.1054313 -6.839168
1947 0.5440591 -2.2497325
1943 -2.0553026 -6.653481
1833 6.387835 -1.3652223
1798 -2.0140734 -6.678493
1713 7.036935 -1.3160825
1405 6.645282 -1.203394
1955 3.8059251 -1.0659527
1900 -1.1515788 -4.778433
1776 6.629696 -1.1952693
1791 1.4841367 -0.86000055
1740 4.9004464 -0.7583768
1840 -2.080087 -8.194085
1901 -2.0871537 -6.773166
1866 0.0967652 -2.2506866
1868 6.4512434 -1.0545585
1733 4.8982444 -0.75741696
1964 5.355993 -0.87098026
1496 6.5676894 -1.198976
1857 1.4874616 -0.8599529
1051 4.278839 -0.6369873
1718 6.7292476 -1.2157605
1775 6.5378566 -1.0724931
1831 -2.1112845 -6.8601165
1593 0.775856 -1.2414131
1942 6.800207 -1.2365168
1656 5.347375 -0.86961305
1173 4.3247433 -0.6424171
1834 3.9372973 -1.104993
1837 -2.524568 -7.607222
1908 -2.6902072 -8.398464
1322 4.1988235 -0.6127111
1642 4.0781193 -1.0761482
1555 5.092246 -0.7873308
1962 6.427894 -1.0600159
1667 4.150659 -1.0899279
1445 4.2213774 -0.61384106
1996 -2.0495934 -6.65531
1972 -2.094979 -8.27034
1839 6.4351206 -1.0566887
1317 4.169753 -0.6137723
1717 0.5460707 -2.2018669
1946 6.3904395 -1.378861
1636 4.9830804 -0.7758476
1821 4.870715 -0.75111544
1861 -1.168033 -4.9323273
1532 -2.0824132 -6.7246757
1793 0.2451403 -1.5767927
1560 5.349955 -0.87219465
1715 -0.6572133 -3.687794
1557 6.3380356 -1.373914
1725 6.4506865 -1.0571518
1968 -2.4883144 -7.487872
1818 5.441047 -0.87129754
1941 -2.2909772 -7.811569
1720 1.44022 -0.85058093
1906 5.3743033 -1.0208255
1838 -0.62418056 -3.506187
1794 6.915608 -1.2997285
1665 -2.1451972 -6.973655
1615 4.1481977 -1.0967256
1784 1.8884454 -0.8562375
1893 0.5385018 -2.1913218
1483 3.8959587 -1.0999223
1681 1.4538498 -0.8552879
1680 6.7269483 -1.2209276
1958 4.222546 -1.1081648
1823 3.853463 -1.0799694
1929 6.935825 -1.3021812
1896 -2.667598 -8.335863
1921 6.428736 -1.0640318
1499 3.7791631 -1.0673906
1401 -2.1612465 -6.9607825
1603 6.408133 -1.0557107
1766 5.3069034 -1.0081048
1623 6.533021 -1.1942762
1954 5.0662084 -0.790342
1797 1.4817468 -0.86016226
1856 -2.4947977 -7.4921846
1844 0.7695008 -1.2645981
1626 0.7509334 -1.217422
1999 -2.3106637 -7.87331
1778 6.92983 -1.2496979
1093 4.1850433 -0.6165805
1452 6.4323964 -1.3854713
1758 5.549836 -0.89273673
1915 6.4240828 -1.3712486
1687 5.2952323 -0.8529031
1983 -1.8181894 -5.494725
1572 -2.1420918 -6.9722185
1764 3.9435034 -1.0350852
1590 6.970487 -1.309824
1883 -1.6409589 -5.0209374
1552 5.012259 -0.77596134
1743 3.9051616 -1.1014612
1809 1.4415699 -0.854388
1341 5.254512 -0.847833
1523 6.386505 -1.0389832
1630 0.2585018 -1.5534158
1781 -2.00687 -6.660884
1704 -2.0992815 -6.8193793
1693 -1.1842116 -4.9605384
1304 4.969484 -0.772032
1535 6.3222175 -1.3558512
1801 -1.1809307 -4.9532733
1450 1.899603 -0.8455227
1607 4.991437 -0.77734697
1685 5.329374 -0.8686687
1808 3.9054916 -1.1044573
1832 4.8979163 -1.0753424
1696 1.4671577 -0.8725404
1694 -0.6453258 -3.5948741
1871 5.047046 -1.0991948
1644 6.6570415 -1.252877
1997 -1.6851143 -5.1234884
1880 5.3686967 -1.022235
1639 3.8853154 -1.0897694
1686 -2.1066897 -6.8337016
1438 4.22974 -1.0875357
1515 -2.194242 -7.095331
1885 5.249728 -0.9875238
1480 4.0963883 -0.59807676
1852 4.960786 -1.0776473
1884 6.831863 -1.2808703
1371 6.649314 -1.2023042
1806 0.09699684 -2.2267537
1688 4.242803 -1.1050444
1577 4.1164446 -0.6121935
1782 0.53574353 -2.2167013
