500 2
43 1.5486945 0.19807716
69 1.6559151 0.16740544
150 1.0181721 0.36538386
149 1.0226272 0.36197814
59 1.0117362 0.36146387
38 0.07992894 2.1953242
138 1.5874274 0.17704113
159 1.0384654 0.3669948
145 1.0267648 0.35733414
114 0.07556018 2.2172036
84 1.0196748 0.36320233
85 1.0185736 0.36449692
212 1.0262382 0.35537067
196 0.065673605 2.208122
30 5.0268617 -0.37614712
401 1.6430839 0.16249253
58 1.0231384 0.35439077
47 1.0204797 0.36643207
156 1.0284749 0.35616165
163 0.06606162 2.2234025
305 7.8319345 -0.4223005
88 4.974972 -0.3711941
16 1.0167044 0.3577806
178 1.5703347 0.20436123
366 7.627574 -0.40723705
103 4.954177 -0.35853842
97 5.021752 -0.3751011
143 0.075273655 2.2243178
107 0.070841976 2.2634156
186 4.9305277 -0.37068397
5 0.08152911 2.2110355
35 0.07474462 2.2321074
194 0.0799624 2.21566
73 4.9324617 -0.3545757
136 5.0244927 -0.3569384
82 4.989881 -0.373235
12 1.0218887 0.3618365
49 5.0170383 -0.3789511
137 0.073069066 2.218762
90 5.2198763 -0.112562835
116 4.9912205 -0.3568516
235 0.7682273 0.786933
281 7.729742 -0.4169092
6 1.6547023 0.18133163
227 0.073139325 2.2223086
249 5.203158 -0.11349807
265 1.6656578 0.18726575
70 5.124884 -0.11277144
222 0.499683 0.90577936
251 0.06906348 2.2481015
403 7.7674537 -0.42400876
343 0.48200342 0.9165165
314 7.655636 -0.4155438
42 0.07543319 2.2164917
25 -0.26156482 5.2741847
448 1.5768627 0.1902562
31 5.054358 -0.3847163
96 8.17577 -0.5004812
225 7.5210614 -0.54808974
141 7.704835 -0.41210687
262 1.5319984 0.18979728
164 1.5868704 0.43625832
52 1.5488071 0.17015348
68 0.26569673 2.7498732
113 1.5898714 0.4450731
121 -0.28050256 5.5935335
51 4.964018 -0.37162548
14 -0.26340806 5.2013073
193 0.7852443 0.8063053
256 1.5967944 0.4395131
269 0.07374124 2.217718
268 0.7756195 0.7900492
300 5.168628 -0.1108947
304 0.4960159 0.90543747
162 5.216566 -0.12267087
122 0.7727801 0.8099517
179 1.5932333 0.4567377
491 7.4842496 -0.55499923
177 1.66745 0.16284408
315 1.5783931 0.45060587
118 0.78957415 0.78695095
389 1.7356364 0.16386358
258 5.1391726 -0.109002955
287 5.114325 -0.104294844
192 7.39431 -0.39753544
171 8.061665 -0.49646303
219 1.4990369 0.22531834
195 0.77875036 0.8015532
247 0.4803228 0.89992106
153 1.5920191 0.454926
4 5.0064054 -0.3736386
168 1.5744869 0.17127131
223 5.1212378 -0.11461159
450 0.24782634 3.2345347
89 1.034366 0.3606306
139 7.5743184 -0.40362766
245 0.26887718 2.7465885
238 0.7980756 0.7723997
170 4.9325223 -0.35925812
375 5.136378 -0.10993053
106 -0.28321066 5.588508
369 7.404947 -0.39893103
78 5.153814 -0.111323774
111 -0.26980677 5.547807
271 8.030397 -0.48299378
92 1.6045347 0.4477301
243 1.5839466 0.45263237
328 0.50199705 0.90969753
206 1.4799232 0.2398037
319 5.1406126 -0.12066806
18 8.11993 -0.4916837
102 5.095812 -0.10904255
301 7.999267 -0.4873141
279 8.009871 -0.48651886
72 7.3594556 -0.53647566
131 7.9994187 -0.48397735
13 7.301103 -0.53766817
94 -0.28315648 5.6324124
444 1.6636492 0.17014606
221 7.432406 -0.551187
456 0.24056338 3.2244527
292 5.05877 -0.105385646
209 4.890635 -0.3681756
93 0.7706768 0.7955152
65 -0.27709118 5.5437183
112 0.26766643 2.7647564
169 1.6123148 0.448604
211 1.551778 0.44788232
374 1.6171848 0.18493669
230 0.5040145 0.90680426
437 1.5487797 0.17259906
303 0.77978694 0.7792998
261 0.7690916 0.79875135
55 0.77410805 0.79780626
311 0.79306495 0.7867099
473 -0.27897847 5.6577597
410 1.496575 0.22787212
37 0.7606733 0.8061837
152 1.5963392 0.4507562
276 1.5838435 0.45302004
60 0.4912595 0.9124865
229 0.7697279 0.7824449
99 0.25379804 3.257781
11 0.7853529 0.7912848
217 0.4890902 0.892287
278 7.6282787 -0.4103027
174 8.026618 -0.4813461
20 1.4939342 0.22709297
332 -0.033743918 7.3965397
376 -0.2720001 5.1839676
270 1.5091709 0.22700337
313 -0.25748596 5.0885854
54 0.40330982 2.0891216
394 7.2245574 -0.53880376
71 0.48917177 0.9096487
191 4.9426665 -0.36937898
202 0.5068693 0.890437
334 0.40320784 2.1320941
264 0.24800904 3.2500236
24 0.24812977 3.2890358
183 -0.29572996 9.950438
393 0.40102786 2.0982833
242 0.24776553 3.239503
404 0.2719241 2.7581937
48 0.51099867 0.9081438
387 0.24649967 3.264182
158 -0.30189914 5.7037506
248 0.4025689 2.0985832
147 -0.03130713 7.188073
134 7.517777 -0.54719037
115 0.7631576 0.81225514
479 -0.30379963 5.8002644
284 1.6049259 0.446931
487 1.50598 0.22643593
74 1.589647 0.4445975
474 7.3249226 -0.5457408
63 0.39954305 2.1141777
322 1.509918 0.2328218
288 0.401223 2.1082413
442 1.5405133 0.19619064
175 7.4154105 -0.546737
182 0.40057817 2.1240633
289 0.075297125 2.219346
253 1.5672411 0.18246357
263 0.2672383 2.7277277
220 1.0374992 0.3492739
398 8.16442 -0.49835196
204 7.957912 -0.4815933
185 1.5934975 0.44641215
28 -0.27897537 5.4787993
189 0.26895657 2.7016854
218 -0.265838 5.203839
362 0.5074222 0.90263635
331 -0.2503301 5.346369
370 -0.027292907 7.0758204
126 -0.27581215 5.495997
379 1.5592234 0.19192448
128 -0.03456542 7.1837754
184 1.5998013 0.44618535
9 7.5643816 -0.5660842
32 0.39749625 2.0881908
7 0.2719822 2.7527199
213 0.2768233 2.7245917
324 1.6643262 0.1894772
10 0.26395214 2.7676847
161 -0.027572548 7.1069293
267 -0.027334446 7.117535
56 -0.25109014 5.2765465
188 5.13301 -0.11139737
8 0.39203513 2.1006896
335 8.019435 -0.49389198
367 0.26128256 2.701263
45 -0.034842778 7.1435065
306 0.24375969 3.2166212
441 -0.28380832 9.679292
127 8.204255 -0.5002541
310 -0.29585204 9.882053
176 0.064748384 2.2358396
425 0.24224849 3.2266204
157 0.24302123 3.255606
36 0.40072268 2.0823174
166 8.10149 -0.48912978
340 -0.28955057 9.78793
399 0.49376297 0.89504135
239 -0.27360332 5.6063557
130 7.3898387 -0.5433097
109 8.161229 -0.495625
273 -0.29741123 9.820702
144 -0.23955092 5.1391077
364 0.50250113 0.9059947
39 -0.02982151 7.1547327
323 1.5907589 0.45436606
326 7.3088374 -0.53792983
26 5.066715 -0.1042228
381 -0.23449841 5.1858006
449 -0.291842 9.722427
190 -0.031689256 6.995127
348 0.50662696 0.9091924
83 0.2671115 2.7598598
294 -0.25367558 5.052427
44 0.26914242 2.7210042
120 -0.2852156 9.702382
228 0.27338976 2.7714155
234 0.39345 2.0741916
237 0.40300202 2.103622
173 0.49539605 0.9039707
377 1.5468376 0.20398867
255 1.5314765 0.22143392
282 -0.031965394 7.213317
151 0.4045918 2.0615659
201 1.0187567 0.36273113
430 -0.26797834 5.534531
76 0.062259745 2.2752314
337 -0.027239097 7.256258
244 0.27109742 2.7514615
91 7.4322734 -0.417293
154 1.5256072 0.18402132
385 5.3101416 -0.12136369
358 -0.2472818 5.125458
57 1.6104379 0.44406006
259 -0.28866196 9.785918
199 0.25427172 3.2252207
368 0.2374716 3.2585692
392 1.5482372 0.18684427
317 0.26506695 2.7393618
386 -0.25135136 5.22228
254 -0.2330448 5.0997796
67 -0.25458634 5.241496
34 1.013537 0.3580178
359 -0.026112137 7.030688
187 -0.2884051 9.626772
395 -0.24909554 5.216613
19 0.23357914 3.1752694
471 0.40347135 2.1418417
207 -0.032777864 7.14334
277 0.79011977 0.8014655
197 -0.2510184 5.3069215
105 -0.030330533 7.0427036
342 -0.2871041 9.610546
434 0.26910934 2.729249
455 -0.2880103 5.438007
443 -0.26495856 5.5096054
216 -0.28278378 9.573637
397 1.5692812 0.20062216
124 -0.25371242 5.215658
81 0.3958492 2.1166177
236 -0.2487867 5.020152
86 -0.28247175 9.578167
424 1.5415436 0.20150293
155 -0.27938026 5.5934577
40 -0.25564232 5.0390053
378 0.7627971 0.80928457
418 0.40226498 2.128916
50 -0.28359547 9.692507
77 -0.2535941 5.1413484
416 8.021791 -0.47963592
22 4.9232683 -0.3651709
66 -0.2893735 9.785739
133 0.24483748 3.257974
347 -0.261512 5.3109107
17 -0.2551951 5.1258063
203 -0.26635766 5.1816273
226 0.06574412 2.2282004
146 0.24362293 3.2358482
80 7.9914546 -0.477403
3 7.927572 -0.48821792
21 0.24739726 3.2477024
461 0.4072668 2.1268818
351 1.6202849 0.45334777
117 -0.25181246 5.277565
297 -0.2843712 5.639121
214 -0.2775762 5.495893
95 -0.025558963 7.0505314
198 -0.285754 9.66093
308 7.332322 -0.5492932
64 4.884979 -0.38443625
132 1.0276936 0.35912406
459 -0.24107417 5.248056
433 0.4053047 2.0971913
240 -0.25870073 5.169283
148 -0.027800689 6.8797593
1 -0.2923213 9.542739
372 -0.2529889 5.2644525
432 -0.24429551 5.2843747
215 5.194583 -0.38948736
125 -0.25049597 5.240073
316 -0.018664397 6.9876304
0 -0.28068885 9.5539255
208 0.065211006 2.2284677
293 -0.24849501 5.0270243
200 -0.2649489 5.146934
283 -0.2840994 9.478348
205 -0.2697367 5.5317597
23 0.40167707 2.089087
489 -0.25275904 5.401363
445 -0.24339205 5.176657
46 -0.027903106 7.0676517
250 7.886769 -0.48876008
486 -0.2690876 5.5232897
454 -0.24631406 5.0753207
286 -0.24500014 5.2881866
233 -0.26278827 5.117857
180 -0.2418302 5.183219
160 1.0257305 0.359352
280 -0.24633475 5.312872
429 -0.26878974 5.1852922
246 -0.2563315 4.969049
298 -0.2434488 5.0536675
123 -0.2572424 4.9976115
108 -0.26576447 5.2906356
407 -0.25404286 5.2708483
260 1.5189192 0.21255596
165 0.76951146 0.7965596
274 7.167973 -0.52764946
181 7.096332 -0.52184397
210 5.029483 -0.11222332
241 4.9487147 -0.10242671
101 -0.28281495 9.449634
312 -0.2657668 5.209566
423 -0.26442736 5.17254
390 1.6292117 0.17095579
15 1.5211911 0.19530919
333 -0.029966079 6.9933248
87 1.5150467 0.22375908
62 1.5883361 0.18097335
349 -0.267874 5.1858206
41 6.26278 -0.3938666
336 1.4780807 0.21355797
2 1.6820502 0.17347391
142 1.6719376 0.16962083
224 5.0061755 -0.09550852
119 1.6065876 0.17354567
422 0.49076995 0.9055771
104 1.6079018 0.18946987
330 1.5936673 0.19360292
257 1.0332774 0.35882097
415 5.2377033 -0.11669439
388 4.9578075 -0.36707935
290 0.06344598 2.2439413
494 5.070729 -0.111480124
498 5.039801 -0.11185872
419 5.055139 -0.11723835
440 1.0278752 0.35928378
27 1.5833322 0.1737107
272 1.0474364 0.35993296
428 0.49641338 0.91175264
405 7.10366 -0.38423264
460 0.0649578 2.2549558
426 1.0330397 0.35673654
98 6.602113 -0.35529768
299 1.0533695 0.3543942
452 7.6177125 -0.46491203
465 0.5005729 0.90239525
446 1.6349362 0.45532355
417 0.7719895 0.8145143
466 0.76837146 0.80472
296 5.092225 -0.3838003
477 4.932447 -0.3655629
325 0.4929996 0.9078604
451 0.26703063 2.8750885
406 1.6195601 0.4377829
476 5.094812 -0.10475839
252 5.015095 -0.36349884
344 0.07235083 2.2703154
435 0.06897492 2.2351713
414 5.028976 -0.36992782
480 6.957964 -0.36879084
61 6.501111 -0.3493476
436 4.9486117 -0.3678124
383 5.0196595 -0.37931284
483 0.4075692 2.2082913
447 1.646891 0.46589938
129 0.5129975 0.904281
396 0.07368732 2.2741544
464 0.7899851 0.7929942
496 1.0515894 0.35333315
371 0.06940666 2.2812567
412 1.6151339 0.45252568
453 0.064808 2.2433481
413 1.7200791 0.17759615
499 0.4046264 2.089735
327 6.5779905 -0.3516701
352 0.066747256 2.2567494
470 5.102581 -0.11992573
481 0.7799048 0.7847315
484 0.7905613 0.78473157
462 4.897978 -0.36656025
357 1.0372843 0.36451814
402 1.6147941 0.43547052
495 0.49184778 0.90032023
472 5.1654553 -0.11527593
493 1.6976218 0.17647529
382 1.0247073 0.35563257
53 6.626481 -0.36243352
438 0.76805115 0.7987325
482 5.0192037 -0.1111502
384 1.0374678 0.35552475
350 1.03554 0.35706797
363 4.954778 -0.360669
492 1.6355308 0.46416512
463 1.0399456 0.36205536
275 4.953319 -0.3767426
135 1.5768018 0.17848396
478 0.06851817 2.299875
295 0.07549758 2.2629297
266 5.006878 -0.37104306
231 6.7197475 -0.35411197
309 1.4516422 0.2195869
427 7.511626 -0.46048528
329 0.06847059 2.346694
468 0.7987171 0.7831372
345 1.5023377 0.2137674
431 1.0439378 0.35494447
353 5.0091295 -0.3725116
100 6.3276577 -0.3340005
172 6.3495407 -0.34020922
391 4.8944454 -0.3679862
420 5.0539436 -0.10680458
110 7.449096 -0.4523296
408 0.49738652 0.90803707
361 1.601703 0.43939108
380 1.043642 0.35186931
354 0.060923316 2.2906437
321 1.0301759 0.3540394
307 0.06429706 2.2751508
341 5.032445 -0.38018826
291 1.5506564 0.17379084
356 1.6184697 0.45230877
75 1.5493623 0.18714464
485 0.39650974 2.0937526
488 1.4582494 0.24254003
302 0.06602802 2.292275
346 1.0422269 0.36032265
360 0.06903675 2.2780685
33 1.5031831 0.18934588
457 7.4470944 -0.45937604
497 0.5149997 0.90544766
469 1.0365366 0.35293028
285 0.27475458 2.7679157
409 0.80906886 0.7759702
411 6.407254 -0.4733679
373 0.24554531 3.183503
339 1.0337397 0.356963
320 1.0327985 0.35894927
458 1.4449024 0.2580351
318 5.038135 -0.3933299
365 1.4279892 0.25009137
475 6.539001 -0.49723712
338 0.24309106 3.1135461
467 -0.015822427 6.5006256
232 1.023842 0.36329952
140 0.2806179 2.7376995
167 6.3760357 -0.46890378
439 0.7993039 0.80506027
355 1.6477754 0.44832435
29 1.4610955 0.23914407
79 0.28069487 2.711163
421 0.24959359 3.3221834
400 0.06154491 2.2592125
490 6.5842204 -0.4163704
