500 2
43 -1.153843 0.85887104
150 -4.955527 -5.176515
114 -1.9814208 -2.0431967
149 -4.952943 -5.1543856
159 -4.9289613 -5.129659
138 -1.1826087 0.72508454
59 -4.8929334 -5.095672
69 -1.1806003 0.7090748
38 -1.9550054 -2.0247245
212 -4.951786 -5.1438284
145 -4.9980683 -5.2089233
85 -4.9605575 -5.1651807
16 -4.9633255 -5.1620584
84 -4.9524536 -5.1564703
58 -4.933198 -5.1218367
196 -1.9496262 -2.0063217
305 -1.0366374 0.07310191
163 -1.980962 -2.0539296
88 -0.9888785 -0.07845839
30 -0.9743897 -0.081281364
401 -1.154293 0.7012626
47 -5.0010314 -5.2094293
366 -1.0254241 0.06392941
103 -0.984762 -0.07721857
97 -0.9806436 -0.07410858
143 -1.988613 -2.0519161
5 -2.0006886 -2.0652144
178 -1.1482184 0.8592191
156 -5.0576243 -5.268168
49 -0.98198813 -0.07227918
35 -1.9825822 -2.0411544
186 -0.9764739 -0.07704007
137 -1.9676816 -2.042015
82 -0.96386683 -0.083945386
448 -1.1847072 0.7332472
194 -1.9878583 -2.0542786
90 -3.6888185 4.321922
73 -0.97266436 -0.07370602
116 -0.9757272 -0.07375517
107 -1.9560733 -2.0231197
314 -1.0280396 0.07633565
227 -2.0022316 -2.0619297
136 -0.9824592 -0.090469964
52 -1.2032609 0.7419662
70 -3.725766 4.3706756
262 -1.1955937 0.74004525
12 -5.0583687 -5.2839394
251 -1.9623172 -2.0246758
343 -4.0372906 4.6501493
281 -1.0372015 0.067667186
96 -2.515091 2.5888734
25 -1.9601892 -1.501412
4 -0.9739095 -0.07076097
249 -3.6847 4.32258
68 -1.4381365 -0.40552518
42 -1.9841236 -2.0438204
113 -4.4035788 5.431328
219 -1.2276684 1.005499
235 -3.9781091 5.056056
269 -1.9790584 -2.0563903
31 -0.9715987 -0.07790707
168 -1.1862636 0.7218429
403 -1.0489991 0.05492423
118 -3.95637 5.048537
78 -3.6074796 4.227453
256 -4.3655496 5.3837
225 -4.0743637 5.1379523
193 -3.8924727 4.9667516
265 -1.1092517 0.7538649
164 -4.3694205 5.403929
287 -3.6337628 4.245008
223 -3.6480453 4.2726655
93 -3.9256296 4.992295
162 -3.6246197 4.238615
122 -3.864884 4.9398675
375 -3.7182612 4.3567348
410 -1.2435191 1.0160303
258 -3.638155 4.252522
195 -3.926527 5.0172005
222 -3.9132035 4.5095763
72 -4.006628 5.0649076
279 -2.4900239 2.5459795
6 -1.0981091 0.73478806
304 -3.8894963 4.4738817
491 -3.9414835 4.982775
271 -2.498206 2.55129
153 -4.2748013 5.267296
268 -3.8099265 4.877172
300 -3.6105487 4.2408543
238 -3.7653837 4.7985673
141 -1.0396245 0.07838622
247 -3.9327683 4.5338297
51 -0.9716362 -0.077236876
450 -1.5627244 0.6205813
13 -3.9957974 5.05423
14 -1.993214 -1.5121781
315 -4.3183765 5.322625
65 -3.3155923 -3.0978637
134 -4.025478 5.081835
60 -3.9585907 4.5675626
192 -1.0296079 0.0683934
171 -2.531386 2.60434
102 -3.5906184 4.2068787
152 -4.2858167 5.2792754
292 -3.5908213 4.2172976
301 -2.486625 2.5365968
121 -3.2996063 -3.0822155
319 -3.6373026 4.267064
311 -3.837043 4.8847904
270 -1.2150664 0.9856226
243 -4.344939 5.3685775
206 -1.2087067 1.0000696
245 -1.430871 -0.40352723
303 -3.862663 4.939701
139 -1.0385779 0.077457845
92 -4.2784896 5.2762423
24 -1.5582523 0.6107928
112 -1.4287419 -0.407673
389 -1.1368021 0.7157813
322 -1.2123318 0.9754165
89 -5.0568104 -5.246192
191 -0.9668337 -0.06742133
177 -1.1367885 0.7092335
487 -1.2092352 0.9797201
211 -4.2263446 5.207891
264 -1.5735098 0.61249256
209 -0.9691287 -0.07365988
328 -3.9036171 4.499609
229 -3.838095 4.8944173
54 -1.6414406 -0.89664376
437 -1.181225 0.71561545
474 -3.9095058 4.9477177
394 -3.9320729 4.963379
221 -3.9076927 4.943754
18 -2.461829 2.5122368
217 -3.9158618 4.5192385
37 -3.8362873 4.8737745
374 -1.1079807 0.7121397
185 -4.370119 5.375998
55 -3.7886612 4.8203773
230 -3.9012346 4.488446
170 -0.9588968 -0.08236113
362 -3.8941832 4.5037613
332 -6.089219 -5.977537
218 -1.9539486 -1.4804726
183 -6.282884 -6.285378
179 -4.30118 5.307023
99 -1.5354177 0.609624
169 -4.2623124 5.2466593
48 -3.9166865 4.510859
261 -3.9087448 4.9810925
175 -3.9693315 5.0156074
284 -4.300301 5.3061504
131 -2.497409 2.5440059
278 -1.0451676 0.062198717
20 -1.2333108 1.017457
379 -1.1912668 0.7355681
158 -3.586918 -3.408982
182 -1.6563395 -0.8964236
202 -4.0095315 4.625766
473 -3.564817 -3.3842707
376 -1.9353927 -1.4544845
71 -3.9379199 4.534926
479 -3.6590714 -3.4692287
456 -1.5689492 0.61898816
111 -3.2883399 -3.0771706
242 -1.5684574 0.6328319
9 -4.059866 5.136024
106 -3.212558 -2.9822366
331 -2.7115605 -2.3785968
393 -1.6355003 -0.87898177
11 -3.9081295 4.9909296
174 -2.506489 2.552714
276 -4.279897 5.3029404
63 -1.6305948 -0.8904694
248 -1.626896 -0.8658689
189 -1.4341896 -0.38877073
213 -1.4105935 -0.41151562
130 -4.005709 5.070524
94 -3.2432284 -3.0139787
441 -6.182161 -6.195429
444 -1.1484127 0.72379184
184 -4.31488 5.31544
220 -5.044265 -5.261564
74 -4.3510427 5.372482
334 -1.6340693 -0.8816541
56 -2.3400702 -1.9740357
324 -1.0990273 0.74585
313 -1.9408135 -1.4570224
340 -6.350645 -6.355718
398 -2.485825 2.5405343
57 -4.3731065 5.3885965
204 -2.4519384 2.5057912
369 -1.0202835 0.068864375
7 -1.4371176 -0.39427087
289 -2.0306194 -2.107609
425 -1.5689795 0.6349561
10 -1.4352264 -0.4072895
430 -3.6255963 -3.4707887
147 -5.933394 -5.821928
306 -1.560166 0.6181681
404 -1.4464353 -0.39985853
253 -1.1906887 0.73446053
263 -1.4435287 -0.41699618
442 -1.1115122 0.8017645
166 -2.4583197 2.5200706
115 -3.8102305 4.868378
370 -5.9573984 -5.852961
387 -1.5788133 0.6330598
367 -1.4232081 -0.397935
239 -3.4871523 -3.3127515
28 -3.2636719 -3.0266464
26 -3.6337569 4.264509
323 -4.256459 5.252136
109 -2.4975886 2.5611143
335 -2.4687445 2.5236945
45 -5.849816 -5.733181
381 -2.6522822 -2.357665
128 -5.8635125 -5.7601056
228 -1.4448141 -0.39823627
288 -1.6457235 -0.90160275
234 -1.6456462 -0.8896774
154 -1.2029972 0.7616387
32 -1.6157101 -0.8627557
337 -5.8678136 -5.7580414
237 -1.6609207 -0.921427
126 -3.5845413 -3.4030406
255 -1.2655461 1.0261397
358 -2.0027661 -1.5657218
8 -1.6546786 -0.87954664
364 -3.9037333 4.51613
392 -1.1933688 0.74519664
157 -1.556271 0.62298447
310 -6.166949 -6.190479
83 -1.4242923 -0.40196332
161 -5.829543 -5.7182693
201 -4.7811885 -4.973971
267 -5.917801 -5.8163195
187 -6.0128546 -6.0219164
190 -5.742212 -5.6395445
254 -2.0824301 -1.6521878
326 -4.0901003 5.139692
399 -3.930802 4.5318556
294 -2.019054 -1.5692422
348 -3.8959723 4.4991236
176 -1.9934701 -2.0755901
359 -5.9670644 -5.8702984
443 -3.5419538 -3.359689
19 -1.5618646 0.62314814
86 -6.1323504 -6.144051
173 -3.869723 4.454033
39 -5.9183083 -5.805623
397 -1.1159865 0.8260366
144 -2.116745 -1.692121
127 -2.5783775 2.6479983
216 -6.0135436 -6.029569
236 -1.9785122 -1.5051147
386 -2.6338947 -2.3268342
273 -6.0307107 -6.0447936
378 -3.9568446 5.0751653
282 -5.809256 -5.702116
347 -2.6546257 -2.346445
449 -6.0803447 -6.0914245
34 -4.7600355 -4.9545636
377 -1.1456509 0.83765966
36 -1.6354579 -0.87457514
120 -6.1103406 -6.133806
76 -1.9995296 -2.0710778
81 -1.6609108 -0.9107451
199 -1.5822513 0.63356614
188 -3.5949812 4.208978
21 -1.5645115 0.6094259
50 -6.0667763 -6.0878983
44 -1.4338199 -0.3939453
151 -1.6377771 -0.88687354
259 -6.0404778 -6.053536
197 -2.6703408 -2.3651834
461 -1.6582134 -0.8649472
471 -1.6451938 -0.9012804
368 -1.5743673 0.6288864
91 -1.0381516 0.07261907
395 -2.6699352 -2.36198
317 -1.4287821 -0.3975779
117 -2.3542452 -2.0071523
67 -2.6271958 -2.2980037
77 -1.9110789 -1.4117229
124 -2.3330312 -1.9809792
385 -3.6837747 4.3257313
416 -2.485192 2.5453963
215 -0.9617184 -0.052162442
308 -4.039755 5.094817
244 -1.4319432 -0.4033992
105 -5.8784146 -5.7675014
3 -2.4952884 2.5418591
46 -5.8315206 -5.7275
372 -2.4064229 -2.0701911
424 -1.1273491 0.8399765
434 -1.4323081 -0.4012034
455 -3.555679 -3.3886242
155 -3.5830727 -3.405511
40 -1.9739277 -1.4852229
433 -1.6703829 -0.90812653
22 -0.9740125 -0.06175498
297 -3.5265446 -3.3526163
418 -1.6353749 -0.8619836
207 -5.619282 -5.508424
214 -3.5629058 -3.3748462
459 -2.4209907 -2.0629282
293 -1.9024872 -1.4046357
198 -6.08668 -6.0933485
233 -2.0430357 -1.6419353
132 -4.7172217 -4.9171023
148 -5.7846265 -5.6783333
316 -5.8824944 -5.7710323
80 -2.5102131 2.5764868
277 -3.8321738 4.8949957
146 -1.5559934 0.62474334
133 -1.5904738 0.6330015
226 -2.0069804 -2.0917253
125 -2.691884 -2.393301
203 -1.8914866 -1.3876499
342 -6.0203958 -6.031414
160 -4.724014 -4.9114995
95 -5.84397 -5.7400846
432 -2.8241575 -2.5101905
351 -4.413556 5.434894
64 -0.9738163 -0.07514319
0 -5.9867387 -6.00794
108 -2.65952 -2.356347
66 -5.9327374 -5.947244
208 -1.963984 -2.0122337
489 -2.7922244 -2.4810166
298 -2.0693603 -1.6422949
445 -2.3825278 -2.0426261
283 -6.0500636 -6.044994
17 -1.870562 -1.3958254
1 -5.9305797 -5.9415617
23 -1.6638627 -0.908038
200 -1.8800035 -1.3827913
250 -2.531726 2.5803735
454 -2.0392866 -1.6424751
486 -3.597393 -3.426992
240 -1.9470282 -1.4413515
205 -3.5456543 -3.3902953
180 -2.308772 -1.9681505
280 -2.346703 -1.9967763
246 -1.907006 -1.4060706
181 -3.9445894 4.9881487
101 -6.022303 -6.0401144
429 -1.8826724 -1.3986771
286 -2.6362004 -2.314755
123 -1.9315243 -1.44923
165 -3.7582147 4.7875967
210 -3.5202937 4.1160426
407 -2.6974566 -2.4018939
274 -3.930583 4.967783
333 -5.7433176 -5.638879
423 -1.8792789 -1.4117157
241 -3.524832 4.1238647
260 -1.1248928 0.8489728
87 -1.136867 0.8435657
349 -1.9252744 -1.434774
336 -1.1286348 0.8560522
15 -1.1309779 0.8732955
390 -1.1564422 0.7081073
224 -3.5328481 4.1263576
422 -3.8501406 4.444272
41 -0.28662422 0.2173529
312 -1.914822 -1.4417613
2 -1.0937052 0.6902221
62 -1.0943093 0.71940535
119 -1.1511482 0.70258045
142 -1.1239394 0.69403434
330 -1.0872767 0.73504883
494 -3.6003332 4.1994686
428 -3.909096 4.515951
27 -1.1444906 0.70131296
98 -1.0360769 0.09178865
290 -2.1377594 -2.2189858
388 -0.972971 -0.060988784
299 -4.7925878 -4.989085
440 -4.8209357 -5.033303
257 -4.746874 -4.971002
453 -2.1187992 -2.2118158
419 -3.4839532 4.082938
272 -4.6877933 -4.8833566
325 -3.6812654 4.2235923
426 -4.8528495 -5.0476108
463 -4.68612 -4.884046
405 -1.031582 0.07132488
383 -0.9580673 -0.06107465
452 -2.519513 2.5675857
498 -3.5950494 4.228844
460 -2.0981057 -2.1821935
417 -3.8242555 4.885632
484 -3.8643222 4.9302897
344 -2.1522293 -2.219243
447 -4.2187715 5.20059
104 -1.0941175 0.71261406
415 -3.5844314 4.203335
357 -4.6706038 -4.871793
465 -3.790409 4.379427
352 -2.1329346 -2.2306976
135 -1.1742162 0.71247673
435 -2.1024692 -2.2066731
414 -0.96752805 -0.07083553
476 -3.6399045 4.265264
499 -1.6786917 -0.9158497
483 -1.692913 -0.92319125
496 -4.749751 -4.9497366
406 -4.1547313 5.1198206
129 -3.660603 4.2127957
451 -1.4578791 -0.405503
412 -4.282579 5.283925
436 -0.96244323 -0.06004304
413 -1.1300505 0.7081516
477 -0.9784321 -0.06777202
391 -0.9781861 -0.06866468
350 -4.6426983 -4.8664684
329 -2.2165651 -2.2922208
384 -4.622936 -4.8168297
356 -4.1168523 5.0710106
470 -3.6030867 4.2277584
472 -3.5440013 4.143263
296 -0.96270627 -0.0743429
61 -1.0582682 0.077845104
480 -1.04782 0.078397594
252 -0.9699475 -0.04752495
382 -4.528386 -4.736907
371 -2.178893 -2.2576518
464 -3.764263 4.8091655
481 -3.7707443 4.8394647
438 -3.7229683 4.775312
396 -2.0867295 -2.1728346
466 -3.7993221 4.8533483
492 -4.1178074 5.070313
402 -4.0702553 4.998734
341 -0.966488 -0.07873334
495 -3.7664924 4.339353
462 -0.9661806 -0.060494762
309 -1.1093804 0.8402496
266 -0.9606767 -0.07596526
110 -2.4183185 2.4805655
327 -1.0321395 0.08750038
302 -2.1641119 -2.2502434
53 -1.0569568 0.09692563
321 -4.5861993 -4.7824955
295 -2.1832964 -2.2754955
231 -1.0363011 0.105875954
446 -4.1139445 5.0775437
172 -1.0466408 0.08264554
493 -1.1217628 0.7100081
354 -2.157725 -2.2334146
488 -1.1571435 0.9330177
431 -4.583628 -4.78491
482 -3.620228 4.2313843
275 -0.9734172 -0.067273274
478 -2.1295507 -2.2028527
468 -3.8091788 4.8632903
307 -2.2131474 -2.321003
353 -0.96795243 -0.06173955
285 -1.4169803 -0.3989643
291 -1.1785454 0.7375752
361 -4.114436 5.080006
467 -5.477734 -5.363552
420 -3.4397814 4.0216994
380 -4.6346436 -4.8354383
427 -2.500917 2.5616403
409 -3.7645538 4.8173413
33 -1.1795279 0.7313295
485 -1.6893938 -0.90755606
411 -3.433806 4.3540273
363 -0.9692091 -0.058688402
408 -3.6478255 4.18719
75 -1.17378 0.73850644
497 -3.7983336 4.374267
469 -4.659148 -4.8531594
318 -0.98029476 -0.0526563
345 -1.1199939 0.82657826
346 -4.4620295 -4.6543555
79 -1.4113525 -0.42144114
458 -1.165967 0.9370236
360 -2.1410594 -2.2277894
140 -1.4241104 -0.39376298
100 -1.0456133 0.105989225
29 -1.1867579 0.9578148
320 -4.516522 -4.72696
439 -3.644527 4.6349125
457 -2.4452288 2.4844387
365 -1.1878455 0.9618333
167 -3.301455 4.1729765
373 -1.562732 0.62706876
475 -3.2735586 4.1326036
339 -4.538908 -4.741368
421 -1.5599895 0.6252056
338 -1.5603881 0.610993
400 -2.208259 -2.2813067
232 -4.4032755 -4.6045995
355 -3.9902406 4.9227004
490 -2.3829253 2.4188938
