500 2
169 3.699564 0.95680714
60 3.7476635 0.97291535
93 3.6868362 0.96397084
92 3.7235136 0.96345776
64 3.6972587 0.9530722
3 3.7325451 0.9786986
185 3.7661016 0.97002685
140 3.775216 0.9818937
87 0.8406826 -6.174217
221 0.83915836 -6.161501
38 0.82882935 -6.1689787
198 3.673583 0.9620922
27 0.8290503 -6.1670756
30 0.8251817 -6.153284
96 3.7301996 0.97245914
46 3.72888 0.9593037
155 1.0255245 -0.16837747
179 0.74512994 -7.004171
62 0.7460076 -7.0252233
164 0.6110044 -0.87711746
135 1.0347586 -0.17715952
89 0.5101059 -2.65238
42 0.95298976 -0.39619786
184 3.7156768 0.9633208
193 0.5108931 -2.6428344
186 0.8578058 -7.4649215
90 0.74577683 -6.951697
86 0.8307056 -6.194839
32 3.7950246 0.97711
124 0.8472585 -7.452446
165 0.8174751 -6.08937
172 0.8384891 -7.357447
136 0.6229657 -0.9007002
70 0.6129706 -0.8860519
191 3.7172866 0.9591685
19 0.61557776 -0.87926865
242 0.60958934 -0.89954364
23 0.833433 -6.1400933
141 0.7428227 -6.9312973
197 0.8493346 -7.42579
213 0.75123715 -6.9426203
150 0.83034426 -6.120254
34 0.7281627 -0.6528881
59 0.7445526 -7.007037
125 0.8315619 -6.1497903
119 1.022697 -0.17577851
56 0.60538787 -0.8911152
75 3.7312295 0.971917
115 0.85503656 -7.4816656
0 0.5000876 -2.6035032
142 0.5101778 -2.6285145
143 1.0270591 -0.18155122
79 0.8314609 -7.4114375
8 3.7699504 0.9814392
53 0.62943643 -0.9319706
218 0.6087316 -0.88975865
29 0.8434444 -7.298341
139 0.5044555 -2.646707
217 0.49430385 -2.6579063
134 0.82585937 -6.1548905
224 0.60886645 -0.88678914
357 0.796806 -0.7078312
305 0.95896745 -0.3790671
138 1.0436351 -0.17597653
36 1.0348759 -0.18447164
212 1.0315602 -0.16520232
26 0.61531514 -0.8922091
171 0.6109241 -0.8967724
37 0.6287014 -0.9309533
156 0.80459744 -0.7185061
81 0.49896142 -2.600157
47 0.9648589 -0.38274792
4 0.83589166 -6.2023034
187 1.0194151 -0.18085535
66 0.75400466 -7.0645924
102 0.60059595 -0.88281554
130 0.96371734 -0.36359483
423 7.9564157 1.7306095
80 0.7101002 -6.7093716
48 0.5105156 -2.6431885
291 0.79584324 -0.71286446
216 1.0433758 -0.17718935
148 6.5062003 1.5604372
109 0.8304697 -6.157534
67 1.0340207 -0.17274196
63 0.7781507 -0.61710674
55 0.6045433 -0.8842508
101 0.82974577 -7.336901
31 1.0309931 -0.17066623
358 6.482979 1.5517789
44 7.333149 1.4461656
440 6.354881 1.5138721
121 0.75631636 -6.9899745
127 0.741073 -6.9771533
324 4.186794 0.6762156
209 0.753081 -6.964896
133 0.75127935 -6.8890686
285 0.82228017 -0.7300472
383 0.6864508 -0.89236134
113 0.8287413 -7.2754498
122 0.5117275 -2.675838
128 6.6303854 1.5869497
107 0.79358315 -0.7150657
360 0.9592726 -0.35884565
15 0.7414239 -6.9336605
77 0.86120653 -7.4939575
202 0.5041582 -2.5637016
13 0.72476375 -6.886873
5 0.6011603 -0.8700496
83 0.5029362 -2.635014
267 6.2899637 1.5012901
35 6.284492 1.5012374
84 7.683806 1.658041
94 7.2311487 1.4291136
273 0.966149 -0.37779367
239 0.59132713 -0.9074255
82 1.03971 -0.17036034
52 0.95528656 -0.35458085
22 0.5517646 -1.5974181
167 0.519368 -2.6842945
199 0.6187118 -0.8857977
203 0.73230654 -6.9271603
108 1.0129945 -0.18717265
238 0.9071081 -0.532928
50 3.7608614 0.9900829
106 0.5468258 -1.6131326
71 6.2680063 1.4813527
174 0.5042664 -2.6618745
223 7.5321827 1.6437916
145 6.2145557 1.47073
168 0.90357584 -0.5308251
265 0.8455852 -7.5299544
43 0.818142 -6.089024
489 0.5405834 -1.6053116
269 0.60906565 -0.87788254
300 0.7890739 -0.70185363
222 0.95260763 -0.38420054
227 4.154167 0.66768414
244 6.355668 1.5171007
189 0.51305026 -2.636095
45 1.023218 -0.17574166
16 0.50194436 -2.6090832
262 0.9654369 -0.36885816
100 1.0418416 -0.18548147
194 0.73583776 -6.822687
302 6.3797436 1.5277864
276 0.80848736 -0.7127819
7 6.1630626 1.4676096
132 0.9011209 -0.5290489
309 7.5594006 1.6396534
333 7.2603326 1.4398396
21 7.194839 1.4212012
399 7.57787 1.6339636
204 0.6100612 -0.87349963
24 7.7913756 1.6882075
279 6.997392 1.3786197
293 6.2493153 1.5026453
376 0.80310106 -0.7196127
182 0.89409196 -0.5389011
411 7.1405435 1.4040437
459 6.2461567 1.487798
116 0.8375273 -7.320483
114 4.0706277 0.655663
365 7.126671 1.4091704
336 0.8094418 -0.72033936
340 0.5704961 -1.1915373
170 0.8261131 -7.2825623
256 7.1147137 1.4118764
332 6.236486 1.5028992
201 0.9620145 -0.36361456
78 6.3468843 1.5110301
17 0.81653434 -7.199112
252 4.236065 0.6857939
95 0.81746477 -6.0051455
97 7.1010303 1.4051502
264 0.5651919 -1.1516935
388 6.2945 1.4989413
403 0.5452608 -1.5870991
149 0.7288795 -6.9405885
205 0.95961493 -0.36957315
152 0.983953 -0.36420935
131 0.51623935 -2.695463
190 0.7982999 -0.71703154
144 4.176212 0.66841394
320 0.80097824 -0.7124225
255 7.105927 1.3991995
151 4.1078835 0.66046566
396 0.9669128 -0.36779612
161 7.656457 1.6559832
274 0.96662474 -0.35841933
163 6.1166687 1.4503287
1 0.8398576 -7.329873
307 0.8727125 -0.53101003
225 6.835154 1.3447008
105 0.54929537 -1.2871397
74 0.6282904 -0.9262702
334 6.361435 1.5212137
373 0.9126409 -0.5254213
28 6.21834 1.4880259
40 6.27243 1.5117034
69 4.076826 0.6565256
432 7.679412 1.6660295
11 3.9920814 0.6456829
72 0.81763464 -7.0979156
270 0.6189642 -0.91951936
219 7.6893153 1.6619059
166 4.180632 0.68381006
422 0.9168757 -0.5148264
12 0.63421565 -0.91828907
153 0.90600765 -0.51373285
183 0.8910935 -0.5404059
181 0.5628586 -1.1964563
335 6.284399 1.5058641
424 6.1425967 1.464705
381 6.1483316 1.4639655
337 7.074044 1.4036202
180 0.543494 -1.5988365
99 0.7952887 -0.70967007
61 6.3881927 1.5203141
280 0.8026984 -0.7174502
386 4.218489 0.6828508
41 0.72226006 -0.6652336
240 0.51646084 -2.7510457
237 6.3130565 1.4973581
258 0.83340913 -7.3880177
314 0.89090663 -0.501459
296 7.56219 1.6372839
366 0.5550544 -1.1629081
54 0.52492297 -1.4804487
315 7.717149 1.6774342
206 0.96682066 -0.37094253
123 0.6027406 -0.9385898
10 1.027725 -0.1760008
387 6.397116 1.5272113
58 4.0504284 0.6525232
304 4.092126 0.65504754
196 0.5211765 -2.6703649
195 0.54179287 -1.1700193
454 6.2459154 1.4764866
261 0.6194711 -0.9412949
192 0.9609892 -0.3708463
76 0.535958 -1.4640081
448 4.181604 0.683352
330 0.68177617 -0.8951288
110 6.9569287 1.374007
419 0.6719552 -0.8797927
207 6.223191 1.4731593
282 0.6916656 -0.8958216
39 1.0202376 -0.17883477
245 0.52817017 -1.461208
112 7.427382 1.6049306
410 7.471412 1.6196845
228 6.3709455 1.5203354
230 1.0346119 -0.18220171
449 0.6980892 -0.8868547
111 0.9661101 -0.3726833
65 0.8953694 -0.521654
158 4.1384554 0.6691346
91 6.9536786 1.3778486
359 0.5419243 -1.2193861
126 0.81639796 -5.9646235
159 0.80104953 -0.70648366
154 0.7991101 -6.9731107
211 0.90528774 -0.5222319
14 4.0819745 0.66007763
394 0.5444846 -1.4689186
73 0.8055425 -0.718668
175 0.82156366 -6.0388684
290 7.399812 1.6065255
486 6.348096 1.5223838
346 6.2719154 1.4927758
233 4.0831127 0.65783554
226 0.8172119 -6.0265546
271 7.585846 1.6429325
413 4.21878 0.68043023
214 0.51143676 -2.6498868
390 6.488475 1.5620437
104 0.8048951 -7.1079984
478 0.54444546 -1.6103519
492 6.1602235 1.4615401
480 6.3568997 1.5219108
2 4.1576138 0.66925174
400 0.68535703 -0.888869
173 6.8331647 1.3563852
393 6.213425 1.4850558
210 0.8729194 -0.53389305
177 3.6311808 0.93850064
118 6.119166 1.4660537
146 0.7934531 -5.8236947
266 6.169797 1.4634676
137 0.5462499 -1.5904251
441 7.394395 1.6083453
253 0.6024239 -0.8739133
349 0.9586495 -0.36349404
103 0.90059286 -0.5170835
246 0.60346144 -0.86449385
57 0.79969704 -0.71507514
33 6.9110456 1.3665125
404 0.7422641 -6.9913683
6 7.5609317 1.6417129
402 6.062837 1.4290841
445 6.347056 1.520059
117 0.548424 -1.5551738
120 0.5526636 -1.2867731
157 0.5323211 -1.3122084
398 7.513523 1.630295
88 0.62177885 -0.98098314
354 0.815957 -6.0587006
313 0.7436351 -6.8909125
322 1.0457982 -0.178622
188 6.5279584 1.289086
372 0.7422681 -6.8810897
328 3.8719785 1.0105765
356 6.786995 1.350578
470 7.38163 1.6009489
299 6.1681843 1.4656014
311 0.6276209 -0.91724765
25 0.6265579 -0.88225496
497 0.9639846 -0.35402477
9 0.7017705 -6.5460186
364 0.80044913 -5.9814377
385 0.8016089 -0.7185314
483 0.6091381 -0.89542145
363 0.61149067 -0.9225769
316 3.7838469 0.9846842
437 0.6125301 -0.907837
208 3.7976804 1.0155072
283 1.053664 -0.1624868
249 0.52598476 -2.8197827
147 6.0288076 1.4392854
162 0.7948453 -0.70713556
412 0.62414145 -0.90279156
462 0.73481226 -6.8307247
234 0.8111694 -5.9853983
421 0.79826415 -5.8986063
235 0.8057247 -5.976159
439 0.6116287 -0.91863394
465 1.040319 -0.17906207
348 1.0521947 -0.18039253
272 0.70070046 -6.642796
229 0.54036194 -1.5993114
129 0.79552406 -0.71928805
451 0.8041757 -7.1442494
355 0.72818273 -6.890975
85 5.998669 1.4311781
241 5.9308777 1.4108298
250 1.0432742 -0.17196067
380 0.5397127 -2.826424
294 0.7929956 -0.70674145
496 0.611244 -0.9192497
319 0.79622746 -5.924976
347 0.8027392 -5.9804897
447 0.7061008 -6.698445
473 3.8249528 1.0109903
284 0.53670114 -2.8040528
414 0.7975968 -7.014545
418 0.530469 -2.8318872
323 6.0046864 1.4192464
481 6.061674 1.4220027
458 0.55493826 -1.6503313
297 6.0126305 1.4301775
338 0.5211119 -2.8325114
351 1.0331872 -0.1766198
325 3.8025322 0.9926632
375 0.784828 -5.8332243
369 1.0373453 -0.17844309
488 0.77007294 -5.732745
331 3.749017 0.99725324
466 0.5551364 -1.6304735
232 0.7070256 -6.6061344
463 0.781116 -5.7790956
263 0.7912901 -5.890897
487 0.5315929 -2.8655593
438 3.832537 0.999367
275 0.8142066 -5.9966626
370 3.8587701 1.0140575
286 1.0393246 -0.17302234
20 6.465984 1.2792555
392 3.776498 0.9923629
200 3.7179043 0.9762852
287 0.7954806 -7.1072073
498 3.7538126 0.9754113
344 0.79954517 -5.940954
292 1.0503726 -0.160189
469 0.8086144 -0.7190162
443 1.0359246 -0.17135863
499 0.79623944 -7.05203
257 0.7106308 -6.5667853
427 0.6150365 -0.9260888
453 0.5244454 -2.859272
248 6.2130256 1.4935435
341 0.5225621 -2.794994
68 0.5375063 -1.2778438
391 0.602301 -0.9096455
479 0.7959232 -6.9470057
433 0.96489006 -0.3741261
352 0.6951176 -6.5715594
426 0.96590436 -0.36806867
278 0.5293977 -2.8414893
379 1.0341716 -0.17652783
368 0.7818212 -6.9068556
327 0.65258193 -0.8833754
468 7.158231 1.5469699
308 0.7002923 -6.6820183
442 0.5157883 -2.804256
464 0.795983 -6.91943
343 5.934161 1.4308655
490 3.8354385 1.0033503
484 0.8034668 -5.9151583
474 3.7614033 0.9997634
339 0.7809815 -6.9290876
254 0.69864947 -6.6363535
491 3.939284 1.0301702
353 3.8549652 1.012684
329 3.8416648 1.0169159
494 3.8271337 1.0036478
446 3.8716571 1.0213343
389 0.60951906 -0.91132015
395 0.7712789 -5.707973
475 0.8125734 -5.9639316
342 0.62052107 -0.91647416
384 3.7570446 0.98660964
362 1.0317945 -0.17960072
406 3.830641 1.0145428
289 3.8125744 0.99318504
397 3.7974532 1.005898
288 0.6275647 -0.9166147
317 1.034851 -0.18140014
416 0.80647147 -0.713689
301 3.7512789 0.9742884
306 0.60980415 -0.90133965
367 3.754885 0.97141707
434 0.70407254 -6.6677985
377 0.53321284 -2.932764
485 0.7815044 -5.7849607
220 3.8539765 1.0096
482 0.95889264 -0.3793044
326 3.797309 0.9934551
251 0.80383223 -5.8818135
243 1.0327471 -0.1762359
378 0.764977 -6.7958217
415 0.970531 -0.37398323
420 0.8076195 -0.7158368
49 0.5495517 -1.4668705
417 0.7966709 -6.880001
461 1.0440185 -0.1649426
350 1.0556674 -0.18017074
493 0.78720057 -5.8017135
382 0.76729923 -6.826417
429 3.8133245 0.9825481
18 0.54253095 -1.6407223
298 0.61220104 -0.9051169
277 0.6746432 -6.433195
51 0.54044783 -1.4327284
444 0.7676424 -6.689823
401 0.9493842 -0.35901463
467 3.8282433 0.9946919
98 1.0154963 -0.1850332
361 0.5366345 -2.8471105
259 0.69591206 -6.4966583
435 0.75069815 -6.655384
455 3.8383322 1.0154797
436 6.410479 1.2592448
231 3.8198445 0.9995403
428 0.78296643 -5.794152
452 6.357638 1.2471536
495 4.130219 0.6644637
176 0.9800227 -0.35502222
425 0.62298673 -0.9290735
408 0.97632354 -0.36126336
456 0.6053684 -0.9083468
215 0.6718145 -6.365547
236 0.75769025 -5.5710616
247 0.7501649 -5.4679694
281 0.7478774 -6.6113415
476 1.0241109 -0.1824123
178 6.695151 1.4478176
312 0.7765221 -5.6592937
160 0.5485543 -1.6389009
472 0.7953067 -0.7125398
310 0.5257843 -2.843659
295 3.7170143 0.98074245
460 0.601038 -0.92379695
431 5.8722568 1.4015927
450 0.58633983 -0.84586257
477 0.5421051 -3.002219
321 0.51798046 -2.8129914
318 3.7108955 0.9727567
303 3.695981 0.9603945
371 0.724697 -6.280959
457 3.784705 0.99468887
407 0.7627309 -5.4881754
430 0.53878486 -1.6302978
260 3.8575695 0.6100634
409 0.5445934 -2.8692958
405 0.6135065 -0.92406446
374 0.6346843 -5.98857
268 0.6319981 -6.0358768
471 0.6140215 -5.9015083
345 3.5769112 0.93958586
