500 2
29 -3.48357 -5.625465
39 -3.473025 -5.622629
74 3.8190665 -1.9650819
50 3.8863583 -1.9967018
55 5.469138 -2.548726
78 1.1742963 -0.855522
46 3.877088 -1.9910789
49 6.861201 -3.1479516
75 5.5422997 -2.5490105
145 3.7499497 -1.9305565
155 5.41157 -2.5177276
76 3.794978 -1.958881
201 1.1715262 -0.87089324
52 1.1765411 -0.85907674
110 6.889858 -3.1526036
51 5.478503 -2.5250752
64 6.6936574 -3.0666113
85 3.8270934 -1.9669074
174 6.993777 -3.201836
188 6.8500786 -3.1305795
130 1.1765739 -0.86939764
93 3.7998767 -1.9623697
44 -2.472632 -4.0826645
101 3.7531533 -1.9434906
10 0.2821062 -0.9241803
94 -3.7675133 -6.0771503
20 0.35700828 -0.7285612
43 1.1990592 -0.87879694
80 6.857267 -3.1296341
23 5.5323052 -2.555098
186 1.1629703 -0.85780424
100 -0.05884784 -1.1606166
77 -0.05823033 -1.1731943
144 -0.63566583 -1.5780312
108 -0.6242669 -1.582683
261 -3.5425375 -6.009589
8 -0.07328435 -1.1747444
89 -0.06313125 -1.1777804
102 5.488974 -2.539564
105 -3.800549 -6.1129346
109 -1.4090507 -2.6917953
199 -0.61649483 -1.5557946
25 0.6455174 -0.87304777
123 6.7929373 -3.121145
83 -3.8025436 -6.123899
11 0.26953754 -0.91430306
95 -3.4443567 -5.8516235
70 0.28253263 -0.9144418
37 -3.7012653 -5.9825606
38 -3.8132238 -6.1309686
202 -3.448167 -5.8325615
66 0.27113426 -0.9213962
133 0.27620122 -0.92896676
244 -0.65109926 -1.5763453
311 -1.3542078 -2.6075356
158 -3.7799976 -6.095371
14 0.36724293 -0.7164066
162 -0.6554979 -1.6034992
81 0.2831617 -0.9159613
120 -1.3974987 -2.661986
53 -2.4790576 -4.034691
134 -1.4018458 -2.695437
59 0.2684162 -0.9233091
84 -0.06177687 -1.1743227
15 5.449174 -2.5222614
138 0.64248735 -0.8815281
161 5.396067 -2.506239
35 0.645148 -0.87323064
166 5.3313537 -2.454634
1 -0.8340864 -1.8356099
344 3.8086565 -1.9502534
180 3.8968713 -2.0018597
253 3.9636738 -2.0313096
345 3.93295 -2.0077338
179 -0.843513 -1.8365812
288 -0.86715734 -1.8853846
142 -3.6420486 -5.8985257
307 -0.43280193 -1.3255899
119 0.33004418 -0.7571984
117 -0.80828285 -1.816787
58 -3.6152399 -5.8453603
268 -1.3701601 -2.6445656
129 -2.6329198 -4.28341
346 3.9843173 -2.0387092
377 -3.514898 -5.960238
150 -3.6607525 -6.174998
371 -1.4240428 -2.7122993
54 -3.347753 -5.432588
313 0.32647282 -0.74833876
329 3.8746526 -1.9813848
67 5.4364223 -2.5121799
7 -0.8299129 -1.8048697
149 3.9600196 -2.0254822
143 -3.7090888 -5.991709
127 -0.8359321 -1.843869
0 3.577786 -1.868175
259 -0.48340008 -1.3823118
151 3.904073 -1.9966491
438 -2.6979885 -4.6386266
16 -0.86371964 -1.8471133
112 6.3340993 -2.9100392
187 -3.7027082 -5.982561
48 3.6498413 -1.9045695
342 -1.3997636 -2.673951
295 -3.4796705 -5.8938904
31 0.3447949 -0.7391627
198 -3.6562262 -5.9213953
437 -0.4789261 -1.39985
405 5.654921 -2.6125703
276 0.3348945 -0.7563847
228 1.292448 -0.9079674
219 6.2749696 -2.8803096
239 3.833165 -1.962194
168 0.33349225 -0.74703866
231 0.6722878 -0.89211774
118 6.368138 -2.9362879
264 3.57263 -1.863705
280 -2.7611868 -4.7604256
410 0.608152 -0.85553205
111 -0.4831899 -1.4082574
21 -0.46491247 -1.3855658
32 0.59763527 -0.85225916
273 3.8922923 -1.9972076
96 3.550517 -1.8529751
497 1.1198289 -0.99695086
211 5.575584 -2.588263
124 5.160245 -2.3983862
310 1.2819997 -0.91155434
147 0.5044193 -0.8243842
113 0.3448631 -0.7730558
132 6.300468 -2.886825
297 6.9397936 -3.1810489
269 -0.17191792 -1.1766746
190 -0.44798487 -1.3613104
141 6.269491 -2.8845863
181 -0.8650772 -1.8586332
271 6.9941545 -3.2031217
350 5.5820312 -2.569995
213 0.4954123 -0.8176741
137 -3.614929 -5.820491
246 -3.722277 -6.0348225
257 6.9012523 -3.161602
47 -0.17049183 -1.1778868
414 5.742551 -2.6589742
434 0.2509066 -0.74559164
406 6.711552 -3.07002
319 5.6147685 -2.60377
373 5.5257897 -2.5549662
380 0.479412 -0.83118826
248 -0.17053203 -1.1702803
209 5.765313 -2.6642935
30 -0.16047756 -1.1825733
317 3.5285854 -1.8506846
382 6.7843924 -3.1003468
358 -3.6888208 -5.9782786
283 1.2596425 -0.89241624
292 0.6904918 -0.89876395
352 -0.17132686 -1.1815904
275 6.9274015 -3.1606364
136 6.292546 -2.8982587
62 3.603292 -1.8818237
86 -2.3943698 -4.2034674
245 5.633938 -2.6108308
139 -0.19849955 -0.9762931
224 1.2931353 -0.8998197
107 -0.4631272 -1.3862307
470 -3.5381153 -5.9943705
238 0.10556282 -0.77565074
429 1.1165576 -0.9909603
203 1.2404677 -0.8918044
217 6.8597717 -3.1333015
196 0.70318615 -0.8931784
167 5.6886115 -2.6398442
210 6.935616 -3.170946
418 -3.7059662 -5.9947634
277 -0.1648813 -1.174577
278 0.26219243 -0.9447926
98 6.3246355 -2.9157681
27 -3.5391097 -5.7234745
354 5.722738 -2.6472328
45 -0.16955188 -1.1700331
290 -0.46360373 -1.3604746
430 1.2792381 -0.9144183
400 1.2919308 -0.9123998
286 1.265952 -0.8956352
135 -1.827673 -3.3288689
397 1.2862937 -0.9116534
87 -0.28152895 -1.2038412
379 0.35157454 -0.75865376
303 -0.65848976 -1.6250377
391 1.1081911 -0.9862124
415 -0.67334753 -1.6485221
387 1.1212434 -0.98903525
176 0.50643784 -0.8155938
221 7.036382 -3.2086637
408 1.1051643 -0.9699242
197 -0.18552473 -0.9732191
419 -0.48534206 -1.4031938
26 1.112762 -0.98631394
33 -0.18899494 -0.97492844
178 -1.767564 -3.2468827
306 -0.6637734 -1.6291498
445 -0.46985072 -1.3865312
220 -3.8603072 -6.2121315
323 1.2822345 -0.9117013
385 6.919675 -3.1546357
91 -1.7978208 -3.2658312
146 -0.26198423 -1.1860782
216 0.11450741 -0.75855005
328 0.10832548 -0.7907316
463 -0.4723384 -1.3768301
431 -3.8535705 -6.200403
255 -0.4653649 -1.3838662
320 -3.2305331 -5.5197554
99 -0.15919724 -1.1704984
104 1.1081464 -0.99888283
327 -3.9177125 -6.289506
69 0.70205724 -0.89967483
326 1.2788596 -0.91590977
368 0.70453525 -0.8984443
361 0.68947667 -0.89086545
334 -1.757122 -3.2368183
272 5.66792 -2.6163824
490 1.1027225 -0.97213453
299 0.6547156 -0.9027446
262 0.25806642 -0.919026
384 0.2743873 -0.92040473
169 -0.16310799 -1.173287
6 -1.8092732 -3.3067837
339 -0.47657827 -1.4168307
56 -3.2242498 -5.500468
363 -3.8917441 -6.2646356
469 -0.033896632 -1.1836851
163 0.71293944 -0.8963217
407 6.9301324 -3.1637056
324 1.1122632 -0.97848004
284 1.1125294 -0.9850448
359 -0.034676667 -1.1714814
332 0.092401385 -0.7669835
208 -3.924231 -6.304782
235 1.1206359 -0.98205054
153 -0.045330282 -1.1701467
157 5.6605716 -2.6344166
207 3.5838425 -1.8685447
185 -3.7062142 -6.244812
92 -0.46064577 -1.358894
451 -1.7656592 -3.2417989
298 -3.6528327 -6.1664386
215 -0.89493763 -1.9051076
152 1.1189399 -0.99219483
177 1.1408752 -0.99199486
362 3.9786131 -2.0354357
285 6.9364753 -3.1613855
249 -0.28998932 -1.1984915
103 -3.6697903 -6.2018614
68 -1.8055053 -3.3187468
2 6.2905617 -2.9053936
250 1.1130785 -0.9889386
60 -0.16141364 -1.1672378
484 -3.3958745 -5.7633476
340 -0.4871067 -1.3911388
443 1.2852018 -0.9163297
316 0.25469506 -0.91623586
65 -0.90846455 -1.8754208
456 -0.28437606 -1.2000875
447 0.50693935 -0.8289623
396 -3.246157 -5.5313497
165 1.1312337 -0.99592876
164 -0.045986347 -1.1627104
336 -2.37153 -4.1356826
24 -0.9396851 -1.9315231
366 -3.8705032 -6.226789
140 -0.034907192 -1.1642573
474 1.1354806 -0.99298835
435 -3.8808908 -6.2289414
335 0.51202786 -0.8279404
3 -3.603065 -6.0957823
36 -0.28983504 -1.210087
477 -0.8897985 -1.8166102
402 0.26152974 -0.91883963
493 0.29425517 -0.95458937
466 -0.049230773 -1.177184
243 0.13325496 -0.7606214
425 5.6877337 -2.6273925
223 1.2588136 -0.8937077
476 -0.9270415 -1.9302993
459 1.1098881 -0.9832514
446 -0.48948044 -1.4110119
487 -3.8393476 -6.1765113
448 -3.683649 -5.958326
338 -1.3748375 -2.4630287
12 -1.8055881 -3.291236
236 -3.645618 -6.154442
312 0.26779732 -0.9243478
194 -3.673998 -5.9486423
395 0.70164174 -0.8989852
333 -1.7269698 -3.208167
240 -0.9288681 -1.9050835
473 -0.043722074 -1.1709111
242 -0.03628702 -1.1666354
423 -0.03778917 -1.1902227
200 0.254385 -0.91599023
398 -3.911036 -6.300536
331 -0.03032318 -1.1738192
41 -0.8822834 -1.8671347
472 -3.7926586 -6.0925174
19 5.863307 -2.7139444
159 0.25384724 -0.912644
439 5.767271 -2.6602569
409 -0.27864122 -1.2043015
241 5.977487 -2.7583754
183 -0.9266924 -1.8651927
128 -3.7810721 -6.1067934
267 -3.2316961 -5.523579
355 1.105635 -0.9860955
279 -1.7883824 -3.2663987
226 -0.04242303 -1.1774279
482 0.29194286 -0.9461365
376 -1.2464138 -2.462132
444 -3.680361 -5.9579234
479 -3.7578192 -6.070898
131 -3.2925494 -5.5993233
214 -1.4297497 -2.498062
349 -3.6972532 -5.9800663
13 -0.9429376 -1.9320292
422 -0.8927573 -1.8625501
281 -0.2924507 -1.1989491
17 5.949393 -2.753428
71 -3.661398 -6.1786485
375 -3.27005 -5.5570636
233 0.6916844 -0.89656115
90 -3.7833176 -6.100236
465 -3.8465695 -6.1703067
287 3.7132895 -1.9260173
411 -1.3850142 -2.4511132
308 0.27033538 -0.9236653
5 -3.6509368 -6.1615686
321 0.6964247 -0.8891013
266 0.26973554 -0.8962717
265 5.154061 -2.3863451
347 -0.03401233 -1.1958311
460 0.30392137 -0.96407485
296 -3.784485 -6.1376653
289 -3.7126265 -6.0026226
304 -3.730537 -6.0492063
471 5.856647 -2.7157183
237 -0.03653436 -1.165214
462 -1.2735065 -2.4842575
106 -0.27094492 -1.1995527
63 3.7460275 -1.9369597
4 -3.6878927 -6.214659
227 5.281328 -2.4438977
229 0.3067866 -0.9635193
116 -3.6921494 -5.9931087
160 -3.6120362 -6.117284
388 -3.6331387 -6.12439
365 -1.7687407 -3.2362604
325 -0.6722883 -1.6358793
360 5.2197676 -2.4117618
413 -3.2304106 -5.5053844
234 0.7018567 -0.8915233
399 5.802956 -2.6993468
348 0.62838393 -0.7155774
427 -0.26675382 -1.2010944
172 0.29912513 -0.94182265
270 1.1080407 -0.9930584
256 0.2924832 -0.9540315
401 -3.7490435 -6.063924
205 5.173286 -2.396056
82 5.861751 -2.7191918
170 -3.7077198 -6.0134845
114 0.6959302 -0.8989894
115 5.7505665 -2.6717763
440 -1.3025422 -2.5386553
252 0.69060594 -0.89126253
122 -0.039569825 -1.1745007
314 -1.3880306 -2.4989529
184 0.29469922 -0.9493129
57 5.7563376 -2.669321
191 6.3937387 -2.9509323
88 3.7035983 -1.9243698
274 5.185324 -2.387049
322 5.170713 -2.370989
356 -0.24973136 -1.0729825
496 -0.12394649 -1.164732
28 0.2911482 -0.94591355
374 -1.2658455 -2.4773276
225 3.8011935 -1.9695983
454 -0.13667908 -1.1776664
315 6.468471 -2.993843
212 6.379946 -2.947265
481 -1.7576566 -3.2340274
121 0.6331587 -0.7201726
40 -3.6318705 -6.152567
499 -3.6276457 -6.1174016
302 0.69700116 -0.7204928
171 0.28403935 -0.9326834
367 0.28482917 -0.9428098
206 6.214555 -2.8689024
34 3.7595506 -1.9418156
378 5.140361 -2.3776746
386 0.049446326 -0.7918794
182 -1.3855661 -2.503417
251 -0.2585749 -1.0374887
457 -3.6162934 -5.849392
337 -2.162505 -3.8174644
403 6.2369866 -2.872089
72 -3.6742585 -6.204287
381 -0.115290664 -1.1702187
480 6.502573 -2.9988194
291 0.29430696 -0.9573992
125 -3.7666905 -6.0888033
18 3.6542768 -1.8998914
330 -1.4151317 -2.5119822
61 0.6831512 -0.70293534
22 0.3020059 -0.9503837
204 0.688053 -0.72576576
353 0.062123086 -0.7974794
232 3.5452135 -1.8462641
343 5.838315 -2.709367
390 -1.2862551 -2.5016932
464 0.03771752 -0.8153575
412 -0.11889768 -1.1760961
468 6.28164 -2.9110076
189 3.6677332 -1.903853
369 5.5854316 -2.5904317
441 6.2570677 -2.869426
79 3.7000332 -1.9211873
258 0.7431299 -0.72077066
372 -0.696485 -1.6747726
193 5.272782 -2.438897
175 0.6889392 -0.7161645
305 6.228484 -2.8823721
300 -0.67457247 -1.6382838
432 6.17289 -2.8486817
222 5.764181 -2.6723108
351 3.716755 -1.9259044
173 -2.1885934 -3.6702657
486 -3.6294093 -5.8511157
154 3.8219736 -1.9834287
498 6.2980185 -2.8894818
282 3.6950986 -1.9212106
195 6.3549857 -2.928662
263 0.63608074 -0.7401483
383 -0.2797934 -1.090733
309 -2.203045 -3.6686409
97 6.182641 -2.8463387
148 -2.181156 -3.6214914
392 3.5547144 -1.8592155
461 3.7134871 -1.9285474
294 5.709507 -2.6444998
260 -2.162706 -3.5712967
452 0.6991873 -0.7221886
341 -3.7452352 -6.0600395
9 5.6868405 -2.6436467
293 -0.7027364 -1.6649394
364 6.154832 -2.8176036
393 -2.182091 -3.6058695
394 3.6459446 -1.8947312
416 6.257029 -2.8736746
467 -0.3850464 -1.2983174
218 -2.1761227 -3.61941
491 -3.655747 -5.9000683
436 -0.59785026 -1.5729585
126 0.70745844 -0.71530294
475 -3.7346187 -6.0558953
254 -3.6532876 -5.9269066
318 0.69451106 -0.7144279
433 -0.61817497 -1.6198136
230 -2.1503978 -3.5912087
192 -3.7062218 -5.9891124
247 -3.6900425 -5.987674
478 -0.43700084 -1.3501931
42 0.70193857 -0.88006204
428 3.5996828 -1.878419
370 -1.9488242 -3.4579916
73 -3.6921742 -5.9891477
156 -3.668147 -5.9562955
488 -3.6076086 -5.8354506
421 -3.3824022 -5.702521
426 5.342737 -2.4819894
357 0.69045144 -0.8751269
494 0.6987694 -0.884825
417 6.471549 -2.9648254
450 5.5017905 -2.5444117
389 3.7624302 -1.9401588
301 -3.5180528 -5.935629
458 1.3115084 -0.9159541
455 1.3330389 -0.9457909
453 3.8841178 -1.9850954
420 6.459096 -2.9481401
483 3.86658 -1.9842161
489 5.4622364 -2.5336504
442 6.4011683 -2.9278927
404 3.7948349 -1.9400742
495 1.2820854 -0.9105914
449 1.2435746 -0.9069253
492 3.947061 -2.021024
424 3.8794534 -1.9888802
485 -0.032827154 -1.1763309
