500 2
54 -7.3132796 1.808377
80 -7.2636886 1.8164766
13 -7.265485 1.7986729
116 -7.2636876 1.8012849
23 -4.9476204 1.313845
126 -0.56716764 -0.59424514
39 -7.1388235 1.7687209
194 -4.9660587 1.3092712
75 -4.903967 1.3043044
108 -7.204228 1.790511
25 -7.2284694 1.7904241
163 -1.4655713 0.19799994
134 -0.5753747 -0.58824813
156 -1.4818376 0.18739153
29 -1.4748427 0.18889654
55 -7.250776 1.7874204
111 -7.2252483 1.7941083
65 -7.1995935 1.7790288
42 -1.823162 0.045725778
197 -4.926106 1.3083786
64 -7.115885 1.7668071
14 -4.9192524 1.3117832
110 -4.896527 1.3056905
33 -1.4619007 0.18881339
51 -4.894136 1.2957716
184 -0.486913 -2.607913
3 -4.991123 1.331316
84 -7.217698 1.7943867
94 -0.5707659 -0.59453964
130 -0.50323266 -2.6333177
50 -7.23609 1.7940351
107 -0.57411015 -0.5912383
192 -4.9855623 1.3258544
98 -7.1977973 1.781491
30 -0.58102804 -0.58966994
245 -0.88500327 -6.462504
72 -1.4385457 0.19094585
86 -0.5046883 -2.5993204
149 -4.98421 1.3324714
12 -1.4792522 0.19363426
104 -0.7280179 -3.159241
175 -0.94215596 -7.192231
71 -4.9117956 1.3137262
160 -1.4854767 0.19766316
6 -1.4394971 0.18185022
32 -0.5795764 -0.59202427
122 -1.4324086 0.18544693
91 -4.965545 1.332832
18 -4.9817166 1.328641
2 -0.5780924 -0.58590287
125 -0.50263166 -2.6333222
36 -1.4465715 0.195719
112 -0.5777549 -0.5943548
101 -5.029921 1.3545444
223 -0.8849259 -6.5186663
95 -1.4627717 0.1894094
171 -0.49570388 -2.6047685
20 -1.8506652 0.048965637
52 -7.259738 1.8055264
1 -0.9375369 -7.2067995
180 -0.87402356 -6.4313316
31 -7.215219 1.7865391
162 -1.4692913 0.19298235
83 -1.3487662 -8.854091
159 -1.4747044 0.19694473
37 -0.8677079 -6.3485765
123 -0.58464783 -0.595338
181 -0.57048726 -0.593357
260 -0.57000196 -0.5919579
258 -0.7987066 -0.42141262
158 -0.55916536 -1.0219065
265 -0.8880204 -6.479462
68 -0.93769294 -7.202498
10 -0.5007603 -2.6647677
217 -0.5761031 -0.58390373
191 -0.495798 -2.644052
183 -5.038578 1.3537611
185 -1.4779148 0.19545323
89 -0.7932806 -0.42065445
15 -0.95623225 -7.273354
165 -1.4902991 0.2036155
61 -0.49411196 -2.621752
115 -0.9378698 -7.094468
93 -0.7976005 -0.40494066
41 -0.9343385 -7.122086
132 -0.4967451 -2.6289396
0 -0.5584089 -1.0299003
179 -0.89052814 -6.505898
167 -5.0674367 1.3559299
172 -0.56156397 -1.0205585
90 -0.7996394 -0.39800465
256 -1.3281537 -8.713722
248 -0.49493852 -2.6148043
81 -0.57013464 -1.0174227
242 -0.57660955 -0.5878167
99 -0.9318286 -7.069508
87 -1.3328309 -8.689261
182 -0.9026232 -6.5318537
49 -0.80180854 -0.4026146
5 -0.56467843 -1.0201546
140 -0.72838205 -3.1046734
262 -0.8588726 -6.3419104
199 -0.8617058 -6.446687
28 -0.68410456 -2.9398544
67 -0.5664448 -0.5899385
253 -1.987301 0.080500275
290 -0.7616204 -0.4062975
150 -0.9923289 -0.33463493
105 -0.5640215 -1.0232142
144 -0.49579504 -2.6026967
53 -1.8644092 0.052921012
203 -0.5598222 -1.0284657
227 -0.5790738 -0.5998843
215 -0.79680604 -0.40745562
202 -0.95214826 -7.249104
240 -0.7897611 -0.40956917
79 -0.9409555 -7.13898
63 -0.78265125 -0.4167674
173 -0.9361969 -7.0726013
145 -0.9252014 -7.074107
318 -0.5709423 -1.0358638
26 -0.7166921 -3.0993562
296 -9.591389 1.8310897
77 -1.9835364 0.093028575
9 -9.54446 1.8148359
76 -0.9314586 -7.1619496
8 -1.8134764 0.04822996
161 -4.9621735 1.3101948
131 -0.56812626 -0.5878848
370 -1.9878954 0.092249505
137 -0.6849709 -2.9373357
22 -9.537986 1.8092359
21 -0.67242616 -2.8734791
170 -0.49680248 -2.6243026
210 -0.93829495 -7.1231365
4 -0.85572374 -6.281093
266 -0.8658735 -6.3808303
330 -9.66912 1.8203198
27 -0.8637757 -6.3799953
48 -0.8649129 -6.3653765
249 -1.3346698 -8.74191
273 -2.0046318 0.095848195
46 -9.760229 1.8461397
405 -1.9753408 0.08154579
407 -1.3388257 -8.715852
286 -0.9323334 -7.074497
118 -9.664347 1.8355371
56 -0.5598212 -1.030757
231 -1.0516073 -0.32095388
59 -0.7198225 -3.106457
271 -0.7928964 -0.42168838
474 -1.0572667 -0.3206372
200 -0.5612774 -1.0245259
168 -0.72900474 -3.149398
73 -1.0541264 -0.32575235
218 -1.3120697 -8.561349
92 -0.71637356 -3.1217976
230 -0.7374593 -3.1928217
237 -0.4974122 -2.6191435
367 -0.783076 -0.40403828
143 -0.49702248 -2.5941052
44 -0.6723367 -2.8558364
139 -1.9760325 0.09350224
78 -1.4739598 0.18424758
188 -0.489962 -2.5608993
378 -2.012555 0.10491489
141 -9.524706 1.7953748
127 -1.3254428 -8.708008
138 -0.9956598 -0.32313588
259 -2.0073307 0.0933628
333 -2.0144408 0.10869422
402 -1.0368148 -0.32486966
219 -1.9819202 0.08648796
58 -0.95003617 -7.2218175
151 -0.8666044 -6.3675733
436 -0.73958623 -3.2894154
459 -0.9789139 -0.3366217
225 -0.8644518 -6.3166504
275 -9.486863 1.8056406
47 -1.335207 -8.718373
60 -1.3295896 -8.675242
106 -0.7334687 -3.1491563
216 -1.3349456 -8.6981735
257 -1.0496111 -0.3372195
169 -1.069231 -0.30628353
307 -0.5611894 -1.0206295
129 -0.56388956 -0.5941102
412 -0.73368835 -3.1960773
96 -1.0637743 -0.32366544
11 -0.55208755 -1.0244399
320 -9.502113 1.8069781
243 -0.5657531 -1.0319208
17 -0.6915104 -2.9682164
300 -1.3111144 -8.575446
486 -0.6453251 -2.6981542
121 -6.9143667 1.7114464
272 -1.337809 -8.746011
373 -0.6955657 -3.0329251
252 -0.7409452 -3.2092032
438 -1.5789498 -0.009805618
360 -9.318751 1.7243577
366 -1.0456314 -0.3210644
195 -9.361473 1.7840225
204 -2.0115023 0.09358228
16 -1.4584093 0.2011865
298 -1.0634605 -0.3214714
241 -9.31829 1.7736707
69 -0.7231239 -3.147102
328 -0.56520444 -1.023658
124 -0.81064117 -0.42503336
66 -0.8143908 -0.4209793
19 -0.69447505 -2.996018
310 -0.7739666 -0.39628315
214 -1.0457321 -0.32536095
119 -0.57005733 -1.0315391
7 -0.5700254 -0.58818847
187 -0.690611 -2.9884825
408 -1.9590825 0.094864435
34 -0.92458445 -7.003932
113 -1.3108048 -8.594078
306 -0.514001 -2.6962245
100 -1.5978795 0.0024038132
358 -1.060842 -0.32399878
340 -0.5626651 -1.0089904
190 -0.73293555 -3.1985025
40 -1.5707514 -0.01681613
285 -0.79727787 -0.42668056
368 -1.5757456 -0.005962285
350 -0.7861113 -0.40750882
166 -0.9120469 -6.9111404
146 -0.8909247 -0.38677698
254 -1.0681762 -0.29105192
381 -1.5772963 -0.006936635
232 -0.8474087 -6.287458
269 -0.50061566 -2.6645598
136 -1.0440581 -0.31901708
234 -9.337008 1.7845762
221 -0.73524046 -3.2457752
82 -1.6017601 -0.0068074963
434 -1.3246567 -8.692633
238 -1.0571704 -0.30307218
24 -6.908962 1.7151841
323 -1.3089131 -8.549861
264 -0.5771802 -0.6086219
309 -0.71200514 -3.133861
38 -1.4627646 0.19385293
431 -1.606845 0.0013222971
142 -0.7255237 -3.2661483
103 -2.0407252 0.10327404
334 -9.35408 1.7793521
292 -0.74608403 -3.2702734
133 -7.0763226 1.7687547
304 -0.99419296 -0.35440466
176 -0.9936419 -0.3494985
186 -1.5225142 0.21023862
102 -0.56020695 -1.0396113
128 -0.8892399 -0.39022645
233 -0.9143717 -7.0098386
302 -0.7285142 -3.126953
338 -0.8832344 -0.38127637
135 -1.5979838 -0.008345668
189 -9.493448 1.8102392
70 -0.56134444 -1.0049046
207 -5.1383514 1.382042
251 -0.8513943 -6.2380204
154 -1.3185518 -8.58519
283 -0.77523303 -0.41680494
393 -0.86907583 -0.39785495
35 -9.446429 1.7781174
284 -0.56482995 -1.0328563
147 -0.73174185 -3.1968746
114 -2.0055027 0.09459155
379 -1.5804496 -0.006582462
226 -9.445803 1.7905937
62 -9.346719 1.7710333
464 -0.66150564 -2.7683203
490 -0.8834231 -0.3830695
444 -1.600122 -0.010043728
153 -1.61151 -0.0024231412
157 -1.0334706 -0.32638088
177 -0.6499576 -2.727167
267 -1.6121761 0.001919545
312 -0.78139126 -0.41845033
426 -1.0647084 -0.33222196
117 -0.66848135 -2.7775588
155 -0.8442356 -6.128552
331 -1.281042 -8.341616
263 -9.461527 1.7857646
247 -2.04094 0.099007495
174 -0.7490358 -3.24366
45 -1.2481772 -8.11014
88 -1.2566137 -8.2011
372 -0.8003946 -0.427183
120 -0.5046501 -2.6137488
478 -1.5999275 -0.009030563
74 -0.6584958 -2.7820272
57 -1.0776883 -0.3044584
389 -0.9270865 -7.06146
270 -0.8736361 -6.389356
212 -0.88210434 -0.38695988
432 -0.6569324 -2.7485003
481 -0.6746076 -2.8045018
193 -4.86666 1.3020505
456 -1.2481803 -8.183365
97 -0.49830654 -2.590431
356 -0.6606956 -2.7468739
448 -0.55954486 -0.6008668
472 -1.6147885 0.0024593265
452 -0.4930302 -2.6653638
299 -0.90035474 -6.921965
351 -0.57295245 -0.59947914
346 -1.4936879 0.21234256
294 -6.8919353 1.7239462
280 -0.84056205 -6.201229
374 -0.5622266 -0.60139483
423 -0.51031893 -2.684434
43 -0.64890206 -2.6948535
418 -1.5920815 0.01945773
468 -2.0384517 0.10357211
229 -4.9286456 1.3248166
399 -0.9080631 -6.847555
355 -0.50103724 -2.6756127
453 -0.5614536 -0.5928591
457 -0.5646821 -0.6109888
371 -6.892583 1.7289572
404 -1.475538 0.20666213
325 -0.8946986 -6.836128
282 -0.56547374 -0.5992296
417 -0.49774992 -2.6125348
326 -4.965888 1.3148645
327 -0.569202 -0.5962657
196 -6.7766485 1.6853743
467 -0.9148652 -6.9920835
419 -5.0054474 1.3448381
414 -1.9948121 0.09657098
388 -5.0568957 1.3430828
148 -1.0668883 -0.29344437
430 -0.56871885 -1.025731
255 -6.8502665 1.7103078
301 -0.57027495 -0.5968005
279 -6.8073063 1.6941688
291 -6.9107227 1.7239846
484 -6.7450824 1.6944505
377 -6.7428513 1.6766618
363 -0.5027726 -2.665831
400 -0.5111521 -2.690926
451 -1.5169361 0.21354656
383 -0.5669127 -1.0158571
425 -2.0112553 0.090486825
332 -0.5635686 -0.604794
213 -1.4950801 0.20590727
387 -4.9995604 1.3427014
250 -6.814378 1.6889765
337 -1.4954289 0.20502889
424 -4.906663 1.3008032
311 -0.813884 -6.002039
319 -1.5227824 0.20508376
277 -1.5056353 0.20032847
439 -1.1132274 -0.29583767
359 -1.5027348 0.19832836
496 -1.4955807 0.20874615
362 -0.49841836 -2.6635993
295 -0.6738767 -2.8142085
385 -0.5651352 -1.0233076
427 -0.83398503 -0.42360714
497 -0.8802207 -6.6993027
380 -0.57004565 -0.5981883
445 -0.8260023 -6.127778
422 -0.51064384 -2.6909835
303 -5.0468507 1.3482276
476 -6.7989345 1.6911864
442 -0.80299443 -0.42443678
178 -0.67787087 -2.9318295
329 -4.87243 1.3111793
315 -0.5678781 -0.59402573
357 -1.5031146 0.21007073
287 -5.0006046 1.3401248
485 -0.65863717 -2.7137525
348 -1.4602398 0.20520197
469 -4.922899 1.32822
349 -0.8412266 -6.271355
246 -4.84329 1.2918851
278 -6.683325 1.6692128
493 -1.9797047 0.08267336
480 -0.8255654 -6.14458
375 -0.80054855 -0.4087504
491 -8.810325 1.6326451
314 -6.734448 1.6832023
220 -6.7034564 1.6693486
354 -0.56319755 -0.59837687
376 -8.713888 1.6368448
429 -8.7157135 1.6475877
341 -5.0793753 1.357229
409 -1.982138 0.080405734
382 -0.57192504 -0.5909904
410 -0.5775014 -0.58829826
289 -6.5735555 1.6299129
477 -0.80960876 -5.9946423
152 -6.508397 1.6237161
198 -6.602468 1.6411253
364 -1.4826525 0.20638059
398 -4.822814 1.2888143
460 -4.803634 1.2934546
470 -6.6205697 1.6455518
365 -8.694696 1.6327419
335 -6.749954 1.681403
473 -1.4783905 0.20744741
297 -0.840344 -6.192715
447 -0.51050913 -2.7248664
450 -0.89507484 -6.754331
396 -0.83601296 -6.1067157
488 -0.7002997 -2.9704869
244 -4.9990044 1.3372087
487 -4.913696 1.3132924
322 -0.50819975 -2.6920712
499 -4.862966 1.2970911
222 -6.7399745 1.6802208
483 -0.56088525 -1.0147579
276 -0.56310743 -0.6108017
336 -4.8970613 1.316023
458 -0.5691317 -0.5936336
361 -0.8094022 -5.9528527
446 -1.503622 0.20313625
397 -0.82851636 -6.1047664
413 -0.56735635 -1.0323111
492 -0.57945246 -0.595045
208 -6.7249427 1.6602546
401 -6.4994626 1.6223946
489 -0.75505465 -3.2260787
109 -1.0825061 -0.29563424
308 -6.653944 1.6518955
390 -0.8845786 -6.7749176
471 -0.51958746 -2.7430723
268 -0.5674551 -0.6017085
228 -6.638503 1.6559697
324 -0.86815435 -6.6696415
386 -0.51750624 -2.6573002
343 -6.6159573 1.6412755
236 -1.4948359 0.20329113
321 -6.5880156 1.6326112
344 -0.5256202 -2.7785256
498 -0.868318 -6.5873747
421 -0.8412888 -6.2216983
428 -1.9954629 0.09893336
261 -6.6538773 1.6590123
206 -1.5238575 0.21350926
449 -1.5052651 0.21023692
443 -1.1717606 -7.576276
420 -5.1067133 1.3624562
239 -4.881471 1.2947946
164 -6.6787972 1.6585789
482 -6.4981656 1.609306
475 -0.5641622 -1.0166689
435 -4.9834104 1.3401924
392 -0.5718755 -0.60274607
316 -4.8950467 1.3149815
465 -1.1926283 -7.813146
461 -1.187105 -7.698779
342 -1.5165976 0.20806219
369 -0.8800516 -6.7336836
391 -0.8167894 -6.0202055
209 -1.5115826 0.2112142
293 -4.854395 1.2902812
454 -0.8116907 -0.43819875
205 -6.5613127 1.6236445
433 -6.652809 1.6558274
352 -6.6442127 1.6396685
288 -1.5116668 0.20394313
384 -0.56036806 -1.038593
411 -0.55379444 -0.61252564
394 -0.5695351 -0.6013171
479 -0.55873424 -0.5963625
347 -0.8691358 -6.6766562
440 -0.56641155 -1.0355533
466 -4.806398 1.2731699
313 -1.0918607 -0.2826084
305 -1.5400887 0.21689211
235 -6.588449 1.6318886
281 -5.002303 1.3416133
345 -4.909868 1.3116356
274 -1.482463 0.20259695
339 -6.514533 1.6102586
495 -0.850327 -6.44707
463 -0.5698905 -1.0211188
317 -0.51485276 -2.724828
224 -4.939962 1.3140366
441 -1.1378918 -7.3543077
403 -0.49737075 -2.668068
211 -1.4958547 0.2190213
455 -0.82463074 -5.957134
462 -0.788929 -0.41128194
415 -4.850502 1.3066847
494 -1.989691 0.10417185
416 -0.5648447 -0.61483747
201 -1.4587674 0.1973158
353 -0.5739779 -0.6024436
395 -0.53086996 -2.7154562
437 -6.0935044 1.5179878
85 -1.0386182 -0.319636
406 -0.67028415 -5.2658463
