500 2
23 -1.4077641 -1.6055179
5 -4.2624574 -4.3217897
86 6.665654 -5.385215
9 -4.3122783 -4.3885913
119 1.0691849 -1.266251
26 6.5851474 -5.3009253
24 0.392933 -0.82639086
38 2.7451203 -2.3042033
20 6.637768 -5.3404493
163 0.25657964 -0.8804753
17 5.2663975 -4.161395
75 6.679704 -5.376515
96 -1.0566801 -1.4030427
46 -1.1014066 -1.432615
43 5.2997947 -4.199513
16 -4.2614813 -4.331173
159 0.23292106 -0.87835985
139 0.22389409 -0.8624618
129 -1.0737273 -1.4096023
112 5.2427588 -4.1490765
3 -0.14621088 -0.91396004
156 1.315879 -1.4638469
69 -0.047555897 -0.91269135
36 2.2440896 -2.0297306
131 0.2147796 -0.8441823
453 1.0800557 -1.2794678
98 6.67156 -5.347193
22 2.7176464 -2.2744436
8 -4.289775 -4.365943
11 0.24169423 -0.8810275
111 -0.038731955 -0.9334862
51 5.3383193 -4.2250566
52 1.0787182 -1.2750658
93 -1.067138 -1.4048207
83 2.2475986 -2.0274277
302 1.1096209 -1.3027838
148 -1.0716501 -1.4085016
269 1.2834969 -1.4191084
41 2.695823 -2.2663434
56 -0.06237644 -0.9147887
143 5.250923 -4.1646705
58 -1.0743767 -1.4211533
42 0.39409825 -0.8319556
49 0.26431915 -0.8809677
33 -0.14366212 -1.0305514
29 1.2582083 -1.4075401
80 1.2741882 -1.4220943
124 2.0952156 -1.9189879
117 1.286108 -1.4141643
218 -0.5358287 -1.1599295
174 3.5810266 -2.8906221
271 -0.69678664 -1.23252
84 4.8538604 -3.8449662
88 4.869466 -3.8441775
13 4.8943152 -3.8736098
0 -0.1457808 -1.0201985
356 -0.13886103 -1.030911
73 4.7936845 -3.798324
270 1.3106712 -1.4450899
480 1.1338711 -1.315679
458 1.326547 -1.4589674
320 -0.50853837 -1.1421672
431 1.3443228 -1.4606082
128 -0.68686306 -1.1983385
137 -3.149094 -3.377147
308 1.3183935 -1.4574236
436 -0.1310383 -1.0200626
138 2.1895058 -1.9922069
452 1.3334624 -1.4624501
109 2.0981467 -1.9282618
154 -3.1893666 -3.4112182
286 -4.2612805 -4.332313
489 -0.12681419 -1.0260144
54 2.0806513 -1.9006189
27 1.4512795 -1.530983
244 -0.7089043 -1.2269558
147 -4.400052 -4.4734983
413 -0.5208421 -1.1573248
170 1.4312847 -1.5235924
77 2.0962148 -1.9313523
161 2.22368 -2.0185978
254 -0.5303763 -1.140561
44 -0.51557446 -1.1564686
89 -0.69862825 -1.2255486
232 2.2070649 -1.9941425
429 0.9751922 -1.2106448
115 -6.0511823 -5.977026
204 0.3262946 -0.84428924
277 -3.0523787 -3.285093
373 -5.8581414 -5.66938
193 3.6537232 -2.9234579
362 -0.51505315 -1.1624804
45 1.4108381 -1.520268
81 -4.2799296 -4.349637
59 2.885769 -2.4006145
223 -0.6848574 -1.2135004
374 -6.4096045 -6.2486095
326 0.99220794 -1.21262
90 2.096793 -1.9275212
209 3.5666745 -2.8839405
55 -0.10402432 -0.886621
357 -3.0827036 -3.311327
239 -3.0884287 -3.3228204
122 -5.788705 -5.7262454
199 -0.044022698 -0.9470996
378 -3.1692677 -3.3895018
65 3.6639946 -2.9604905
205 0.93829155 -1.1873305
155 -0.9733124 -1.3670881
190 -3.0499694 -3.2930603
94 0.35034025 -0.87235606
183 -5.865253 -5.803331
97 -3.1245363 -3.3572803
32 -0.1498004 -1.0311188
30 -0.5191587 -1.1557426
449 -0.14076059 -1.0170641
210 -0.95638335 -1.3430077
314 -3.1167545 -3.3354447
114 0.3267653 -0.8486779
78 -0.8514542 -1.3086761
50 -3.0334766 -3.261874
141 2.8254018 -2.3691273
134 0.30819008 -0.839074
15 2.1359465 -1.9553518
237 0.3027809 -0.8449198
450 0.9763061 -1.2214934
10 -0.9675009 -1.363504
332 -3.1813445 -3.4111712
2 -0.95692635 -1.3676506
164 -0.86704504 -1.3159102
240 -3.1058319 -3.3330686
103 -5.7940326 -5.6060004
158 -0.8802314 -1.3303614
71 -0.083361164 -0.96673036
313 -0.5158208 -1.1494559
220 -0.94248366 -1.360729
279 6.4790087 -5.228202
228 -0.51476645 -1.1537421
68 -3.0899804 -3.3190582
198 0.31325203 -0.84942067
123 0.3361842 -0.8448185
386 6.421743 -5.178592
222 -0.1541349 -1.0356177
171 2.7795362 -2.3338988
213 -0.9438955 -1.3570762
18 -0.1286426 -1.0143343
64 -4.265921 -4.333925
259 -5.8516097 -5.6540246
130 -5.8208613 -5.6328187
262 1.4348966 -1.5299222
168 -5.7059755 -5.5202456
367 -4.2569523 -4.327259
264 -1.0720749 -1.3908814
169 -0.50844383 -1.1568229
105 6.3769846 -5.139536
144 -5.875916 -5.817626
140 -3.1731853 -3.404477
439 6.5289483 -5.276351
334 -0.017946433 -0.9466365
21 3.5515912 -2.8855731
39 -5.82943 -5.7655525
248 -0.84414965 -1.3023992
352 -1.0780427 -1.39885
335 0.23982126 -0.90446484
108 -3.1011183 -3.3310087
31 0.516298 -0.85948694
371 -5.8290434 -5.763417
173 6.6113024 -5.3308353
126 -5.669808 -5.4985056
127 -5.779817 -5.5998178
479 -6.211762 -6.071205
297 -5.8666644 -5.788316
187 -0.9468564 -1.3738878
113 -4.3178906 -4.3834815
397 -1.0750662 -1.3886893
278 2.5317996 -2.2013178
273 -4.2018967 -4.2717066
152 6.5127206 -5.252946
182 -5.6806307 -5.4946733
299 -5.8363266 -5.7647166
324 -0.12682669 -1.0271161
272 -4.271181 -4.3390408
322 -0.14095068 -1.033073
425 -0.41336906 -1.0885543
185 2.1035695 -1.9305515
177 -0.053211883 -0.9505202
305 -5.774354 -5.604438
186 0.5027031 -0.8554231
207 6.3398967 -5.093615
296 6.2268577 -5.01952
79 -0.8517149 -1.3108413
35 -0.424035 -1.0787028
132 -0.9603776 -1.3775643
203 2.7747633 -2.3295157
385 0.51618564 -0.8647492
301 -0.11151141 -0.97945565
48 -6.2856107 -6.1484594
197 -0.03361744 -0.9442441
280 -3.06856 -3.307151
459 -0.104082175 -0.98625636
188 -4.2807336 -4.355088
176 0.228006 -0.9022634
116 2.557026 -2.1919532
261 -0.16190192 -1.0380477
145 2.5170171 -2.1779523
432 -5.8815804 -5.6964436
61 -5.6825514 -5.5123053
87 -0.9388578 -1.3577604
451 -6.0859437 -5.937535
230 0.21743119 -0.8872635
102 2.5384288 -2.1760364
415 5.41606 -4.2826333
363 0.23022555 -0.89292055
472 -6.196416 -6.0286536
379 -3.1353216 -3.3486705
291 -3.0761433 -3.307702
484 -6.0895805 -5.9518795
149 -1.1019274 -1.4155834
246 -5.7901254 -5.5849953
406 -6.024525 -5.8634577
265 6.4335103 -5.19468
424 -0.8598634 -1.3210433
215 -0.41332847 -1.0830206
238 -6.094562 -5.955187
162 -5.935795 -5.873367
157 -4.178917 -4.2400026
403 -0.06555414 -0.9542032
268 -5.7354035 -5.660641
307 0.87591463 -1.1457235
195 -6.146436 -6.0015244
99 0.49182346 -0.85148776
101 5.3753247 -4.2542524
258 6.332338 -5.0916376
249 -0.87576693 -1.3175302
446 -1.0863096 -1.4051095
456 -0.40995726 -1.07067
295 2.1149945 -1.933424
387 -0.107459925 -0.9917894
402 -6.1741586 -6.028364
200 -0.14686474 -1.0272794
6 -0.31287232 -0.9816071
354 -5.7530746 -5.6954646
391 -5.791118 -5.7424054
392 0.23604219 -0.88213295
359 6.288629 -5.069317
234 2.5131123 -2.177839
427 0.506011 -0.85339034
377 -5.7742505 -5.6025195
224 -5.79129 -5.7429247
400 6.4149427 -5.1671243
92 -5.84353 -5.65191
28 -5.7635565 -5.702203
466 0.21910107 -0.88005507
444 -0.4155076 -1.0856463
110 -5.822094 -5.628476
349 2.2442937 -2.0286674
408 -5.74103 -5.678388
146 6.3271704 -5.105314
178 -0.037866365 -0.9255169
338 -6.130052 -6.0179315
231 -5.7371187 -5.6822286
180 -0.16192828 -0.907971
463 -6.204955 -6.0581417
366 -4.236767 -4.302753
250 -0.84942716 -1.2980183
181 -1.084916 -1.4084207
189 -1.0910625 -1.412636
211 -0.29872873 -0.97262585
282 -0.41694513 -1.089974
227 -6.1175904 -5.9741735
266 0.8913749 -1.164895
34 -4.243399 -4.3146687
233 0.4854391 -0.83737034
136 -0.40542945 -1.0756478
336 -0.119601294 -0.9099112
310 5.2909136 -4.175319
309 0.22567971 -0.90016854
399 0.49493107 -0.850466
236 0.1993985 -0.8663862
263 5.3730273 -4.273601
394 0.5046459 -0.87026876
243 0.5086351 -0.8625375
318 -1.0917013 -1.4079877
485 -4.16412 -4.2375283
300 -5.78465 -5.7151437
153 -0.4155924 -1.0910313
60 -5.8959785 -5.7389674
337 0.2156077 -0.8769211
252 -4.256437 -4.337773
281 2.2357183 -2.0202801
167 7.265146 -5.839008
350 -6.2500267 -6.1090517
346 -6.334987 -6.177341
311 -5.947271 -5.759635
217 5.305245 -4.198108
438 -4.2732472 -4.3479056
383 -0.32363212 -1.0026747
292 2.2325885 -2.0198722
125 5.3369794 -4.228953
74 -0.054983515 -0.96709836
481 -4.1744447 -4.2494373
348 -1.0923469 -1.4172198
267 -4.134664 -4.205794
306 0.9023995 -1.1587635
457 -1.0908647 -1.414511
192 -0.14364874 -1.0195205
382 0.2175946 -0.8721208
241 -5.9527264 -5.867202
411 0.89637643 -1.1640153
151 0.48698607 -0.85879767
160 -0.10647923 -0.98780614
179 0.49484774 -0.85235184
172 0.5019566 -0.8501488
229 0.48255405 -0.8554582
423 2.4804573 -2.1489599
19 2.416719 -2.0840416
298 2.2291129 -2.0073555
396 -1.0791318 -1.4186442
353 7.4232078 -5.96869
344 -6.251058 -6.0840516
351 -0.15072514 -0.90513957
37 -6.1442986 -5.997811
133 5.4420385 -4.310494
360 -4.184813 -4.259428
312 -0.28157336 -0.9691106
469 -0.54840064 -1.1709516
194 -0.012590441 -0.9267976
25 -5.904482 -5.826901
202 5.1817493 -4.1027184
384 6.2809143 -5.0652814
191 -6.4423313 -6.284401
76 -0.28506482 -0.977262
476 0.49634695 -0.85980874
416 0.21177897 -0.88377416
375 5.3466735 -4.2486506
255 5.363119 -4.24922
285 -0.28387895 -0.9644339
442 -4.204658 -4.266327
407 -5.9293666 -5.7534723
454 -6.3426304 -6.2119436
465 -0.005225595 -0.9272187
490 2.2164576 -2.000556
63 -0.2739554 -0.97626823
72 0.4835613 -0.85142314
251 5.327145 -4.234683
319 2.2571845 -2.03597
288 -4.238224 -4.3154035
461 -1.0940908 -1.4083546
323 -1.1215968 -1.4240532
201 5.265334 -4.167303
361 5.1926103 -4.1212707
66 0.50861967 -0.85860693
321 -0.13898535 -0.91155905
303 1.8265871 -1.7629204
276 5.2742333 -4.1602583
135 0.49478683 -0.86247236
12 7.1918077 -5.785125
256 5.1949396 -4.1229057
331 -0.3086361 -0.97708714
142 -4.3186417 -4.394736
225 -0.15177283 -0.9036288
329 5.1590443 -4.0906487
380 7.3265142 -5.871951
433 4.677541 -3.7159653
245 7.0853724 -5.6903806
206 0.19476528 -0.86130613
120 -0.3040475 -0.9899343
208 0.8816064 -1.1454252
393 -4.2276354 -4.3017473
82 1.8137863 -1.7367841
467 7.2198076 -5.7905354
214 -4.211934 -4.277988
327 0.34782362 -0.8268498
53 7.17917 -5.7562637
91 -4.1715226 -4.2463956
175 4.7217298 -3.7302608
473 0.3328315 -0.8865836
7 2.2626655 -2.0177839
14 7.208066 -5.7933006
418 -0.03679483 -0.92566055
106 -4.329725 -4.392278
219 5.190538 -4.129142
121 0.86339647 -1.1408038
474 5.2043962 -4.127681
328 5.2207327 -4.1261015
196 2.302588 -2.055483
395 4.641889 -3.6564639
257 0.2939161 -0.8440304
364 -5.906282 -5.733324
294 5.228453 -4.1475897
443 4.7204533 -3.7245533
40 1.8174455 -1.7487432
390 7.126985 -5.720155
275 -4.2164097 -4.2870793
304 7.1802635 -5.7753544
287 -4.0586567 -4.133278
253 5.151469 -4.0850224
347 2.338034 -2.0732677
166 -4.2862487 -4.3520703
107 5.308785 -4.204773
493 -0.56992286 -1.173786
419 -0.42503706 -1.0739846
412 1.8049914 -1.7445918
496 0.88424134 -1.1572447
426 -0.5603988 -1.1919947
381 7.246319 -5.830794
95 7.2736926 -5.831092
1 7.282551 -5.8477216
70 -4.23289 -4.3060436
376 -1.0043128 -1.409127
221 -0.06349146 -0.9588354
343 3.111332 -2.5525618
290 1.4645522 -1.5406184
369 2.3311124 -2.0785112
150 5.1788507 -4.1232543
389 1.4506807 -1.5398962
289 -4.3545723 -4.429204
448 -0.045297522 -0.94737923
445 -0.014965853 -0.9131427
462 0.8908339 -1.1551347
340 0.32803518 -0.8942991
370 2.3313465 -2.0791469
365 1.4450307 -1.5381482
471 7.029889 -5.6347632
405 0.3248436 -0.88487846
437 2.313284 -2.0465004
398 4.635016 -3.6545022
355 2.6337478 -2.2201445
274 0.3133687 -0.87039673
317 3.1341636 -2.5534606
358 0.32695216 -0.8340458
435 0.31890088 -0.8810068
342 0.3482446 -0.83238286
417 -0.5378161 -1.1746073
247 0.34211364 -0.8283161
4 0.8727043 -1.1375109
495 2.2899892 -2.0422711
487 5.0245833 -3.96411
482 -0.78316647 -1.2587845
293 2.642384 -2.2236755
100 0.33071002 -0.8272781
283 4.721509 -3.7307096
455 0.32224867 -0.8195244
242 -1.0349431 -1.4397414
339 1.4215368 -1.5216385
212 4.672217 -3.6894784
388 4.579323 -3.5987442
401 1.4727316 -1.5547528
47 -0.151239 -1.0240253
235 4.697354 -3.7204797
62 0.31034008 -0.81039983
165 4.704245 -3.7216237
475 -0.7924025 -1.2616117
216 3.1682417 -2.6009505
434 2.6205 -2.2166753
316 2.1035988 -1.9159888
345 3.1791754 -2.6142251
409 2.2880383 -2.0291135
330 -0.7897958 -1.2597287
226 2.644925 -2.2348626
118 0.34429497 -0.8290891
410 3.1769478 -2.6034236
315 2.1061745 -1.9368104
67 0.87278324 -1.14113
492 2.7232466 -2.3029866
497 -1.03568 -1.4360601
422 -0.7715416 -1.2485875
404 -0.77444726 -1.2543066
477 -0.9002331 -1.3720286
104 -0.14738147 -1.0148346
341 -1.0388215 -1.4333218
372 0.33270717 -0.836165
460 -0.8899412 -1.3403753
184 -0.14404963 -1.013755
57 -0.16000785 -1.0241381
325 3.1826265 -2.623817
284 -0.13446993 -1.0169312
368 -0.80862343 -1.2806873
499 0.3248009 -0.8292904
260 3.0784743 -2.5051763
430 2.3627293 -2.0564992
333 0.8227045 -1.1225785
447 0.8381946 -1.1182306
85 0.86202735 -1.1255344
421 -2.972496 -3.1895454
441 -2.9086432 -3.1350582
440 -3.1380045 -3.3638244
494 -4.043695 -4.1117578
420 -0.14010172 -1.0290489
486 -5.664571 -5.4800916
483 -4.047724 -4.1048265
428 -3.0960293 -3.3123991
488 -1.1137911 -1.4361843
498 -2.9451175 -3.1606567
468 5.6701837 -4.559287
478 -1.1138548 -1.4459193
470 5.8128257 -4.674937
491 -1.0977498 -1.4283997
464 -1.1261274 -1.4424094
414 -5.364453 -5.27247
