500 2
169 -0.84615624 -0.36073434
113 -0.84525234 -0.35940412
218 -0.84497064 -0.36170226
68 -0.83858067 -0.3632329
27 0.9964207 -6.474264
52 0.99472773 -6.48391
145 -0.86489743 -0.36961547
122 -6.7676163 -0.25066662
148 -0.8610894 -0.36028498
161 -6.677186 -0.2536055
146 -0.06652691 -1.3120377
137 -0.8456166 -0.35937706
266 -0.06940505 -1.3115673
118 -0.74193627 -0.5784806
173 -0.8474201 -0.36515996
6 -5.010719 -0.14116602
294 -0.060545985 -1.30808
8 -6.7584248 -0.25599086
101 0.97757214 -6.3387127
225 -5.0975695 -0.14723988
0 -0.066099755 -1.3168632
190 -0.83814645 -0.37263724
174 -0.7491223 -0.57466865
170 -4.9859734 -0.15199265
14 -0.0642748 -1.2987883
165 -0.8579348 -0.3561658
38 -0.38264072 -1.0390913
182 -0.06264633 -1.3098383
25 -0.7587598 -0.5786205
4 0.8353653 -6.5056963
74 -0.3846803 -1.0445898
86 -0.8434227 -0.36744156
142 0.6040862 -5.216883
76 -6.214306 -0.19692796
34 -6.1360645 -0.19378707
189 -0.51374173 -0.9191916
185 -0.07083169 -1.3156103
211 -0.72924376 -0.5775371
200 -0.37896705 -1.0386885
70 -5.009215 -0.15956591
36 -0.7456783 -0.5755162
26 0.980295 -6.300911
261 -3.4355998 -0.36451995
233 -0.5158122 -0.919811
248 -6.6535406 -0.24186616
215 -4.970259 -0.13849959
44 -0.8497012 -0.3671153
47 0.5029215 -4.8479853
92 -0.37865114 -1.0439163
75 -0.060451005 -1.3136406
207 -5.0882673 -0.1491591
87 -6.005144 -0.18751712
23 -0.74300367 -0.5789017
111 -6.7258577 -0.25241476
177 -0.50862837 -0.9191036
99 -6.672323 -0.26057166
160 -6.7393017 -0.24422964
155 -0.5016273 -0.9310262
184 -0.066685796 -1.3225743
287 -0.06770712 -1.3160335
179 -6.1110187 -0.18264768
67 0.9852969 -6.378563
210 0.5987639 -5.3286204
140 -3.5718749 -0.37170005
124 -0.058329858 -1.3180312
130 -0.84442514 -0.3664249
78 -0.38306928 -1.0355176
172 -6.7029223 -0.25486997
192 -6.791377 -0.2428913
22 0.61626905 -5.359521
203 -3.5146244 -0.36730656
63 -0.7431753 -0.56829363
151 -0.3820386 -1.0427657
194 -1.1521374 -0.45772308
45 -3.450329 -0.3723614
157 -5.0497546 -0.14603408
95 -0.3778093 -1.0354643
213 1.0499895 -6.806686
84 0.48473236 -4.8255453
139 -0.73819417 -0.5777525
80 -3.4948103 -0.37015092
193 -3.508239 -0.3620505
120 0.70292145 -5.7471848
395 -8.040668 -0.41084325
152 -3.4750378 -0.37484428
377 -1.1579405 -0.46148536
289 0.5379538 -5.067967
222 -6.6496615 -0.23489873
134 -0.7453273 -0.5718174
15 -0.059000988 -1.3108722
72 -3.448992 -0.37131566
163 -6.6417665 -0.24618755
132 -5.028698 -0.1472181
257 -1.1713115 -0.46256304
246 -0.07460749 -1.3096751
127 -0.74165577 -0.57793134
223 -0.5156288 -0.916249
131 0.92234844 -7.255462
339 1.0629268 -6.9548326
167 -0.5056718 -0.91927457
18 -5.012417 -0.13887475
144 -0.73730296 -0.5652279
106 -1.170226 -0.4618434
293 1.0512009 -6.8388467
265 -0.3924605 -1.0396963
61 -0.3948106 -1.0347011
232 -5.0886097 -0.15208724
51 -0.85212004 -0.3640325
250 -5.0308337 -0.14630865
3 -6.14085 -0.19432653
108 -3.4196064 -0.3654832
57 -7.9882374 -0.4065038
181 0.5982757 -5.2387733
178 -1.1564401 -0.46100974
199 -5.956558 -0.19208202
307 0.5184185 -4.9442687
239 -6.6001687 -0.24076003
262 0.5059794 -4.902114
123 -0.83888406 -0.36779848
341 -6.2326264 -0.1920222
121 1.069178 -6.901001
82 -5.8746905 -0.17930539
202 -0.39580783 -1.0504521
126 -0.73759246 -0.56744415
43 -0.85695034 -0.35218945
158 -6.545282 -0.23970921
221 -6.5920115 -0.22871819
426 0.60580355 -5.2959485
143 -7.7746987 -0.40623373
201 -5.982093 -0.18527013
119 -1.1643018 -0.45593798
102 -0.51315343 -0.9323365
281 1.0469117 -6.7883477
1 -4.899054 -0.15166688
242 -3.3907442 -0.3680778
96 -4.9274054 -0.14935526
205 -4.906656 -0.14163223
166 -0.7198217 -0.5738225
46 -0.731605 -0.57189745
54 -7.764639 -0.39856023
268 -1.1542588 -0.45908448
94 -0.38344458 -1.0202584
97 -0.06975438 -1.3025151
58 -0.5030802 -0.92611617
240 -5.77316 -0.18703325
83 -0.39406368 -1.0296147
346 1.0397668 -6.6800966
156 -3.5188844 -0.36657712
32 -0.06457876 -1.3048124
77 -0.5273989 -0.93166137
112 -0.38240132 -1.0411968
19 -0.8422558 -0.36443523
93 0.83068806 -6.464788
135 -0.39969447 -1.0320176
50 -3.508634 -0.37333617
129 1.0459403 -6.767729
188 -0.85405624 -0.36349875
198 -0.3799096 -1.0290868
59 -5.956048 -0.19420242
12 0.43461323 -4.6044846
196 -4.995717 -0.1429334
109 -0.7344043 -0.57925904
411 -7.7754235 -0.4025126
197 -3.4353917 -0.36154032
219 -6.500866 -0.23755369
312 0.9102395 -5.8568316
114 -0.060000632 -1.3200806
136 0.909181 -6.9526477
308 1.0310711 -6.7113304
40 -1.1584308 -0.45834354
336 -7.753223 -0.40061837
397 -7.9116306 -0.41116187
7 -3.418439 -0.36578318
100 -7.874561 -0.41205737
35 -1.1588924 -0.45814016
13 -0.50391227 -0.9440063
269 -6.71413 -0.24290483
149 0.6919461 -5.6251364
195 -7.6895885 -0.39683312
11 -0.514838 -0.9299473
277 0.9036199 -6.94702
260 -5.825747 -0.18423903
115 -5.864185 -0.17516607
253 -7.747798 -0.39615625
249 -0.5139452 -0.9278029
65 0.6753724 -5.5972624
264 -1.164681 -0.4558753
42 0.9370788 -5.9780297
104 1.0309447 -6.7098927
216 -0.50760394 -0.9151572
56 0.9307255 -5.945341
410 1.0299276 -6.734669
33 -1.1671954 -0.45559904
214 -5.970179 -0.1831417
263 -3.4582846 -0.37128443
133 -5.773659 -0.17500186
271 -0.50467557 -0.9145188
31 -7.842316 -0.4071519
348 0.91253203 -7.157716
440 1.0608296 -6.8664737
385 -1.1753087 -0.4646504
220 -0.38696936 -1.0461208
128 0.9685038 -6.2165513
39 -0.52195865 -0.93850136
141 -7.6973944 -0.41060057
371 0.88089246 -6.851031
392 0.8715209 -6.916948
147 -0.5151906 -0.9282246
237 0.8746242 -6.707059
238 -1.1666518 -0.45148054
325 0.41781133 -4.556364
314 0.66404474 -5.4935427
299 -1.1654159 -0.44494626
71 -0.5157076 -0.92100966
361 0.8978918 -6.9415727
247 -3.5023215 -0.36852723
150 -0.08046264 -1.2980722
55 -4.918034 -0.14796259
258 0.6748854 -5.614732
424 0.8655163 -6.6353316
183 -0.74372363 -0.57438123
401 0.502808 -4.816929
49 0.9224571 -5.910506
252 -4.821672 -0.14919198
296 -0.071070164 -1.2872031
286 -1.1598088 -0.46876234
409 1.0146677 -6.4729357
30 0.8428993 -6.616317
91 -4.8649716 -0.13990736
206 0.56349206 -5.1142044
53 0.43186554 -4.5543847
234 0.9993021 -6.574832
353 0.91711843 -6.922705
328 0.9177686 -6.9662905
90 0.8466816 -6.7129035
105 0.423136 -4.484609
180 0.87854695 -6.845644
394 0.8910116 -5.712836
230 -0.07483411 -1.3101621
455 0.97577816 -6.2567472
291 0.8596032 -6.74094
372 0.9041902 -6.922106
245 -1.1552325 -0.45715424
110 0.9032412 -5.8819866
60 0.8957677 -5.7444787
41 0.4571438 -4.585571
81 0.85182965 -6.682105
448 0.4881175 -4.761444
10 -1.1648388 -0.45169637
64 0.87862897 -6.849189
116 1.0142802 -6.550535
204 0.95255506 -6.099798
434 0.69235045 -5.6394067
272 0.8915562 -6.878228
20 -6.381469 -0.2423233
98 -0.74523383 -0.57570016
162 -5.9063244 -0.18361796
88 0.4546302 -4.655892
489 0.988014 -6.328173
66 -0.51119685 -0.9166198
389 0.68898416 -5.56616
330 0.9733318 -6.27178
48 -3.488531 -0.36401966
259 0.9902963 -6.3604736
481 0.986021 -6.315186
28 0.8720432 -6.7851276
187 -0.52432704 -0.92070514
79 1.0209959 -6.6429973
212 -0.741322 -0.5779576
191 -6.3849807 -0.23447736
399 0.92698807 -5.9780116
21 -6.349994 -0.24438684
390 0.9643327 -6.25538
332 0.87726545 -5.714719
357 0.8460217 -6.557364
373 0.6969854 -5.6766267
482 0.40618932 -4.480853
300 -3.6170936 -0.37302908
243 0.88387394 -6.901391
209 -0.3924574 -1.0394655
125 0.8905355 -5.769593
284 -7.5723243 -0.4150803
318 1.0179292 -6.526689
117 0.830899 -6.438123
285 0.912317 -5.911671
175 -5.836312 -0.18361014
9 0.9361633 -6.0318346
428 0.8989239 -5.7978153
171 -7.630611 -0.39503232
369 -1.1859106 -0.45020184
224 -5.9034233 -0.19023049
484 0.8925274 -6.9349413
103 1.0270277 -6.669985
282 -5.0570884 -0.15200122
208 -5.7028666 -0.18288021
69 0.41111687 -4.4238477
310 -0.84495085 -0.35931394
329 0.90132993 -5.7785025
478 0.978156 -6.2478805
342 0.9670881 -6.211301
468 0.9217355 -5.9196553
138 -0.72808313 -0.5793485
62 0.9278472 -5.9952993
347 0.88830215 -6.7698812
73 -7.4356 -0.390556
479 1.0336585 -6.6453223
488 -0.5091065 -0.9157339
168 -0.38393676 -1.0685185
463 -0.84493285 -0.36794138
379 0.8868077 -5.7504725
370 -0.060835246 -1.2952324
442 -1.1529014 -0.4601949
226 -0.748525 -0.57512504
376 -3.469963 -0.3636085
416 -0.840067 -0.35359502
153 -3.3826578 -0.34626055
338 -0.5208395 -0.9148518
382 0.84628546 -6.5213804
186 0.8243711 -6.385618
320 -0.38805977 -1.0499556
443 -0.38110512 -1.0650563
374 -3.6086981 -0.37858865
393 -1.1573337 -0.46867326
334 -0.85416603 -0.36080644
275 0.84643954 -6.4354386
85 0.77018756 -6.0534678
490 -0.73563355 -0.57436085
350 -4.9921827 -0.14669825
470 -0.51080906 -0.9290481
279 -0.40537313 -1.0483073
24 -7.483333 -0.39859945
159 0.88011366 -5.6285024
274 -6.2627645 -0.23421778
496 -6.3577123 -0.24032709
447 -0.51064444 -0.91791666
492 -0.84357417 -0.36430213
270 -0.8533559 -0.35894158
280 1.0275502 -6.619862
404 -5.0202065 -0.14239131
456 -0.84408104 -0.3472511
445 -6.3411093 -0.23887153
355 -3.5982926 -0.37204415
217 0.8756295 -5.5956807
301 -0.8603658 -0.35489282
407 -0.74150985 -0.56907505
333 0.8945069 -5.742071
460 0.8529244 -5.44085
37 0.38624448 -4.3005905
331 -0.05484081 -1.3110929
298 -0.73183274 -0.56936014
378 -6.367021 -0.24238239
276 0.84872156 -6.601181
384 -3.5533137 -0.37483248
453 -4.9689507 -0.14131463
319 -7.327901 -0.39538127
288 -0.7458999 -0.57742125
465 -0.06028024 -1.3007292
391 -5.899797 -0.19029377
487 -5.9493203 -0.1959172
466 -0.8372348 -0.3670116
413 -0.7320841 -0.5788277
29 0.84760666 -6.6038494
313 -6.2040305 -0.22544968
477 -0.7479563 -0.56613344
363 -4.963906 -0.14255455
228 -0.8568347 -0.3523944
351 -6.137029 -0.22831307
449 -3.6545906 -0.37467405
402 -0.8425742 -0.35796502
451 -0.4001196 -1.0417019
278 -7.1271367 -0.38237596
471 -0.7249074 -0.58163756
498 -6.25805 -0.23947994
400 0.8989086 -5.7169447
316 -5.0387077 -0.14325313
322 -0.063302375 -1.2932372
486 -0.38518333 -1.0424318
5 0.376652 -4.314813
327 -0.74303085 -0.58022714
380 -0.51121724 -0.9194894
415 -5.8667006 -0.19148651
344 -6.1585965 -0.22560805
273 -0.72962135 -0.5718081
403 -0.49460974 -0.9131109
396 -3.5448284 -0.36867836
473 -0.06778758 -1.2916151
231 -0.84810466 -0.3591062
89 0.7611855 -5.913804
412 -7.4647894 -0.39904147
421 -0.06223302 -1.2941962
360 -6.344088 -0.24159108
283 -7.0393767 -0.37118313
388 -0.8537967 -0.36018333
255 0.9120617 -5.850936
176 0.4053223 -4.396619
408 -6.1540604 -0.22596917
366 -0.06613741 -1.3042344
2 0.37726694 -4.232823
358 -0.82425594 -0.3569797
302 -3.5738046 -0.3771431
309 -3.3611362 -0.36044446
292 -0.3958925 -1.0360092
383 -0.060396638 -1.2971796
323 -0.059835933 -1.3195146
419 -0.84703445 -0.36263835
438 -5.1360574 -0.14395058
494 -0.39095926 -1.0467227
497 -0.39458245 -1.0359014
437 -0.063053586 -1.2942088
491 -0.86574733 -0.3540174
398 -5.886915 -0.16929749
267 -0.7295347 -0.577955
467 -3.5494764 -0.37064952
337 -0.84222066 -0.35623327
340 -4.9548945 -0.13670726
420 -0.072495565 -1.2871249
343 -6.1132917 -0.21543124
317 -6.303455 -0.22973542
154 -0.3775474 -1.0585591
431 -5.045783 -0.1391491
303 -0.5128339 -0.94228417
256 -0.8320815 -0.37776616
368 -0.7278185 -0.5759676
304 -0.06212551 -1.3028524
381 -3.5675666 -0.37609226
485 -1.1584396 -0.4528205
324 -4.9285293 -0.13539454
164 0.46008754 -4.563122
244 -0.8357103 -0.35846126
495 -6.165105 -0.22781843
461 -0.84189785 -0.3544993
436 -4.9114614 -0.1482961
311 -0.49841022 -0.91464907
295 -0.82914853 -0.36220518
441 -0.85191965 -0.35963345
454 -6.0417743 -0.22747906
414 -6.1707807 -0.23378661
254 -0.7400909 -0.57631624
425 -0.7228431 -0.5637594
472 -5.880302 -0.17446089
297 -0.39244232 -1.0484664
107 0.4067103 -4.3270783
362 -5.6343713 -0.15997231
483 -4.866751 -0.13904327
418 -0.83269167 -0.36666152
354 -0.067451596 -1.2947708
462 -0.85725325 -0.36334586
450 -0.38849854 -1.0514982
16 -1.1523435 -0.44572115
387 -5.9515457 -0.1838742
480 -1.1491106 -0.4516084
458 -0.50481266 -0.92307943
493 -0.51157874 -0.921697
469 -1.1543549 -0.45250323
315 -3.4486048 -0.3635117
326 0.3680552 -4.1610255
345 -0.86460024 -0.3642295
227 0.39828008 -4.29979
235 -0.8421659 -0.35588264
17 0.80037683 -6.3242455
321 -3.5088837 -0.36583006
305 -0.06272415 -1.2938832
476 0.83677554 -5.41173
359 -0.06763775 -1.3162053
459 -0.39136696 -1.0519729
417 -0.0668012 -1.2870387
429 -0.05779946 -1.3138503
365 -6.0715322 -0.22661184
364 -4.9209547 -0.15128249
433 -0.85484254 -0.36034477
430 -6.1161714 -0.22213657
444 -4.935975 -0.13668278
229 -0.7279615 -0.5630062
241 -0.8479974 -0.36224127
432 -4.797229 -0.1377263
367 -0.5153868 -0.9295169
405 -1.1478148 -0.45288417
427 -5.76536 -0.17756262
306 0.87068665 -5.6548896
422 -4.7607746 -0.135692
251 0.8418966 -6.49553
452 -0.738358 -0.58025813
352 -0.053793482 -1.3187351
423 -1.1648165 -0.4646468
375 -4.883514 -0.14891098
335 -3.451278 -0.36888206
474 -0.06883765 -1.2887071
464 0.9772624 -6.3154745
457 -7.089073 -0.36175528
439 -5.629197 -0.17533165
236 -0.7530235 -0.56828004
356 -0.84861296 -0.3612125
499 0.94115514 -6.055991
290 -0.51708895 -0.94319
349 -5.4151897 -0.15689933
446 -0.38149264 -1.0480754
475 -0.06267344 -1.2910155
435 -0.8554184 -0.3692184
406 -0.40541238 -1.0865098
386 -5.1244183 -0.19397044
