500 2
124 -4.294277 -1.8775316
14 -4.26301 -1.8433056
86 -1.0631738 -0.023627719
79 -4.3356967 -1.8798312
159 -0.6718227 0.754264
24 -1.0734344 -0.04478313
68 -0.6803439 0.7505378
142 -1.9670951 6.810941
155 -4.2822604 -1.8549347
25 -0.67200285 0.75897133
97 -0.68053675 0.75463504
108 -1.068715 -0.025023216
94 -4.2512083 -1.8474088
185 -5.385856 -2.1573577
151 -5.405129 -2.1608074
72 -0.6699261 0.75228524
80 -4.2836394 -1.8571256
10 -1.0714016 -0.022380289
169 -1.9794362 6.8314404
290 -0.6757097 0.75500315
91 -1.05323 -0.015261147
209 -1.9403216 6.7196293
50 -4.277089 -1.8639537
41 -4.278088 -1.8571467
69 -0.6645397 0.75379866
54 -1.0653332 -0.031709477
183 -4.274723 -1.8557501
8 -4.3611646 -1.8863772
4 -1.9022781 6.0766897
43 -5.369656 -2.147441
13 -1.072721 -0.028855573
115 -1.0746211 -0.038359027
120 -5.342575 -2.1369512
202 -1.7276825 5.999614
107 -4.353425 -1.8892305
105 -5.450071 -2.1841478
12 -0.6724362 0.76079196
130 -1.0579948 -0.027100889
89 -1.9211538 6.6636763
122 -0.6654185 0.7507361
30 -1.6468745 5.097131
148 -1.9586772 6.7856965
49 -1.9262186 6.675259
161 -0.6710635 0.7621979
163 -1.7495576 6.061632
236 -1.9424413 6.704383
70 -4.271884 -1.858463
100 -1.0698382 -0.024469083
121 -1.7168276 5.992816
195 -1.9220533 6.663225
302 -2.1104348 -0.57516134
15 -1.7306751 6.061724
211 -1.6896056 5.878533
1 -1.9644343 6.7643504
116 -5.672218 -2.0694592
92 -1.1012576 2.7875562
190 -1.702814 5.952595
71 -0.6675388 0.76077473
186 -5.4251323 -2.1675518
6 -5.4353204 -2.175114
138 -5.383033 -2.158955
114 -1.0571927 -0.026507545
152 -5.4348097 -2.1764011
242 -1.0925105 2.7363086
85 -1.0745344 -0.03081077
88 -4.3297386 -1.8822942
154 -1.9501976 6.7794633
156 -5.4622073 -2.1895986
113 -1.0560857 -0.02004746
165 -1.1006929 2.773918
65 -1.9632595 6.821297
188 -5.368836 -2.155801
198 -1.9568945 6.7666035
75 -1.7403257 6.045133
184 -1.9694055 6.340658
106 -0.9559128 2.443308
58 -1.7260834 6.05069
241 -5.625864 -2.0497139
40 -1.9735447 6.8499966
56 -1.0744883 -0.040124744
140 -1.717707 5.989735
182 -2.1038382 -0.58598995
112 -1.0963179 2.7517214
109 -5.367878 -2.1453664
218 -4.1939535 -1.8230714
45 -1.7126267 5.89467
67 -2.1027296 -0.5769232
482 -1.95989 6.282618
189 -0.8837119 0.52457625
117 -5.505444 -1.996988
226 -0.6792152 0.7653357
60 -1.0691934 -0.017187396
61 -5.5180755 -2.0052905
53 -1.9238 6.6975904
38 -4.423015 -1.906306
55 -0.67875934 0.7586848
125 -1.9690711 6.8093133
134 -5.30712 -2.1246524
101 -0.6738091 0.7629862
111 -1.0587542 -0.018838502
82 -2.1016927 -0.5750937
51 -1.0526336 0.2243131
47 -0.67992425 0.7622708
349 -5.6149316 -2.0546658
239 -1.0863154 2.753036
64 -0.88170725 0.5140497
204 -2.113145 -0.5791542
160 -0.8871729 0.40190852
34 -1.9651413 6.811349
220 -2.1550877 -0.6013871
62 -1.0721272 0.21673171
126 -1.0762669 2.7373364
230 -5.4932404 -2.002803
131 -1.5726748 4.8122296
276 -5.4796243 -1.9935635
123 -4.2427015 -1.8438023
197 -1.9331075 6.1620345
52 -1.0768996 2.7193
250 -1.6692187 5.808026
19 -1.9296076 6.1963015
128 -5.589671 -2.0325692
192 -5.5213704 -2.0060115
39 -1.6233575 5.030889
178 -1.0398301 0.23480652
129 -1.8771251 5.940525
217 -1.8883104 6.5772305
27 -0.8748028 0.53635854
110 -1.0829617 2.7463546
133 -5.2748284 -2.1125617
118 -2.10902 -0.57794416
258 -2.104738 -0.57190233
103 -1.0499113 -0.009459884
356 -0.8784094 0.51434934
22 -2.1295526 -0.5920536
304 -1.1141374 0.2083934
46 -1.0072385 2.583041
5 -1.8957281 6.0464725
146 -0.88923717 0.51240396
96 -1.7081386 5.9035125
31 -1.0699302 -0.03092335
90 -1.7180527 5.9093146
26 -1.0914718 2.727385
3 -8.843141 -3.6140828
143 -2.0945895 -0.5723565
174 -0.6507272 0.75925756
74 -1.0569862 0.2139336
284 -2.1136029 -0.57729095
232 -5.3860373 -1.9592915
193 -1.0956386 2.7327394
144 -8.779053 -3.5865881
172 -5.5114164 -1.9994063
139 -0.9019631 0.38491082
23 -8.789387 -3.5816712
164 -5.5010653 -2.0077577
76 -8.693724 -3.5371535
267 -1.0721114 2.7253582
2 -0.8669904 0.53400254
262 -1.714225 5.9547143
157 -5.3076973 -2.1249626
166 -1.0262859 0.22149411
282 -8.924882 -3.6504073
135 -8.896006 -3.6339557
21 -1.0861944 2.73475
219 -1.8788756 5.9811068
227 -1.7242047 5.972655
77 -5.4440327 -1.9859357
235 -0.8811062 0.5390091
20 -4.3060656 -1.8743384
213 -0.8991537 0.3574306
84 -8.778372 -3.5717974
7 -1.0796636 2.719269
132 -0.8711858 0.5912743
18 -1.7089615 5.9578032
173 -2.1471522 -0.5964129
35 -0.8664317 0.5969013
231 -2.078645 -0.56415606
273 -2.1233459 -0.5807282
99 -1.1039262 2.7976832
48 -2.0982535 -0.5687458
180 -8.835572 -3.6050339
487 -1.1188039 0.20958771
201 -1.3182794 3.761797
221 -1.9183693 6.104091
37 -8.60324 -3.5099823
181 -2.0826545 -0.5631156
225 -0.6630842 0.7510264
216 -1.0790764 2.718722
150 -1.9368699 6.274741
44 -1.0829476 2.734706
0 -5.4529753 -2.178338
323 -0.9052551 1.7799765
145 -5.4376545 -1.9774561
11 -8.58355 -3.5023017
438 -0.8766464 1.7684637
98 -0.8813335 1.7635088
208 -8.865133 -3.6132154
245 -1.9937165 6.9071836
63 -5.3028555 -1.9200689
214 -8.694433 -3.542887
57 -5.431355 -1.9869478
404 -0.8970187 0.51250505
127 -1.8943772 6.02455
369 -1.1147022 0.19775863
264 -1.3054562 3.6967242
95 -0.88197553 1.784233
167 -1.7034657 5.9281735
175 -8.912484 -3.6328907
33 -5.539138 -2.0221522
303 -1.1191472 0.20456627
463 -1.9413601 6.262524
149 -1.923992 6.1580243
229 -1.0750612 2.698958
187 -8.764448 -3.579303
17 -1.0547686 0.22452994
414 -0.8938898 1.8110491
265 -0.89501053 0.5112751
248 -1.1141 0.2029935
212 -1.2831736 3.664412
382 -0.89046633 0.48534453
360 -5.51978 -2.0248172
244 -8.677547 -3.540746
137 -8.577962 -3.5074613
254 -1.1097251 0.19818246
9 -1.6513984 5.745376
401 -1.7673006 5.5808344
454 -0.8948965 1.8050205
436 -0.87845224 0.50203824
223 -8.598729 -3.5016725
452 -0.904197 0.51681346
191 -5.3794813 -2.167502
158 -5.305444 -2.1305358
170 -0.8732971 0.6063831
307 -2.154104 -0.5833099
306 -0.88988584 0.51229244
342 -1.115705 0.19539534
470 -1.9661891 6.3148975
252 -1.2803942 3.546242
261 -1.9450263 6.277435
485 -1.1160465 0.19907734
78 -1.911835 6.1594973
66 -0.86649835 0.6010934
329 -1.124263 0.20283148
73 -0.89789146 1.809617
141 -4.2741156 -1.8642569
147 -1.0542377 0.00013050585
29 -0.87827873 1.8016775
119 -1.285256 3.6215818
102 -1.8818525 6.0852575
255 -0.85802495 0.630037
153 -0.8893853 1.7910384
59 -0.9093247 0.37750906
271 -8.652083 -3.5264034
136 -1.9097044 6.1169734
380 -0.9204461 0.30229822
259 -0.86412746 0.6232355
287 -0.90453833 1.7872725
87 -0.90227646 1.7937244
283 -1.2936138 3.711123
32 -1.8309733 5.8385544
233 -0.9467334 0.27658096
326 -1.2878143 3.6694417
207 -1.2562596 3.6036851
36 -0.8624681 0.63708186
407 -0.8989743 0.5194681
194 -0.90158683 1.7555087
81 -5.3026056 -2.1392357
289 -1.107592 0.20885964
286 -1.9324783 6.1831427
83 -0.86524844 0.59879905
260 -0.8754744 0.60929424
177 -2.1544192 -0.5989153
408 -1.8535322 5.9860444
313 -1.3097368 3.6378074
298 -0.9174357 0.26690337
333 -0.85461164 0.61594844
28 -1.8372844 6.3730073
359 -0.8731117 0.5812413
321 -1.2757624 3.6711638
228 -0.93474376 0.28246096
296 -0.9231975 0.2980394
268 -1.1053226 2.8267107
205 -0.8721786 0.5971876
385 -1.7703636 5.546228
492 -1.7672013 5.480844
16 -0.6839815 0.7613338
234 -1.7610923 5.532067
424 -0.8985909 0.6048028
249 -4.2835956 -1.8743577
493 -1.8767874 6.0736933
279 -0.85531676 0.63217854
351 -1.2929833 3.6684234
104 -0.9056815 1.7829505
373 -0.8884256 0.49212933
409 -0.93398416 1.8280021
274 -0.9183527 0.27977318
344 -1.7445048 5.515476
484 -1.8355976 5.9329557
491 -0.8623775 0.6354457
472 -0.9251249 0.28620064
411 -0.9304152 0.28314537
460 -1.7453867 5.4800415
450 -1.2754171 3.6318378
439 -0.8620813 0.6165974
395 -1.8633658 6.062847
206 -1.1019298 0.20556435
295 -2.1878204 -0.61085415
266 -1.6735494 5.8184414
243 -0.8675886 0.610625
171 -0.93293095 1.8353395
451 -0.93111455 0.2679494
196 -0.85066247 0.61878395
399 -0.86741024 0.64251316
412 -1.2693954 3.6123548
488 -1.8072814 5.802721
93 -1.8524433 5.9757423
387 -2.1644516 -0.5823745
377 -4.2938004 -1.8535827
300 -0.67074716 0.76638925
42 -1.8432795 5.969873
441 -0.9044816 1.7882034
348 -1.724935 6.0423827
318 -1.1046221 2.8058739
365 -1.0894138 2.7601626
253 -5.179984 -2.0736127
297 -0.66948235 0.7684412
453 -2.1944666 -0.609542
378 -1.6648775 5.758733
237 -5.146518 -2.0673864
396 -1.88188 6.5409284
427 -1.0657626 -0.03434905
403 -1.1073458 0.20658958
280 -0.9226953 1.8244246
379 -1.0527445 -0.029305737
384 -4.2832813 -1.8637869
386 -0.6686686 0.7613976
489 -5.2225986 -1.8888677
371 -4.346486 -1.8811177
269 -1.1136562 2.8095295
358 -1.7137135 5.956779
278 -4.2696033 -1.8332944
343 -0.6707718 0.7606861
240 -5.091241 -2.0425088
420 -1.0856508 2.7662158
374 -0.66974837 0.7574392
397 -5.1621823 -1.8794523
327 -4.280906 -1.8633159
426 -0.8534208 0.63469815
394 -4.230618 -1.826778
311 -1.0500202 -0.025030898
464 -5.3574734 -1.9472964
406 -1.11817 0.21005094
332 -5.076617 -2.0299163
312 -5.12737 -2.0551414
475 -5.3946843 -1.9796219
483 -0.66156155 0.77043426
256 -1.0746984 -0.02913695
405 -0.67545074 0.7669038
431 -4.30449 -1.865473
308 -2.1734812 -0.60457623
442 -1.8410106 6.4178185
322 -5.1936636 -2.0853662
316 -4.253317 -1.8474755
423 -1.8831857 6.493623
446 -2.0977197 -0.56720614
162 -1.0641053 -0.029930253
339 -1.0932672 2.7709682
337 -2.1613011 -0.59388185
366 -1.6955895 5.8745346
353 -1.1114845 2.8180573
346 -1.8564638 6.3981194
381 -5.144546 -2.0630732
345 -1.7110989 5.942159
443 -4.2844386 -1.8379538
199 -1.0507628 -0.013800973
461 -4.2167053 -1.8362964
224 -1.0559278 -0.032643814
291 -0.65489966 0.76516396
325 -1.8865243 6.5624433
335 -0.66140074 0.7746442
496 -0.6607009 0.77757686
328 -0.6728377 0.7422825
310 -1.0991815 2.7820609
416 -0.6657378 0.75959706
393 -1.8246195 6.2885466
364 -0.680214 0.7666118
440 -0.87984806 0.5918068
350 -1.8383204 6.3396883
445 -5.0589437 -2.01635
497 -8.202133 -3.332957
400 -5.1703777 -2.0694015
467 -5.176643 -2.0746527
288 -4.301243 -1.8628744
370 -1.8411711 6.398126
468 -2.206387 -0.6221985
490 -0.6587386 0.7647433
434 -2.232588 -0.62651384
305 -4.3257294 -1.8751067
432 -1.0677972 -0.013305497
292 -0.6729102 0.7658294
447 -4.2515783 -1.8288952
257 -1.0840123 2.7274911
494 -1.1002079 2.7816224
428 -4.193991 -1.8253477
471 -8.193129 -3.3398836
285 -5.1551375 -2.0833385
486 -1.045715 -0.014815546
421 -0.65897727 0.7833624
215 -5.086988 -2.0357366
458 -2.1455026 -0.59053004
179 -5.0295334 -1.8149831
383 -1.07321 -0.015822291
368 -2.160252 -0.6000079
375 -8.132535 -3.3155537
457 -1.8477415 6.41291
246 -1.066544 -0.020001955
459 -5.191547 -2.0858166
301 -0.6644256 0.75681865
474 -1.7027494 5.9566336
247 -5.152084 -2.0625076
376 -1.8479905 6.407577
341 -4.229774 -1.838563
352 -4.2455134 -1.8438439
437 -5.062319 -1.8251246
203 -1.0583069 -0.010333658
480 -5.241551 -1.9048374
277 -4.3564906 -1.8950533
357 -1.8432242 6.3374925
272 -1.0790151 -0.030681035
340 -1.6632937 5.8207674
418 -4.1922936 -1.8228583
168 -1.0672629 -0.030304892
476 -1.0983957 2.7810237
324 -1.6339501 5.700728
176 -1.0620437 -0.027095646
392 -5.197602 -2.0887046
435 -1.0480633 -0.021864722
469 -4.946234 -1.989884
294 -1.8130828 6.328708
477 -1.0943179 2.7473006
422 -0.6654487 0.7625121
425 -5.26941 -1.9175051
336 -1.0542314 -0.007398197
462 -0.66464025 0.7546373
429 -5.0445757 -2.0193377
388 -0.65558964 0.7650433
299 -0.66602 0.76785666
448 -7.985977 -3.2394958
419 -1.0584887 -0.02117064
270 -1.6764253 5.85773
473 -2.2154403 -0.621443
417 -2.2146013 -0.62051064
293 -1.6527208 5.7630486
466 -1.276996 3.6560009
478 -5.0633154 -1.8443959
449 -1.6654353 5.1941366
372 -1.8358433 6.3442082
481 -5.1553097 -1.8764305
495 -1.7136618 5.9616838
275 -4.2584767 -1.8481433
389 -0.64970326 0.761295
444 -4.2795086 -1.8481802
456 -4.288149 -1.8698022
415 -2.2311096 -0.63519466
319 -1.6318266 5.703476
314 -0.8741294 0.6465415
361 -7.7409687 -3.1471517
263 -1.7924696 6.235556
498 -1.8046175 6.245742
330 -1.0500067 -0.026681762
281 -1.6681446 5.7768564
355 -1.8075249 6.311088
210 -1.07958 -0.020101989
363 -1.0665659 -0.024373755
309 -4.302782 -1.8594965
410 -1.0861632 2.7240016
354 -4.2990017 -1.8606803
479 -4.2752595 -1.8464347
398 -1.0506988 -0.010400176
465 -1.8056996 6.3308163
367 -1.6576078 5.7720532
334 -0.6635745 0.7740067
347 -1.8177868 6.3130608
200 -5.0472007 -2.0300386
331 -1.8288323 6.2995253
402 -4.1961136 -1.8265979
251 -1.791195 6.2322083
315 -5.010709 -2.001376
390 -1.7771517 5.7570157
222 -4.9142175 -1.9685253
499 -1.6384319 5.702636
455 -1.6881832 5.893574
413 -1.0627457 2.6935773
317 -4.131498 -1.7882097
433 -4.996881 -1.820507
362 -4.9261494 -1.782865
338 -0.6365578 0.7887645
430 -1.6695484 5.825712
238 -6.959135 -2.8351295
320 -1.0643374 -0.011866151
391 -1.0781829 -0.028529417
