500 2
14 2.3348346 -0.17386277
63 2.3575 -0.16232574
83 0.0718145 -1.8552876
29 0.27699226 -0.8607704
96 0.28722337 -0.84986764
149 -0.3689496 -3.7715325
65 -0.36612296 -3.7313514
0 0.07639414 -1.833219
28 0.5115566 -0.6246767
166 -0.36254758 -3.7092783
232 0.27344668 -0.8529888
229 0.27276883 -0.8614162
3 2.338231 -0.16630659
194 6.61296 0.22657546
158 6.5704846 0.23487118
145 2.321532 -0.16336018
6 -0.3679061 -3.7674308
104 6.4400635 0.22538956
66 6.697566 0.22195376
64 6.5176 0.22284278
167 6.530751 0.21658911
123 1.2323033 -0.30464396
45 1.2367569 -0.30123058
31 2.3320425 -0.16734463
22 7.7036486 0.0505324
216 6.387773 0.16522032
41 0.060874417 -1.8652018
138 1.2457595 -0.30882275
112 1.2343409 -0.309833
172 2.2982607 -0.17316075
19 0.1496463 -2.4075816
171 1.234647 -0.30259243
116 2.3186398 -0.16754855
89 0.07218213 -1.8703746
50 6.61632 0.23138872
176 0.8893126 -0.58562195
370 0.09667993 -1.787189
59 0.48315808 -0.6699807
253 0.47814015 -0.67426765
197 2.3078086 -0.17138538
90 -0.36962426 -3.817626
21 6.707865 0.23664927
70 2.3119233 -0.17005102
265 0.27347502 -0.8548586
76 -0.3559463 -3.7373092
32 6.6440563 0.22975896
155 6.533404 0.2299113
47 -0.6710644 -8.205596
275 0.28598228 -0.861411
280 6.432321 0.15751567
88 2.350475 -0.16726567
58 1.2342587 -0.30384937
11 0.47930494 -0.6652186
107 6.5329313 0.21896604
60 2.3154836 -0.16259018
25 6.312905 0.15464729
154 -0.36939216 -3.8020322
168 1.2228502 -0.30955532
218 0.89098686 -0.5806771
10 1.2362765 -0.30569953
295 6.398983 0.16287562
161 6.4275665 0.17169003
48 0.14817044 -2.4223425
106 -0.6805837 -8.335975
352 0.09215299 -1.7677711
150 -0.38800317 -3.8654206
36 -0.43545267 -5.7334166
114 0.27819684 -0.8550828
92 0.28124374 -0.85862
75 1.2215669 -0.30960238
225 0.90646863 -0.58546966
56 1.2370201 -0.30444562
37 -0.36766925 -3.755577
1 -0.37883872 -3.8616786
128 6.569476 0.23035066
162 1.2377279 -0.3082116
125 0.48230425 -0.68122363
39 6.5829587 0.2113459
86 0.0672227 -1.8708556
102 1.2352186 -0.3088288
147 1.232389 -0.3063311
240 0.89742917 -0.57770693
206 0.08838107 -1.7695358
44 8.664488 0.07570882
277 8.421756 0.074283026
177 0.14125778 -2.434611
185 6.6246457 0.2175311
42 2.3147893 -0.1703075
311 6.3364697 0.15737143
69 0.14689222 -2.4957767
23 -0.6644419 -8.125727
279 0.1557444 -2.4137123
127 0.92199695 -0.59484035
26 -0.5549813 -6.730375
202 -0.6766686 -8.405879
126 1.2384841 -0.30469003
117 0.8983354 -0.5850964
34 -0.36497664 -3.7828133
82 2.335264 -0.16635871
217 0.9040167 -0.5776108
441 0.50643593 -0.6397318
289 -0.6474242 -8.065188
213 -0.6551994 -8.07625
269 0.1536565 -2.4102068
122 0.2815822 -0.86292124
345 0.09489408 -1.7830783
210 -0.37349334 -3.7924314
209 0.09317058 -1.7423633
164 0.50103724 -0.62105966
160 6.4718757 0.16792232
139 0.28882992 -0.8446326
110 -0.0778361 -2.6431794
165 -0.07521301 -2.595376
317 8.245546 0.074091956
191 6.4681354 0.21911608
101 2.347354 -0.16870168
51 1.228623 -0.3067483
237 0.0855035 -1.778376
129 0.2759956 -0.84579563
170 -0.060296986 -2.586359
33 0.5324372 -0.6042029
15 0.51660734 -0.607698
357 6.4785943 0.16679795
278 0.9028658 -0.5869824
119 0.09323999 -1.7713306
220 0.89811856 -0.5766276
336 8.366289 0.0661557
338 0.030785684 -8.833575
366 0.03647031 -9.022794
144 0.09576725 -1.7631208
157 0.14826865 -2.4455624
221 -0.66226524 -8.123876
98 0.51087034 -0.61051905
18 -0.35547948 -3.720694
143 -0.36457896 -3.757173
100 7.0370655 0.03527218
43 0.15195064 -2.393543
16 6.4587474 0.22358689
390 0.10877793 -1.7533945
137 -0.64333504 -7.8650403
196 0.14536989 -2.425514
175 0.03426187 -8.871032
182 -0.05514639 -2.4755154
203 -0.6581386 -8.003371
121 -0.36323702 -3.771632
342 6.3621593 0.15998301
118 -0.6481244 -7.972452
113 0.274829 -0.8402078
80 2.3791394 -0.1693752
180 0.13806371 -2.4025202
255 0.89308584 -0.5794509
198 0.023851866 -8.984619
239 0.1023645 -1.7496964
141 0.034329884 -8.912177
74 -0.26754075 -4.2406063
212 0.15051709 -2.4027636
173 6.197383 0.15394329
188 0.8960677 -0.5848799
207 -0.66147673 -8.110123
53 0.1561408 -2.3920481
159 6.257433 0.1502842
238 0.1077697 -1.7247288
120 -0.278684 -4.3701878
73 1.2300826 -0.3078422
355 7.1274843 0.025549632
2 -0.5565381 -6.6524067
72 -0.41346586 -5.372937
94 1.2365572 -0.30270508
55 2.3722706 -0.15136896
99 0.5274668 -0.61570877
4 -0.2546842 -4.1441917
103 0.5189304 -0.5939916
316 0.5130017 -0.64995766
330 -0.66645163 -8.1314745
493 7.0805826 0.014892618
350 -0.4250427 -5.5165877
288 -0.644862 -7.9379606
140 -0.6412713 -7.9318295
226 7.2048073 0.020261686
24 -0.4387041 -5.5796847
199 2.2818499 -0.17485067
178 8.141578 0.06619997
132 6.4336047 0.23144878
264 8.122306 0.060167864
8 1.2311845 -0.30660653
148 8.170913 0.061688136
205 0.27795228 -0.84793204
9 0.88783485 -0.57818
187 -0.6477644 -7.9312544
215 0.47355613 -0.6857445
247 0.09690101 -1.7708085
12 0.034359105 -8.776775
133 0.026318002 -8.836769
93 0.468333 -0.7138408
95 7.111777 0.0322745
369 7.079721 0.024444208
246 6.8067923 0.23912084
242 0.03333971 -8.941843
276 0.28857976 -0.85630244
108 -0.2843876 -4.2852683
312 0.8954199 -0.58504385
109 0.14603981 -2.450972
35 -0.65176433 -7.8894835
315 6.1557326 0.16415209
192 -0.2646595 -4.1733
146 -0.5579515 -6.596655
393 0.52389723 -0.5851165
79 0.14508225 -2.4576116
152 6.468658 0.22065924
434 0.029591545 -8.812797
318 -0.53108895 -6.6299243
254 6.224645 0.14975654
234 0.29452285 -0.8485238
426 -0.0032609215 -2.260046
142 0.52946645 -0.5849065
341 0.024500437 -8.828184
91 6.3160133 0.15855049
151 0.2919622 -0.8459787
297 8.107857 0.06157449
354 8.039709 0.0642525
399 6.9105916 0.022879012
344 0.46378335 -0.711158
189 7.0885034 0.034299966
183 0.88996243 -0.5810466
496 0.50410277 -0.63051575
67 8.11993 0.06518232
268 6.102837 0.14966433
211 -0.3806603 -3.960532
13 0.14922073 -2.4157193
463 -0.01718245 -2.341728
468 7.09581 0.02488153
353 -0.52797353 -6.51024
61 0.2823278 -0.8553438
190 -0.2578655 -4.0823727
300 6.0727773 0.16146497
179 -0.65519947 -7.964384
40 0.48174918 -0.673598
471 7.063669 0.0249897
224 -0.05548205 -2.5601885
236 0.1518417 -2.4485316
186 -0.5331681 -6.545387
410 0.029425465 -8.851739
20 7.4635143 0.046247274
285 -0.055680126 -2.4968898
68 2.3178396 -0.16871105
321 6.259388 0.15999518
85 -0.42680016 -5.522641
245 0.29283562 -0.8663498
379 6.9755497 0.028214343
201 8.284642 0.06831131
388 7.9984446 0.05698303
184 -0.259781 -4.1248293
326 6.963687 0.028518269
443 0.4617426 -0.71381795
328 0.4615103 -0.7024703
204 -0.28359407 -4.327791
436 0.46620297 -0.72517407
446 0.01925314 -8.9323225
174 1.2366575 -0.2994138
153 0.5347829 -0.59318715
416 7.0717697 0.0274874
304 0.9132508 -0.58525944
293 -0.02462847 -2.3356855
130 -0.41717073 -5.5245676
400 0.50466067 -0.6412762
408 0.038799755 -8.837296
325 0.035731874 -8.950764
407 0.49042612 -0.6750313
105 6.2726893 0.15256654
219 2.4061759 -0.16569985
363 0.4675256 -0.7145492
136 -0.6505063 -7.939768
134 0.2954491 -0.8447222
497 0.5008403 -0.6385183
193 0.87532157 -0.5704266
27 6.9829006 0.029442875
383 -0.5569545 -6.7815237
358 0.4967766 -0.6551168
52 -0.6175578 -7.6997085
273 0.036734007 -8.889883
169 8.112722 0.06297309
77 -0.3568701 -3.7682064
425 0.54708433 -0.58724695
260 0.9090215 -0.58617425
439 0.4679054 -0.7096054
343 0.033745375 -8.699856
84 0.46374455 -0.7185233
314 -0.5653762 -6.7090597
396 -0.005358465 -2.3140402
156 -0.36372015 -3.7775254
228 0.46055648 -0.71631145
87 0.46938667 -0.7141845
294 0.52691877 -0.58754706
474 0.48552212 -0.67725956
233 0.14210722 -2.481407
362 6.971526 0.030028531
17 0.5283441 -0.6021584
292 -0.23360771 -4.0054865
38 -0.26253375 -4.0929637
81 7.988972 0.054551024
111 -0.36634094 -3.7804136
296 -0.01113509 -2.3167427
333 0.54203576 -0.5640004
5 -0.5506545 -6.6575694
476 -0.24015439 -4.0079217
283 -0.54073817 -6.5779963
78 -0.39168954 -5.2293015
428 0.46123263 -0.71678185
181 6.9485164 0.029773701
241 0.88063544 -0.57009435
97 0.8977647 -0.5731541
250 -0.54485846 -6.561794
305 0.29808933 -0.8381149
256 0.10549095 -1.7368848
252 7.8072534 0.056054026
478 -0.19626722 -3.694394
270 0.45387667 -0.7076914
57 0.5139176 -0.57193196
46 -0.5247307 -6.4431367
262 0.47905448 -0.6809454
301 0.47635856 -0.68099463
271 0.46195593 -0.71243936
267 2.4254823 -0.16142742
214 -0.5322921 -6.4623036
54 -0.42898133 -5.440417
30 0.1517235 -2.387384
124 -0.42395914 -5.436213
71 -0.51690626 -6.3411236
135 6.1725855 0.15274037
406 0.55556506 -0.60498637
378 0.032950677 -8.523948
450 0.5232653 -0.56558126
49 -0.25081018 -3.9377177
306 -0.5485541 -6.595047
335 2.465241 -0.16515213
418 0.094612725 -1.778554
459 0.025635388 -8.639902
251 1.2439814 -0.2950117
403 6.2073307 0.14970402
329 2.4404347 -0.1563082
7 0.028399052 -8.526498
421 7.6556525 0.07243646
492 0.5322534 -0.5817033
257 2.3894517 -0.15698554
308 0.15362146 -2.4215198
368 6.420793 0.22628549
360 0.48725677 -0.6819364
230 2.4192545 -0.16272275
337 -0.3988329 -4.096959
310 0.2986876 -0.8334118
371 6.3693085 0.21619539
372 0.28000885 -0.8397998
481 0.09936997 -1.7657696
351 0.29221326 -0.83528364
373 2.4933736 -0.16891624
419 0.08283254 -1.8090917
377 6.429641 0.21604984
320 6.3598504 0.21557967
309 2.4592795 -0.16017015
447 -0.021682622 -2.2924244
432 2.4246552 -0.16685075
455 2.462763 -0.15988314
359 0.14733249 -2.4910321
307 -0.006446035 -2.2078612
445 0.2841078 -0.85193336
401 1.2394582 -0.298068
195 1.2459033 -0.29838967
361 6.3693614 0.21420237
332 -0.38155246 -4.0465508
431 0.08148523 -1.816296
465 -0.6184603 -7.680704
131 0.098621115 -1.7416861
381 -0.62672937 -7.747701
313 2.453742 -0.16447337
475 6.428292 0.2211801
387 -0.3792894 -3.9248655
222 -0.5277329 -6.3472495
322 2.5369227 -0.16328797
364 -0.3751906 -3.8563976
498 1.2492422 -0.29910684
479 1.2533306 -0.30398375
409 0.1465647 -2.3895426
384 6.339805 0.2186209
411 5.8850007 0.14819369
483 1.2483451 -0.2983718
433 6.476833 0.21494874
469 0.0920552 -1.7988616
376 2.4173129 -0.1666916
200 1.2323635 -0.30059093
417 1.2333109 -0.30749616
466 -0.6174828 -7.495131
412 -0.37898836 -3.935293
163 -0.48497647 -5.9356127
429 -0.38067418 -3.961512
291 6.2775307 0.22159347
430 7.569891 0.059374817
380 6.0754313 0.15703572
258 6.3109765 0.21621595
470 0.29776996 -0.83391815
243 1.2751199 -0.29570493
464 0.2899845 -0.86038655
340 0.9048983 -0.59439456
398 5.835258 0.14798176
244 0.1394012 -2.4004862
302 0.027707884 -8.312217
457 -0.01348521 -2.2560308
449 6.335701 0.22254092
420 -0.61315536 -7.492703
473 7.4727173 0.05276047
467 0.8976636 -0.5856686
62 -0.5181324 -6.3535047
286 0.28768536 -0.8270973
448 6.2447786 0.21278861
423 -0.38192132 -3.9172065
290 -0.38152546 -3.9507093
395 5.95424 0.14850652
367 0.8893631 -0.58095336
424 6.2533555 0.21391751
488 6.1190186 0.15080482
274 1.2568803 -0.3087462
365 6.2288327 0.22111492
385 0.52717423 -0.5844215
427 0.8994115 -0.5893783
323 0.28710318 -0.85766375
339 7.3370256 0.04550757
452 0.9019602 -0.5801484
413 0.14843898 -2.4391947
334 -0.3651315 -3.8583248
392 1.249541 -0.30557603
389 0.28252652 -0.82360435
490 -0.6073803 -7.597164
235 1.2355342 -0.29936337
454 0.14053586 -2.4000833
472 2.4095895 -0.16245215
348 1.2460777 -0.2930514
404 6.149305 0.21455632
491 0.28974652 -0.840203
346 -0.603839 -7.5669737
477 1.243177 -0.30206016
303 -0.36356166 -3.8657837
394 0.538594 -0.56773245
422 5.7629285 0.14350162
442 0.1058355 -1.7742208
231 -0.3863317 -4.020925
261 -0.39320424 -4.135157
453 6.3728037 0.2094343
499 0.0959217 -1.782617
327 0.29762444 -0.836565
486 0.29015324 -0.85014653
489 2.463272 -0.16663787
485 2.4651718 -0.16101082
494 -0.37972394 -4.0461082
284 0.29855067 -0.84689206
375 -0.37947255 -3.945349
460 5.858623 0.14442614
227 1.2496428 -0.30160826
282 -0.36274654 -3.9443161
249 2.3764668 -0.16456036
208 1.2644178 -0.2975043
451 0.14463331 -2.5064704
386 6.0456185 0.20400622
223 2.5039113 -0.15833388
437 0.099414416 -1.7692511
347 0.51101494 -0.55442804
324 -0.3709923 -3.926478
356 -0.40435228 -4.199802
248 -0.39640605 -4.0219345
458 1.2392288 -0.29356116
272 1.2417008 -0.30001765
319 6.133341 0.20539051
405 0.29094848 -0.8513665
281 0.1389711 -2.5323775
461 0.14246245 -2.4729629
456 2.5121553 -0.16014875
263 6.1982584 0.20924294
487 0.90614974 -0.58867776
438 0.2892489 -0.8590691
440 6.1315002 0.21851872
298 2.4320319 -0.16118617
391 -0.5893487 -7.332427
382 -0.56698084 -7.142211
482 6.1562805 0.23352651
299 1.2562969 -0.30097726
402 5.8220005 0.15584591
484 1.2757772 -0.31182888
480 5.8143063 0.15481077
495 6.9790597 0.043993875
331 2.4597993 -0.1675606
462 0.9071673 -0.59244585
115 6.1145167 0.017726367
374 0.91308546 -0.5909983
349 2.4945624 -0.16791382
259 2.5711744 -0.15459085
435 6.0089664 0.21335189
397 2.5418897 -0.15644857
287 5.870425 0.20769829
414 0.28334713 -0.8454656
444 -0.5628658 -6.9134393
266 -0.4887187 -5.903019
415 0.107502915 -1.748745
