500 2
195 0.5948831 -0.3248469
156 0.59498817 -0.3222426
161 0.32405773 -5.6486278
38 0.5819217 -0.31226584
82 5.5768404 0.90959865
198 7.35715 1.1001794
107 0.5947422 -0.3170747
14 0.32134134 -5.592294
154 0.5919036 -0.33144668
25 0.56334823 -0.6160636
48 0.5929044 -0.31565917
64 0.5642517 -0.6091993
152 0.3311239 -5.659777
8 0.55723333 -0.6144472
32 0.59527516 -0.31805328
30 0.5790973 -0.31599447
228 0.26114023 -5.3567166
159 0.33037615 -5.589557
10 0.59938663 -0.31744948
54 0.5574145 -0.60248494
63 0.32914436 -5.5238857
49 0.32286474 -5.52786
165 0.31590423 -5.498875
69 0.56317 -0.61799765
91 0.56337345 -0.612891
128 0.25414556 -5.2768264
300 1.1119137 -0.25796872
43 0.5612665 -0.59901875
110 7.328017 1.0848442
41 0.2544943 -5.2236495
135 0.4685724 -1.45258
189 0.5922609 -0.31622535
179 0.5923521 -0.31293738
134 0.59793854 -0.31371284
126 0.27359012 -5.317302
34 0.55251443 -0.6076944
160 1.1116188 -0.25660554
23 0.5565883 -0.60422295
200 0.34615743 -5.735317
132 7.3534756 1.0888176
172 1.1257664 -0.26030684
183 7.3003597 1.098469
138 0.32231948 -5.501959
220 0.25867587 -5.362551
70 1.1134497 -0.25706467
0 0.2685998 -5.3794756
78 7.4009695 1.0963486
141 7.3272953 1.0803349
303 2.222028 -0.012649942
173 0.28032675 -5.9479866
76 0.55886585 -0.61375654
89 0.32610074 -5.666535
115 0.6113095 -0.32730657
180 2.2387276 -0.010704473
44 0.31159484 -1.9889287
157 0.29776073 -5.9522142
31 0.56021047 -0.595308
67 0.29604188 -5.9615164
93 1.1167028 -0.2568146
162 0.28692234 -5.9163632
176 0.43083307 -1.4761958
22 0.24944368 -5.282907
148 0.29140002 -5.8848634
73 0.55744976 -0.6139772
85 0.28779873 -5.8450866
168 0.3321756 -5.5763655
119 0.33217323 -5.6399875
204 0.2842128 -5.9333706
12 0.58533424 -0.30327284
242 0.2474338 -5.2193418
167 0.29310367 -5.8175673
87 7.3519087 1.097777
62 0.5527125 -0.6167192
215 8.390216 1.2855877
1 0.31904867 -5.6422715
191 1.1144007 -0.25869668
81 5.5628757 0.89440054
83 0.2955332 -5.9456086
117 3.5586364 0.43046105
193 0.5971893 -0.3244534
130 0.25045782 -5.3338075
71 0.5584442 -0.6031661
163 1.1290138 -0.2566912
171 0.2910625 -5.962119
51 0.5536535 -0.6188453
250 1.126615 -0.2616885
190 0.43075654 -1.4289745
47 0.29056677 -5.9295535
15 0.25547925 -5.2626905
155 0.28646585 -5.9889965
113 0.36904466 -1.6634771
273 1.1169564 -0.2545826
7 7.411499 1.0984411
114 7.2978415 1.0823318
127 0.2963595 -6.0289135
3 1.120475 -0.25489116
209 0.2622373 -5.27193
137 1.1224351 -0.25990304
177 0.29887372 -5.9751205
270 2.2585962 -0.0042110723
231 4.4797635 0.64933395
402 8.294083 1.2692084
354 2.2125962 -0.0067626107
404 0.48116517 -1.2912107
112 0.26541942 -5.3203325
33 7.328127 1.0980744
57 0.32368946 -1.9621612
18 2.2745366 0.0027735075
66 0.36821443 -1.6948153
88 0.500404 -1.2436612
19 0.32241175 -5.471423
11 0.5564687 -0.60845435
65 2.2257395 -0.009134848
188 0.60714346 -0.32722604
21 0.60711485 -0.32150838
72 4.4053297 0.65649366
27 2.8860917 0.28054368
131 4.25599 0.6449359
243 0.2933746 -6.0106025
377 3.1394305 0.33103803
68 7.2723236 1.0832715
53 0.26713994 -5.255455
74 4.3030066 0.6387503
17 2.2202296 -0.01791542
239 8.068636 1.2281753
13 0.51185125 -1.250014
4 1.1150447 -0.25596198
55 0.32746133 -5.5429716
56 1.1322035 -0.2535647
158 0.60699224 -0.30733275
255 8.143215 1.2479372
218 2.1752448 -0.025218744
59 8.075191 1.2454212
199 0.42852008 -1.418067
108 0.32110044 -2.0013077
122 0.32115433 -2.043353
194 1.1149961 -0.2525486
307 6.0456133 1.0106981
406 8.029735 1.2317823
205 0.42256323 -1.4907974
252 0.44231427 -1.4311504
291 0.30280587 -5.949064
147 7.2864404 1.0854394
213 0.4916168 -1.2965822
335 1.1158776 -0.25436804
235 1.1114593 -0.2588163
95 0.5580152 -0.6110711
358 5.985948 1.001171
197 3.4458773 0.42885825
297 2.215894 -0.014540765
415 8.126851 1.2507287
256 7.9851017 1.2275019
324 8.063515 1.2409081
96 0.5358382 -0.6158233
50 3.1225708 0.3332965
164 7.0928392 1.041026
263 0.25792575 -5.3244233
2 0.39087135 -1.5916682
290 0.5072896 -1.2360845
259 4.853997 0.7500568
28 0.5569093 -0.6099677
244 4.391945 0.63824713
39 7.026013 1.0494651
460 0.5017206 -1.3020692
153 2.1784663 -0.020496119
491 0.60563457 -8.260514
295 0.61799574 -8.285082
196 0.2598278 -5.244324
123 4.4177265 0.66003597
373 0.6092663 -8.01137
120 0.48337194 -1.2902225
45 0.37231258 -3.4693663
60 7.1252294 1.0596006
52 5.335139 0.8855997
366 7.861488 1.1928769
267 2.234621 -0.009724213
116 4.3945293 0.6583001
206 7.509397 1.123633
151 0.25743222 -5.272049
238 7.975327 1.2181681
186 0.31417763 -1.9243587
344 3.1886 0.32561347
75 7.040608 1.040136
184 0.28574374 -5.840327
181 0.3208154 -1.9335691
106 7.134243 1.0706964
299 5.9940176 0.99691904
35 0.31672466 -1.987654
212 1.1375619 -0.2544176
111 0.4853942 -1.2996972
90 4.4397755 0.6778155
40 2.232822 -0.013866293
234 2.235416 -0.01009619
129 0.6027059 -8.043149
341 2.6666646 0.24693428
99 0.28969443 -5.8176107
441 2.4049256 0.20383659
436 6.0974393 0.99251276
221 2.2329843 -0.011839491
104 0.26379776 -5.195876
258 6.123464 1.0203663
9 5.4455504 0.89908135
211 2.1648774 -0.01356101
448 0.510933 -1.2039775
343 8.103145 1.2423767
254 0.39714524 -1.6033612
266 0.6118579 -8.278297
382 3.2132232 0.3431243
61 2.750758 0.25357085
338 6.1620493 1.0221306
226 6.0206094 0.99846965
224 5.962008 0.98737144
306 0.34339836 -2.360691
251 0.60683936 -8.090367
144 0.6044616 -8.113631
124 0.32242054 -5.386431
387 3.2210782 0.33200985
118 0.6065736 -8.095009
185 0.6056119 -8.09538
353 0.3096959 -1.9365444
271 6.053654 0.99998456
433 3.2000394 0.32396102
444 0.61042637 -8.18392
109 1.1165365 -0.25687423
247 3.191869 0.33321634
287 8.183912 1.261702
46 0.32627484 -2.0620987
309 2.4572284 0.21141979
36 0.49940675 -1.2533036
143 0.37027758 -1.6761316
499 0.4084959 -1.6265359
363 0.40420976 -1.6037637
417 0.5913863 -7.967672
42 3.5194488 0.42874154
77 2.2288997 -0.011246253
125 7.029151 1.0522668
326 2.4960353 0.21605437
58 0.34161535 -2.2703722
459 3.2666166 0.35267437
438 3.2145898 0.33244017
140 6.1013803 1.024304
283 0.26751593 -5.5018096
445 2.7160819 0.2534388
426 0.40213907 -1.6286123
98 0.32644847 -2.2498894
37 0.32628512 -5.3247313
100 3.4636374 0.4033212
29 0.5199779 -1.2479076
214 0.31985193 -5.690166
248 0.60616153 -8.113835
16 2.2696006 -0.007185627
320 0.32084498 -1.91507
318 6.028761 1.0044653
94 0.6059394 -8.181613
192 0.34338325 -5.4855995
322 3.5290177 0.43120402
425 4.7040205 0.7116628
394 0.44075793 -1.4428526
146 6.076847 1.0117186
24 0.24180906 -5.0247774
79 2.4802136 0.2034931
169 2.4344933 0.20689204
321 6.12593 1.019418
423 0.62342405 -8.167484
308 0.29197952 -6.032532
227 6.1723247 1.0247092
201 0.59794265 -0.32320467
223 0.31575537 -1.9563336
80 4.3683844 0.6444808
275 0.3211723 -1.9313339
485 0.47330147 -1.3051661
136 0.6050876 -8.075924
482 2.4476335 0.21964963
5 2.2321918 -0.01323342
476 0.33665428 -2.2709095
6 0.45325616 -1.4284848
288 3.207799 0.33179167
276 7.7104406 1.1759144
385 7.82844 1.2026644
435 2.7107103 0.25350124
304 0.39833865 -1.6383744
86 7.9216676 1.2091743
331 0.51773226 -1.2048911
217 4.4375587 0.68188393
281 0.5306274 -1.1953046
421 0.4582052 -1.4280431
133 0.34880313 -2.3267627
175 0.3395616 -2.3022184
97 3.1939502 0.3285394
336 2.552136 0.22918673
327 4.6649218 0.7255315
399 0.31761864 -1.9080222
488 0.6144108 -8.141709
440 3.8677332 0.52350456
329 4.670723 0.7253371
174 7.7177606 1.1798103
203 3.1915689 0.3326246
236 0.3162892 -2.2638323
301 0.33644328 -2.2714818
149 0.58064425 -7.6660786
261 2.4702718 0.20992872
372 3.738679 0.51156956
427 2.5583487 0.23027974
187 7.789415 1.1996657
452 2.6178374 0.24309844
84 2.62631 0.23673023
478 0.4312773 -1.4446738
347 0.5159131 -1.1736764
260 0.39389208 -1.6028413
403 0.32186714 -1.9086252
367 3.8633661 0.49970728
369 0.45803505 -1.3966006
150 0.3265552 -2.3654103
26 0.53623676 -1.1796899
314 0.31737474 -5.5283303
257 7.5542727 1.1587192
365 0.5901636 -0.31112915
139 0.5427369 -0.6288026
475 1.1207708 -0.25398594
364 0.24200448 -5.2725444
311 0.54031837 -0.6090819
378 0.5468653 -0.6237056
466 0.39790425 -1.6308002
182 3.033941 0.31349215
253 0.3246534 -5.6607823
310 0.23644257 -4.9992514
374 2.2909422 -0.0012082383
375 2.2327182 -0.0044524465
225 0.39338133 -1.5958741
462 5.923985 0.97804254
401 0.33102542 -5.540684
285 0.5492829 -0.610038
453 0.59375995 -0.3212085
245 0.32048815 -1.940071
495 0.28644225 -5.8188357
492 0.3456165 -2.28407
294 0.58692145 -0.3138048
420 2.348857 0.0053423173
390 3.6979778 0.48888516
393 0.31483242 -5.635563
407 1.1316569 -0.25225958
284 0.3007459 -5.503257
20 2.4352248 0.20505859
346 0.25071794 -5.292084
305 0.5143858 -1.1826477
397 6.9026175 1.0376348
386 0.28289592 -5.7626977
293 0.5481058 -0.61455715
339 5.6524115 0.9415509
323 6.793704 1.0183243
413 6.7708755 1.0108186
241 1.1192007 -0.25716004
345 0.29400295 -5.8566504
496 0.32198867 -5.534485
316 0.28448686 -5.875739
439 7.4438777 1.1458352
493 7.421793 1.1278297
249 0.33681494 -2.3334744
319 0.59048635 -0.32760444
419 0.23008934 -5.172907
464 7.4855194 1.1441842
286 6.71209 1.0059879
487 0.31964538 -5.622125
222 0.5814189 -0.31976098
489 5.796706 0.9539744
142 0.33410376 -2.268079
442 6.8420625 1.019617
219 6.9090314 1.0268507
274 0.55452967 -0.6267197
494 4.484296 0.6917265
446 0.24257085 -5.326168
351 0.56032765 -0.60767967
418 1.1206238 -0.25861514
334 0.29967552 -5.328092
272 6.7948656 1.0163175
450 1.1274946 -0.2555008
278 0.3178729 -5.523554
92 2.2182379 -0.0035367352
411 2.310527 0.01224767
202 0.6114273 -0.31124902
431 0.31263587 -5.556051
121 0.55478454 -0.62092966
360 6.7543993 1.0150572
455 0.27247247 -5.617547
359 2.2860043 0.006714191
237 0.3036101 -5.413031
328 0.582765 -0.33251664
409 0.28131086 -5.7226954
434 2.3071868 0.009502696
280 0.30729333 -5.4692903
468 1.1342815 -0.2592324
340 1.1082947 -0.25684366
355 6.792971 1.0049783
498 1.1131878 -0.25801536
472 6.933938 1.0504243
414 0.58619493 -0.3261964
105 0.5451003 -0.62475544
350 0.24087091 -5.107371
392 0.27443975 -5.79095
233 0.6099944 -0.31535065
268 0.5962118 -0.3290279
332 0.24350804 -5.1204877
456 0.55345786 -0.6214977
454 0.58686525 -0.3265213
101 2.5056374 0.22296274
145 0.55100995 -0.6173851
424 0.24702714 -5.1048985
474 0.26542407 -5.596366
381 0.27383146 -5.6842566
298 0.593241 -0.33093408
410 1.1142293 -0.24820422
432 6.6782393 0.99996567
396 0.2636079 -5.5712276
395 0.31643033 -5.487806
451 1.1245193 -0.25653765
269 0.5995041 -0.32966575
342 0.31146592 -5.301503
337 1.1135352 -0.25811657
422 0.5500286 -0.6232502
317 0.5379307 -0.61741424
430 7.249639 1.1119097
412 0.2529663 -5.146603
232 0.5773134 -0.32671565
479 0.5858803 -0.3323024
362 1.1240443 -0.26037675
352 6.5692425 0.9801485
371 0.5598857 -0.60151404
391 6.6605196 0.9915215
443 0.24236527 -5.194789
429 0.2402004 -4.9563775
262 0.30635765 -5.401474
330 0.5839862 -0.32343385
166 0.56504846 -0.6011825
379 0.30301023 -5.440666
380 6.689007 1.0189327
296 6.622157 0.98179424
447 6.803476 1.017974
325 0.30627072 -5.33837
302 0.24626571 -5.009495
207 0.54621464 -0.61066043
461 0.30935818 -5.428695
368 0.5397124 -7.102438
480 0.59367585 -0.32167664
333 0.30132997 -5.433167
313 0.27514705 -5.7314467
428 0.6005397 -0.3244557
356 0.2523663 -5.4766893
208 6.6069407 0.98403883
481 0.61396325 -0.31940705
277 2.388197 0.19990005
457 0.59737766 -0.33157977
349 1.1144217 -0.24716143
398 1.1270477 -0.25087196
486 0.26569563 -5.5742593
279 0.54808784 -0.6187579
449 7.290653 1.1208212
370 0.2607066 -5.6981626
389 0.27907008 -5.7157726
484 5.6241264 0.9266273
465 0.23998821 -5.005173
210 0.5157475 -1.1905951
408 0.55448306 -0.6155515
416 2.2657197 -0.004366754
315 0.43407625 -1.4841156
230 0.30877277 -5.434556
477 1.1181271 -0.2590146
376 0.2687558 -5.462815
463 6.6240153 1.0009116
473 0.24575502 -5.1206784
357 0.5923794 -0.3092428
467 0.59611714 -0.3340953
103 0.5573515 -0.6124114
240 0.58475137 -0.3254352
490 0.31480178 -5.3617077
388 0.5770946 -0.32461137
264 0.3028286 -5.227014
229 0.5947845 -0.30601916
312 0.27072322 -5.648616
282 0.6068621 -0.31576017
437 2.2846947 0.004174234
400 0.23856434 -4.9133945
361 0.22298546 -4.8425713
471 0.25442803 -5.076372
216 0.5542375 -0.6332361
348 0.26667464 -5.632709
469 1.1390263 -0.25337532
383 2.351447 0.0036984202
246 0.5921189 -0.31602278
292 0.5280352 -0.6220637
458 0.30770686 -5.243538
384 0.24333772 -4.994985
405 0.5941493 -0.33488476
102 0.5323356 -0.6375995
289 0.49750972 -1.1686629
178 0.54355717 -0.6224118
497 0.5532828 -0.60327286
170 0.5574562 -0.6298509
470 1.1370636 -0.24899313
265 0.5878211 -0.32915306
483 0.29561237 -5.315018
