500 2
3 -4.2777977 5.2520227
5 -5.7996984 -5.834454
9 -3.1534376 3.8414402
89 -3.520026 -3.5120063
43 -3.5070155 -3.5191967
91 -3.465888 -3.4604843
42 -1.5640655 -1.2418834
52 -4.8722997 5.9387417
106 -0.9001205 0.2403312
39 -3.2126853 3.9458933
40 -0.8891638 0.23945473
136 -3.5511434 -3.545854
134 -3.5120268 -3.5187523
81 -1.5786023 -1.2802685
84 -0.91636336 0.24639197
57 -0.9028541 0.23938079
74 -4.9409003 6.015776
191 -0.89104736 0.25758964
86 -0.90214765 0.23829032
56 -3.8661323 4.8348556
143 -3.7969377 4.738308
2 -3.8588128 4.7840176
16 -0.90482306 0.24198852
66 -4.848986 5.9078894
68 -2.4891136 2.489895
302 -2.0925596 2.2777655
35 -3.807939 4.7517433
11 -4.731119 5.7499304
33 -2.4813325 2.482905
19 -2.410748 2.4224312
186 -2.4570405 2.456864
138 -3.8241582 4.7725267
141 -2.4106894 2.4012423
8 -0.91816795 0.2335005
160 -3.821771 4.779382
97 -2.4875019 2.4997733
63 -2.4989047 2.87826
212 -2.4330673 2.4404442
27 -2.4814134 2.4968734
357 -1.1931311 -0.7339035
93 -0.8951282 0.254459
41 -2.4863489 2.8618758
122 -1.2028193 1.156933
153 -1.246704 1.1883153
285 -2.048535 2.2242477
180 -2.4761388 2.489012
18 -4.4619865 5.48198
67 -1.2406194 1.2126843
389 -4.5053763 5.500413
310 -2.0888977 2.278964
30 -0.9098798 0.22912942
205 -0.9751926 0.5629243
209 -2.0692813 2.2497392
204 -1.1739357 -0.72288203
100 -2.4214826 2.4210827
184 -1.9111744 -1.6841352
47 -2.4511302 2.4401875
10 -3.8661513 4.7966337
116 -2.4366379 2.4432037
46 -2.067554 2.2364075
172 -2.4506078 2.468197
158 -2.4448001 2.4504862
96 -2.5002465 2.5179498
140 -3.2854235 -3.263937
290 -0.97843856 0.54565245
382 -1.8094869 -1.5119734
233 -4.6062045 5.6733174
170 -2.1019433 2.2818491
146 -1.1585572 -0.7394036
62 -2.4565392 -2.4040694
213 -1.4068149 -0.9777249
430 -1.9054159 -1.6793905
98 -4.4661856 5.501067
70 -1.9436661 -1.7080839
293 -0.6708408 0.36613366
145 -0.85841614 -0.15915701
139 -1.239258 1.1804683
288 -4.4764924 5.50649
128 -0.6560125 0.3717617
103 -4.4352407 5.450229
178 -4.4873824 5.5125628
230 -4.468339 5.4878454
221 -4.4872217 5.504358
45 -2.5080786 2.87277
15 -0.92187667 0.48020545
225 -2.0906188 2.2373114
257 -4.4517603 5.458361
278 -0.9703562 0.54941636
104 -4.4238963 5.445664
108 -0.96780604 0.51483446
4 -1.8436333 -1.5347605
165 -2.4564102 2.4533486
107 -1.4050272 -0.9687898
114 -1.9032052 -1.6749239
22 -3.2136033 -3.1849494
193 -1.9494232 -1.7025201
118 -1.1353077 -0.6001023
238 -2.483718 2.504239
376 -4.517638 5.540691
14 -1.2006305 1.169629
198 -0.9756821 0.556437
338 -0.9124214 0.4670732
286 -1.9668149 -1.7122109
144 -0.72788304 0.06854071
339 -3.5802643 -3.592181
87 -1.4304277 -0.9981708
187 -3.1650372 -3.1403368
189 -1.7681398 -1.4711949
131 -1.7744153 -1.4860278
192 -3.2492979 -3.2177536
137 -1.7938137 -1.4984374
69 -1.3985351 -0.9874164
65 -0.86567867 -0.15127407
6 -0.9245095 0.47434148
320 -0.91865075 0.47143883
31 -4.54492 5.57693
228 -1.9467605 -1.6933007
148 -0.88930374 -0.30322278
60 -0.97876257 0.5448969
154 -0.9118553 0.44530627
132 -0.8917782 -0.15022701
13 -2.5211143 2.5370264
447 -1.2002767 -0.70940536
129 -1.9543711 -1.6789964
402 -1.8760494 -1.6508949
36 -1.9353126 -1.6396474
393 -3.137856 -3.1128218
431 -0.7420213 0.042321615
112 -1.8716863 -1.638948
105 -0.91652906 0.46182778
51 -0.8938415 -0.16228278
1 -0.8693917 -0.14144842
381 -1.944249 -1.6417572
76 -1.2154741 -0.9001389
164 -3.5104547 -3.535923
48 -4.410716 5.4277625
236 -1.896759 -1.6167771
262 -1.1722192 -0.729668
309 -0.67302376 0.3471225
375 -3.164794 -3.1368787
166 -4.4766445 5.5302205
409 -6.2879667 -6.0484953
44 -0.869354 -0.12612729
23 -0.9735145 0.52130264
252 -0.904913 0.21070583
254 -2.0989268 2.270106
169 -1.7986137 -1.4870899
119 -0.8928375 -0.15725467
83 -1.412812 -0.96360797
12 -4.492374 5.5090957
120 -0.9316814 0.41402167
326 -5.6554246 -5.7071404
78 -0.8839075 -0.16361049
37 -1.406609 -0.9920083
222 -1.1660444 -0.6210685
219 -0.89348394 0.1980047
234 -0.91588116 0.4902912
163 -0.7397183 0.04299172
366 -1.1175506 -0.58527255
124 -0.69633293 0.09934768
235 -0.93785906 0.39090464
416 -6.5278697 -6.529417
64 -1.8295871 -1.5286604
218 -1.1343596 -0.6049954
50 -6.2358694 -5.999959
156 -3.032701 3.6513255
159 -0.96573865 0.51293904
413 -0.744336 0.042815104
246 -0.9038506 0.23019613
308 -0.6793439 0.36889717
80 -0.9199304 0.47533584
359 -6.3364286 -6.0959015
150 -0.9166138 0.4707398
284 -0.88696414 0.20673662
266 -0.8950404 0.21260232
271 -3.4978242 -3.48936
95 -0.74638104 0.039555088
85 -0.9812001 0.5316194
397 -1.1280481 -0.6015189
283 -2.1353025 -2.050712
465 -1.8979896 -1.6831924
220 -0.76379573 0.02630272
303 -6.2159424 -5.9739423
249 -5.6588554 -5.6837854
130 -6.3045926 -6.0605474
49 -0.97643375 0.5324038
481 -6.499572 -6.513241
71 -2.1569839 -2.0990243
422 -5.5425057 -5.572695
54 -6.397249 -6.4017344
232 -6.177352 -5.9453306
0 -6.4337354 -6.455978
461 -1.7627991 -1.4659733
342 -1.1723486 -0.73997986
260 -5.639151 -5.6785874
341 -3.1144118 -3.0800207
307 -4.4828424 5.502124
7 -6.1214166 -5.876596
281 -5.56245 -5.5940957
17 -0.9731819 0.5357026
72 -0.8946751 -0.31382874
404 -6.3200884 -6.07476
450 -3.183471 -3.1601782
360 -1.9311854 -1.6485041
263 -2.5672598 2.5826662
347 -1.1290219 -0.622518
217 -0.8896401 0.22120981
435 -1.9452765 -1.6866649
161 -0.7490726 0.029874785
53 -3.100051 3.7104757
177 -6.5105834 -6.5100408
414 -1.9644831 -1.6999573
273 -5.684151 -5.7246323
399 -1.9613496 -1.6748959
247 -1.5321172 -1.2108088
127 -3.0791078 3.6924982
182 -0.66723454 0.3851326
460 -6.284053 -6.037178
419 -0.7305284 0.043697447
61 -0.9211647 0.46175784
318 -5.5482926 -5.5920916
434 -5.6989408 -5.744432
305 -3.6433456 4.564934
200 -0.9432734 0.39033285
126 -6.260034 -6.010207
269 -0.6737283 0.3579308
391 -4.566873 5.5946693
436 -5.5954146 -5.6257143
90 -1.2538034 -0.8504592
298 -0.89414585 0.22911581
113 -0.9344005 0.39573997
253 -0.6782555 0.399241
203 -5.566863 -5.594489
340 -4.6812987 5.7204766
411 -6.2449756 -6.003721
245 -3.506155 -3.5004034
374 -0.8516574 0.30119866
316 -0.9369516 0.3781021
248 -6.4780283 -6.4819903
292 -0.94629604 0.3942677
463 -6.4563513 -6.4702907
237 -0.89549536 0.2136078
25 -6.530902 -6.5644784
110 -1.9089508 -1.6771173
424 -6.0323124 -5.7912707
324 -5.586786 -5.635153
190 -1.9014298 -1.6587063
296 -1.1906021 -0.6710712
168 -6.222738 -5.9895144
256 -6.372469 -6.382501
279 -0.83475375 0.27911818
438 -5.6016836 -5.6359363
439 -3.6722858 4.573923
384 -6.4685616 -6.4794483
427 -5.5659733 -5.6029086
351 -1.2266161 -0.84424216
188 -5.5603046 -5.6073246
208 -6.369573 -6.3865485
322 -3.0937302 3.7209656
201 -3.092621 3.6957448
352 -1.2108976 -0.6984365
437 -6.292597 -6.29801
495 -6.232454 -5.987462
267 -1.2062405 -0.6885308
377 -1.8185943 -1.5188373
350 -6.2277813 -5.9884996
468 -3.6907277 4.588731
214 -3.068699 3.6713243
398 -1.7479972 -1.45962
482 -2.9825928 3.5935006
26 -6.3502812 -6.3659043
312 -5.678297 -5.7170057
195 -0.8311606 0.2996193
442 -3.637808 4.55654
142 -1.2125591 -0.6871117
244 -1.2270705 -0.82815933
498 -3.1666164 3.8082888
361 -5.7194247 -5.7612705
353 -3.5311272 -3.569109
223 -6.129052 -5.878876
368 -0.84041816 0.30024186
355 -1.8649539 -1.6483257
387 -1.207026 -0.70791763
197 -1.8810446 -1.6652173
445 -1.1683235 -0.6585308
241 -0.8569202 0.29916358
428 -6.6507597 -6.648406
451 -1.8506404 -1.6362735
117 -6.5308523 -6.5516686
295 -6.6343822 -6.6333766
335 -4.662001 5.6858788
251 -6.4598517 -6.206302
300 -0.97411 -0.34411603
444 -1.775047 -1.4855868
133 -3.08012 3.6967099
362 -0.82156926 0.31700662
196 -1.5193663 -1.2056592
354 -5.7362256 -5.7742867
94 -5.0851593 6.1620708
224 -0.93722886 0.38559315
336 -0.8988038 0.20764148
343 -3.0750933 3.678366
229 -3.0695052 3.6886609
304 -6.2928295 -6.0536833
20 -0.99137795 -0.38178796
55 -3.5878296 -3.58604
331 -3.62418 4.532166
306 -3.0258396 3.6347594
344 -3.6132529 4.5212693
471 -6.5242968 -6.522406
258 -6.3461695 -6.3492107
194 -3.6796474 -3.6712642
407 -1.217806 -0.7203017
77 -6.2643423 -6.0218496
472 -3.0681262 3.6720018
395 -2.4550762 2.7958426
327 -1.0169687 -0.38395733
440 -1.2065041 -0.6588368
329 -3.0371408 3.637672
277 -4.5032163 5.492749
432 -1.977563 2.1174538
383 -1.0108957 -0.37635323
337 -1.992024 2.1252337
494 -1.0101084 -0.375051
287 -5.048312 6.1159635
265 -3.6474242 -3.67368
470 -1.3860301 -1.1750631
328 -2.1976528 -2.110577
261 -3.6231008 -3.6356673
24 -1.029916 -0.36968577
493 -1.0084566 -0.39831853
152 -4.6602077 5.6771855
449 -1.9536823 -1.7223972
162 -3.6185565 -3.6431303
92 -4.6245914 5.6544976
115 -1.2134835 -0.7165169
202 -4.441644 5.4161873
79 -4.5092654 5.5038285
151 -1.2077591 -0.6878423
433 -1.9739192 -1.7357918
125 -4.9836125 6.03293
469 -1.1525421 -0.6309258
301 -3.628168 4.521957
282 -1.2044528 -0.66809165
268 -4.5892825 5.5926175
492 -4.499828 5.490333
315 -1.9295394 2.030356
121 -1.3899128 -1.1610327
176 -4.5794144 5.58583
255 -3.5761013 4.4722366
480 -4.467095 5.4571133
29 -4.9366965 5.9872255
406 -1.1521192 -0.62274957
356 -1.0762827 0.9382785
491 -4.99873 6.0509524
426 -3.7735512 -3.7953858
490 -5.0431175 6.1177206
270 -3.6149178 4.5174623
348 -2.3814297 2.684104
275 -0.7960973 0.00060994923
101 -0.8442795 0.25417116
175 -0.95845467 -0.22322308
314 -1.9774816 2.0982032
486 -2.424215 2.7266395
264 -5.002747 6.063156
167 -3.6565468 -3.6561956
392 -0.9642723 -0.3631599
210 -3.5441747 4.4290867
211 -4.28546 5.334351
231 -1.4447815 -1.2023692
380 -0.9392305 0.51483876
457 -5.003558 6.0508885
323 -5.6560473 -5.707863
458 -0.9295616 0.5087768
423 -4.2237077 5.2616453
401 -2.4283738 2.7175155
476 -1.9494973 2.0815897
446 -1.9225748 2.0290885
149 -4.3783407 5.458147
135 -4.286918 5.3273168
242 -3.636157 -3.6440368
373 -3.636137 -3.6699333
240 -0.80481744 0.029369984
173 -4.363738 5.425697
317 -0.94468266 -0.3504246
227 -0.83534956 0.2782627
371 -2.409499 2.7140365
274 -4.500368 5.4837513
99 -0.78296477 0.049378768
421 -0.9486422 0.5198034
485 -4.573207 5.59139
243 -0.8494718 0.25607955
412 -3.4825962 -3.4932103
456 -4.359895 5.4479403
297 -3.4504764 -3.448957
365 -1.0230819 0.59694874
73 -0.7988831 0.079735585
199 -5.047778 6.0983124
443 -1.0944755 0.95325416
58 -4.2847404 5.3379273
448 -1.0025822 0.59038216
280 -1.4613457 -1.2393535
123 -4.9949794 6.0434465
174 -4.2313595 5.2780066
367 -1.0852869 0.9343015
34 -4.29303 5.356859
370 -0.9199876 0.48719552
32 -4.3136983 5.3701077
496 -1.0118635 0.59467363
464 -1.2385566 -0.73750013
157 -5.012693 6.0549784
109 -2.4311855 2.7506492
102 -1.1943517 -0.68491584
250 -4.3692117 5.433633
289 -4.495366 5.4814997
171 -0.95701414 0.48873994
21 -4.8936176 5.9375257
88 -1.3938748 -1.1772696
59 -1.4299115 -1.1112399
441 -0.82329917 -0.031847183
388 -4.996984 6.0474553
345 -1.5135852 -1.0989676
294 -4.909755 5.946651
372 -3.6498303 -3.650885
453 -4.9710236 6.001392
28 -1.8736941 -1.6578513
405 -0.95621985 -0.22622432
358 -0.807496 0.028397445
313 -1.022242 0.5843739
259 -1.5502497 -1.1417099
226 -2.4102015 2.7197404
479 -2.4289665 2.7179277
378 -1.0013182 0.5737105
454 -1.0351932 0.9252377
75 -0.7957198 -0.043846447
181 -0.94921064 0.5042205
497 -1.0188931 0.6051904
311 -1.5128644 -1.1015805
333 -1.5174792 -1.0883311
272 -0.96809834 0.48568362
467 -1.0433165 0.62638384
390 -0.96705693 -0.23768863
299 -3.6566334 -3.6767719
403 -1.5019339 -1.0844355
239 -1.066493 0.9535942
276 -0.95736957 0.47933707
400 -0.99573874 0.57533824
332 -0.781044 0.05267334
386 -0.68829525 0.25819293
216 -4.3788037 5.452171
334 -1.1018454 0.9780516
478 -1.3326687 -0.84084034
396 -1.5150765 -1.1337398
183 -0.9545585 -0.3994045
475 -1.5023028 -1.0839802
215 -1.4756974 -1.0769517
179 -0.8005653 0.019122295
489 -0.81451696 -0.0074734497
364 -0.95431894 0.46939042
207 -0.95735323 0.48876342
185 -1.7895061 -1.5794958
452 -1.0845796 0.95711327
155 -0.96230257 -0.2427604
483 -0.70185405 0.25405657
415 -0.94517463 0.3539174
38 -1.7660565 -1.5456488
379 -1.539964 -1.1213214
459 -0.68157995 0.20238362
488 -1.6136116 -1.3277619
319 -1.6215612 -1.3240956
291 -1.8272364 -1.6067336
420 -1.6900811 -1.3733805
425 -0.94006616 0.3591525
346 -1.6934028 -1.3975855
410 -1.8468965 -1.6294737
82 -1.8004637 -1.5975544
206 -1.7842306 -1.5804706
473 -4.2745514 5.2565413
484 -4.4079185 5.41763
466 -5.3640223 -5.411541
111 -3.665897 -3.6787648
330 -2.5711255 2.5722725
499 -5.7413554 -5.510231
147 -3.505229 -3.5205903
394 -2.5805175 2.618263
385 -2.6588387 2.6773832
455 -2.5691442 2.584568
369 -0.9125367 0.20825328
325 -2.5873032 2.5953171
417 -4.183148 5.168517
487 -5.33773 -5.38923
349 -0.89090145 0.22546504
474 -2.560619 2.5563662
429 -4.275032 5.26898
321 -2.4645915 2.4823184
462 -0.89254034 0.21134447
477 -2.5050344 2.544055
418 -0.88809234 0.21641204
363 -2.5826306 2.5863936
408 -0.8973345 0.18177223
