500 2
154 5.0863385 2.0376651
151 -3.9127357 7.1223855
188 -0.1075448 1.1752037
47 -3.0931888 5.9758773
257 0.7830231 0.8422312
137 -0.12407484 1.174622
73 -2.7558 5.0069537
48 -2.7304566 4.9877644
31 5.1748457 2.0551097
24 -2.737923 4.9865055
169 -2.7183049 4.9455376
241 -0.12635171 1.1609892
146 -2.7181218 4.9601717
26 -0.7763386 1.9604688
168 -3.852471 7.01904
147 -0.12671457 1.1816298
68 5.120643 2.0423348
95 -2.727429 4.948881
162 -2.7527301 5.0007715
224 5.194771 2.0694375
18 -2.7522893 4.9809327
170 0.7796091 0.8418042
138 -3.072117 5.949831
80 5.1136355 2.0350425
81 -2.785704 5.0639606
77 5.805635 2.1764963
161 -0.63201267 1.7907195
56 -0.1165054 1.1694635
38 0.7732009 0.8411377
145 5.690575 2.1301455
96 5.1358266 2.0546305
41 3.9826348 1.6771742
286 0.51557684 0.92665696
30 -3.1206892 6.0398283
132 5.1219664 2.0487497
159 -2.7559676 5.003176
153 -3.9007516 7.084653
25 -0.113790005 1.1800117
209 -3.9039345 7.1120043
148 -3.9054475 7.1330686
337 0.2563131 1.186194
128 0.76824874 0.8266333
178 -0.12225286 1.1672553
13 -3.1306863 6.0640526
149 6.748968 2.614675
193 -0.6175165 1.7793283
208 0.26741362 1.1784835
130 0.5127194 0.9167851
10 -3.0569072 5.9094124
118 -2.7680793 5.0361114
104 -3.0527453 5.9051995
64 -0.127677 1.1818622
0 -3.8960748 7.1284666
229 5.770468 2.1618521
203 -3.9417696 7.1848264
117 5.7566185 2.1636844
114 -3.8681676 7.0575757
52 -0.95234597 2.2698038
58 -0.6244341 1.7987258
105 5.7993083 2.1689427
139 0.75958484 0.83497936
176 5.1359496 2.0397882
196 5.0956483 2.0403607
67 -3.9063287 7.1078076
218 -0.13121212 1.1781482
180 5.750273 2.1464431
216 5.1185493 2.0453694
262 0.51726776 0.9186056
186 -2.7654397 5.0508432
23 3.9490561 1.66016
183 -3.0787344 5.9580684
142 -0.11276079 1.1642281
185 1.9662449 0.9828285
187 5.7511063 2.1464438
222 6.6333265 2.5727975
179 5.892406 2.209868
75 -0.12141652 1.1810768
126 -0.11250555 1.1674625
22 0.52626276 0.930991
9 -3.9071217 7.119947
197 5.8104672 2.1681783
21 6.6878057 2.6012077
34 -3.895806 7.1041026
167 -3.0430994 5.882501
87 5.06996 2.010613
223 5.108553 2.0467396
115 5.7371626 2.1388166
112 5.192257 2.07736
97 -3.0849519 5.9586205
53 -2.7493813 5.01634
227 5.1510167 2.0549712
6 5.6905837 2.1349418
94 5.0714855 2.0195997
266 6.0353 2.7115307
198 5.7936954 2.1746597
274 6.632387 2.567182
268 0.78776544 0.8426972
74 0.5338243 0.92925537
71 3.997998 1.6775548
194 5.8591385 2.186229
19 -0.62020755 1.79098
79 0.78810906 0.8382251
120 -0.12104076 1.1731074
313 0.51880026 0.91791123
57 -0.12825635 1.1956581
181 0.52407426 0.9320151
76 -0.12497928 1.1811293
276 1.4552476 0.8527772
302 0.516398 0.93153614
63 -3.0732749 5.941065
27 -0.120885864 1.1553595
62 0.2614947 1.1815628
8 2.0547354 1.0043446
312 0.25902018 1.1807615
205 -2.7650363 5.0265203
127 -2.7781327 5.0553994
422 -0.62216073 1.7839669
281 0.5307073 0.924317
110 0.26446217 1.1836362
51 -0.9514476 2.2975569
40 0.76536965 0.8373723
190 2.060765 1.0186568
289 0.52234626 0.9164895
16 0.2528919 1.1873356
108 5.0093684 2.001091
65 0.51288974 0.91699433
91 -2.7642314 5.0408006
202 0.5254575 0.92229515
231 0.5219545 0.919006
113 1.3911623 0.8372786
226 -3.829073 6.9753942
396 -1.0077006 2.393592
3 -0.12676267 1.1807274
247 0.7882809 0.8456903
163 0.2644626 1.1767037
123 -0.61699617 1.7514178
5 3.8890436 1.6329023
101 2.0114396 1.0122181
271 0.26241043 1.1853268
107 1.3704549 0.8098757
45 0.5225174 0.9150095
60 -1.0037652 2.397554
102 6.456574 2.5083318
333 4.574442 1.9042875
103 5.904378 2.6531603
15 -2.7392752 4.9609947
240 0.5248526 0.919728
135 0.2387779 1.1809515
11 -3.0461204 5.897609
255 -0.6152172 1.7671812
121 0.25257495 1.1758621
254 0.77272606 0.83712703
140 0.5233415 0.91637677
206 5.713437 2.129286
36 -3.0304086 5.873447
83 5.8817787 2.651169
99 5.88376 2.6463575
86 -3.8384435 6.9756746
116 -3.0315142 5.8556476
321 -1.0107936 2.3929746
70 3.9062932 1.645566
174 4.5712185 1.906676
2 -0.6146739 1.7716328
35 6.5318522 2.5416915
177 1.3779876 0.8406784
476 -0.9631621 2.3159826
172 5.84048 2.630173
291 0.77449304 0.8428942
157 1.3769395 0.8337063
50 6.3499427 2.46834
256 6.3840466 2.4843416
318 -0.4018406 1.4244529
284 6.161415 2.3872979
189 5.589271 2.0876856
1 0.26467133 1.1919109
338 0.26882932 1.1861331
232 5.949045 2.6736808
200 2.065796 1.0050936
111 -0.98475796 2.3672652
119 -0.77415764 1.969291
90 5.8117604 2.636416
412 -0.9779661 2.3471708
244 -3.7621381 6.8782115
20 -0.4144283 1.4385988
195 4.5196395 1.8921547
263 4.591796 1.9186842
28 0.7773687 0.8376566
329 5.6591077 2.5570056
4 6.3806386 2.4806
175 4.5545654 1.8977981
239 5.7672887 2.5945842
238 -0.11906923 1.1838102
323 2.3266387 1.0775486
164 -3.0412323 5.9097824
122 6.441925 2.4984915
171 -0.60972744 1.7842431
235 5.641945 2.1181986
388 4.604177 1.9207728
150 4.4872622 1.8761286
301 4.605806 1.9201801
12 0.7774527 0.8310387
59 4.9710517 1.9738667
14 -3.0268226 5.8588867
234 -3.6936288 6.72573
37 6.445327 2.503988
264 -0.123562045 1.1881125
44 -2.7054935 4.920421
173 0.79000854 0.844347
498 -0.62569535 1.802908
252 0.24530834 1.164311
265 5.886262 2.6529806
124 0.2430611 1.1818523
335 5.7362127 2.602505
17 -0.59669065 1.7524848
253 4.524749 1.8917634
259 6.4690795 2.5078652
260 2.0803845 1.0165503
134 -3.0383782 5.883737
273 -0.40818653 1.4224603
98 5.575625 2.0717525
344 -1.0192533 2.4119353
46 -0.6046221 1.7599435
237 5.7575846 2.1506748
43 -0.4271984 1.4437543
165 0.25280282 1.1810653
365 5.800395 2.6178315
290 5.843192 2.6315558
199 -0.9985604 2.393684
204 -1.0159034 2.4232829
143 5.7177367 2.5857737
339 0.5415316 0.9363008
303 5.813356 2.6115568
109 -3.7632728 6.8405385
129 -2.9591477 5.7620473
89 0.7657582 0.8289592
192 4.6602592 1.9325308
93 -0.40597245 1.4464763
428 -1.0214162 2.4221213
305 0.764975 0.83656585
236 -0.39908206 1.439455
293 -1.0080923 2.3897047
184 -3.7138042 6.76162
444 -0.39558336 1.4396926
155 5.6502285 2.106591
29 1.3605366 0.81603026
213 6.3142257 2.4550533
420 -0.4026611 1.4400713
448 2.389667 1.1125932
245 0.2674927 1.1778063
84 0.25934088 1.1969256
32 5.691702 2.5755372
325 -0.6085527 1.7702717
106 1.3796395 0.8287954
497 -0.6131631 1.8105905
345 4.6757784 1.9381577
399 -0.38679826 1.4138663
166 0.51204544 0.9158649
39 0.27587163 1.1768215
292 5.739272 2.5945408
72 -1.0334381 2.457872
486 -0.42132157 1.4792414
160 6.2894354 2.4355748
272 2.4342313 1.1166652
319 6.443757 2.4971104
42 1.3722593 0.8266913
78 -0.40563184 1.4653225
392 2.6175973 1.1911008
461 1.4143102 0.8452002
468 -0.40166453 1.4478515
387 2.3611343 1.0984366
54 1.4116019 0.82641125
308 -0.60270286 1.7920774
158 6.3692136 2.4701874
440 -0.40806332 1.4113083
85 0.77871865 0.83003676
210 -2.747431 4.970958
405 -0.5760778 1.7406561
152 -3.0032535 5.842312
144 3.8108423 1.611506
215 1.2572706 0.800475
125 6.494105 2.5160377
207 -3.0042691 5.7870965
61 1.3655224 0.83347833
395 -0.39486018 1.431862
248 -3.7075899 6.7510476
69 1.2714862 0.81830305
7 0.526876 0.910825
478 2.407796 1.1157489
411 -0.5970067 1.7563874
328 0.77350163 0.840415
88 -0.4038747 1.4426913
374 1.2307559 0.786435
221 4.6131663 1.8464522
449 -0.6410767 1.8075901
191 1.2693202 0.8142513
66 -1.0124314 2.4220908
243 4.9790783 1.9816988
136 1.2804046 0.80998766
182 0.26203224 1.171882
133 -0.60133326 1.74322
251 -0.6818827 1.824221
220 4.516927 1.8777865
55 1.3679354 0.80980456
469 5.0955334 2.0290983
322 1.2113228 0.7883477
340 -0.5908875 1.7480892
285 -0.59923154 1.7295517
298 -3.6663408 6.6662173
278 -3.670247 6.6897693
442 0.5429143 0.9505482
82 5.912559 2.290511
425 -0.6948097 1.8319172
378 0.26136345 1.1854643
315 5.517246 2.4974828
408 0.77253133 0.8441248
439 -3.6730502 6.6932425
495 5.633891 2.5355933
242 -2.7792084 5.066404
364 -0.13291857 1.1940594
372 -2.9894805 5.7839665
433 -3.6245067 6.578019
496 -3.62344 6.610153
141 0.7785991 0.83784556
437 0.7794813 0.8348578
445 4.385516 1.8261839
390 6.1264606 2.389023
288 -2.9768481 5.754121
493 -2.9528553 5.6949744
413 0.7757736 0.83131486
455 4.9702244 1.9758196
406 -2.8892748 5.5933757
427 -0.14027868 1.1915617
473 5.5989184 2.0844686
480 4.7814674 1.9077681
402 5.5456495 2.0602155
304 5.7224135 2.1346931
49 1.3667516 0.8235716
477 -0.118875206 1.1831509
362 5.412181 2.024483
431 0.2823756 1.1841049
400 4.8934875 1.9515119
212 -2.691384 4.912685
377 5.5043807 2.0543032
470 4.820855 1.9071357
295 -2.9350955 5.667288
317 0.7814292 0.83495295
261 1.262188 0.80242
462 5.0196705 1.992703
417 -2.9517188 5.7061963
246 -2.9350152 5.685681
376 5.6371775 2.107354
453 0.26022738 1.1985874
447 -0.12056311 1.1851513
451 0.2672195 1.2081819
373 5.0467286 2.0029228
398 2.5528214 1.1708806
211 -2.7027874 4.917386
287 -3.5839775 6.511644
359 -0.13279402 1.1804911
369 4.4915433 1.8639371
269 -0.1364958 1.184978
415 -2.9734697 5.7429247
92 -3.4544222 6.2690873
297 0.7746621 0.84429574
334 -2.612448 4.7700486
371 5.608678 2.516585
393 -2.6827602 4.8475995
380 0.78049636 0.84149563
353 5.424991 2.4545114
414 4.996635 1.9977868
270 -3.6611788 6.6369247
487 4.906455 1.9542526
336 5.585663 2.084141
324 -0.9506148 2.3143482
421 0.5344606 0.9403003
250 -2.7401154 4.958025
467 5.6259923 2.0882142
429 0.53949404 0.9503157
258 -2.7090402 4.9276257
294 -2.9372647 5.682331
219 -2.9702675 5.7624335
300 -0.11540372 1.1773549
459 0.77840453 0.83105034
489 -0.13977234 1.1756938
386 -3.6567924 6.6555705
426 0.27269197 1.2007748
482 5.00547 1.986834
347 -3.6180527 6.5729394
355 -2.7438633 5.0040483
283 -2.7549906 5.0201044
379 -3.5866098 6.529203
435 1.1656559 0.7648781
484 -0.12459528 1.177043
332 0.78120106 0.83657867
342 0.2759593 1.1848104
277 -2.9134355 5.646956
446 -0.11947802 1.1820061
299 -3.5912282 6.505151
460 -3.6259058 6.5797644
363 0.5366983 0.9300905
33 1.2351074 0.80045456
499 0.54742056 0.9306595
416 -0.12945126 1.1829456
279 -0.58354 1.7653445
214 -2.6057963 4.7415333
483 -0.13031954 1.1972356
479 -3.6329796 6.620075
354 -0.11798287 1.1865482
432 -0.12810113 1.1885955
358 0.7657807 0.8370844
404 0.78014857 0.85097426
457 5.653555 2.5365245
418 0.53194356 0.93790627
463 0.26258165 1.184287
458 5.4916635 2.0565348
225 -2.7010207 4.912312
316 -2.6983008 4.901309
384 6.1002216 2.3592148
466 4.7131686 1.885782
352 5.563625 2.0732646
407 -0.120892696 1.1812824
307 1.2381951 0.79800063
434 -2.6428683 4.790483
249 -2.8992631 5.6054096
452 -0.11385458 1.1781023
156 1.2248622 0.7956388
394 0.5335877 0.9418088
488 5.455119 2.0281029
397 0.5365096 0.9423513
370 5.6398067 2.083591
341 -2.6678908 4.854508
346 4.740417 1.8953801
494 -2.902012 5.615844
383 4.969358 1.9822226
389 -0.12807037 1.1913215
280 -3.557559 6.473837
217 -2.8695743 5.5448556
381 -0.376459 1.3963164
306 -0.13321699 1.1804627
201 -0.5959909 1.7459483
309 4.7954645 1.9250747
326 6.0439477 2.3485744
230 -2.6382267 4.801437
475 5.4208245 2.0160208
330 5.886375 2.287623
465 -0.12847865 1.1730348
320 5.4585304 2.0329876
366 0.540139 0.9476893
438 0.5204683 0.92129856
350 0.79049724 0.8388826
472 5.4760528 2.037915
464 0.2717511 1.1670125
424 -0.6599211 1.7952634
443 -3.4775128 6.3042765
450 0.5420033 0.9464452
100 -0.39393142 1.4255432
454 -2.7258615 4.961241
311 5.4874964 2.048814
357 0.54451704 0.9316247
267 -2.9132571 5.6788464
391 -0.12375782 1.1793103
492 4.7772083 1.9185423
410 -0.12584782 1.1790466
423 0.53786963 0.9471228
356 4.8226357 1.92768
296 -2.6555858 4.827938
485 -2.609672 4.758876
490 0.2717646 1.1928686
456 -0.12641023 1.1945229
343 4.613639 1.8411814
367 5.5412946 2.0680912
331 -2.553123 4.6232586
314 -2.639115 4.795806
348 -3.4449186 6.2377534
233 -2.6496613 4.850911
360 -2.7977097 5.413808
471 -0.1142569 1.1902658
282 -2.5883522 4.708136
310 -0.4002724 1.4101503
401 5.899314 2.2762842
228 -2.709566 5.2573185
327 -3.41217 6.1999764
491 0.25491202 1.195099
441 4.411099 1.8459626
382 0.76185346 0.8375274
430 4.620009 1.8429773
275 -0.6877782 1.8691348
131 -1.0117952 2.3903387
385 -0.11464575 1.1631328
351 -2.5041013 4.5380335
375 5.282139 1.9615659
474 -3.3278644 6.0593185
403 0.7744439 0.83462423
409 5.098952 2.3123848
436 4.728492 1.896817
349 0.5491287 0.9478408
419 5.7486143 2.2369668
368 4.444132 1.7925451
361 -2.524091 4.6133265
481 4.4281735 1.7765833
