500 2
34 -0.3878626 -1.2332582
208 4.722856 -2.118664
136 -1.1973741 -2.350461
160 -0.38431787 -1.2234079
41 4.603086 -2.0612493
5 4.705092 -2.1169724
135 4.6404667 -2.080694
107 -0.38512164 -1.2263817
73 -0.38537228 -1.22
198 -1.2079365 -2.3775365
153 4.6915083 -2.1083562
62 4.623426 -2.0781453
179 4.585072 -2.0589092
123 -0.38417283 -1.2338856
44 4.6654983 -2.0880413
148 -1.1816124 -2.337011
152 -1.1907682 -2.345891
186 -1.1748729 -2.324668
156 -3.2260404 -5.5515733
197 4.708399 -2.1192513
217 -1.2040311 -2.3837688
109 4.7589784 -2.1406114
121 5.970791 -2.89358
94 4.714042 -2.1091008
69 5.9818835 -2.9058611
118 -0.3842389 -1.2202029
35 6.051228 -2.9397573
14 -3.1808224 -5.488137
201 -3.2447343 -5.5998235
138 4.6932783 -2.1148152
39 -0.39141533 -1.2388898
116 -1.2027283 -2.360044
77 -4.106093 -6.9781623
92 -0.39688322 -1.2405313
147 -0.3855904 -1.2378418
171 5.920584 -2.8763375
131 -3.5469575 -5.8610744
165 -0.3822528 -1.2358667
45 -3.199581 -5.5103736
21 -0.3897715 -1.2307198
7 0.5329635 -0.7676431
32 -3.1683476 -5.463474
81 -0.39161897 -1.2335767
236 -1.1936618 -2.3510303
51 -3.5131285 -5.8121586
102 0.75887454 -0.79272056
244 -0.075303935 -1.1569628
42 -0.38537058 -1.2303433
9 -1.1778302 -2.336688
163 -3.2149844 -5.5392966
47 -3.5164309 -5.8054285
38 6.093582 -2.9670608
304 0.018280042 -0.8933394
85 -1.1781193 -2.3200626
63 -3.5453618 -5.8301926
76 -3.491596 -5.7481613
129 -3.188125 -5.51756
87 -4.066312 -6.908601
0 0.019839274 -0.9015014
200 4.744132 -2.1294208
15 -3.1760175 -5.478199
154 0.77259207 -0.76949954
84 -3.5806537 -5.9117703
289 0.017814148 -0.89754266
151 -1.2121542 -2.3788042
95 -1.2181007 -2.3987052
72 6.023893 -2.92638
4 4.737176 -2.1355882
128 -3.5193584 -5.823634
284 0.024233297 -0.9063509
68 -4.1158066 -6.986148
168 1.227072 -0.9147222
146 -3.194403 -5.5164604
229 -3.18626 -5.501136
130 -3.578152 -5.9181294
247 1.2480407 -0.9209665
28 -3.5364392 -5.8382773
270 -4.0250998 -6.839349
110 0.02283202 -0.89801776
276 0.025230829 -0.8962587
60 -0.3822728 -1.2241453
10 -0.38438618 -1.2194048
50 0.5057137 -0.9386197
83 -0.39494318 -1.2452378
120 -0.078105055 -1.1699095
205 -4.0910378 -6.9487
127 0.4866141 -0.94689447
99 -3.5176792 -5.8242106
170 4.770558 -2.1579905
67 6.109892 -2.9579527
145 0.48472077 -0.96320367
18 -3.186456 -5.485827
52 5.966663 -2.9008174
225 0.7761569 -0.7866279
255 0.5000405 -0.94403595
20 -4.0488997 -6.895365
302 -4.0146194 -6.847671
75 -4.126621 -6.9863024
80 0.028980436 -0.9002435
362 7.9227986 -3.7197487
310 1.2142872 -0.8886909
71 -0.07333003 -1.163066
89 -4.1156654 -6.9875317
27 1.0887502 -0.671041
176 0.5037161 -0.92884403
117 -0.38484868 -1.2294875
175 6.070715 -2.946915
234 0.50350094 -0.94199854
164 -0.08600221 -1.1807716
250 -0.08026384 -1.1574291
82 0.72079825 -0.81804144
70 -3.4820633 -5.7577
187 -3.137835 -5.424827
196 5.936297 -2.8851469
48 -3.9765327 -6.7581596
199 -0.062680624 -1.1511877
184 1.6745914 -1.0803673
36 7.688982 -3.6114404
237 -3.171285 -5.469105
232 -3.9885926 -6.773925
24 -3.1555476 -5.4528794
103 -3.4605086 -5.7320137
195 -4.009958 -6.8404217
96 -0.061815992 -1.1449369
277 0.69354737 -0.8265976
31 -3.184986 -5.4929047
37 -0.38831544 -1.2428148
104 -0.079118095 -1.1639327
158 -3.4579134 -5.734459
173 1.658142 -1.0787668
266 -0.07423153 -1.1504301
306 1.385936 -0.9576381
3 -3.5322645 -5.816714
320 7.6134214 -3.587087
46 0.6936747 -0.8219407
274 7.5821877 -3.557992
169 1.6525769 -1.0705111
246 0.025636064 -0.88992536
78 5.850293 -2.8385665
141 -3.4978359 -5.803287
29 6.0080285 -2.8906217
221 -1.1800667 -2.3339822
300 0.47622856 -0.9538134
192 1.6989621 -1.1006356
285 -4.0371327 -6.8571978
143 1.2392083 -0.89876443
240 -3.1888444 -5.484351
166 7.7320127 -3.6324224
61 -3.4832096 -5.746516
476 0.6752149 -0.82453924
219 4.8474874 -2.184845
157 0.7693454 -0.7840411
16 1.3906655 -0.95663524
6 -3.9370813 -6.7050886
256 0.7727007 -0.7762144
182 0.6884466 -0.823608
101 1.6690881 -1.0813934
252 -1.1950011 -2.3638656
125 -0.07639738 -1.1554016
19 -3.1927054 -5.5031633
26 0.7832203 -0.7642933
1 5.7878337 -2.802931
65 1.6527225 -1.0730587
292 7.5192575 -3.5456727
79 0.039418545 -0.89200157
174 7.5568666 -3.5610359
180 0.032011054 -0.8928588
64 0.7746346 -0.78779393
134 5.8006725 -2.8161397
381 7.678291 -3.6186001
213 0.49355677 -0.9457013
86 0.7555769 -0.7916188
167 5.8197975 -2.8317332
499 5.845533 -2.8112411
66 5.8057337 -2.8320615
405 0.7089408 -0.82294196
207 -3.2117615 -5.5477424
269 0.035735175 -0.89971644
242 0.47850382 -0.95733106
305 1.385354 -0.9531224
249 0.7020911 -0.83528346
403 0.73126805 -0.8291
189 5.859075 -2.8467922
59 -0.075657554 -1.1585232
235 1.6887602 -1.0872607
119 1.6697655 -1.0803734
358 7.5581775 -3.5549576
17 5.866806 -2.8618417
33 1.4439695 -0.9683218
90 1.2162985 -0.9060681
142 5.8728046 -2.8496614
144 1.7640104 -1.1221689
193 0.035224453 -0.8955903
56 -3.4422646 -5.6783442
74 5.882731 -2.8438773
212 0.49158937 -0.9451105
391 0.49579945 -0.93943244
414 5.8547425 -2.8177319
317 -4.083942 -6.941195
55 0.01796238 -0.90932035
291 1.205074 -0.9015875
278 0.48210523 -0.94557375
53 1.778963 -1.1209178
268 7.611409 -3.5884936
298 1.8064932 -1.1390085
419 1.8011358 -1.1354771
287 0.7752868 -0.7771535
482 1.1681068 -0.90074074
271 0.013013574 -0.90216476
114 0.48412153 -0.954451
58 -3.9817498 -6.7717137
478 0.7517966 -0.7952222
215 5.951443 -2.8482368
286 5.894685 -2.8341568
188 -0.06813536 -1.1671958
280 6.050314 -2.9118726
245 7.3292937 -3.4432275
13 0.033137966 -0.89977777
474 5.4852076 -2.6471446
461 1.1653764 -0.89592856
140 7.5402346 -3.547403
262 1.4072841 -0.95784885
248 -0.07615934 -1.1712855
172 -0.39510128 -1.2394807
346 7.5493565 -3.5543778
313 1.1787686 -0.8729321
97 5.954087 -2.8979268
191 0.71213293 -0.8269474
367 0.78742343 -0.7876706
100 -3.9584806 -6.7408085
57 7.671588 -3.609517
410 1.1696122 -0.8850844
365 5.6521263 -2.725464
108 -3.4208448 -5.673784
343 0.7628908 -0.786082
392 1.8005956 -1.1356276
231 -0.08085276 -1.1633618
257 -3.2169259 -5.538493
211 5.9308267 -2.8818822
374 0.7698269 -0.7850204
23 4.523978 -2.035967
222 0.032695267 -0.907313
54 -1.2022114 -2.3554294
11 0.6921814 -0.8236657
364 1.1648731 -0.8737171
105 5.836798 -2.8160663
12 -0.07832392 -1.1684883
407 1.1315283 -0.8635444
393 0.68290484 -0.837598
226 0.6996029 -0.82574034
124 0.48382753 -0.93559146
363 5.9037666 -2.8415534
309 0.760103 -0.7934439
113 7.4774756 -3.5194707
133 1.7948841 -1.1442103
450 0.72322685 -0.81616807
227 5.7682943 -2.7737634
161 1.7998939 -1.1281013
194 7.496167 -3.5247
373 7.5557365 -3.551712
210 -1.2243279 -2.4061558
22 0.4927358 -0.7413229
43 0.6758757 -0.8241549
273 1.2211659 -0.8978457
122 0.03593637 -0.89382243
220 0.6950486 -0.82470936
323 1.411706 -0.96537304
162 0.4891503 -0.9480492
453 0.7767692 -0.7885034
281 0.018107463 -0.905588
112 1.8325436 -1.1499738
2 6.0853133 -2.9298236
243 1.7605684 -1.1152287
155 -0.073675804 -1.17065
325 1.1811746 -0.9008773
388 5.74244 -2.755849
352 1.6377639 -1.0733155
159 -1.1576815 -2.2851377
177 -3.577869 -5.875676
394 0.7868877 -0.79892397
239 -0.07408184 -1.1667652
241 0.82715553 -0.7146385
368 0.7715359 -0.7990848
216 0.7649662 -0.76964754
293 0.7193352 -0.8169098
190 7.5677834 -3.561413
206 -1.2210062 -2.4010046
8 7.6357417 -3.5995665
111 -0.06722914 -1.163424
204 0.7944461 -0.73894376
319 0.67858404 -0.8294585
409 0.7175881 -0.8371987
338 0.79601794 -0.73446435
251 0.7232031 -0.82621026
30 1.6892159 -1.0874678
183 1.852244 -1.1611404
348 1.86677 -1.1678511
330 0.04286766 -0.8870484
420 5.7106886 -2.7527044
25 0.68330866 -0.8203071
272 0.67822945 -0.8273159
448 1.3652505 -0.9389083
333 -0.07294266 -1.165644
463 1.7647237 -1.1206994
149 5.7876363 -2.7862887
455 0.027860982 -0.8887084
460 1.1577567 -0.8658184
449 -1.2872088 -2.4905903
93 1.2419434 -0.89493275
228 0.71064305 -0.82400715
472 -3.9294124 -6.679781
283 1.6297657 -1.0585777
91 0.6758058 -0.8136191
203 -3.6799943 -6.2494016
349 -1.2566518 -2.4482563
456 0.03405728 -0.8906191
258 0.79512167 -0.709283
389 -0.39844024 -1.2361517
260 1.4014235 -0.96530074
442 5.5934176 -2.7101655
380 1.6100321 -1.0669224
339 1.1960183 -0.89393294
370 0.6944071 -0.8217994
49 0.78216314 -0.7383187
139 4.502335 -2.0269327
263 -1.26233 -2.4587102
438 4.7858467 -2.157733
264 5.7579427 -2.7618968
115 4.4691167 -2.0068173
496 -1.2986785 -2.5320241
126 0.4852879 -0.9214752
342 0.021210209 -0.9025776
498 0.0322182 -0.88795954
327 -3.4001245 -5.605791
88 0.48178914 -0.9353552
477 -3.169608 -5.4859157
428 -0.3947945 -1.2323059
132 1.4055885 -0.96475255
378 4.7936387 -2.1437018
400 -1.2629592 -2.4559019
295 4.781373 -2.1544008
332 0.022119394 -0.902657
382 -1.3007585 -2.501969
444 4.7299643 -2.130142
483 -1.2698035 -2.4895208
324 -3.8035893 -6.456045
430 -3.044527 -5.248165
486 0.49868208 -0.9396329
485 -1.2835975 -2.4861526
437 -0.40335116 -1.2595241
307 5.721182 -2.780749
390 -1.2841269 -2.4851708
421 -0.062377576 -1.1428741
427 -3.101936 -5.3421183
318 5.6527524 -2.740926
494 -0.07385582 -1.1449041
345 0.7811529 -0.7331124
480 -3.1139414 -5.369726
347 -0.064153716 -1.153591
354 -0.06877976 -1.1566339
426 -0.39630625 -1.2463517
336 -1.2937077 -2.501707
433 0.5071668 -0.94198775
316 -3.1182404 -5.395228
458 -1.272568 -2.4668682
466 1.3224571 -0.9087812
416 -3.4044895 -5.6426454
303 4.6533813 -2.089805
259 -1.2962766 -2.5195959
376 -3.7629814 -6.417359
40 0.8086701 -0.7488452
429 -3.3694432 -5.5714684
218 -0.39043507 -1.232087
423 -3.0634549 -5.2727838
451 7.146271 -3.3638885
488 -0.072334304 -1.16354
417 -3.0425646 -5.241895
359 -0.40696943 -1.2586106
288 4.613074 -2.068829
299 -0.3945763 -1.2415957
386 4.688474 -2.1142192
253 5.6232514 -2.7347493
355 5.4860177 -2.663848
398 5.5561824 -2.6958404
150 0.8074503 -0.7281319
383 -3.0243363 -5.207478
185 -3.361245 -5.5206623
360 -3.7807145 -6.40479
344 -3.416205 -5.6425505
469 -0.400836 -1.2484387
411 -3.3993766 -5.6085706
331 0.020779377 -0.9061129
457 -3.8473127 -6.559044
464 -0.39066425 -1.2369486
431 4.6415224 -2.083344
446 -3.1128979 -5.382069
181 -0.39944384 -1.2508562
490 7.12228 -3.3573709
467 -0.40408477 -1.252452
322 -0.3897233 -1.2291695
353 -0.06489029 -1.1587356
475 -0.39462307 -1.2394161
334 -0.39153898 -1.227651
290 4.7219605 -2.1265712
413 -0.397745 -1.2339606
294 -0.40262067 -1.2409873
366 -3.75965 -6.3959255
439 -3.0122821 -5.1936803
265 -1.2863319 -2.494576
178 -0.38906017 -1.242298
415 4.697327 -2.1143167
447 4.751638 -2.1329055
481 4.73902 -2.129586
254 -1.2580887 -2.443203
301 0.72159356 -0.80989397
312 5.5853987 -2.713373
214 -3.417941 -5.6303067
492 -3.027639 -5.219306
406 -0.39792892 -1.2497792
495 -3.7791398 -6.4104967
404 0.030175176 -0.8948043
384 -3.4077895 -5.6255903
279 -0.40118292 -1.2428648
361 -0.3965881 -1.2428842
468 5.5273066 -2.6904645
441 4.6724324 -2.1048481
337 5.660505 -2.7549438
387 -3.7739017 -6.431885
340 4.6840186 -2.107945
230 5.492562 -2.678137
491 -3.3853562 -5.5817904
224 5.5616007 -2.7108188
397 5.4418907 -2.6419556
341 4.708961 -2.1102881
296 -1.3128564 -2.54916
297 -2.9947245 -5.1834607
328 -1.306437 -2.5285747
436 -2.9748929 -5.147684
473 0.033046 -0.8951415
329 -1.3027285 -2.536583
425 -3.0522544 -5.273981
311 5.495135 -2.6705592
440 4.5461135 -2.0380316
137 0.7740335 -0.7690323
452 -3.348532 -5.522925
369 -3.3101442 -5.45735
424 0.025979508 -0.90465206
267 -0.40209523 -1.2530596
377 -3.714302 -6.3242016
471 6.9823794 -3.285113
371 4.734059 -2.1125073
412 -0.0619245 -1.1331275
445 -1.3124124 -2.5433545
408 -3.2347937 -5.3221383
275 -3.4900856 -5.95358
315 5.469329 -2.6555412
462 0.49595293 -0.9389241
459 -3.2746532 -5.406377
375 -3.2541347 -5.3279357
356 4.6883125 -2.1119292
470 0.4870269 -0.96586865
479 4.8421216 -2.170414
335 -0.39104322 -1.2312531
396 -2.9682708 -5.122096
314 4.6767693 -2.1027286
434 4.7609563 -2.1505134
432 -3.6128402 -6.1476645
223 5.7326646 -2.789174
282 4.7858496 -2.148581
443 0.5221381 -0.95275253
357 -0.40473318 -1.2528036
401 6.922324 -3.253359
454 -0.3964584 -1.252549
351 -2.969719 -5.122282
399 0.025013035 -0.88794523
372 -3.3209047 -5.471125
308 -1.2964619 -2.505962
418 7.0301676 -3.3127139
98 1.7486745 -1.11408
326 -3.662056 -6.213153
487 -0.40413266 -1.266221
238 5.3617277 -2.6195874
261 -1.3077313 -2.531274
233 4.549477 -2.0520298
209 -0.3926005 -1.2365495
484 1.3143169 -0.9260948
350 -3.0680938 -5.2859545
422 -2.963269 -5.1263895
395 4.7474213 -2.141135
202 -3.2397351 -5.331245
106 1.6379962 -1.0576723
385 -0.07599893 -1.1581632
402 -2.9460618 -5.0835066
321 -3.4306178 -5.838849
493 0.5123445 -0.96561193
435 -0.39547428 -1.2514013
379 4.4770684 -2.0028846
489 1.6567847 -1.0767567
497 -1.3416181 -2.5723653
465 0.04960986 -0.90808696
