2000 2
949 0.051919405062112546 0.9986512781637024
1037 0.09528791847971523 0.9954497539262357
1740 0.01585370340566906 0.9998743221467012
1008 -0.14784980892372843 0.989009825027647
250 -0.01984179389125295 0.9998031322291289
510 0.049966976859583345 0.9987508704494399
892 -0.024501410029181638 0.9996997953918877
478 0.002252830371811895 0.9999974623744381
286 -0.013751137637546653 0.9999054486368565
620 0.04582902271219523 0.9989492983516457
1335 -0.02693724281804228 0.9996371266361419
1255 0.002345126489997746 0.9999972501870922
72 0.0037209151271675803 0.9999930773713468
149 0.009944511275941138 0.9999505521251951
415 -0.2797670236435305 0.960067920764797
978 0.043843567905191096 0.9990384084475146
243 -0.07599968393709257 0.9971078417310045
976 0.14844661938029752 0.9889204220737688
594 -0.09936701556384495 0.9950508510714086
439 0.12531463453927078 0.9921170507406316
486 0.07261581438396533 0.9973599869161354
378 0.09982981129537745 0.9950045270131836
1028 0.0113641752431861 0.9999354256755993
1258 -0.0009971060956299824 0.9999995028895935
61 -0.044559998472369675 0.999006709955515
453 -0.007772467430395881 0.999969793918818
906 -0.22973347153044885 0.9732535805526576
1570 -0.07728447329293218 0.9970090822995717
1746 -0.24538177731326907 0.969426522931254
205 0.02104608431377185 0.9997785066378742
1622 -0.02125644681745048 0.9997740562090501
1285 -0.11796040629884309 0.9930182991998747
397 -0.002538342211037471 0.9999967784042204
10 -0.18634695670260157 0.9824840007489581
745 -0.10915464731202641 0.9940247798572163
178 0.009622369599852866 0.9999537039299788
1055 -0.043669029181152376 0.999046052937689
1413 0.07746147337378445 0.9969953460988483
1936 0.11780332949477695 0.993036945717502
834 0.020764065438989857 0.9997844035523085
717 0.08965715300114097 0.9959726878362327
105 -0.20001256576762036 0.9797933320527616
1880 0.1034402881725893 0.9946356653482579
1515 0.010673102587788072 0.9999430408184011
565 -0.05109789388593372 0.9986936493441929
388 0.25514318475911985 0.9669032812391183
1938 0.08211082504085371 0.9966232048327544
551 0.1302832656993735 0.9914768129808716
644 0.052767091093999414 0.9986068466105555
1465 -0.20675155293897252 0.9783934767552998
1374 -0.1390074816567646 0.9902913308938154
559 -0.11394773398652955 0.993486745719003
721 0.4463117870988387 0.8948775272050589
518 -0.19230797195151308 0.9813346238281293
1214 -0.03444688648540216 0.9994065299023525
524 -0.41195278738672675 0.9112051914713318
1099 0.09652780767904791 0.9953302880675725
1670 -0.07516907592786312 0.9971708028337729
28 -0.10254076077201006 0.9947288034335275
1572 0.06721628828891348 0.9977384279402401
934 -0.22173871128148792 0.9751061193117522
867 0.01929714711631311 0.9998137927200101
1725 0.052782152782328784 0.9986060506264034
1833 0.006947804493130696 0.9999758637150824
780 0.11905070498455729 0.9928881757996114
1617 -0.19018092535275466 0.981749059399585
1 -0.15927198954070337 0.9872347407520392
786 -0.05253868980123801 0.9986188893036068
1405 0.06150522557842724 0.9981067614371455
258 -0.0651310989560463 0.9978767158065056
246 0.07038631823157353 0.997519807425298
1444 0.09954033399004801 0.9950335280326736
35 0.042434413439445824 0.9990992546068935
490 -0.3030689690456251 0.9529686248778718
1288 -0.14542973013341204 0.9893685832859881
1168 -0.19015664943521673 0.9817537617323256
769 -0.03354862446798436 0.9994370864623277
59 -0.09575509711662211 0.9954049233232607
1132 0.41819271692640547 0.9083583277042773
413 -0.229061585907577 0.973411932257616
1269 0.004832892387504763 0.9999883215073917
1988 -0.03763512263040272 0.9992915478200517
1108 0.12214031142656263 0.9925128434053749
379 0.011407913712370977 0.9999349276351592
1754 -0.09278381603227448 0.9956862776409491
1781 0.0825277681590752 0.9965887654808687
1567 -0.22570299393879822 0.9741961601890364
763 -0.11971997435090347 0.9928076992758563
1946 0.45438532807440163 0.890805238888231
958 0.39211904426893 0.9199144825045538
445 -0.3998094026467432 0.9165982989048443
1250 -0.1660780657287731 0.9861126082166222
1596 -0.10906170111640912 0.9940349819546569
651 -0.13122186515376358 0.9913530259728708
1616 -0.06293739027517713 0.9980174772544567
1336 -0.1641971374345436 0.98642754425163
1541 -0.00515693095371092 0.9999867029431635
555 -0.04105465458059827 0.9991569022617358
1516 0.030666274551609467 0.999529679201736
1813 -0.07821488918852791 0.9969365231092832
1755 0.0749834255665026 0.9971847802139345
1623 0.022140488475632623 0.99975486934051
970 0.03799738826737227 0.9992778384838016
1706 -0.4115545365478161 0.911385134532549
1692 0.043353995655545416 0.9990597735174301
1631 0.05827963523006997 0.9983002975645405
219 0.1846633582065967 0.982801833604243
1887 -0.3828540156469779 0.9238088561509809
1966 -0.01370352605016899 0.9999061022785051
1967 -0.11146553255489347 0.993768300486715
755 0.10989281909754127 0.9939434432153548
966 -0.06675514283937319 0.9977693876364894
1899 -0.05937753971043921 0.9982355973305777
440 0.024679639589424006 0.9996954113077324
1373 0.06893271699047542 0.9976213111839137
145 -0.07690783706967945 0.9970382061873375
666 -0.19871017974494531 0.9800582964628847
940 -0.05395107939720373 0.9985435799362373
1455 0.01921063446396644 0.9998154587340066
1897 -0.10524832888430685 0.9944459710145448
468 -0.12138085935260766 0.9926060079320609
665 -0.17141858876370533 0.9851982883796845
1710 0.199542836776544 0.9798891040781958
1284 0.09853197925967955 0.9951338849939592
987 -0.037736871809027954 0.9992877105749219
1202 -0.6555642045866575 0.755139439881578
458 0.1037845468248312 0.9945998028555829
463 0.12500896105127374 0.9921556126217707
623 0.22783947901695764 0.9736987068910389
1693 0.08281204925793587 0.996565183265852
1467 0.10131106899849272 0.9948547970927129
1356 -0.05327622150735865 0.9985798136463098
1450 0.0931969137646256 0.9956476963588822
419 0.008015382465788855 0.9999678763059977
289 0.0692469152823053 0.9975995512849258
696 -0.05587934788098088 0.9984375285817317
95 0.024028536932563894 0.9997112730248071
1204 0.19639341286508513 0.9805251793723627
134 0.023873232083334032 0.9997149937806751
927 -0.07759128563666857 0.9969852518434006
574 -0.19889570811924187 0.9800206616657352
1156 0.020185936400893664 0.9997962432273984
1565 -0.15561516632375164 0.9878177564763813
1427 0.10764506329886879 0.9941893885711024
350 0.07845425424501434 0.9969177147542613
678 -0.1521386222331949 0.9883591652961919
622 -0.10435289220875979 0.9945403329617493
470 0.1805079242054491 0.9835735301943824
1513 0.08845545439638751 0.9960801336175361
68 -3.3665525837418174e-05 0.9999999994333163
42 -0.4054763707074347 0.9141055260733998
1435 -0.06737107660015708 0.9977279879996028
1210 -0.05794532191882669 0.998319758227655
1347 -0.0718914760696127 0.9974124601530363
76 -0.025103248200145936 0.9996848638094917
1166 0.030790804597549612 0.9995258507673703
1549 -0.042203957458636185 0.9991090160612253
1310 -0.13426254084419328 0.9909457957557826
1662 0.05322508609522888 0.998582540509374
1843 -0.14494146257750623 0.9894402318613759
699 -0.09297832832141505 0.9956681326940995
1152 0.24073620769888074 0.9705905822244318
1821 0.005851387192410913 0.9999828804874233
422 0.04531886901705475 0.9989725722516185
1209 -0.08584441927696047 0.9963085544543926
1020 0.09414222531045927 0.9955587583932928
1829 -0.19385696947075007 0.981029803516497
462 -0.10618614142125855 0.9943462693499003
143 -0.031113837487828786 0.9995158473564993
1765 0.03177146376269969 0.9994951596132797
1757 -0.0891723324705341 0.9960162122785776
1682 0.03136409525400845 0.9995080257451151
432 0.06128682672193584 0.9981201956028919
1688 -0.04101564645979737 0.9991585043152487
113 -0.02899917744147424 0.9995794354165745
1131 -0.052108710672621066 0.9986414182638516
708 0.0039022588167792285 0.9999923861590782
1005 -0.31898754657131945 0.9477589066489485
1265 0.06313846422522307 0.998004776709651
815 0.02775780168355879 0.999614677986321
118 -0.07180921420033723 0.997418386012575
692 -0.07796281243908286 0.9969562677853971
1999 -0.07280623345973326 0.9973461046043177
1103 0.055918950273475196 0.9984353113749096
1291 -0.1677143752549155 0.9858356294701736
687 0.05788874292410823 0.9983230406249606
196 -0.15391501676937977 0.9880840893430486
1095 -0.05298270384255693 0.998595430138518
1371 0.14057559270582198 0.9900699484053674
1604 0.11220767019257355 0.993684778362814
843 -0.029361124624289917 0.9995688692435338
147 0.006949668194849704 0.999975850764398
479 0.07963197062289543 0.9968243321943513
1092 -0.11384788571735834 0.9934981927098244
1473 -0.11451648551625276 0.9934213479410466
807 0.04232221751665019 0.9991040135563831
1469 -0.11646979533509012 0.993194234162987
1249 0.02713203482830601 0.9996318585789847
1193 0.11284863750461817 0.9936121904512601
1612 -0.18092235756618638 0.9834973820670255
1664 0.08795985338133887 0.996124020487978
1298 -0.04697207566420552 0.9988962028698457
1436 0.09590261371645767 0.9953907216175726
1183 0.014981497826603903 0.9998877710637687
917 0.01820712116702763 0.9998342366306573
652 -0.02420764945783638 0.9997069519152733
197 -0.09769250695490665 0.9952166468085557
835 0.031283787932097185 0.9995105425219984
784 0.16558570799618846 0.9861954032073973
1758 -0.049966878850078875 0.9987508753527987
1789 0.08055617021518906 0.9967500706999031
1079 0.10480248433717634 0.9944930564246066
1448 -0.07020663342873384 0.9975324699590502
180 -0.2197358602353718 0.9755594045093416
17 -0.10180786868103013 0.9948040801457471
1268 -0.19163175553002532 0.9814668971862885
1032 0.13013261772255152 0.9914965969707996
52 -0.06439584216412353 0.9979244337683958
994 0.07660272371414284 0.9970616945403001
249 -0.07984996917808818 0.9968068932457572
800 0.032105902453851545 0.9994844726295772
846 0.010704160431608267 0.9999427088335884
1611 0.06876507372665101 0.997632880690772
1768 0.06122633050715662 0.9981239083664054
1575 0.18907738717296502 0.981962189526585
968 0.10395706555026062 0.9945817857381959
354 0.009902664699873002 0.9999509674138237
573 0.06494043950146262 0.9978891417975029
863 -0.03779785262879086 0.9992854058459235
409 -0.032895714106098956 0.9994587895423452
489 -0.13333203184307985 0.9910714249157807
1948 0.16120398366470268 0.9869211091321486
943 -0.03145120108914806 0.9995052886053429
1798 0.010831582798994488 0.9999413366863421
746 -0.07985358651101226 0.9968066034699652
1121 0.009467176123605045 0.999955185283943
174 -0.006059722947165444 0.9999816397103517
356 -0.1452927478027533 0.9893887089692937
111 -0.076937615615279 0.9970359087331988
797 0.13038373875273593 0.99146360531734
317 0.06843897016383578 0.997655304883863
135 -0.10272928099197469 0.9947093519349619
901 -0.12962801128310716 0.9915626952900087
1113 0.024428639465622085 0.9997015762585646
1584 0.0889598373233047 0.9960352139073252
233 -0.14536435202656978 0.9893781911685215
1776 -0.10919033415646436 0.9940208604082712
1918 0.055828481156102706 0.9984403741294734
1636 0.0018762444581194764 0.9999982398518176
1397 -0.03703621418895487 0.9993139240691835
193 -0.15670047087884462 0.9876461726885537
1339 0.0672218509447385 0.9977380531760646
1869 0.03806019278612782 0.9992754483750127
871 0.15287018987473308 0.9882462775278554
795 0.07036041486270338 0.9975216348632987
1381 -0.10371123538535647 0.9946074500298312
566 0.11220520009334724 0.9936850572852608
396 -0.1225612963559192 0.9924609456475134
217 -0.013307946997236307 0.9999114453523966
1626 0.12744743797937033 0.9918453259215847
297 0.036586975999109504 0.9993304724600569
181 0.0759568230101735 0.9971111076696524
1872 0.02157194694903739 0.9997672984774146
777 0.07163326411019216 0.9974310379534613
37 -0.04514921978222969 0.998980254035612
1730 0.016735092195016215 0.9998599585388067
1446 -0.02643425216859962 0.999650554099925
456 -0.03312042046182461 0.9994513683758864
709 -0.020287329257929174 0.999794190957109
259 -0.1058084626762882 0.9943865290851845
921 0.10554551487632241 0.994414473089311
734 0.2570375407036707 0.9664014190123112
804 -0.020132166683861554 0.9997973273942139
1309 -0.042937317982631645 0.9990777681063964
332 -0.12598430161843335 0.9920322352351841
669 0.02354901379484819 0.9997226835224308
1198 -0.12800824581317166 0.9917731035896439
700 0.08215693239398683 0.9966194050185909
307 -0.0751109499024043 0.9971751828062904
1879 -0.027169144904061866 0.9996308506469687
1171 0.05736491184805021 0.9983532775969964
875 -0.15728626176442648 0.9875530526813091
727 0.047317946922569874 0.9988798786135563
1801 0.05379167210693399 0.99855217991447
1980 0.126502466864138 0.9919662927122512
1915 -0.3903092427633399 0.9206838192417135
1599 -0.0357039450212148 0.9993624108950276
1853 0.03950131970985697 0.9992195182947436
1643 0.012113587559836119 0.9999266278064757
381 0.0043415507432004105 0.9999905754241608
774 0.06968752354289366 0.9975688693330694
1075 0.022312470865307542 0.9997510458328537
1179 -0.08841204542293978 0.996083987535254
1990 0.02638600397089317 0.9996518287856268
1497 -0.07901636645399676 0.996873318848693
560 0.022741112762699394 0.9997413874549328
50 -0.0743977319267952 0.997228648547638
1025 0.007395895799201056 0.9999726499886521
360 -0.04975413503674263 0.9987614960773897
526 0.0647120117876986 0.9979039811176167
1376 -0.2721377997362455 0.962258290665617
811 -0.12226439262021908 0.9924975658898156
556 0.03844790406139035 0.9992606059848883
1685 0.16363895409998688 0.9865202951288241
880 0.0024215287837026874 0.9999970680948767
671 -0.09829066300407578 0.9951577490861532
508 -0.07991392146962396 0.9968017682344603
990 -0.05075995753123228 0.9987108824436767
214 -0.009815330090978043 0.9999518284873552
1384 -0.10202277100693433 0.9947820636682522
1229 -0.04143734151145238 0.9991411045135032
1086 -0.08016437151982726 0.9967816579065002
1167 0.03181558785765107 0.9994937560431641
638 0.06750589010131229 0.9977188756366342
1208 -0.24970432405627382 0.968322131600636
1081 -0.3504008452940901 0.9365998332357246
1607 0.16447103301632984 0.9863819135094385
552 -0.03970715737137398 0.9992113598500995
673 0.10855603643833427 0.994090331384829
1488 -0.01821680951666248 0.9998340601575011
488 0.20372084367418575 0.9790290178808173
0 -0.17991427379149383 0.9836822932665198
1625 0.06492992215899081 0.9978898261874541
324 -0.027055414757984196 0.9996339352644413
1062 0.08590674841757465 0.9963031820567069
1457 0.010482126005000947 0.9999450610080612
166 -0.06512183742076406 0.9978773202608343
504 -0.0556777476043818 0.9984487910863045
1618 -0.044366786832018085 0.999015309305219
1832 0.1267140490798413 0.9919392873385909
405 -0.13466186495338092 0.990891609676496
67 -0.291025203361238 0.9567153866268432
741 -0.21246163571892862 0.9771694087248317
689 -0.01088608662765117 0.9999407448033786
1954 -0.09189136812944848 0.9957690377107024
1638 0.0035921859938576367 0.9999935480790791
340 0.006906355427328358 0.9999761508429644
1085 -0.11284538072936325 0.9936125603312616
790 0.01494082799385722 0.9998883795998722
89 -0.046256797134904194 0.9989295814614864
893 -0.0400172092770543 0.9991989906728671
719 -0.054018794925925165 0.9985399189790816
870 -0.21240352814421712 0.977182040989236
194 -0.04529511949202994 0.998973649377301
894 0.04348949206092068 0.999053884472846
376 0.06259293955963445 0.9980391394716361
188 0.039320514701459676 0.9992266495263286
1520 -0.0038130864844751564 0.9999927301593057
523 0.003706550397384109 0.9999931307184823
1836 -0.00912994248450847 0.9999583212065539
466 0.05619332054113308 0.9984199070163622
701 0.019308510564855705 0.9998135733324323
1063 -0.014295296801546748 0.9998978170239976
322 0.05495685415186476 0.9984887301225441
382 0.010620412385301597 0.9999436018300062
534 0.16267983797617175 0.9866789094310503
234 -0.07067816829943932 0.9974991711905509
1478 0.07138416621348469 0.9974488963420661
1882 -0.17216951219191767 0.9850673373285692
1753 0.005170049055311633 0.999986635207074
606 0.08828054006433422 0.9960956511530153
212 -0.0003182095703914855 0.9999999493713334
353 -0.08125742077820082 0.9966931481496571
346 0.008784857608880876 0.9999614123938941
1545 -0.0017856021365557353 0.9999984058112343
1514 0.04095088529573139 0.9991611606710381
112 0.12270026939379396 0.9924437736671485
248 0.04034351787337414 0.9991858688780586
730 -0.07630685766130603 0.9970843813207874
1225 -0.02776052390498438 0.9996146023906017
1192 -0.35460353180892645 0.9350167566566044
330 -0.05798545635242883 0.9983174279013667
647 0.09275933007263017 0.9956885590808388
1453 -0.04157470969127942 0.9991353979887241
1581 0.00018312480698019385 0.9999999832326525
822 -0.02408804059257268 0.9997098410540984
626 -0.13613199073985788 0.990690709100072
4 -0.06833817022358087 0.9976622146250167
569 -0.07960113294889393 0.9968267952022822
1461 0.030957820987107733 0.9995206917916858
1228 -0.15314071421505657 0.9882043926484553
636 0.15539943634822584 0.9878517172038795
1345 0.1291856611861859 0.991620423823495
1907 0.057010762392869244 0.998373563838398
1353 -0.2900868572379141 0.9570003214512679
1271 -0.16027775186365886 0.987071953941318
288 -0.12472850594265404 0.992190908951152
1386 -0.12161290311145859 0.9925776049240699
45 -0.14522880938639837 0.9893980962808697
1324 -0.14977106179125474 0.9887207032574569
441 -0.0285395424039699 0.9995926642984992
778 0.004064879719804928 0.9999917383423043
375 -0.10126138749736195 0.9948598551565487
859 0.05129311244753382 0.9986836419084097
1529 0.05575415542933823 0.9984445273285648
1048 0.07886977622195478 0.9968849273605749
1018 -0.020799133651937033 0.9997836746213298
1802 -0.014928253531009423 0.9998885674146465
852 0.0048836267246026585 0.999988075023905
1270 -0.17140130402169207 0.9852012956648319
527 -0.08026278585435824 0.9967737382209152
575 0.10285290779147088 0.9946965765291642
1061 -0.14949627831497028 0.9887622883028928
1407 0.02433555918814076 0.9997038464260305
938 0.13268815972589618 0.9911578341861377
1226 0.03917268199651717 0.9992324559306507
496 -0.14391369525406955 0.9895902426349599
114 0.03321145524724468 0.9994483474599177
1257 0.09923235148020867 0.9950642895912346
231 0.34459091077490484 0.938752951639206
1498 0.02280280022232053 0.9997399823464205
1569 0.001636214160394326 0.9999986614007146
1441 -0.10729495919775764 0.9942272334485469
56 -0.007042684070138255 0.999975199993024
1342 0.00026996012793244624 0.999999963560764
1387 0.1409682582893635 0.990014116139191
937 -0.04073281713418085 0.9991700744159192
1794 0.0480051500181392 0.9988470881830392
581 0.014830959448135313 0.9998900152726037
657 0.051163089752708106 0.9986903114814705
236 0.1630017359474962 0.9866257821880101
294 -0.07370862382268986 0.9972798196966413
1447 -0.08960422313914362 0.9959774511481826
1206 0.08322682615850564 0.9965306294377418
1760 0.002836438849505849 0.9999959772992355
1679 -0.024950517217937587 0.9996886873875074
1911 -0.008381423238504535 0.9999648752553748
163 -0.0891087162839431 0.9960219057240798
53 -0.020703713007812766 0.9997856551619904
30 -0.05560736949596586 0.9984527131806188
1921 -0.16787642746795622 0.9858080467822303
171 0.056057104076171385 0.9984275642642251
929 -0.15836116541647663 0.9873812542720949
226 0.043021877217411915 0.9990741304231082
1708 -0.011352707464451111 0.999935555940095
1576 -0.021139209180432047 0.9997765419508632
481 -0.1372995001780652 0.9905295791902701
1094 0.0169014835000471 0.9998571597260768
770 0.044046920893696134 0.9990294634092554
399 0.12636564822762414 0.9919837311911988
1238 0.08323262743700834 0.9965301449178203
389 -0.3878965497947363 0.9217029167021984
625 0.4091336550228216 0.9124744666716251
731 -0.04611590761569844 0.9989360955860892
15 -0.048472359702970584 0.9988245243008532
255 0.1258531522045325 0.9920488819005759
580 -0.023870944056564265 0.9997150484162216
343 -0.13200813063396144 0.9912486335155912
918 -0.01094095011259935 0.9999401460140671
529 -0.0836546288540511 0.9964948083513988
301 -0.012203487745145706 0.9999255346708844
570 -0.005987595015914681 0.9999820741922955
1138 -0.11953895518383131 0.9928295111415444
725 -0.00018550959845738935 0.9999999827930942
576 -0.23779518064009675 0.9713153206165049
1964 -0.06902309050093589 0.9976150625254712
299 -0.04280500296746935 0.9990834458246993
1273 -0.13769154559374308 0.9904751578267909
1337 -0.070189012594828 0.9975337099622064
1378 -0.11199788798442725 0.9937084447095272
1536 0.12089301226619498 0.9926655426603694
1308 -0.21637573711995678 0.976310166077254
1709 -0.1699845523384621 0.9854467271072003
122 0.06294378053510769 0.9980170742487066
73 0.08026047305939704 0.9967739244504151
546 -0.13791729253483428 0.9904437492456908
275 0.1308621962645316 0.9914005676762663
1737 -0.13505275850094484 0.990838408834299
1107 -0.046545768050601934 0.9989161583819632
810 0.019369700472751303 0.9998123897529956
1952 0.0012909914127959966 0.9999991666702389
1645 0.17272394356020962 0.9849702733184438
799 -0.013003221751442013 0.9999154545380737
670 -0.1712139737755128 0.9852338682688481
971 0.11261409307056935 0.9936388005919925
1934 -0.08464831526168919 0.9964108905082067
1140 0.030330775001621003 0.9995399162053514
1854 0.05216092435236153 0.9986386924061711
681 0.1675231302531053 0.985868145763013
698 0.08732992427237082 0.9961794438385998
1987 0.06422541930947119 0.9979354165047568
1553 0.008074517171932052 0.9999674005548581
359 -0.1137189743561231 0.9935129565694609
902 0.007105124536896504 0.9999747582840856
697 -0.005268008593467618 0.9999861239464573
818 0.06307702398528972 0.9980086618086835
1223 -0.15227545874362416 0.9883380922864496
107 -0.059959650804724915 0.9982008015802107
1076 -0.13925502693858427 0.9902565513402748
986 -0.1380904229917501 0.9904196257536295
240 -0.187904266459372 0.982187348038227
1021 -0.017168787992853988 0.9998526054968585
48 -0.10775623633092839 0.9941773451109179
1815 0.06799782560856688 0.9976854693301427
477 -0.015923184771593123 0.9998732180565343
950 0.11460897235282617 0.9934106821734047
293 -0.24688978706521972 0.9690435661222309
1034 -0.07588347563157534 0.9971166923314805
877 0.011717535621826274 0.9999313473228806
1935 0.09692230086958073 0.9952919509340697
342 0.21187499316250938 0.9772967754333309
1195 0.11617081454518839 0.9932292493920563
1846 -0.03424622249182338 0.9994134260880432
537 0.06651971822792753 0.9977851106760799
1793 -0.08647671473026389 0.9962538721678629
313 0.020372106095287706 0.9997924671116714
100 -0.0752892044499173 0.9971617399866977
1080 0.026875679687374875 0.9996387836820566
1242 -0.049464899935873684 0.9987758625809566
314 -0.1990849391736056 0.9799822381014065
1651 0.0011392685774368994 0.9999993510333436
1745 -0.05117600996814607 0.9986896494926439
558 -0.019807188798468486 0.9998038183923393
1388 -0.07433032939541773 0.9972336747883961
1176 0.014789467059601769 0.9998906298511318
1241 0.017053756740672648 0.9998545741161711
1117 -0.01395029207797979 0.9999026899408459
392 0.04087289440042737 0.9991643540996303
1089 -0.049614059991723754 0.9987684641853374
988 0.07191131693115055 0.997411029865435
130 0.03311917985292138 0.9994514094871595
2 -0.12507664929158857 0.9921470817383826
82 0.06413912570484676 0.9979409664673646
722 -0.09101395437821623 0.9958496172155915
847 0.06274683265728952 0.998029476013348
1326 0.0651393849112598 0.9978761749502704
1666 -0.014536413309457973 0.999894340762111
1774 -0.11598630835931835 0.9932508123697543
1003 0.09552608307062166 0.9954269272293094
1505 -0.14265073268474557 0.9897730893818568
1927 -0.07595065601484494 0.9971115774329945
1782 0.14932068836370693 0.9887888207431296
1891 0.039550678079921214 0.9992175658300941
713 0.018289152478891357 0.9998327394627583
1500 0.1331020273351706 0.99110234099172
336 -0.0036874991935283673 0.9999932011517367
532 -0.022482879824694917 0.9997472281105801
1246 0.09525487437201224 0.995452916469871
1965 0.0034822287828756484 0.999993937022972
455 -0.009780668012568756 0.9999521681226696
1088 0.10657317849083171 0.9943048615119818
1182 0.05805764152537452 0.9983132325380202
607 -0.27450712625208945 0.9615850652109877
1011 0.19938159257452562 0.9799219257381916
985 -0.007542315640271435 0.9999715563328702
1333 0.02994035042383153 0.999551687216073
908 -0.02288915104459756 0.9997380090626032
610 -0.24747965640531938 0.968893089904921
593 0.08730471591439119 0.9961816534041908
762 -0.04176704525326976 0.9991273762292829
1613 -0.10882839859119335 0.9940605513046357
1315 0.07299043268353544 0.9973326409662275
1735 -0.4878506699415723 0.8729271011015521
1931 0.13399053660918506 0.9909826114010187
1703 0.13344415208922591 0.9910563345608501
270 -0.15505437876920267 0.9879059366278232
1015 -0.010386211858202894 0.999946061846956
351 -0.15571966450363042 0.9878012887655475
615 0.08536627102600026 0.9963496373116796
364 0.07583476803727943 0.9971203979243088
316 -0.07538249475838149 0.9971546918527748
1669 -0.02382906599041257 0.999716047492499
515 -0.10572929774136541 0.9943949495040276
421 -0.05020066805985758 0.9987391515938203
999 0.04585094305940086 0.9989482924659131
1163 -0.02090267504777217 0.9997815152201242
1029 -0.13494738428731545 0.990852765790161
80 -0.331616911643815 0.9434141317108931
1362 0.06206106773100158 0.9980723540265446
1468 0.057891488362882534 0.9983228814242064
386 0.046727916756172924 0.998907654288237
368 0.15864113283930745 0.9873363109758808
1150 -0.00691612676246998 0.9999760833092987
1027 -0.195847696714307 0.9806343251649419
1543 0.13219052148009958 0.9912243267953118
1466 -0.05644085872241204 0.9984059442264337
218 0.0001170263462207205 0.999999993152417
685 -0.17137914620977315 0.9852051503338831
961 0.049647343741900586 0.9987668102512085
830 0.1505092698092855 0.9886085978290274
438 -0.05795147979963118 0.9983194007876601
1925 0.05127998590427545 0.9986843160106488
1341 0.0981071556259238 0.9951758568288275
1647 -0.04665609783833749 0.9989110113190762
411 0.004318348906328414 0.999990675887892
1221 -0.12713892180156186 0.9918849200200275
265 0.11178538891065909 0.9937323718316178
1154 0.05497952422755009 0.9984874821026613
1998 0.003001674300552206 0.9999954949655491
319 0.059850204360072386 0.9982073697574355
1978 0.030150625264022124 0.9995453665523085
975 -0.03861451614616241 0.9992541814487432
287 0.0051355334091204375 0.9999868130613543
516 -0.19636595826746503 0.9805306779666304
1437 -0.06405998622026716 0.9979460497268674
1721 -0.07857377097887491 0.9969083019586903
916 0.09253504108159276 0.9957094285844781
484 0.058584447756237126 0.9982824562623029
1742 0.027678952455694437 0.9996168643990334
170 -0.08813475330774449 0.9961085609808717
1780 0.1305131274517893 0.9914465812956103
563 0.030964595869854172 0.9995204819325197
865 0.04432716106695907 0.9990170683185268
909 0.027755047432753505 0.9996147544639413
70 -0.04134506506463769 0.9991449272226731
242 0.049584298782024215 0.998769942135973
1039 0.17739032680996397 0.9841405753012392
92 -0.12735106666137092 0.9918577044214614
99 0.026356277941764927 0.9996526129676531
1471 -0.0023167961385738302 0.9999973162242248
87 0.06349179490790391 0.9979823605552217
742 0.04017258338295371 0.9991927559506923
225 0.2596204360749522 0.9657107378362589
1287 -0.42314416884405853 0.9060623667128389
1372 0.0032039874024628397 0.9999948672191897
1877 0.010610494733323459 0.9999437071163128
1667 0.00814580042057475 0.9999668224173781
860 -0.1499317487082171 0.9886963491028457
116 -0.04972339892019955 0.9987630267484989
595 0.1003420699326197 0.9949529983881837
1212 -0.2035132721669685 0.9790721873548924
156 -0.004082347481906615 0.9999916671848006
136 -0.1918830437449371 0.9814177996771704
1019 -0.016835996380315164 0.9998582645684748
1720 0.0715571408087582 0.9974365020387391
1328 0.09655679189279671 0.9953274767328445
1438 0.05166137491257328 0.9986646596040848
1968 -0.2537278743483857 0.9672756410551491
1359 -0.04040555405800125 0.9991833621519455
1279 0.005893358567411838 0.9999826340116091
309 0.0644999962708905 0.9979177072690188
743 -0.030954096385011672 0.9995208071455978
512 -0.05925283406215293 0.998243007316156
1236 -0.09861232780745148 0.9951259261040262
1490 -0.06294495082110911 0.9980170004394355
1560 -0.2626767092829387 0.9648839030682845
1428 -0.09186525288993978 0.9957714473268791
557 0.06794004125920146 0.9976894059744735
1165 -0.24180874238678668 0.9703239315328261
81 0.06771537639273402 0.9977046796522457
1004 -0.02641199388176476 0.9996511424387958
1060 -0.2743734844960417 0.9616232063576151
925 -0.2408047167760846 0.9705735873072118
1991 -0.05234365626691719 0.9986291311836496
771 0.13328484437170257 0.9910777720546512
705 -0.044053600243603656 0.9990291688962724
1053 0.13242907204143337 0.9911924842724771
372 -0.22075646866658297 0.9753289606803747
1947 0.08162842220238176 0.9966628319992422
672 -0.059270890479633964 0.9982419353752632
1521 0.03100128897519714 0.9995193445260958
1734 0.12694536469518422 0.9919097108015461
244 -0.05875099870141497 0.9982726682382856
1696 0.10933136690219347 0.994005358240738
808 -0.017539080878215593 0.9998461784904452
605 0.030693979937292552 0.9995288287966531
1819 0.04131806986389762 0.999146043930877
939 -0.02046790773741714 0.9997905104334871
1956 -0.37679793205109974 0.9262954811516759
423 0.11726007143216273 0.9931012413886735
75 -0.2890739405281856 0.9573067726217688
1656 0.04494698192141211 0.9989893737253446
879 0.018008024375208674 0.9998378423815044
1678 0.07215489361360965 0.997393438582593
452 -0.12161770712052405 0.9925770163139717
1440 0.01372851535419903 0.9999057594924481
228 -0.08391182567683904 0.9964731835386138
993 -0.02571679266607462 0.9996692685958543
1933 0.06990135578111249 0.9975539085482861
79 -0.014448433369356058 0.9998956159385695
748 -0.02735861297935263 0.9996256830913489
982 -0.05748358796882292 0.9983464514457046
224 0.4176596096842154 0.9086035716628175
1216 0.06811767756488135 0.9976772935188848
897 -0.08071054264374351 0.9967375824690029
380 -0.04754662531576691 0.9988690196522676
1410 0.09032617396518401 0.9959122362421357
974 0.09499948953632872 0.9954773211820734
544 -0.2054944133436524 0.9786582887221403
1303 -0.06517573831478073 0.9978738012069077
787 -0.05470987733544876 0.9985022930979878
1224 0.22720934157860492 0.9738459401257556
884 0.055979597284931085 0.9984319128953245
821 -0.29656066067081527 0.9550140179821915
855 0.06895113364389184 0.9976200384761835
74 -0.08765906611633925 0.9961505348729233
757 -0.14265377662060458 0.9897726506707886
1420 0.06136774616851981 0.9981152236741989
1699 -0.020358635586511013 0.999792741500485
414 -0.049291813597960706 0.9987844197384258
728 0.04380718384488137 0.9990400045261355
331 0.05662553911873138 0.9983954869286584
609 0.03848367205055256 0.9992592291220059
1627 0.059721901263283306 0.9982150542390646
739 0.030251209519691225 0.9995423274292069
1914 0.06429235851067057 0.9979311061577023
667 -0.11758076577211103 0.9930633230164349
1067 -0.01956215523361802 0.9998086427325059
601 0.0312298371366945 0.9995122296762634
1649 -0.27287709849012093 0.9620489016259063
1862 -0.25852357176089225 0.9660049496995298
483 -0.018135377954911935 0.9998355405097543
1000 -0.2093979084576973 0.9778305149326962
629 0.1232515630771664 0.9923754592889907
34 -0.10525955430954786 0.9944447828947344
1275 -0.31166723939956636 0.9501913133075114
461 -0.28426365480724963 0.9587461470877598
280 0.21929756390991614 0.9756580233171745
798 0.10411322591632356 0.9945654509328667
1038 -0.029235932522953513 0.9995725387632022
1354 -6.67463773643077e-05 0.9999999977724605
898 0.030393876092290488 0.999537999425778
1421 -0.4125709577044101 0.9109254661380731
726 -0.05651621542249745 0.998401681385963
1280 -0.2720670003007558 0.9622783107538839
200 0.015642789160169285 0.9998776440881607
1045 -0.0009556788743054545 0.9999995433388403
688 -0.039418677476940674 0.9992227818989962
733 -0.215838528098172 0.9764290705363163
1519 -0.028060232002540177 0.9996062341642151
596 0.07221335871777163 0.9973892072920673
338 -0.038521092731321614 0.9992577872675223
1716 -0.27376553067739845 0.961796461946561
418 -0.08079942916743572 0.9967303809186396
71 -0.024946953192096305 0.9996887763331304
1654 0.020759867651303065 0.9997844907254265
882 -0.16595714351495117 0.9861329659413876
1129 -0.05937076215405694 0.998236000453423
91 0.00973058389234197 0.9999526567478652
199 0.011449577290382991 0.999934451441629
97 0.045897783943345614 0.9989461414055765
533 -0.07591479299380045 0.9971143084946221
155 -0.022555769392041028 0.9997455862703937
482 0.11788554703323455 0.9930271888526895
1414 0.05898128467716056 0.9982590886427389
1396 0.029832255472103303 0.9995549192182724
564 0.05295890249041958 0.9985966926877988
857 0.1156603570793081 0.993288820937942
684 0.009503837945073812 0.9999548375123317
210 0.1459341044907019 0.9892943127029978
1201 0.14089518994153416 0.9900245176011244
473 0.01647546436958244 0.9998642703256311
8 0.05117585653053185 0.9986896573552598
1010 -0.03785049310694445 0.9992834133375582
1115 0.24043556215072023 0.970665102109511
1727 0.06110956178002446 0.9981310642691437
1619 0.03564356415175546 0.9993645662792732
1261 -0.07733420883120655 0.9970052257357789
1842 0.058927652780452984 0.9982622559917741
1417 -0.17647832751628337 0.9843045260065888
154 -0.2387353968882641 0.9710846565941628
1747 -0.054336651488482164 0.9985226729048364
1583 0.029595771657740456 0.9995619492057424
1065 -0.08000354890103914 0.9967945787188247
1779 -0.10152513729912561 0.9948329741702342
888 0.06275212633223773 0.9980291431820931
329 -0.06581535404923192 0.9978318190814393
1321 -0.041902848496469886 0.999121689929651
1350 -0.06357640197169381 0.997976974239553
150 0.0019667695189311747 0.9999980659069594
991 -0.1026058427003628 0.9947220923673851
44 0.13532858923980629 0.9908007735838542
1771 -0.08444051017171768 0.9964285223948279
998 -0.08927590313304923 0.996006934272939
282 0.07042883751795273 0.9975168062974527
1719 -0.04336991121372863 0.9990590827380097
151 -0.08843300081061647 0.9960821273206489
245 0.08489987909918573 0.9963894873637235
1564 -0.11955143510640048 0.9928280084506077
467 -0.019023887265104077 0.999819029481498
1119 -0.2613911933911052 0.9652329480584331
1784 -0.20144207160408295 0.9795004297027415
269 -0.06245233381622356 0.9980479477464532
1675 0.1836731870848349 0.9829873653033895
1383 0.27862575994043753 0.9603997531744861
805 -0.052500447439340944 0.9986209005516904
365 -0.18335323640009224 0.9830470948543675
1605 0.01580386058882323 0.9998751111966379
641 0.054904655729905265 0.9984916017569605
767 -0.025372534711709915 0.9996780654202148
1084 -0.09828499203144761 0.9951583091857186
1942 0.12908959594117583 0.9916329342149462
341 -0.06630141141429331 0.9977996406315611
900 -0.0339029157113729 0.9994251309159019
862 0.08301055279016671 0.996548668217198
836 -0.0173171491642051 0.9998500469294507
1634 -0.0780951549943906 0.9969459096492659
1111 -0.016912984893770473 0.9998569652415205
38 -0.15587048477258267 0.9877775012505396
936 -0.25430269208367545 0.9671246769672435
1207 0.06862237941427037 0.9976427061045071
1635 -0.13570263001452643 0.9907496132763013
229 -0.08623671735073661 0.9962746752681056
706 -0.4334339721570884 0.9011853259902362
1304 -0.011491009964454738 0.999933976165425
1593 -0.11918550244543087 0.9928720038387778
160 -0.09137895241595076 0.995816191400483
1232 0.1478543930386295 0.9890091397247947
1340 0.096005991961372 0.9953807560464051
1535 -0.07677681206826416 0.9970483043105959
695 -0.3214143821689709 0.9469386437013427
1158 0.12323404923427204 0.992377634325424
475 -0.015303002784617497 0.9998829021969393
1243 0.35360074843022793 0.9353964457435052
296 0.08267548399352116 0.996576522072659
1175 0.051757581753371334 0.9986596781341696
207 -0.01247173332538362 0.9999222249094479
984 -0.06608676178638061 0.9978138803988398
824 -0.15377454156562975 0.9881059611024925
1805 -0.03996917597334424 0.9992009132161619
1091 -0.0318573046466042 0.9994924272552812
237 -0.030945197990615937 0.9995210826797609
502 -0.07859375929468945 0.9969067263289622
1852 -0.24128976039339903 0.9704531166054835
1114 0.07746196701080929 0.9969953077456365
471 -0.14296351826301817 0.9897279588078027
261 -0.07950873617949135 0.9968341691932214
431 -0.05582220999116226 0.998440724766224
292 -0.04212239223961147 0.9991124581707569
1554 0.15431370741287787 0.9880219024416881
1499 0.09133108541235421 0.9958205826540247
547 -0.1185106290327722 0.9929527837748664
1325 -0.03145884192370966 0.9995050481437394
1097 0.14256663376086323 0.9897852064655724
16 0.027535473614411853 0.9996208269603181
1349 -0.0013734536947737602 0.9999990568120294
1083 -0.11428156266238282 0.99344840048965
1917 0.4705521499184934 0.882372185762382
417 0.06333203568093877 0.9979925116234631
223 0.0007217532080968815 0.9999997395361194
920 0.09883933235934042 0.9951034048674338
1235 0.22424811034594094 0.9745320851599882
540 -0.1188932546072687 0.9929070419776925
1087 -0.12127462474919014 0.9926189930642789
616 8.161630749886787e-05 0.9999999966693891
123 -0.13326523078981678 0.9910804095846799
1629 0.07837516962051867 0.9969239353064783
1855 -0.014079278979999752 0.9999008820395167
1109 -0.028178178698013593 0.999602916284893
1871 0.01210520246057934 0.9999267293524003
1186 0.03519727179635769 0.9993803840670945
1501 -0.057868336592782385 0.9983242236968832
979 0.16786440293953456 0.985810094402443
1035 -0.02577315519803581 0.9996678170628172
1404 -0.06489239828352392 0.9978922670534192
1290 0.10857859202736052 0.9940878680244298
1112 0.003399048942857998 0.9999942232164564
1078 0.14836732166270736 0.9889323221852113
1579 -0.04251993891980587 0.9990956184441288
509 0.06358218481787437 0.9979766058248989
1701 0.05178224006034866 0.9986583998617007
783 -0.03794794849963624 0.9992797171986775
337 -0.02228255755941836 0.9997517129910862
1778 -0.24082765574246937 0.9705678957340319
1442 0.009548257787260737 0.9999544143475881
816 -0.05897553411905387 0.9982594283929265
222 -0.005384998676439855 0.9999855007895139
1555 -0.10586966232156407 0.9943800151853003
109 0.09035990159741066 0.9959091766739104
903 0.04672675125731144 0.9989077088084451
1920 0.1717463299870282 0.9851412072063511
108 -0.11078297061714128 0.99384462237376
1512 0.06425420150331995 0.9979335637151256
1406 -0.10517670934631253 0.9944535483425464
827 0.10398484488932107 0.9945788817551596
519 0.006416183802719225 0.9999794160808559
276 0.15687707353561328 0.9876181366291842
391 -0.17459694641435886 0.9846399881696769
506 -0.05332780391962594 0.9985770602858399
513 -0.07706018449786456 0.997026442961848
561 -0.015911494934035587 0.9998734041512276
1653 -0.06977847320154615 0.9975625116641368
1041 0.01193288201274571 0.9999288006287597
853 0.049379291484322574 0.9987800987066704
806 0.07895854187077121 0.996877900580428
1949 0.023397346404373638 0.9997262446196128
43 0.004684533859380024 0.9999890275110623
131 -0.1802816964638038 0.9836150211948438
429 -0.10627614660724925 0.9943366535848482
1992 -0.007085818562571624 0.9999748952725255
1840 -0.05774486280940767 0.9983313732519492
146 0.07307394790876859 0.9973265253351214
305 -0.22791753862213757 0.9736804381255826
1895 0.022126995451834216 0.999755168064799
1916 -0.293957407452975 0.95581851970106
1017 -0.0864838059639091 0.9962532566099831
1592 0.15180754286550102 0.9884100717461043
177 -0.07245284104097252 0.9973718392982086
334 0.02084711171858436 0.999782675351495
1680 0.01906458688727574 0.9998182542476495
1767 -0.005280107447861687 0.9999860601355096
1941 0.08137441844098205 0.9966836027663906
1885 0.04415131083431748 0.9990248554223321
1881 0.1709930698996226 0.9852722314397695
428 -0.07876779357645566 0.9968929905938234
1930 -0.09601514881236141 0.9953798728116517
1683 -0.015054442035684954 0.9998866754662721
793 -0.023340113925794735 0.9997275824353007
1951 -0.0368785890116916 0.9993197534685816
633 -0.14469886962968787 0.9894757385241392
1741 0.03524428393533539 0.9993787272350185
14 -0.07909979430684454 0.9968667024936758
1077 -0.41344385492381 0.91052961446937
919 -0.08745923333442662 0.9961680995216392
995 -0.06704670006959101 0.9977498383912565
1142 -0.005415636996999934 0.9999853353304321
1641 0.1395290378782826 0.9902179798351275
1135 0.12240115880996745 0.9924807082870564
187 -0.1455546737784032 0.9893502094512653
842 0.11350349270846431 0.9935375972468178
32 -0.07352499032574633 0.9972933749893252
446 -0.058398320768686784 0.9982933617586554
959 -0.0024015264904901808 0.9999971163311
1174 -0.23814109083936602 0.9712305703867835
175 -0.12072054928932231 0.9926865310757895
476 -0.015281871937061032 0.9998832253768934
1642 0.1552015047017708 0.9878828336084732
1803 0.054247233732036215 0.9985275347392389
69 0.15532777095271333 0.9878629882584231
1603 -0.06558146808327657 0.9978472182874703
873 0.003756048372801951 0.9999929460254314
1282 -0.22950091573174988 0.9733084452928004
1522 -0.17598727923168245 0.9843924408225765
630 -0.04029623319605843 0.9991877769419564
577 0.04117671807404644 0.9991518792899559
119 -0.09341834918869898 0.9956269442089533
274 -0.014117708568048216 0.9999003401863547
1864 0.15863798303295698 0.9873368170686411
1590 0.00901959461742107 0.9999593226291444
1609 0.12936044714189757 0.9915976375099167
866 -0.15637069018189 0.9876984394297884
291 0.032054091006875736 0.9994861355965489
904 0.18378794398344553 0.9829659158110915
9 -0.13910429925988008 0.9902777357526613
1147 -0.23073410229644103 0.973016841600111
77 0.07312389151508934 0.9973228647181862
1548 0.0634561407495064 0.9979846282389219
1704 0.03722078262999429 0.9993070665918513
1539 0.006196175899073282 0.9999808035178614
167 -0.16320351297114552 0.9865924251451951
1297 0.07295609953261765 0.9973351530659021
612 -0.31806846364663777 0.9480677467530828
781 0.29333778557244533 0.9560088616511115
913 0.027024421359440904 0.9996347736299431
51 -0.17479754702620062 0.9846043964728287
1828 0.04450386538281058 0.9990092121527153
213 0.08634774414491853 0.996265058647087
1101 -0.18581604317537495 0.9825845501017443
1923 0.058567970511674464 0.9982834230969397
1823 0.08684147510858932 0.9962221429987211
395 -0.09109366852239033 0.9958423286620894
568 -0.10050073750164973 0.9949369838143642
621 0.020013695659138825 0.9997997059341753
628 0.10924943837219936 0.9940143662016958
1348 -0.18828829189978438 0.9821138015186741
1571 0.023328609510226424 0.9997278509566088
501 -0.12378022661402868 0.9923096570624411
1416 0.08991195991980795 0.9959497173368639
582 0.06992477658591223 0.9975522671115586
268 -0.10881954745313174 0.9940615202753276
772 -0.025740543604975977 0.9996686573134723
872 0.001998826471074296 0.999998002344374
377 0.046135501902804694 0.9989351908227962
839 0.12785783837421277 0.991792505096844
1239 0.043045929487074114 0.9990730944003016
1459 0.06165078003484632 0.9980977814428279
321 0.12058110227474644 0.9927034792797934
538 -0.03200672652401009 0.9994876534791298
1902 0.08485207011921576 0.9963935598931196
1194 -0.09201047501490334 0.995758039127745
1886 -0.12552476385645542 0.9920904866285036
754 -0.19772123432897162 0.9802582891745562
1293 -0.009789091591987892 0.9999520856950115
592 0.41413307063349963 0.9102163478029105
1826 -0.07945172190191138 0.996838715082245
788 0.4167456436835372 0.9090231396784101
284 -0.06217468897334655 0.9980652824595532
1985 -0.006029700704675838 0.9999818211894713
318 -0.01793478695223173 0.999839158773539
1307 -0.07228160396563175 0.9973842638262124
507 -0.09422299022905747 0.9955511177796421
474 -0.08613125499702481 0.996283798379075
251 0.03599028847859554 0.9993521397061336
1595 -0.012245710726146903 0.9999250184732911
1385 0.11512419420399543 0.9933511060591218
1858 -0.1422650714636339 0.9898285959909661
1672 0.08039097074629249 0.9967634081478256
1577 -0.0912087492006372 0.9958317950684519
1729 -0.2604532024933246 0.9654864728782954
1783 0.15404166865232455 0.9880643523165924
241 -0.020146441380997016 0.9997970398534305
326 0.2887653751746588 0.9573998945582972
1141 0.06843051103223563 0.9976558851427014
1733 0.1080536614807589 0.9941450629765264
1945 0.06811706443705023 0.9976773353807726
1425 -0.15311811043313886 0.988207895261612
335 0.11242479239186733 0.9936602367286544
161 -0.08679629998181897 0.9962260799183416
1561 -0.10067003957580468 0.9949198676937786
1504 0.0982148252273548 0.9951652365841365
1812 0.14414392064787326 0.9895567341695268
791 -0.030182971675244644 0.9995443903203356
1299 0.12389053833073242 0.9922958906052777
1200 0.17095056433510847 0.985279607296075
1790 -0.05934933468943868 0.9982372746356054
996 -0.10127677630082779 0.9948582886934763
1606 -0.0959408694053173 0.9953870350661355
1149 -0.06039427588734287 0.998174599676852
690 0.023660439937622322 0.9997200526057074
923 0.13484048785050415 0.9908673184822668
1718 -0.14962182854178227 0.9887432975367335
1049 -0.13359992386861666 0.9910353476755004
802 -0.0857593998868977 0.9963158762817339
712 0.45446935706784186 0.8907623720647063
328 0.06216482532230767 0.9980658968688626
931 -0.14312931281628394 0.98970399605778
497 -0.0041666228150460775 0.9999913195894837
1483 -0.12477139897629404 0.9921855159180155
1125 0.15068963947760408 0.9885811208768402
158 -0.006210548143123804 0.9999807143599131
310 0.05535331151237861 0.9984668301474084
454 0.024594521756620382 0.9996975089993787
723 -0.0012651222537861293 0.9999991997325213
591 -0.18054679393983383 0.9835663959276197
1810 0.056097956996145705 0.9984252697227063
1247 0.08698233541248003 0.996209854059972
868 -0.2159807289785961 0.9763976263335927
514 -0.1760781675537497 0.984376187700065
1650 -0.20165614920596966 0.9794563785526234
1926 0.19246682958686487 0.9813034798209883
444 -0.06364703259079142 0.9979724721866765
714 -0.22190173907909844 0.9750690325272727
1748 0.1379777229621474 0.9904353325513892
1841 -0.051513740977856284 0.9986722858327782
1724 -0.050222865022583336 0.9987380356374355
124 0.1450948545001357 0.9894177495868893
64 -0.021470345965615534 0.9997694855536033
1475 0.01579696886765367 0.9998752201022857
102 0.012920689155937581 0.9999165244117809
406 -0.05395685948536527 0.9985432676226285
1972 0.01750795221284519 0.9998467240578991
716 -0.03831296638965315 0.9992657887701476
1904 0.030696284943286016 0.9995287580108342
3 -0.005755958755671633 0.9999834343321908
1432 -0.0263899092804283 0.9996517256965901
1492 0.08048943552819844 0.9967554618703385
361 0.06803703999911395 0.9976827958766047
747 -0.10086776439048907 0.9948998412437631
401 0.08440482814474852 0.9964315455593804
1594 0.1739651993073879 0.9847518009274929
448 0.08070495128153993 0.9967380352121836
600 0.06604037481330982 0.997816951597094
1334 -0.2408885755434542 0.97055277763378
643 -0.03525868988584139 0.9993782190880157
125 -0.049161595032532986 0.9987908377502555
1327 -0.39803436147088816 0.9173705069863879
1422 0.223314865602709 0.9747463622916702
362 -0.05135965233024733 0.9986802221494707
29 -0.359279899167259 0.9332298506018568
981 -0.033807547618211774 0.9994283614767205
369 0.023335793053155248 0.9997276833030984
27 0.0340969598157571 0.999418529611755
173 0.2535441071920605 0.967323826703437
1040 -0.06651915067937475 0.9977851485128922
1639 0.08270630174929536 0.9965739649674551
1105 -0.0647395962622511 0.9979021919385691
980 -0.05243763974242694 0.9986242005570681
191 0.01773038667908126 0.9998428043388672
801 -0.12387571642639711 0.9922977410434062
676 -0.14208750559940186 0.9898541007403768
1652 -0.18650351780730617 0.9824542930057865
520 -0.07419256129393241 0.9972439339743541
5 -0.035848940876374746 0.9993572201360443
604 -0.05489794533442468 0.9984919707228789
185 -0.0055485574211385 0.9999846066367944
946 0.030180778914457092 0.9995444565321328
1929 0.10559323269370312 0.994409407240948
449 0.11211911030187989 0.9936947746190049
1563 -0.05053887780741657 0.9987220943936141
1977 0.06699016853831469 0.9977536355830573
1363 -0.02020113769644501 0.9997959361968668
1775 0.06258518196260594 0.9980396259661775
129 0.07923735900039666 0.9968557774014464
1477 0.048562393045920166 0.9988201509689588
1482 0.10522583648414244 0.9944483512662748
1277 -0.0384869892173761 0.9992591013650972
530 -0.05077550702409191 0.9987100920119144
427 -0.023987154887901433 0.9997122668049961
498 -0.09818787381741372 0.9951678961035748
1052 -0.033293882843548686 0.9994456050056951
279 0.08994236779620314 0.9959469717184808
1289 -0.06447901125776603 0.9979190634050543
1558 0.03563978645553764 0.9993647010082974
972 0.13546929336229188 0.99078154532466
1660 0.02622938652649913 0.9996559504561775
1589 -0.06266664536477631 0.9980345142121716
682 0.10880502145295115 0.9940631103237977
169 -0.019979280605809023 0.9998003942520098
503 -0.09770567552914258 0.9952153540663418
239 -0.061561641767417435 0.9981032833644524
928 -0.10669884133431828 0.9942913844833987
1874 -0.10164713463758095 0.9948205164852449
1151 -0.07468555800956173 0.997207133661207
18 0.026093469881144877 0.9996595074471917
1240 -0.035575997335236816 0.9993669738457456
273 -0.2410081364598056 0.9705230951194164
387 0.024203871300050743 0.9997070433952591
1932 0.031668360511848924 0.999498431685859
585 -0.009899913501332281 0.999950994655571
1824 -0.0958757524046239 0.9953933092505933
60 -0.07368916788129885 0.9972812574880577
1624 -0.0850346150803104 0.9963779976686276
1777 -0.016735481000332935 0.999859952031127
1537 -0.008656672682634241 0.999962530307044
1311 0.044325210879964744 0.9990171548479269
1691 0.00496096543868046 0.9999876943352434
1509 -0.13057977523910272 0.9914378055624595
914 0.006922317716310504 0.9999760404716878
766 0.0479906759198391 0.9988477837111904
1788 0.17886502896460515 0.9838736206512965
1940 -0.20953922059146032 0.9778002429095235
138 -0.0456364148045777 0.9989581160608209
1057 0.0009699083640549429 0.999999529638772
1663 -0.1082421159075619 0.9941245617848168
1744 -0.0021218054276704724 0.99999774896833
96 0.0322552441700957 0.9994796642371107
1227 0.05958834572736371 0.9982230357257221
548 -0.14103098999813568 0.9900051817339877
933 -0.16570041475412095 0.9861761366765636
65 0.1199711939734066 0.9927773731389103
1538 0.0010615733182250567 0.9999994365308862
531 0.06632099634163459 0.9977983390666938
403 -0.022574478809426375 0.9997451639825435
1294 0.003430853303353228 0.9999941146054864
1474 0.12872699844865265 0.9916800693118727
926 0.09208060793137697 0.9957515561840653
1426 0.024405740873840873 0.9997021355445826
997 0.06253459275964855 0.9980427970324643
1343 0.0007016782135833659 0.9999997538238119
63 -0.07410115898817271 0.9972507298751953
1559 0.24040804267229085 0.9706719183217768
1322 -0.3124003224227206 0.949950545318113
1587 0.03101568189490819 0.999518898008734
599 -0.012162786625304501 0.9999260305750157
306 -0.16258552486494657 0.9866944547854669
1655 -0.017716274690964588 0.9998430544895905
367 -0.01227140110982549 0.9999247035226212
1074 0.029053428523616556 0.9995778600444406
1845 -0.05203123287772282 0.9986454580106116
1614 -0.025395656753290002 0.9996774782989107
1393 -0.009691327900605652 0.9999530379790458
1728 -0.0829773221096124 0.9965514357099275
809 -0.04438319097637534 0.9990145806537333
587 -0.162326222066168 0.9867371471824322
1847 -0.17909630188965855 0.9838315479031194
1319 0.011200753848835194 0.9999372695890568
1458 -0.02651747189055313 0.9996483500134103
694 0.007425277398561696 0.9999724322477868
1909 0.1258317576710485 0.9920515958161724
426 0.09027468772485973 0.9959169045438375
851 0.0301523570192644 0.9995453143135546
878 -0.08170026553307279 0.9966569452985443
1254 -0.2417416653546088 0.9703406449446402
813 0.04601905302954437 0.9989405621748794
36 0.053996050057659443 0.9985411491662076
25 -0.08911573422819569 0.9960212778414775
339 -0.23607461550980033 0.971734930890055
216 -0.07348470645291373 0.9972963440811007
1534 -0.13421538925687018 0.9909521831484236
1260 -0.08593441520319221 0.9963007960870479
511 0.2289300278013942 0.9734428808979255
965 0.07205901752464752 0.9974003699585149
285 0.04086732985171297 0.9991645817135391
850 -0.16362722949871303 0.9865222398742846
1358 -0.3003887250454902 0.9538168659997289
883 -0.013899082024844779 0.9999034030939521
1751 -0.10726025297020612 0.9942309782604681
1454 0.0013664611542159781 0.9999990663915211
1264 0.0625093259916521 0.9980443798569628
1146 0.011922679730047736 0.9999289223280097
1816 -0.05236513796490651 0.9986280049777878
121 0.36819069034136503 0.9297502974164349
277 0.0257373447141765 0.9996687396768309
1731 0.1144107830428664 0.9934335270784445
1318 0.04578414123283905 0.998951356379064
571 -0.1160677951178846 0.9932412934108573
355 -0.001913286770393057 0.9999981696651921
1046 -0.012089511664679716 0.9999269191834519
1530 -0.21348390963450428 0.976946580078546
1296 0.04468053972962988 0.9990013260098652
1568 0.032179588797250094 0.9994821029237292
658 0.043373608609162666 0.9990589222244197
618 0.1461140609484738 0.9892677500015583
663 0.016181035883198008 0.9998690784686497
1024 0.02898530124448501 0.9995798378877829
1984 -0.06490580269066167 0.9978913952816113
1713 -0.07774410050617159 0.9969733471043677
1995 0.08001744585538892 0.9967934632403945
1189 0.004241861409204427 0.9999910032654219
1849 0.016610876793609418 0.9998620298681952
794 0.0153032294393846 0.9998828987280088
650 -0.03393111279909857 0.9994241740043187
252 0.09369711103241568 0.9956007489873534
1705 -0.02203784342016084 0.9997571372375335
1773 -0.016120157663300844 0.9998700618164893
1472 -0.1211726260657053 0.9926314495785133
1808 0.014840367639208851 0.9998898756804837
1969 -0.1081496609426442 0.9941346241017818
420 -0.04807591354960971 0.99884368473569
1681 -0.2460422990871353 0.969259091811842
896 0.07011468542407621 0.9975389370284665
1191 0.09176607031290512 0.9957805924697101
1825 -0.04200088264944293 0.9991175735901495
202 0.0913225096284034 0.9958213691396516
753 -0.04330428097751101 0.9990619296365069
1002 0.06558779520905637 0.9978468024299195
126 0.028194923049907474 0.9996024441317707
1835 -0.17354077782949448 0.9848266844629738
1130 0.04442146987767983 0.9990128793033183
1507 -0.03530606394030857 0.9993765465774364
653 0.15050700625795638 0.9886089424374369
1419 0.00796096016874317 0.9999683110545012
1676 -0.32081719586718044 0.9471411335360317
1807 0.1929494814434991 0.9812086921805601
325 -0.054494510786846834 0.9985140701532964
756 0.16945755397027668 0.985537486553612
1470 -0.20580709467208336 0.9785925810993235
764 0.042064074681556846 0.9991149151229723
1445 0.06005425353683232 0.9981951145102513
1806 -0.10485006855046967 0.9944880407149005
227 -0.0918976932412301 0.9957684539976855
954 -0.005192175029770291 0.9999865205683826
1314 -0.056970565332458034 0.9983758584249222
655 0.11682151442060536 0.9931529256708034
1364 0.06455724365829538 0.9979140054590093
1689 -0.028323754329125688 0.9995988019904302
1148 0.008292860378437336 0.9999656136421612
1367 0.10943811722361342 0.9939936108942304
1181 -0.05490002206857899 0.9984918565400869
645 -0.017353231777302802 0.9998494213364747
631 0.07521964562330109 0.9971669894818546
773 -0.028221320178667207 0.9996016992219316
1230 -0.3466469285445423 0.9379956859872197
675 -0.003997341992011699 0.9999920105965842
247 -0.03231086664095228 0.9994778676373531
895 0.106431140456315 0.9943200753988466
1526 -0.24176639513036274 0.9703344836630663
820 0.045347498875080244 0.9989712730333012
910 -0.2727681479993396 0.9620797978530733
1394 -0.07925585766078151 0.996854306820437
425 -0.10944307516485571 0.9939930650152746
260 0.06992265884888153 0.9975524155549437
1332 0.009379515152165315 0.9999560113802558
1069 -0.02199906952536904 0.9997579911858759
637 0.00047962344836217447 0.9999998849806674
1133 0.1525773033640943 0.9882915392221776
677 -0.10787213118459844 0.9941647767416087
215 -0.03154753392824783 0.9995022526753234
738 -0.26387036106427336 0.9645581540538704
1463 -0.06826502029897787 0.9976672225765364
262 -0.11086938871135751 0.9938349856222459
819 0.013006843761439485 0.9999154074297313
1865 -0.33266298583421194 0.9430457771793832
46 0.03632612276523914 0.9993399885948949
1820 0.17842307375682975 0.983953864137524
960 0.04170733247130654 0.999129870646518
1266 0.11790092010597024 0.9930253637436283
1256 -0.026283225162314634 0.9996545363649719
1502 0.03956255094943685 0.9992170958117026
1157 -0.3883760360379164 0.921500979180964
549 0.007975063072074037 0.9999681986788361
1222 0.40620652248222455 0.9137812982836199
1213 -0.017117373801889112 0.9998534870240371
1300 -0.09763374109400451 0.9952224136342532
19 -0.11620312882258824 0.9932254692927689
640 -0.05830404133858507 0.998298872464348
1979 -0.14752632363799076 0.9890581296535905
1302 -0.021222681032508968 0.9997747735414173
1983 0.06083960142633062 0.9981475556741525
1544 -0.17551101095444996 0.9844774680172965
614 -0.13884294697732685 0.9903144127370112
803 -0.06995408539385167 0.9975502122383162
1007 -0.042939589963113534 0.9990776704610107
989 -0.18571790990205264 0.982603102957452
1173 0.13354560660052153 0.9910426685858177
499 -0.1911768047230816 0.981555617036484
1164 -0.08762242343190346 0.996153758669775
1851 0.015460356548415112 0.9998804815453675
760 0.21791253267745406 0.9759683028162838
1116 0.10140955794396228 0.9948447625421818
542 -0.13315971102528754 0.9910945925388062
1550 0.17861134040052445 0.9839197066226126
430 -0.07760885329070823 0.9969838844690024
1145 0.07473358483443357 0.9972035355421652
951 0.09503801816454446 0.9954736436005504
905 0.08753371669641373 0.9961615573998586
1857 -0.15982453262910545 0.987145439522408
1058 0.07111346185683681 0.9974682328489144
1600 0.13497539366605965 0.990848950700707
1136 0.005852744270268055 0.9999828725455786
1430 0.0682882276788037 0.997665634348747
20 -0.2844775775459644 0.9586826940513632
768 -0.02744620812264296 0.99962328187157
295 0.0879281140854931 0.9961268226251959
1196 0.0024779884150602878 0.9999969297819942
1859 -0.29969767308780343 0.9540342261919936
1185 0.04722856645191149 0.9988841086486946
1400 -0.05097914418906281 0.9986997180623166
1690 0.07483603104950022 0.9971958526070785
1329 -0.23688502174654366 0.9715376917403358
1578 -0.0002860722574327318 0.999999959081331
98 -0.08622975194044832 0.9962752781637657
1811 -0.11232519435923241 0.9936715004025025
267 0.11662738420879319 0.9931757413734059
1369 -0.11599098139424877 0.99325026666757
899 -0.0293630458499676 0.9995688128080091
1959 -0.10452120105802033 0.9945226586304553
1913 -0.033342638540566724 0.9994439796482607
1610 -0.15129889805039795 0.9884880593354354
1928 -0.0957738695381085 0.995403117291531
1743 0.06088053513121641 0.9981450598195318
1320 -0.08701727272850096 0.9962068029515225
1955 0.21241006773025456 0.9771806195002176
1199 0.021030019193622393 0.9997788446915227
833 0.10082154017659392 0.9949045265935921
957 0.03487796833167281 0.9993915785742118
1464 0.12714096841818281 0.9918846576843936
1726 -0.041858000740141926 0.9991235698220907
715 -0.030889648127082576 0.9995228009598306
735 -0.04371825518504182 0.9990439000182003
333 -0.09566967051836706 0.9954131374172771
211 0.08351208000512818 0.9965067649008797
1143 -0.041073253587786726 0.9991561378682079
300 -0.14160499218931216 0.9899232425734154
955 0.020576829826991123 0.999788274623318
1766 -0.06186257172272699 0.9980846768785955
12 -0.008237649919492357 0.999966069986279
1352 -0.06588532847841691 0.9978272012183729
1418 -0.014078753785314972 0.9999008894344741
942 -0.019600493701906634 0.999807891870554
1787 -0.02123934455264581 0.9997744196782462
639 0.1163990724118983 0.9932025251385791
930 0.4290244668647958 0.9032928688035669
117 0.12339132902593161 0.9923580905707446
347 -0.1856674178312949 0.9826126449195834
1377 -0.010492296938784723 0.9999449543374618
876 0.10658525501797535 0.9943035670320978
1090 0.10842453312312138 0.9941046829268199
55 0.6555642045866575 0.7551394398815778
434 0.03041139845051833 0.9995374664535011
1621 0.07717317167469472 0.9970177037413468
1263 -0.08251171257815462 0.9965900949173737
40 -0.0846295947712773 0.9964124806970501
1155 0.04714404406804794 0.9988881013952013
142 -0.05524336740317721 0.9984729191910804
1023 0.06436304528424042 0.9979265496025941
1449 -0.11385875123530025 0.9934969475379066
1950 -0.07883924832009533 0.9968873421426929
869 -0.06191097294330289 0.9980816757306056
1827 -0.004399808973770734 0.9999903207936537
57 0.0060502266067852485 0.9999816972115072
1615 -0.08375066788375393 0.9964867413212406
1026 -0.11326205545719743 0.9935651497479221
854 -0.2320067533090398 0.9727141750889613
704 -0.026651030164864475 0.9996447982114205
442 -0.06949619894879212 0.9975822163268899
94 -0.40813291799013535 0.9129225165658132
1379 -0.11460617499249695 0.9934110048985713
1919 -0.09788473879580946 0.995197758192248
144 -0.0592646624958511 0.998242305144023
1532 -0.26901731131826345 0.9631353415855388
101 -0.09976809086811865 0.9950107175525954
656 0.05777800676869867 0.9983294556076346
1818 -0.04739435265810968 0.9988762562680717
831 -0.04512785804500531 0.9989812192570339
624 -0.010773457175925068 0.9999419646261869
1231 -0.1136420873748456 0.9935217541539229
1493 0.059620368285886655 0.9982211236421795
192 -0.08703836383320408 0.9962049604480188
952 0.19608590972379947 0.9805867202893327
1892 -0.01639209966517823 0.9998656405080468
345 0.02214069901376777 0.9997548646779277
589 -0.019061010564752488 0.9998183224347564
1491 -0.0025750389152477088 0.9999966845817965
674 0.07161948901254396 0.9974320271545235
1975 0.06138560256887334 0.9981141256375727
660 -0.008743163974218678 0.9999617778113922
1632 0.1436525290056385 0.9896281882152934
586 0.065438467535605 0.9978566064152662
1066 0.05878556975293169 0.9982706330393692
792 -0.23988171109825446 0.9708021243696232
1970 -0.05358482407938324 0.9985633012625598
230 0.28987043577686317 0.9570658966145077
271 0.04348514149320509 0.999054073846514
1665 -0.263996424068272 0.9645236586414898
1170 -0.009111650563125706 0.9999584880503867
964 -0.10167839119188894 0.9948173223082865
312 0.03601302825072043 0.9993513205055632
597 0.04687334953516402 0.9989008404758474
1401 -0.10963127642357305 0.9939723251830195
371 0.01678542449435152 0.9998591148379578
1633 0.1519264459265839 0.9883918023881606
1251 0.17241273834051965 0.9850247954533548
649 -0.05764878530298657 0.998336925868762
254 -0.026743252521892063 0.999642335260242
887 0.05169645964523848 0.9986628440370394
1573 -0.009896038256167257 0.9999510330145334
521 -0.05785522544692215 0.99832498360428
1993 0.027706159448882665 0.999616110678791
189 -0.1757629789595942 0.9844325143082431
598 0.03846685273047044 0.9992598767292783
992 -0.14061582824063795 0.9900642347081322
1792 0.1154934760502405 0.9933082386600004
78 0.07605450969186024 0.9971036613890908
436 -0.06434499900080641 0.9979277133658461
1301 0.09555624967216113 0.9954240318319583
103 0.14390344197071586 0.9895917336907077
796 -0.12459680552199436 0.9922074561570854
1759 -0.16935984631931666 0.985554281840781
404 0.0475392480933185 0.9988693707841491
1893 -0.12074541127694763 0.9926835072950295
915 0.0023162582902525953 0.9999973174701684
110 0.0735844059231082 0.9972889928225134
1137 0.02829024032470743 0.9995997510515748
257 -0.028273494659961176 0.9996002248397673
707 -0.12451869097581196 0.9922172622957486
1104 0.12026235938065782 0.9927421442228579
1050 0.05082579629611752 0.9987075339812279
1429 0.008965311738339948 0.9999598107851309
176 0.07824348227183807 0.9969342794196497
1814 0.13957989086058 0.9902108129420465
494 -0.06758620012732136 0.9977134385946447
385 -0.0017204574784244846 0.9999985200119373
383 -0.23128266834894062 0.9728865953035811
164 -0.07673839410443158 0.9970512619069658
133 0.08664079199133227 0.9962396163389181
128 -0.04494479315906646 0.9989894722007278
729 -0.05761672172315976 0.9983387768577738
1866 0.21153055213274025 0.9773713856638213
1031 -0.11754369182444996 0.9930677119473166
1370 0.10490709307847906 0.9944820268973308
1485 0.18586409370066206 0.9825754620754741
1408 -0.05607343456273924 0.9984266472487291
679 0.04362613842822233 0.9990479268012329
1068 -0.0915404477974063 0.9958013589150451
890 0.010870788610098091 0.999940911231756
1890 0.011744681099450201 0.9999310288544266
543 0.07125095191922076 0.9974584211136847
702 -0.0076086890667720645 0.9999710535063927
487 0.1586435224908086 0.9873359270135511
1278 -0.2011173956576525 0.979567145816908
1574 0.0344172736819109 0.9994075501377325
1391 -0.06095068251184302 0.998140778798933
1233 0.00742366378288435 0.999972444228359
1286 -0.10779892391791142 0.9941727173897604
881 0.09902754657267006 0.995084692385426
1409 -0.09284976657625288 0.9956801297840262
1738 -0.0157005344415931 0.9998767390124885
1126 -0.019192534481698772 0.9998158063464335
1106 -0.08148446764513566 0.9966746116624968
1218 -0.050877100798472956 0.9987049216932606
1717 -0.15330948665965993 0.9881782234496728
253 -0.05275338996088605 0.9986075704938526
152 0.17815298853643075 0.9840028011522824
1712 0.06585332019645385 0.9978293141710677
1698 0.03865713043855417 0.9992525337802536
1659 0.007284731278215443 0.9999734659930752
1100 -0.09593923737589029 0.9953871923687448
85 -0.09921559221062481 0.9950659607595344
1697 0.14303292085589075 0.9897179313074168
1937 0.1833546158612498 0.983046837562877
140 -0.07409850557404377 0.9972509270347627
826 -0.03246691583147521 0.9994728107239295
1739 0.07545171866137855 0.9971494562757601
1033 0.07998724158471379 0.9967958874231316
1873 -0.04385390922374807 0.9990379545571806
1506 -0.20863467464924013 0.9779936464691403
1030 0.0479052809636225 0.9988518829415081
505 0.14888382628650002 0.9888546942146209
1715 0.17120055201627268 0.9852362006084244
1392 0.13027640741740903 0.9914777141572136
1172 -0.10676763517049881 0.9942839997103942
962 0.0747175457909026 0.997204737429072
266 0.06877142224927912 0.9976324430780162
1180 -0.1408492154920734 0.9900310593588806
814 -0.21707459550763317 0.976155018419307
891 -0.10074638275254007 0.9949121400215593
550 -0.03949391122023904 0.999219811140936
886 -0.15760065460660383 0.9875029284349338
1960 0.060741037428513375 0.9981535585129715
1316 0.1041706748269232 0.9945594353813669
183 -0.011109114851025252 0.9999382918796673
1361 -0.1000373428896363 0.9949836832971591
1556 0.04363995447288034 0.9990473233904413
817 -0.14368951065125898 0.9896228193250203
1557 0.13078101577299203 0.9914112799002159
1134 0.014099110620539422 0.9999006025999333
1996 0.0844295734420568 0.9964294491475009
1922 -0.07904407334561014 0.9968711222966256
104 -0.09161987928800987 0.9957940538681933
1389 -0.031466410635432165 0.9995048098942407
823 -0.01195690149756885 0.999928513698143
1452 -0.06178494067716831 0.9980894855199702
611 0.16898997375284194 0.9856177701173077
1889 0.040574806587026904 0.9991765034619386
680 -0.05697823967033484 0.9983754204727147
1723 -0.13401030695554425 0.9909799380561046
1711 0.13297339960508922 0.9911196068071023
1804 0.09674124563384982 0.9953095656092185
398 0.07095137320563356 0.9974797755544896
394 -0.09105640159576903 0.9958457369133183
264 -0.12608280888521156 0.992019720219117
539 -0.13900931636479283 0.9902910733535838
1479 -0.32504083728989386 0.9456999810161174
1687 0.07242224500157284 0.9973740614377997
198 0.03864105594294285 0.9992531555094607
209 0.07894130136434009 0.9968792659790374
1283 -0.05911609852239805 0.9982511141468815
1785 -0.02907172627648756 0.9995773280398595
1331 0.02338168105914195 0.9997266111246857
1527 -0.1741291475822615 0.984722823926751
465 -0.11544837130459533 0.9933134820202112
1674 -0.284897669264523 0.9585579367193422
1602 -0.19359601862553663 0.981081332801894
1518 -0.08682455465346774 0.9962236178234418
1487 -0.26348714306157106 0.9646629076735826
1177 0.12379434455221418 0.9923078958956678
1566 0.16162252420441522 0.9868526534745667
732 0.13887350274296484 0.990310128311278
1402 -0.2908409896782806 0.9567714035875855
469 0.04429379573593045 0.9990185482058397
49 -0.39111188601211544 0.9203431385195666
1330 -0.20624111204744508 0.97850120270822
911 0.0424113767445976 0.9991002327707805
608 -0.053761065473650504 0.9985538282131503
1552 -0.07259039732512601 0.9973618371564957
232 0.01407657227587048 0.9999009201480725
758 0.037272291382938194 0.9993051467370041
1382 0.026262713790105356 0.9996550754457154
1982 0.09773465595556073 0.9952125084750735
410 0.15081392008668232 0.9885621687623332
1856 -0.2122527471182444 0.9772148030708289
1912 -0.15726053389353786 0.9875571499814678
632 -0.037953361841346636 0.9992795116107104
1481 0.0334419320052813 0.9994406621624687
450 0.05119144531076671 0.9986888584173725
1424 -0.02504730183439828 0.9996862671212488
1211 0.0877463212376999 0.9961428527622183
848 -0.11887996465433134 0.9929086332607775
572 0.020707465734550654 0.9997855774429096
1395 -0.0506565083922884 0.9987161349239843
153 0.12892739898236197 0.9916540353327077
1071 -0.027743810588213406 0.9996150664000845
912 0.09720369128951968 0.9952645087612094
1433 0.025537316013106326 0.999673869564893
634 -0.22583571450237644 0.9741654017954041
1338 -0.04217066631280507 0.9991104217766593
1399 0.07183776084453716 0.9974163303840795
1064 0.04109072936958966 0.9991554193216765
93 0.034367065980946514 0.9994092779116378
21 -0.134055008681562 0.9909738920109785
33 0.008777698128839814 0.9999614752657019
1644 -0.3553324286755023 0.9347399986796163
686 -0.16874493122626474 0.9856597527470843
953 -0.019335331002538845 0.9998130550132971
1875 -0.045169012156725814 0.9989793593166906
1443 0.23107085696466098 0.9729369245031341
969 0.008832363453994147 0.9999609939171711
1162 -0.023059587310970256 0.9997340923630882
1205 -0.003092366942573599 0.9999952186219154
1673 -0.05114318784833175 0.9986913308608972
1525 -0.03127305562860488 0.9995108783758435
1722 0.08087717471364841 0.9967240754643876
402 0.05291891060548434 0.998598812787362
1981 -0.00839109756148013 0.9999647941211298
1072 -0.24595561839869498 0.9692810912104473
1517 -0.2095410071682865 0.9777998600505627
1772 -0.03976240512102612 0.9992091628578029
1431 -0.06732400613155244 0.9977311652937372
1016 -0.007524032837301697 0.9999716940643186
1533 -0.10016181897215486 0.9949711603962144
648 -0.024210268251052384 0.9997068884984299
190 -0.3377429341386278 0.9412383919281185
1220 -0.22005791159293553 0.9754868095188964
416 0.10626421524613404 0.9943379287536623
58 -0.27166378666731283 0.9623922209855901
235 0.06771787297317591 0.997704510203291
1486 -0.004458923434755295 0.9999900589514893
1769 -0.1685630471841591 0.9856908740188228
1357 -0.14226962444579955 0.9898279415939172
1588 0.02923060142584922 0.9995726946752213
1582 -0.07585869714754924 0.9971185777364076
1800 -0.17072122360101216 0.9853193714792039
1684 -0.05186902177840994 0.9986538962922795
159 -0.1491933297894168 0.988808045247583
366 -0.18864853387078728 0.982044668367179
1344 0.0999517906831498 0.9949922811455534
66 0.04019236937005908 0.9991919602580981
1012 0.10432513230374138 0.9945432452989699
1292 0.16584876363285658 0.9861511991583506
1796 0.1501631504011692 0.9886612302814326
1159 -0.08620789277502416 0.9962771698795921
1476 0.0358392546077681 0.9993575675548566
1939 -0.016241125281906205 0.9998681042265412
535 -0.1353140868485317 0.9908027542858104
1900 0.15431830899839163 0.9880211837343758
1412 -0.003693709034288767 0.9999931782335167
1245 0.46270236518141833 0.8865136892657222
238 -0.14377021972845963 0.9896110973100648
1093 0.1262316142057447 0.9920007961564405
1360 -0.10994635476422794 0.993937522721654
832 -0.12029832194697948 0.9927377869995384
1276 -0.19686208489240795 0.9804311906155446
737 0.06932610953229225 0.9975940509731986
1817 0.11770471906042676 0.9930486388444959
1267 -0.06839093514421385 0.9976585989155308
90 -0.03343333013880186 0.9994409499494354
1976 0.015227170441850724 0.9998840599191163
1894 -0.2190570806374133 0.9757120453405369
1346 -0.10403759732505263 0.9945733649876364
1096 0.1529295784045496 0.9882370889867504
460 -0.2609414419071207 0.9653546311565676
41 0.01806705704558063 0.999836777404048
1809 0.09385705914578019 0.9955856831275275
584 0.10795192182976182 0.9941561157953317
541 -0.03287037127628197 0.9994596233426137
1799 0.11387781786538545 0.9934947622399517
492 -0.03228993011043162 0.9994785442486813
256 0.2540914772705605 0.967180190646223
602 -0.09257538020882172 0.9957056788927099
1597 -0.1649631050801979 0.9862997383971567
157 -0.07495607008602297 0.9971868368351334
1630 0.051737609899446445 0.9986607130161337
1215 0.10076244379798156 0.9949105135236327
1082 -0.2424382850856826 0.9701668299445788
837 -0.05136195991087886 0.9986801034736364
825 -0.02628419767965025 0.9996545107947731
1591 -0.13382049178968627 0.9910055882673753
1484 0.06657084047606489 0.9977817011743151
186 0.1351621542693798 0.9908234918759549
1197 0.11090424498959847 0.9938310965366737
1044 0.29425953942987954 0.9557255481855212
1054 -0.1973598288888358 0.9803311164810435
435 -0.01813650509826136 0.9998355200645858
1958 -0.07957742684642807 0.9968286879582176
590 -0.01065376984669203 0.9999432469835744
1496 -0.07364730031132313 0.9972843502015128
1795 -0.06928711383280381 0.9975967601474657
1876 0.07693941235144719 0.9970357700840096
1274 0.07113647039534775 0.9974665922123366
348 -0.07613825538472546 0.997097270113087
944 -0.13268652877591663 0.9911580525231068
1009 0.03439826472013177 0.9994082045812129
1901 0.13200810559605156 0.9912486368499791
1910 -0.02183726135764478 0.9997615385762737
1217 0.05178467548938082 0.998658273577333
947 0.06341177542115567 0.9979874481865675
1234 0.12365486954855072 0.992325286000982
1848 -0.060063157436114026 0.9981945787865233
761 -0.01050941231698673 0.9999447746014535
1761 -0.037242342716296686 0.9993062633192099
1073 0.23555168701265222 0.9718618228665501
775 0.2882809011206957 0.9575458850880408
141 -0.023355617549499257 0.9997272203600748
1884 -0.13410752228648704 0.9909667867623916
517 0.01675964370877078 0.9998595473078983
1188 0.1865762367992703 0.9824404856589648
1123 0.058832518992360465 0.9982678672125099
1415 -0.08248320703035442 0.9965924545961542
1837 -0.004155604955616594 0.9999913654364485
935 -0.039754227782936316 0.9992094882322639
400 -0.005149762865260811 0.9999867398833004
1702 0.10278861244559952 0.9947032226506096
1503 0.05474602798520557 0.9985003116773891
1547 -0.17044577698509655 0.9853670570441995
1098 -0.06086906661309103 0.9981457592604654
1883 0.08785768313240759 0.996133037056098
948 -0.19079870874840504 0.9816291829096878
1924 0.04405432066457244 0.9990291371280335
1640 0.03214429119094279 0.9994832387508217
659 0.03479114445281246 0.9993946048822074
941 0.005877711691296487 0.9999827261034433
302 0.02272231437490645 0.9997418148849471
221 0.07585066466322406 0.9971191887984842
553 -0.092277053518624 0.9957333706338867
1540 0.02400080827711981 0.9997119391114847
311 -0.017042087891835884 0.9998547730747136
662 0.08579022342563644 0.9963132226185596
1380 -0.017361294535378276 0.9998492813679749
1365 -0.0005552878780707892 0.9999998458276743
1153 0.02072112431299806 0.9997852944543669
1791 -0.05815260849237441 0.9983077051318058
562 -0.06517187535612205 0.9978740535070375
554 -0.022894086067339964 0.9997378960623335
724 -0.041515216102943474 0.999137871783432
654 -0.013804878118569347 0.9999047081297955
1511 -0.13796976223261612 0.9904364415294277
1661 -0.041516712342575604 0.9991378096119993
220 0.0011346694364495291 0.9999993562624279
1043 0.24790858329649296 0.9687834300440558
1896 -0.06365857283874148 0.9979717361248938
1312 -0.007015900136901517 0.999975388269766
1456 0.06108371264137757 0.998132646520464
1686 -0.06057486156509345 0.9981636569953696
1070 -0.1701628899268907 0.9854159481618555
1657 -0.14983123827330122 0.9887115858719818
1694 -0.06629829069627861 0.9977998479909443
1831 -0.03856104617405538 0.9992562462741787
1528 0.1083577407763271 0.9941119655319769
1608 0.011873383828940987 0.9999295088937273
1861 -0.09003988901501546 0.9959381599206667
1648 0.18912308191509217 0.9819533898749662
711 0.04544533204423736 0.9989668271746509
1867 0.14006193696453237 0.9901427441605293
922 0.07538564762366493 0.9971544534987349
491 -0.17404437370890838 0.984737810780247
765 0.08084129406359082 0.9967269862776487
1434 -0.0308920725788251 0.9995227260306714
983 0.2959376183919121 0.9552072686179283
1128 -0.0017966040987888007 0.9999983861055537
1786 -0.1318359049831792 0.9912715541955525
206 0.08976294411885971 0.9959631588884774
1403 -0.00826641026524935 0.9999658326469592
115 -0.017890131077531297 0.9998399587984212
1178 -0.07437169424095333 0.9972305907340238
932 0.15083503171569781 0.9885589477655465
344 0.10452072273728308 0.9945227089003428
39 -0.047891140018896695 0.9988525610457684
664 -0.052563114724361655 0.998617603975853
1830 -0.04161808683539839 0.9991335920927497
132 0.013576344315935669 0.9999078371905158
1252 0.10683620945823771 0.9942766337134729
447 -0.0727306261015883 0.9973516210579251
1601 0.14114085622949574 0.9899895245419543
500 0.04820028294846199 0.9988376908805996
281 0.050815692576962425 0.998708048124137
1451 0.13457439245836672 0.990903493229518
272 0.06828428456755897 0.9976659042390374
1732 -0.06126886384450066 0.9981212984017543
1423 -0.01940174696765298 0.9998117683917325
84 -0.2151328959822812 0.9765847823237249
661 -0.05854513639756047 0.9982847624822243
184 0.011480817692759554 0.9999340932407024
1184 0.06019881190745612 0.9981864069626128
1160 0.009329642129204802 0.9999564779417858
1620 -0.05873401738580219 0.9982736674888927
208 -0.12780813319325676 0.9917989116195151
1838 -0.07357684366107863 0.997289550770925
433 -0.25898208643283155 0.9658821247475788
407 0.0013562717751740968 0.999999080263013
1237 0.11691030123791661 0.9931424779277441
323 -0.09676651998252181 0.9953071086908163
1637 -0.21560108203186784 0.9764815274375076
1863 0.003803206180553748 0.9999927677852215
1317 0.07030667929312612 0.9975254236593539
885 0.05292574124596467 0.998598450786684
1306 -0.022355749912286397 0.9997500789926747
86 -0.05334411143108542 0.9985761892693155
522 -0.05377246287701465 0.9985532145239631
11 0.06328001891358541 0.9979958112168089
744 0.10590021358053069 0.9943767619788778
1124 -0.11569819204595946 0.9932844146352524
1390 -0.2541905183952787 0.967154165765696
374 -0.12347239072960361 0.9923480078719946
1551 -0.03274691606569555 0.999463675922335
750 0.07088347076840186 0.9974846031753198
1546 0.08819175290089991 0.9961035160666117
1139 -0.002763742468352135 0.9999961808564914
1262 -0.22687584467052083 0.9739236885429153
1763 -0.09353348555781256 0.9956161344009077
298 0.11956223370736788 0.9928267080769457
1961 0.22261275724610327 0.9749069495655919
1957 0.08463900691887769 0.9964116812381246
464 0.19234286834495873 0.9813277846860518
749 -0.2828963348374554 0.959150490661155
1366 0.11015013065931714 0.99391496050504
315 -0.09243382600801528 0.9957188296951706
162 0.09846370304969576 0.9951406429152321
1001 -0.029235916042597888 0.9995725392452267
1628 0.05150919385870734 0.9986725203729329
1042 -0.11747266574150873 0.9930761163191791
327 -0.0068282667232047395 0.9999766871150331
1542 0.01876088869294835 0.9998239990395563
1120 -0.20668237348949345 0.9784080930208772
1524 -0.09563947179194246 0.995416039370151
1259 0.21554127995594682 0.9764947294455573
24 -0.1896910088641571 0.9818438374589404
1368 -0.016687926240003363 0.9998607468631859
536 0.10291381277931658 0.9946902769903925
838 -0.00422223376076153 0.999991086331308
204 -0.04354084142461598 0.9990516478781447
874 -0.005839261552838737 0.9999829513669308
13 0.021712919652103577 0.9997642467702981
861 0.04322017572298152 0.9990655716270451
782 -0.22511751830250926 0.9743316185741481
1127 -0.06536797007481669 0.9978612270693245
1749 -0.002668001915859898 0.9999964408765548
390 0.040156385568166544 0.9991934070529593
844 0.0757376047613612 0.9971277827966745
120 -0.01060944929310715 0.9999437182090285
1305 -0.04860746985096148 0.9988179583260846
320 0.09294690382744696 0.9956710667026994
779 -0.17405384258483875 0.984736137186735
278 0.14288907751928345 0.9897387087134101
1281 -0.12091330951707269 0.9926630705237445
47 -0.16859874106044517 0.9856847693420209
617 -0.1432778952867161 0.9896824969262662
1797 -0.03183909963125619 0.9994930073465602
1375 0.08632800270429367 0.9962667694694466
1523 0.08107692051369784 0.9967078473454574
1047 -0.025212987389250367 0.9996821021039185
1248 0.02002438412156321 0.9997994919185307
1122 -0.06415572396901571 0.9979398995340408
751 0.0436973210831538 0.9990448158767232
710 0.04832951837120208 0.9988314460678576
1494 0.0738770084564524 0.997267360150489
23 0.06385057914868685 0.997959469889623
1870 0.008891705955364522 0.9999604680012122
1994 -0.047968948921837604 0.9988488273704554
1997 -0.22762875141833303 0.9737479917965074
963 -0.04430232144459957 0.9990181701623946
579 -0.1205286398194757 0.9927098503506788
703 -0.047481796561934395 0.9988721034222806
349 0.0077549361671125725 0.9999699300304203
412 0.012597128163909106 0.9999206530330405
1110 0.1107698731262928 0.9938460822519678
437 0.054181746550931345 0.9985310903225251
1580 -0.39692619118714445 0.9178505318131414
1989 -0.27799968229720884 0.9605811660878278
1190 0.010283892665210207 0.9999471193776451
864 0.1686008885169117 0.9856844020229334
977 -0.011001352257625305 0.999939483293116
776 0.07895210363387348 0.9968784105054067
1905 -0.02880706474798069 0.9995849903938163
759 -0.02444619868591607 0.999701147028355
603 0.06165204654975226 0.9980977032115779
1963 0.029855698436669572 0.999554219275202
1056 0.06108006614515746 0.9981328696720208
1351 -0.11263131753110096 0.9936368483058627
1658 0.028615740548407664 0.9995904858455118
127 -0.08872068178017098 0.9960565448931408
480 -0.09145843883285051 0.995808894299633
1480 -0.18158304255490737 0.9833756142270881
283 -0.13249955557214688 0.9911830647126612
1022 0.1577087299678228 0.9874856740692173
1953 0.005022048629385069 0.9999873894342688
493 0.1529862395637847 0.9882283190154654
1531 0.07335483195299167 0.9973059052412897
1986 -0.000844909456065385 0.999999643063942
1118 -0.1762746125832644 0.9843410287896263
812 -0.07154413258813937 0.997437435176869
1752 -0.07028311067233724 0.9975270845216284
1646 0.1696132206353969 0.9855107079000655
619 -0.05550008315789767 0.998458682555
683 -0.06800953578738765 0.9976846711471437
627 -0.07557523618637065 0.9971401023303468
545 0.035903607050344725 0.999355257654041
1144 0.16473475711744506 0.9863379034577635
945 0.09679636452916912 0.9953042066694666
459 -0.03398758407037531 0.9994222551699853
841 -0.02098785230628781 0.9997797307685176
1898 -0.09494008023301892 0.9954829888879809
789 -0.014136770668646239 0.9999000708646151
856 0.072073375023216 0.9973993325708428
1903 0.18114485457495422 0.9834564259086513
83 0.03276952157263401 0.9994629350085478
1462 0.09629314720900914 0.9953530176779413
525 0.010883806494603061 0.9999407696239754
303 -0.06421361666814798 0.9979361760325136
845 -0.15209764557277386 0.9883654719845382
1822 -0.11444260616373023 0.9934298615878492
1944 -0.13300622923508526 0.9911152016716643
1272 0.12401069510663323 0.9922808813532435
1764 -0.1455751523915337 0.989347196390722
1598 0.002939958881645878 0.9999956783115487
828 0.02918319531727174 0.9995740798515506
1244 0.09950810472483605 0.9950367516298436
642 -0.06878361994968135 0.9976316021591426
1253 -0.03960242217723981 0.9992155163715662
363 -0.20143098545454988 0.9795027095923773
1695 -0.07258220506520853 0.9973624333750856
1495 0.1462177085942674 0.9892524357783719
1860 0.2037611183318722 0.9790206364812464
137 0.0017008156466498993 0.9999985536120221
1313 -0.16393268431995592 0.9864715277247762
1051 0.0494730213204764 0.9987754603320126
54 0.021657342194376265 0.9997654522582162
358 0.024573373670231314 0.9996980290600074
1906 0.20269846743175482 0.9792412017990347
1973 -0.0848110253003614 0.9963970543851991
1355 -0.05675814243512442 0.9983879572928122
1750 0.1302228149411054 0.9914847545317149
889 0.03659394670877305 0.9993302172276567
1508 0.0400759283445222 0.9991966372878387
485 -0.09120194734367022 0.9958324180306255
168 0.03451435507400773 0.9994042021593792
443 0.06273747278586411 0.9980300644311488
1878 0.047450533810029914 0.9988735890197235
1962 -0.14406793881876412 0.989567799094389
62 0.05332185562086033 0.9985773779297967
195 0.006821940422213727 0.9999767302936982
1707 0.24085645205988268 0.9705607500312
457 0.1771234471281977 0.9841886427293421
1844 -0.25048034498563615 0.9681216849011681
7 0.10138027106095122 0.9948477474667207
967 0.03012778781927352 0.999546055167603
88 0.05289960216685443 0.9985998358154223
858 -0.01428760970906395 0.9998979268949413
1668 0.10206158278612111 0.9947780824481365
1585 -0.00151717714262828 0.9999988490860966
1839 0.00048315714101475186 0.9999998832795817
172 0.08253292742230911 0.9965883382275271
693 -0.07811003387312346 0.9969447440095863
424 -0.12542271728210885 0.9921033927920881
384 -0.03493973487417868 0.9993894210601402
1770 -0.14007046899605935 0.9901415372133541
1323 0.03791753770966223 0.9992808715941862
1700 -0.0010160989209949498 0.9999994837713582
1295 -0.02353893472793711 0.9997229208895202
1586 0.0577167067231733 0.9983330014404168
203 -0.10069948653765594 0.9949168876901489
201 -0.08567244753090285 0.9963233570152136
1756 0.009414796091745581 0.9999556798251363
179 0.056506480791953945 0.9984022323835762
451 0.027129223567773933 0.999631934878338
139 0.026416600604799854 0.999651020712972
1671 -0.030009610699251777 0.9995496102073571
26 0.08681078124162567 0.9962248181310374
829 -0.08941984441513674 0.9959940217816434
635 -0.07780628376984257 0.9969684960950004
613 -0.055174695725698095 0.9984767162791411
1714 0.10331896679075551 0.9946482750707865
1161 -0.023177176078252162 0.9997313731743331
924 0.01479588552513432 0.9998905348944588
840 -0.023957091988430716 0.9997129876836941
304 0.039022195612056165 0.9992383440649256
578 -0.015339864813854376 0.9998823373514969
1219 0.2330542403313702 0.9724637376599541
1203 -0.36540499629910944 0.930848638973946
1971 0.1908266983208474 0.9816237421782158
1868 0.019046069903176026 0.9998186071589403
956 -0.11493350730127676 0.9933731871252753
1677 0.09229711736719727 0.9957315110639543
352 0.08408319893662883 0.9964587375584516
1850 0.04876791728691231 0.9988101372350486
1562 -0.20800624291825442 0.9781274982879441
370 0.04361309611164957 0.9990484962440792
31 0.006743884329010344 0.999977259753519
588 -0.0635338190768555 0.9979796860825922
6 -0.11855756467875218 0.9929471807993835
182 -0.14534607669096553 0.9893808760990602
849 -0.00098189565325146 0.9999995179403468
1439 -0.020182443087306247 0.9997963137514698
1014 -0.05304205616059299 0.9985922793003442
973 -0.08481680912950476 0.9963965620620583
1169 -0.20207526287372496 0.9793699955249369
1187 -0.019612877798163657 0.9998076490127861
408 0.015188144475060247 0.9998846534812927
1006 -0.15660025376906758 0.9876620679764226
290 -0.038309970194506465 0.9992659036431173
1013 0.0972669515165553 0.9952583283463022
1411 -0.0015999295271824762 0.9999987201119349
668 0.1324734485803904 0.9911865542980386
528 -0.064529205535044 0.9979158189111023
740 0.09804086306167129 0.9951823899015309
22 -0.18556807782161283 0.9826314102925836
1736 -0.061501312842498955 0.9981070025396321
907 0.044886533388150206 0.9989920916205466
373 0.11849059055522164 0.9929551751966826
583 0.0431969963187029 0.9990665741125774
165 -0.1540222079309823 0.9880673860947264
1398 0.11284048886259382 0.9936131158923229
1943 0.03481947592715635 0.9993936181986345
308 0.03793106590099593 0.9992803581776308
263 0.12326523751431485 0.9923737608484717
1888 -0.22912473538319825 0.9733970698720946
106 0.010385719729778808 0.9999460669584608
718 -0.07476656489967896 0.9972010633634031
1036 0.12515805548358797 0.9921368157404337
1762 -0.2335327943897733 0.9723489260263024
1510 0.2704876202556512 0.9627234531725269
567 -0.03729536355111938 0.9993042859197542
393 0.03238871515187614 0.999475347935511
720 0.12972187061123264 0.9915504204452352
1460 0.014015814928663727 0.9999017736417339
691 0.035240878713186104 0.9993788473184342
1059 -0.011942246422076735 0.9999286888325559
1102 -0.0952676909238068 0.9954516899709629
1489 -0.2075832861928504 0.9782173476755445
495 -0.12640952221546523 0.9919781412376272
148 -0.1637806855208587 0.9864967749822184
472 0.012829805118073065 0.9999176946632318
357 -0.2748332823070974 0.9614918964485907
785 0.030188143108070484 0.9995442341465868
1908 -0.20626744145669018 0.9784956528237164
752 -0.11953036521902385 0.9928305453553526
646 0.06528207941834718 0.9978668498887098
1974 -0.00021598429954617648 0.999999976675391
736 0.487056716529635 0.8733703423424514
1834 0.0205511914412286 0.9997888019628676
