512 2
61 3.7297945 -4.4952025
110 -0.5577091 -0.9219996
287 -6.077659 -3.9975123
157 0.32737964 -0.9838333
325 4.2656455 -5.119532
239 -6.561181 -4.2609067
240 4.2838955 -5.160411
323 0.33165622 -0.9633578
11 0.4252288 -0.9586335
83 3.5931404 -4.3939157
25 -1.3788661 -1.17613
382 -6.6893077 -4.327658
33 -0.0905225 -0.85723835
414 -6.1232533 -4.0188503
80 -0.030655626 -0.8828322
57 5.105111 -6.4032245
312 5.3973446 -6.7399955
351 -6.665972 -4.316717
158 -0.5682151 -0.9003285
221 -5.268828 -3.569478
98 2.5393538 -3.449308
67 2.516489 -3.399827
12 -0.012033135 -0.87854624
184 4.111511 -5.2088666
115 2.6523197 -3.2736928
148 -1.4662763 -1.246492
72 0.1297392 -0.9322871
182 -1.2761265 -1.129428
66 -0.8754598 -0.986484
485 -4.5029206 -3.1059499
236 0.49535072 -1.0744985
304 -1.4845694 -1.2493309
378 -0.7051089 -0.92936015
31 -0.5477 -0.9089887
319 -6.3215494 -4.111972
502 -6.6099243 -4.2815895
26 -1.0694858 -1.07248
484 1.2472066 -1.7572584
84 -1.3605026 -1.1536456
205 0.32043704 -0.96748555
197 3.9917068 -4.833535
481 -0.73917425 -0.93381906
373 -6.0616693 -3.9777122
248 -0.7507772 -0.95844036
479 -6.720539 -4.3645577
379 -6.4606066 -4.1985526
340 4.25254 -5.112994
46 5.1096005 -6.3972015
42 -1.0906638 -1.0746042
13 -0.0026614952 -0.87117654
222 0.33764043 -0.99010265
492 -6.3094273 -4.0919766
445 -6.4545918 -4.1800895
89 3.917822 -4.736066
104 -1.3647301 -1.1555368
180 3.8784285 -4.6827946
191 -3.3283017 -2.3619983
506 -6.6562533 -4.3247914
264 0.05505842 -0.905899
152 -0.08748281 -0.86743444
384 0.14994255 -0.93766326
444 -6.4225326 -4.158538
326 0.90370005 -1.6188513
166 5.1846867 -6.4772267
118 0.9245438 -1.4105021
48 0.17964609 -0.9590951
137 -1.3252071 -1.1967905
30 2.5207253 -3.4272096
202 2.4757414 -3.3709953
146 -1.4396958 -1.2238547
363 -0.5395805 -0.91934675
27 3.8925667 -4.709295
249 -6.2644415 -4.064287
189 -1.2280254 -1.1374176
15 4.0811853 -4.907954
332 3.6450942 -4.4102173
426 4.1419625 -4.991802
117 -0.5616065 -0.9167795
450 4.2381234 -5.1062007
299 1.6309907 -2.1309445
77 -1.3189821 -1.1232623
483 -0.5412399 -0.91600025
173 3.9545984 -5.023761
62 3.9830122 -4.7992682
170 2.628954 -3.2165534
380 -5.0837297 -3.4668684
175 -6.1152897 -4.0262218
495 -6.5020976 -4.208127
100 -1.2793775 -1.1039088
44 0.1129438 -0.9204698
478 -6.525966 -4.216069
198 -0.09721476 -0.8507476
238 0.921186 -1.44389
102 -0.037820116 -0.8723077
114 3.9648244 -4.762471
367 -6.594722 -4.2699513
22 1.4236393 -2.1587663
428 -5.948262 -3.926061
75 5.005037 -6.256209
290 0.87704843 -1.5587918
162 0.9047452 -1.6096027
86 3.8175774 -4.857681
187 -6.5157104 -4.2319746
58 -0.8785867 -0.9889424
316 1.3165671 -1.8293369
387 4.205599 -5.063452
263 5.1863565 -6.477183
150 0.8792856 -1.58246
124 -1.2628605 -1.1274548
220 -1.3210735 -1.1996242
423 -6.4748225 -4.185896
93 3.6347933 -4.4382114
136 0.06426374 -0.89142054
246 -4.6705647 -3.205359
76 4.9866376 -6.2381725
460 2.7319963 -3.6644738
383 -6.5973783 -4.2566676
85 1.2937897 -1.8153338
389 2.2040644 -3.059049
79 0.35741177 -0.9835548
123 -5.9128695 -3.8826978
40 -0.07051371 -0.85609347
155 -1.18313 -1.1436288
107 -0.2995561 -0.900549
285 -1.1020721 -1.0445693
50 -1.3401945 -1.1418685
214 3.7438831 -4.5205407
1 0.21116169 -0.986754
229 1.263694 -1.7731376
372 0.5662843 -1.1277089
156 5.1792006 -6.4582815
430 -6.484679 -4.199678
37 -1.3834015 -1.1690513
360 4.7382073 -5.9678288
134 2.503044 -3.3938165
119 -1.9933039 -1.5631034
45 2.479435 -3.360386
223 -6.1975513 -4.021668
394 -1.4131895 -1.2429895
425 0.9310858 -1.4361867
371 -5.3722315 -3.5825021
159 -4.5763083 -3.1433513
469 -4.984588 -3.3718562
487 -6.386574 -4.1445603
441 -5.0846496 -3.42762
164 0.21373296 -1.0002321
301 2.7481427 -3.384732
195 -1.439933 -1.2227403
51 -0.8774476 -0.9888168
128 -0.024539286 -0.87713224
103 -1.9594177 -1.5393652
398 0.32939288 -0.9793801
177 0.81346875 -1.492644
265 -0.067299664 -0.85216576
306 -1.4612615 -1.2749695
171 -0.42218292 -0.9178374
181 3.9364529 -4.7523327
298 -1.219887 -1.1529605
4 -0.014496764 -0.8679905
92 3.7913873 -4.571098
439 -6.432573 -4.159551
49 -0.75806636 -0.9472663
400 -0.82653743 -0.9653817
396 -0.77337676 -0.9449973
260 0.040878173 -0.89360714
308 4.185592 -5.0299764
219 -1.8355771 -1.4524047
330 2.2374992 -3.0900412
101 2.4475384 -3.340948
477 -4.930354 -3.3489552
207 -4.6731863 -3.2009294
94 -0.578693 -0.90991646
349 -0.73254025 -0.9527164
231 -5.7298894 -3.78339
172 -1.3296547 -1.1466095
257 -0.7803531 -0.94438595
244 0.48341116 -1.0445691
303 -5.9317327 -3.9056396
29 -1.3239772 -1.1294146
258 -0.037827536 -0.8746288
74 2.203968 -3.0684004
405 3.7967632 -4.5853634
297 3.4737616 -4.2290974
19 -1.4563154 -1.2486544
183 -1.9292593 -1.514916
482 0.92578286 -1.4320929
242 1.3650482 -1.8781642
497 -5.948486 -3.9162307
10 -0.030967874 -0.8755616
232 4.725979 -5.932927
247 -6.4475775 -4.173418
122 -0.7281159 -0.9209334
208 -1.3155162 -1.1896956
411 0.4736602 -1.0427153
321 -1.1843793 -1.1369572
336 -0.07371302 -0.8587155
250 -5.9850316 -3.8908842
358 1.8494674 -2.3747008
262 -1.335095 -1.1304888
416 4.6735344 -5.8854823
201 0.9289322 -1.6551487
475 -6.312821 -4.0885277
295 3.5030088 -4.3072934
179 2.4582233 -3.026835
109 4.9422936 -6.173918
310 0.5211792 -1.1044227
18 -0.19018407 -0.7853703
218 4.0603147 -5.1697106
267 4.715993 -5.9130216
34 0.057432517 -0.89191586
296 -0.82382524 -0.96127
459 -6.2638674 -4.0541077
346 5.29068 -6.5987134
174 -0.53937966 -0.9053433
116 3.39041 -4.131003
14 -0.0869406 -0.8457555
227 -1.954391 -1.5423349
415 -6.6003013 -4.2676816
200 -1.1784068 -1.1443884
99 0.49309257 -1.0501064
192 -0.018156925 -0.8795481
142 0.9042463 -1.6067255
462 0.32205343 -0.97550493
176 -0.79115796 -0.9609472
369 0.08621824 -0.8285656
69 0.22589567 -1.0056688
36 0.11400768 -0.917287
491 -6.218449 -4.050419
320 4.7532635 -5.987355
335 -0.40013742 -0.9135815
385 -1.434069 -1.2464381
435 -2.9693446 -2.1581857
215 -0.4341249 -0.9102441
168 -0.77903235 -0.9345877
324 0.14113152 -0.94273734
78 4.164606 -5.010401
294 -1.2544316 -1.0900064
390 -1.3851304 -1.1730436
251 -6.387171 -4.1304693
266 -1.1721047 -1.1336046
357 1.8586702 -2.3987856
461 -0.27891463 -0.8950475
178 -1.4386154 -1.2259514
90 -1.4498444 -1.232474
431 -6.467399 -4.206134
434 0.31837943 -0.9682154
507 -6.560128 -4.2386785
318 -0.71462744 -0.92798233
337 3.5496078 -4.322569
228 4.0141873 -4.8296843
233 0.90208256 -1.4249767
21 -1.1029186 -1.1021081
406 -0.44263038 -0.9269832
112 -1.0928077 -1.102045
259 -1.252933 -1.0859622
55 3.829772 -4.762926
52 0.9157505 -1.6240215
129 0.056940053 -0.88519603
217 -0.82097214 -0.9624302
466 1.7917951 -2.3302994
408 -1.3181093 -1.1231415
286 4.0610867 -4.8702908
401 -0.8997582 -0.995432
230 5.0192814 -6.2761245
465 3.7759068 -4.566247
455 1.3183831 -1.841927
91 3.4425986 -4.212141
9 0.022347206 -0.8736423
224 -1.3100865 -1.1283945
154 2.2595525 -3.1243622
140 0.14097704 -0.9470814
135 3.6018462 -4.4158945
105 -0.86483115 -0.9764968
452 4.786604 -5.9932666
362 2.2737565 -2.838394
88 -0.7929738 -0.9443487
300 4.6980143 -5.898692
108 4.155235 -4.9894643
234 0.469317 -1.0550567
204 4.9349365 -6.1550303
169 4.101813 -4.9450164
245 -0.75355285 -0.9388842
17 -0.78379756 -0.9416189
127 -6.3321853 -4.106031
132 -0.5292503 -0.8065103
20 -0.19948258 -0.7778939
404 2.819313 -3.748706
186 3.4965618 -4.2653627
63 -0.42767718 -0.9234395
333 0.27044094 -0.9230473
302 1.7706927 -2.3153377
213 3.7891562 -4.569454
35 -1.4532762 -1.2467918
38 -1.1298699 -1.1097546
353 2.692033 -3.303063
151 2.1553507 -2.989476
328 0.8725918 -1.5655079
317 -0.27731666 -0.89684635
81 -0.07209186 -0.85348564
307 2.2374535 -3.0907173
449 -1.3417469 -1.1472738
496 0.044917896 -0.79893315
23 3.7690403 -4.549671
409 -5.401012 -3.6136136
73 -1.3244694 -1.2029384
395 0.549766 -1.0974927
253 -6.206851 -4.021797
453 0.48665774 -1.073787
361 3.7100003 -4.528066
376 3.6529324 -4.435524
39 -0.86911106 -0.9747461
5 0.24136044 -1.0192906
474 -5.848992 -3.8122835
193 -0.90203726 -1.0055909
121 4.1427855 -4.977613
216 0.47832558 -1.0591414
412 -0.72211164 -0.9308596
422 0.49578744 -1.0839565
364 0.86297023 -1.3655432
315 -5.1211853 -3.4631045
70 -1.0790122 -1.0725992
393 0.99009806 -1.494591
130 0.27568567 -1.0585922
144 0.06008394 -0.9016883
194 -0.76757866 -0.94991916
341 0.9315016 -1.4320056
269 -0.9151478 -1.0299811
311 -5.9170356 -3.8933942
446 -6.2512827 -4.0477195
331 3.4593089 -4.207187
59 0.072743714 -0.79406065
147 1.3103405 -1.802185
436 -1.8188512 -1.442009
493 -6.3093567 -4.0905457
283 -1.9683702 -1.518674
47 -0.4240256 -0.91543263
53 -0.78267294 -0.94021124
289 -1.4583045 -1.2421225
350 -5.1744523 -3.452434
338 -1.2009274 -1.1424301
508 -5.883462 -3.8658624
377 -5.680001 -3.708886
185 -0.48485377 -0.9319661
252 -4.302958 -2.9727404
451 3.5732298 -4.346379
2 0.22210112 -0.98582345
254 -6.2859545 -4.081128
271 0.5627724 -1.1217475
410 4.732695 -5.9413786
499 -5.767734 -3.7517006
381 -6.2622857 -4.044904
270 2.5952513 -3.4956555
0 0.29024783 -1.0791687
28 0.8843679 -1.5819014
345 3.741277 -4.5220575
433 4.969998 -6.2150464
65 2.1818922 -3.0006723
64 0.25156334 -1.0126188
500 2.2924278 -2.882233
327 2.6686838 -3.5653505
188 4.8367324 -6.047591
343 -5.7083497 -3.763692
368 2.686925 -3.5950308
113 -0.04929216 -0.8618739
456 3.457672 -4.246416
212 0.90469736 -1.4062613
24 0.23321567 -1.0155079
241 -0.29047346 -0.89914465
3 -0.5345027 -0.8272172
138 -0.77877706 -0.94718534
279 -5.394744 -3.605261
211 3.5427623 -4.3244905
165 0.9268957 -1.6326483
339 0.56105644 -1.1034116
347 -4.653013 -3.1916041
282 1.2741187 -1.761281
131 0.94134486 -1.6619256
309 2.6770926 -3.2699294
6 -0.7903706 -0.96147406
256 0.2524781 -1.0360051
196 -1.3668176 -1.1693959
235 -5.26407 -3.5256674
374 -5.7344527 -3.7576866
356 2.009277 -2.5465395
432 0.87207067 -1.5696783
454 1.73238 -2.2547808
437 0.14421523 -0.8097777
43 1.532042 -2.2353845
472 1.930264 -2.4481752
489 -5.715535 -3.7565885
498 -6.079729 -3.94248
237 -6.0428667 -3.9271753
413 -4.309316 -2.9701653
141 -0.87437904 -0.97768867
149 4.015442 -4.8463073
313 4.9426236 -6.189537
365 -1.2315297 -1.1690495
255 -6.3990164 -4.1518974
143 4.046181 -4.8725944
471 -5.6582932 -3.6941965
402 4.8402553 -6.0451
54 -0.8736416 -0.99121547
342 0.33504337 -0.96687573
418 4.39862 -5.5111485
209 -0.62653095 -0.8586908
391 -0.29627115 -0.8810468
442 -5.652984 -3.7053535
322 -0.56263524 -0.8309581
366 -4.3771076 -3.0146296
8 0.31041688 -1.1088485
419 -0.41064674 -0.9148429
447 -6.331475 -4.0939317
272 -0.16166785 -0.81728435
41 -1.1034675 -1.100852
7 0.13918343 -0.91807485
429 -6.0897 -3.9558227
291 -1.4466312 -1.2547257
60 3.3687544 -4.1505094
120 2.394812 -3.2531106
32 0.24463423 -1.0014374
203 -0.43858767 -0.93318564
457 -0.30468926 -0.881519
280 -0.88242453 -0.9920385
355 -1.7793373 -1.453617
133 -0.6093082 -0.83290315
126 -4.960427 -3.365334
292 2.5628953 -3.445569
275 -1.3425335 -1.15859
334 1.8960737 -2.422146
392 -0.5685402 -0.8309954
284 2.5025382 -3.3939624
509 -6.2232814 -4.0256977
167 -0.52911896 -0.9153963
448 -0.026008228 -0.88144666
344 3.900015 -4.7080765
125 -5.5764394 -3.6358821
56 -0.58963084 -0.8591179
190 -0.31640372 -0.8903625
278 3.3984709 -4.1522346
397 3.5046992 -4.276884
476 -4.4442315 -3.078472
243 -1.2348633 -1.1424067
163 4.0588427 -4.879872
82 0.95771396 -1.6736553
503 -6.2850423 -4.057953
139 0.9356374 -1.6612324
314 -0.42723748 -0.9240622
463 -5.809898 -3.7590294
161 3.8608115 -4.6437216
501 -6.018144 -3.8944097
145 -1.341803 -1.2128303
352 3.3311884 -4.070945
494 -5.935789 -3.8503098
467 -1.8566391 -1.4475263
95 -3.1078267 -2.2378461
305 4.7916718 -5.9802456
407 -5.06534 -3.3849335
111 -5.538055 -3.6269412
421 3.2660377 -3.9902835
388 -1.4524814 -1.2608435
87 3.4960725 -4.2455463
225 3.456387 -4.247922
16 0.2468295 -1.0308479
106 4.352486 -5.4587264
199 -0.42010757 -0.9125317
473 -4.9778247 -3.3196177
486 -0.61105174 -0.9185094
359 -5.4328876 -3.548881
354 3.9051414 -4.697566
438 -4.81216 -3.2718375
277 2.6988277 -3.6160843
210 -0.887416 -0.9930947
97 3.2840538 -4.0395274
288 -0.22670081 -0.7674041
403 -4.629802 -3.138146
417 0.50813293 -1.0925986
488 4.681607 -5.853975
348 -0.26815844 -0.88791627
268 2.1947916 -3.0320308
480 -0.22845002 -0.8837613
505 -5.5970283 -3.642327
293 -1.1747537 -1.1547687
386 -0.17789367 -0.7685486
329 -1.2528733 -1.1833857
510 -6.214162 -4.0245657
468 0.51946735 -1.0987256
424 2.2703562 -3.1608348
274 -0.9584508 -1.0282155
458 2.312661 -2.904199
96 -1.3663996 -1.2218075
443 -5.737819 -3.7220433
226 3.315207 -4.0752687
160 0.11276742 -0.92902243
375 -5.757046 -3.7269297
504 -3.0762506 -2.2112398
281 2.6025608 -3.1647382
427 -4.870464 -3.244128
153 0.95820075 -1.6773572
68 -0.22096534 -0.78476626
261 -1.2186067 -1.064656
464 3.3459668 -4.0943494
276 -0.5775639 -0.81905264
470 -1.9186196 -1.5001792
490 -0.33894145 -0.9176152
440 -1.2235758 -1.1396073
273 4.081069 -5.1505265
206 0.81815815 -1.3539621
399 -2.4151258 -1.802208
420 3.1788192 -3.8896985
71 0.8882316 -1.627508
511 -6.0071373 -3.8851638
370 0.37238696 -1.0226774
