512 2
19 0.8528535 -0.4501111
229 1.2761905 -0.5206273
102 0.9941863 -0.6146786
133 0.9726205 -0.60489124
214 3.4150884 3.4658272
138 0.84899074 0.12052695
71 0.78507495 -0.077489525
122 3.4979053 3.5639234
21 2.1646414 -2.3591642
382 1.2202249 -0.3057962
163 1.6065433 0.93830353
125 3.7460077 -4.559666
323 3.7217855 3.7856607
256 0.788479 0.052315567
172 0.77025324 -0.28457338
345 4.412268 -5.695197
420 4.449933 -5.754794
155 3.8863 -5.0687857
230 3.7878115 3.8401573
161 0.8313871 -0.3152706
397 3.7021823 -4.5218377
304 0.94354445 -0.5780318
69 3.9911444 -5.067475
30 3.835574 3.9082627
351 2.9969764 2.6373997
222 4.349398 -5.6179876
390 0.88425744 0.17298323
167 3.9080503 -5.09469
115 6.0640407 5.861066
333 3.4144394 3.4765978
301 1.3142717 -0.5040419
343 2.968092 2.6120522
67 3.6901355 -4.608346
326 6.4446616 6.2662086
279 1.2473823 -0.50584334
311 2.5288835 2.1986976
109 6.1343493 5.9315963
212 4.3538237 -5.63542
126 1.2125516 -0.3210639
359 3.6142945 -4.4045053
147 1.6367574 0.98583686
202 4.0460114 -5.104493
114 1.6635658 1.0194647
66 2.1976316 -2.4335065
10 2.3056023 -2.5704443
142 3.8858953 -5.074504
437 1.2098135 -0.31900838
104 0.9842527 -0.6238012
443 2.4192414 2.065811
217 3.8634367 -5.04155
73 3.5436296 3.615817
246 1.6434768 1.0013661
47 1.6687807 1.0014689
409 2.3741562 2.0270188
484 3.5420854 3.1173003
362 5.2808104 5.2635818
176 0.8043177 -0.3091968
386 3.7640054 -4.7105885
75 1.3286763 -0.5415961
162 6.378684 6.1896567
243 2.342762 2.0103889
198 3.8808491 -5.072768
188 1.6463526 1.0131409
182 6.154172 5.9562426
400 0.8679686 0.15238275
371 3.3601742 2.940212
449 6.2154326 6.044236
141 0.841072 -0.002935189
55 4.0099883 -5.2350245
190 1.9225906 1.5326623
159 1.2276587 -0.3122257
116 3.900345 -5.0939164
3 0.8602835 0.14302357
372 6.3630643 6.179143
33 2.2595975 -2.526749
506 2.4761844 2.142565
247 3.694734 -4.5010934
43 3.7830448 -4.7777815
254 3.0535326 2.703491
63 6.154309 5.9653597
252 3.6576228 -4.4540944
285 0.84466475 0.13836005
241 3.4266038 3.4822876
218 1.6567913 1.0256848
29 1.2907025 -0.5331292
96 2.0288596 -2.1968877
117 3.81704 -4.997607
53 5.37643 5.3639345
465 1.2065537 -0.32798138
158 1.7263384 1.0947746
331 4.3147445 -5.5648975
448 0.8155432 -0.345981
253 1.2008632 -0.32370415
260 2.1231208 -2.3336804
95 2.1393173 1.7659559
168 0.831639 0.06833686
20 0.77539605 0.016899107
169 0.80087066 -0.37195754
45 0.8177917 -0.058945816
226 4.5089087 -5.8230915
325 3.8125553 -4.816158
268 2.0905588 -2.2591908
68 2.114884 -2.3352344
470 1.2678347 -0.32571328
273 0.76589006 0.09826536
123 3.700365 -4.521744
25 3.8146224 -4.791279
186 2.503806 2.1634972
151 3.7522182 -4.906911
37 3.7671266 -4.709116
156 6.1375165 5.9302764
385 0.74378777 -0.1990839
389 6.417078 6.22258
391 6.356497 6.1515346
6 2.0863967 -2.2884963
314 3.4577315 3.5253925
87 3.483155 -4.2499785
203 3.6212757 -4.4058986
61 3.7549562 -4.905848
291 1.665706 1.03381
316 1.2609148 -0.5106513
32 2.1582677 -2.3992133
170 1.2862029 -0.517107
365 1.2779827 -0.5155706
500 3.4350772 3.0057187
175 1.2348692 -0.32936344
474 4.358514 -5.6376095
475 3.2742631 2.9325387
82 3.6195364 -4.527231
458 3.6892655 -4.471523
271 6.06401 5.8733916
52 0.81078476 -0.10745614
498 3.395017 2.9782567
70 0.8063951 -0.095864676
78 3.6836426 3.7298434
181 3.5709286 -4.3291025
225 4.2210817 -5.443279
306 5.983553 5.7795186
59 1.6029472 0.9470492
329 1.6267133 0.9584974
481 3.7036467 -4.6342783
171 3.6092758 3.6646578
251 2.0506856 1.6981373
88 0.8042843 0.052053913
179 1.2310052 -0.31854928
505 3.3750768 2.9729645
440 3.8101358 -4.667199
110 1.7048992 1.0753123
205 5.9228415 5.718912
227 1.248355 -0.5042767
220 5.9361863 5.7420077
277 6.210029 6.0166774
134 0.87428737 0.113196075
22 0.8041175 -0.33655798
240 1.290269 -0.5053074
100 0.7318739 -0.050510343
480 3.6769133 -4.59637
119 3.7955804 -4.7689753
99 4.2298975 -5.4677353
93 3.668525 -4.798449
97 0.7518521 0.0116560785
11 3.736101 -4.718683
472 1.281858 -0.5091082
426 1.9238224 1.5493782
54 0.9855568 -0.5975963
139 5.898903 5.704748
297 0.8317494 0.002935713
42 0.8138969 0.061441585
231 1.6510503 1.0034217
368 3.686679 -4.6457224
81 0.69300324 0.009622261
344 4.1113772 -5.301427
101 3.7464168 -4.721132
5 0.85603464 0.06296489
90 3.72105 -4.871339
269 3.5486064 -4.4331517
267 5.8521075 5.64407
131 0.9927726 -0.5879847
244 5.702006 5.515521
221 1.6987151 1.0597361
361 3.227843 2.8475857
113 0.8733937 -0.022929808
346 5.886058 5.699188
62 3.580556 3.652275
108 0.82454336 -0.02464141
495 1.9094785 1.5595025
263 5.887921 5.6868014
199 3.7805378 -4.9398475
28 0.8224755 -0.09467711
72 2.211561 -2.4757595
130 1.7557628 -1.7987014
35 0.77960694 0.078324325
8 2.2803159 -2.5419607
106 3.6795795 -4.648135
128 2.2824924 -2.5326896
40 1.8779725 -1.9971725
340 4.225861 -5.458588
491 3.605048 -4.3903594
183 5.195527 5.186691
15 3.8737817 -5.0508327
376 4.096968 -5.290225
403 1.2220478 -0.31016502
286 4.119151 -5.294393
492 1.1786226 -0.31037647
373 2.0293295 1.6665475
118 5.9897995 5.785577
330 1.2577841 -0.4956753
384 1.9612991 -2.1181967
503 2.048364 1.6803379
337 6.2183995 6.0270925
143 3.6539598 -4.773118
14 0.79636985 -0.35186183
39 4.0457187 -5.234579
85 5.8358693 5.6282635
235 3.0693069 2.7303064
255 2.1032057 1.5841438
298 0.9717661 -0.587291
173 3.612281 -4.388945
77 3.704728 -4.6607676
334 1.6542315 1.0149822
366 2.0079236 1.6308191
508 2.097462 1.733322
215 3.6025488 -4.3786154
309 3.5025663 3.5645623
278 3.739776 -4.6645517
485 4.9806247 4.9820213
107 3.0870702 2.7541094
406 4.8215694 4.8043356
421 6.0835595 5.9080477
121 4.2435727 -5.4828515
310 3.2676656 3.319267
321 0.94607854 -0.57590365
415 2.1447437 1.8154876
27 3.590495 -4.703774
44 3.488718 -4.3819585
468 3.8090982 -4.9800267
84 6.061295 5.9004984
120 3.5329323 3.592713
296 0.9798302 -0.5765056
57 0.9995257 -0.6203792
180 0.97923666 -0.62380636
250 1.2712202 -0.508059
450 1.0028193 -0.6457301
501 3.6142159 -4.3845596
146 0.8429854 0.07313962
98 3.65863 -4.5690765
327 5.7524157 5.554682
49 6.113803 5.91239
348 3.6499212 3.7106235
455 2.014798 1.6639549
287 2.964345 2.6142642
466 3.7359529 -4.5643635
187 2.0010855 1.6113734
270 1.2881408 -0.5136425
358 4.9131117 4.89053
13 0.8223508 -0.39066175
65 2.1557474 -2.3865867
489 3.4640045 3.5259144
132 1.192948 -1.0362297
206 1.277434 -0.51963794
280 0.6952929 -0.05632596
442 5.0255623 5.006741
209 1.7123084 1.0595773
239 2.1462526 1.7969844
238 2.197398 1.8345275
23 4.1467724 -5.3423414
174 4.102062 -5.281871
502 2.0965185 1.584659
295 3.5529537 -4.31843
370 3.7682235 -4.932233
308 3.5211313 -4.423179
431 1.9629886 1.5681713
219 4.9155583 4.9145246
192 2.3284044 -2.6070921
24 0.80071646 0.08017534
283 1.2289275 -0.50993395
17 2.2205513 -2.4700239
305 0.7693166 -0.2546657
237 3.3673983 -4.0787983
471 3.1511896 2.7898743
511 2.5880158 2.2455292
392 0.8668346 0.10305189
347 3.532978 3.6140542
328 0.8586911 0.075072736
189 1.2100894 -0.31416836
425 5.999892 5.818484
432 0.75909734 -0.26902878
216 5.6029024 5.4164186
103 3.4240124 3.4821439
322 1.3269404 -0.49100664
320 2.1476712 -2.3775206
196 0.9986739 -0.593822
355 3.878053 -5.0118656
487 1.9924688 1.6028163
405 5.960456 5.7739425
1 2.2492905 -2.5076454
12 2.3070793 -2.5615382
339 1.2468995 -0.5075072
423 5.1887493 5.1789274
41 0.7162456 -0.056592394
80 2.2684944 -2.5025647
488 3.9228117 -5.0540957
194 0.849977 0.08980909
91 5.6689405 5.4774733
367 3.3028715 -3.9884322
284 3.38934 -4.2141476
148 0.7628948 -0.25268838
262 0.80533373 0.04867871
51 1.652513 1.0167286
438 3.064543 2.7145677
510 1.1981082 -0.31188723
208 1.2668478 -0.4868022
469 5.6623588 5.4738045
313 3.638027 -4.741346
136 2.2313673 -2.4957688
266 0.7916167 -0.27683115
92 1.3124001 -0.4742127
236 4.6954885 4.69457
105 3.4614036 -4.3183475
444 1.2108203 -0.30684835
144 0.7494209 -0.056173578
7 3.3740427 -4.2243333
302 1.6529205 1.0032418
413 4.779255 4.744112
46 1.6707181 1.028748
184 0.857248 0.107602365
294 3.400566 -4.2794046
411 4.619839 4.623494
375 3.3075104 -4.0120697
422 4.1032596 -5.2790937
185 1.657255 0.98295164
248 1.6870846 1.0647762
374 4.637325 4.6293864
416 0.7769131 0.06778059
342 1.2571619 -0.52603924
300 1.7172531 1.07576
26 2.3491583 -2.6261778
363 3.6327827 -4.7474556
467 1.6801035 1.0435568
456 3.495784 3.5539472
388 6.016067 5.794233
353 5.83572 5.637992
418 3.6648314 -4.7995787
166 6.014999 5.802279
191 3.0435016 2.6499577
429 3.363439 3.4303846
324 0.8459045 0.1170031
137 0.643666 -0.30552456
379 1.6622983 1.0195354
259 1.286584 -0.48908442
150 1.0534756 -0.66635424
317 3.4605892 -4.528441
64 2.3876169 -2.6523542
428 3.483788 3.5555608
56 0.865056 0.13203233
86 3.9512653 -5.094448
360 3.6007125 -4.6990848
281 0.8766867 0.08646534
377 3.570233 3.6436253
145 1.0553321 -0.68211514
282 1.296267 -0.29085487
223 2.2799087 1.9288454
408 0.85090303 0.090646364
264 0.74870616 -0.10261854
477 1.9484968 1.5781647
213 3.4124565 -4.4593153
433 3.9605289 -5.0989785
48 1.859797 -1.9365215
407 4.653027 4.639445
200 0.8850522 -0.013051548
352 0.8650609 0.1086345
112 3.353533 -4.1648374
157 3.4237561 -4.487751
293 5.559084 5.394582
31 5.581503 5.380247
9 2.252201 -2.5066807
274 3.4534435 -4.3274217
34 2.1457598 -2.333091
319 1.9520267 1.5717999
338 5.65541 5.4947047
245 1.2385534 -0.3313233
315 1.205534 -0.31836858
303 1.241557 -0.51259184
83 0.75142336 -0.009448015
0 2.2104402 -2.4238758
265 3.5005214 -4.392145
435 3.3755403 -4.087353
453 2.0533051 1.6671829
399 3.2638986 -3.9590588
410 3.7420034 -4.902005
127 4.695912 4.675041
447 2.1505573 1.6206394
417 3.3414032 3.4026077
288 0.8492378 0.0706944
228 1.0826919 -0.70155233
396 3.5844507 -4.6907043
135 0.9029133 -0.0072431634
160 0.82206506 0.06942818
383 2.0667722 1.5829428
395 1.7195559 1.0980978
454 1.2899462 -0.54355663
414 3.2425866 2.8658595
60 1.0919919 -0.7171711
357 4.54451 4.5163383
197 1.6788888 1.029531
494 2.076512 1.6985734
94 3.387201 -4.2615995
312 1.0787035 -0.7161123
210 5.4963903 5.2989817
402 5.3812118 5.2228456
242 1.2878145 -0.49684268
249 2.0432544 1.6195426
16 2.20441 -2.4382606
18 0.8324932 0.027514135
195 1.058165 -0.7235733
275 0.9932318 -0.59047896
490 3.3882816 3.4608986
461 3.3691254 -4.087092
89 5.6762133 5.4779034
478 3.2701845 -3.9451406
164 0.8843936 -0.040943675
462 1.2172345 -0.3159097
272 1.8231921 -1.888933
307 1.2224474 -0.31508392
424 1.7277291 1.1159123
452 5.298643 5.120811
201 4.346573 4.362044
111 3.1462367 2.7601151
233 1.0251776 -0.649083
479 1.1915802 -0.319187
427 3.3624601 3.4174683
482 3.9406934 -5.0897393
153 5.3577895 5.204381
261 0.8645546 -0.0613903
473 1.2131821 -0.29515532
224 3.2653444 -4.0540094
74 0.8713443 -0.002860989
193 1.0891819 -0.70235944
290 0.85566676 0.09774955
364 3.423081 3.4844208
509 3.9243164 -5.0274324
165 0.8637973 0.13509694
459 3.5496264 -4.6462483
289 0.83505875 0.08117425
36 2.1778524 -2.430508
451 3.4917574 -4.565416
335 3.1997457 -3.8740003
380 1.2905942 -0.32106012
394 5.4124618 5.259686
483 3.398327 3.4451702
419 3.1348934 2.773241
378 1.2293185 -0.31985024
356 4.9964952 4.8186636
464 5.049466 4.8873644
341 1.2958547 -0.50779754
38 3.173202 -3.9704704
496 1.7016256 1.0435679
258 0.8577531 0.13226062
232 0.8671713 -0.0324667
154 3.096699 3.1587958
336 1.9416491 -2.0920331
499 2.106652 1.7476641
58 1.0265492 -0.6251828
177 1.278194 -0.5057731
129 1.544553 -1.5399029
211 3.0290246 -3.7962983
497 4.4814396 4.46977
401 1.771689 1.1377163
140 0.9008319 0.016104216
2 2.1996589 -2.4306548
457 3.779891 -4.8696733
299 1.6632832 1.0683618
149 2.9916177 3.058048
50 0.85325754 0.11336167
381 1.9403499 1.5288774
178 1.6764662 1.08175
349 4.9495754 4.7965927
445 2.398363 2.076673
387 4.9023266 4.733797
152 1.0238096 -0.6390222
124 2.7383232 2.390939
257 1.0857642 -0.71935725
504 3.712237 -4.7745852
76 0.8383758 -0.42149174
436 1.7031143 1.073998
292 0.7188157 -0.07985166
434 3.7522433 -4.862382
369 1.28999 -0.48763564
318 1.9663274 1.5326847
460 1.2370447 -0.53410226
393 3.2353384 -4.076986
332 3.162391 -3.9500673
234 0.9268117 -0.5547483
430 3.3303561 -4.384926
204 1.3617642 -0.50308245
350 3.2108035 3.2620947
207 1.2013805 -0.30499205
412 3.230853 3.3163102
79 2.6808631 -3.2333295
4 2.04201 -2.2366428
493 2.8923564 -3.4870799
404 3.070641 -4.0289965
486 2.8100882 -3.3872032
441 3.1024716 -3.9840198
507 2.2141318 1.6843845
446 2.9609895 -3.9102404
276 1.5717645 -1.5406754
463 1.7023216 1.0277877
439 3.005986 -3.9095368
354 2.699608 -3.3957872
398 2.8077347 -3.6788783
476 2.5464573 -3.0466871
