512 2
220 -0.27784806 -1.2057445
45 -0.30604196 -1.2399957
222 -0.28458264 -1.2094609
15 1.8119545 -1.123712
78 0.085759655 -0.8777853
132 -4.4629426 -6.7930093
217 5.673681 -2.8073692
48 -3.4212906 -5.2570195
136 -3.284053 -5.0193453
119 1.5148442 -1.1671307
89 5.516946 -2.8688395
94 5.7948017 -3.0178206
59 7.1467113 -3.4952285
305 0.09269515 -0.8566485
46 0.08972472 -0.85398656
225 5.804889 -3.011029
144 -3.2046192 -4.902456
103 -0.31016228 -1.2470739
25 -3.1675029 -4.8210692
86 5.8390107 -3.0342603
292 -4.425927 -6.743813
143 1.937035 -1.1767687
165 5.8292456 -3.0383523
185 5.8901234 -3.0701435
248 1.1572275 -1.0124915
241 -0.26387116 -1.2043799
199 1.178149 -1.0062846
55 -0.2981381 -1.227513
11 0.53493917 -1.036184
152 0.16032077 -1.0495465
275 1.1448362 -0.9992555
244 5.52556 -2.7185514
334 1.1815921 -1.019769
115 5.465415 -2.6993194
187 -0.53664255 -1.4052932
19 -2.919836 -4.453173
252 5.6231627 -2.932868
39 0.09183279 -0.84000474
189 7.146717 -3.4931371
193 -4.4383283 -6.7619905
443 -0.5412406 -1.4260167
333 5.423789 -2.6758993
214 -0.5560529 -1.4204698
68 0.09171288 -0.86870915
82 -3.17383 -4.808133
232 1.6190337 -1.0333998
343 1.4705856 -1.1643932
294 1.4504029 -1.1408541
309 1.1641167 -1.0367367
341 7.1723986 -3.507184
502 -0.532486 -1.4191877
229 1.5660373 -1.0063175
234 5.470611 -2.6934617
324 -3.2391603 -4.9492345
302 5.5975494 -2.9170904
163 1.922419 -1.1814498
224 -4.2424855 -6.4475074
337 5.6863704 -2.7813585
267 5.2449656 -2.738808
332 5.4083333 -2.6711295
325 5.5102158 -2.868616
149 1.9024194 -1.182649
304 -3.0656557 -4.640068
401 5.1791015 -2.7137003
322 0.07894189 -0.8609177
306 1.9859402 -1.2218009
133 0.5432634 -1.0455922
404 -4.343516 -6.616089
447 -0.64639574 -1.5207919
466 -3.1991856 -5.449644
93 7.123095 -3.5103195
369 -0.46108392 -1.3668935
75 1.1627393 -1.0119433
27 7.2291217 -3.5392113
247 -0.2724645 -1.1898494
355 1.8960601 -1.1705464
109 -0.2755707 -1.178535
61 -0.55008036 -1.4206272
233 -0.29454195 -1.2332336
240 1.9465926 -1.2082134
188 5.342693 -2.6299644
299 0.93900514 -1.0670737
191 -3.2001655 -5.4485984
203 7.2827835 -3.5614493
141 0.53613406 -1.041408
18 -3.5435002 -5.571382
329 1.1535658 -1.0067564
361 1.626275 -1.0336754
427 1.4459407 -1.154137
182 -0.42337623 -1.3292841
313 1.8785117 -1.1580875
417 5.132644 -2.6835673
459 -3.209621 -5.464569
201 0.17355357 -1.0455836
117 0.53186154 -1.0418978
1 -3.7902606 -6.073406
28 0.5245705 -1.0450836
493 -0.5184459 -1.3870049
23 1.904176 -1.1804622
215 0.5312846 -1.0430901
356 1.188634 -1.0435066
99 5.864681 -3.0565927
219 7.0588984 -3.4644377
415 -0.40690133 -1.332487
303 7.086009 -3.4694068
295 5.3146486 -2.61762
71 1.0305252 -0.9939364
308 0.5378036 -1.0279872
450 0.18009177 -1.0509634
24 -3.5391133 -5.6409745
373 -3.3440034 -5.6838117
153 -2.9329963 -4.4683084
231 -0.28127563 -1.2158802
358 1.4630147 -1.164755
274 -3.3552098 -5.2636924
339 7.0806766 -3.4646838
285 7.077176 -3.460305
32 -3.6166337 -5.8027334
108 5.2277207 -2.7290838
154 5.3580203 -2.641646
73 -2.9809225 -4.5373464
51 0.9962742 -0.9630184
317 0.90705884 -1.0450418
159 5.341697 -2.6383736
69 5.4609427 -2.6820743
105 0.9316932 -1.0616308
321 0.16653569 -1.0719986
7 -3.077718 -4.7074337
17 -3.5244615 -5.555649
227 1.8929437 -1.1799589
349 -2.9607236 -5.087822
230 -0.27391303 -1.2360067
120 -4.2501445 -6.4706736
204 1.1576326 -1.0249172
367 -3.2074938 -5.4434624
374 -0.36739397 -1.2216072
62 -0.5840052 -1.4260236
137 -2.9102802 -4.448133
323 0.54176587 -1.0300592
156 1.6470947 -1.0333289
318 6.9939866 -3.4201834
237 1.6182845 -1.019049
368 -3.1366305 -5.3554792
20 -3.0789366 -4.696452
111 1.4211558 -1.1345179
257 -3.464713 -5.474376
288 -3.065968 -4.690278
110 1.6187861 -1.0041934
510 -0.50456864 -1.3415934
6 -3.5739472 -5.691214
499 -0.60987955 -1.4740835
350 1.4451988 -1.1557409
166 6.9639688 -3.4017286
497 0.90958387 -1.0454226
206 6.910844 -3.3773642
148 -3.2659366 -5.0373936
177 5.656308 -2.9584959
456 0.9380575 -1.0603261
43 5.543355 -2.8905044
128 -3.4511037 -5.430068
205 -0.27340117 -1.2114682
151 -0.27798846 -1.1894099
387 0.53040826 -1.0327309
310 1.4056116 -1.1363221
183 6.9674807 -3.4009554
33 -3.6178606 -5.8148317
122 -3.1486855 -5.378935
246 0.9438315 -1.049608
481 7.091869 -3.4618413
460 -3.3532305 -5.6941905
172 -4.219602 -6.4142733
506 -0.28496003 -1.2289118
410 -3.1476378 -5.3891506
72 -3.1341 -4.8496437
186 1.1539687 -1.01307
139 1.1520029 -1.0278887
474 0.9071011 -1.0380929
511 -0.61308277 -1.4952264
140 -4.1587834 -6.3130503
353 -4.2054257 -6.403421
328 -3.1828442 -4.9052157
253 -0.7759936 -1.749087
22 0.16556877 -0.92637277
173 6.8839016 -3.3634086
336 0.16492918 -1.0122287
425 1.4567678 -1.1797677
509 -0.27023807 -1.1722105
331 -3.3133993 -5.6547513
26 -2.9787948 -4.566185
146 -4.021191 -6.123795
223 -0.40402442 -1.3202713
124 5.4744515 -2.8658488
236 1.1870784 -1.0022503
179 5.597487 -2.9214685
112 -4.2928433 -6.5328107
392 -3.1239312 -4.745064
364 -0.53366536 -1.4210877
171 5.291265 -2.6142802
12 -3.4935908 -5.590774
90 1.1659291 -1.0054584
5 -3.4591534 -5.4979463
138 -4.0611005 -6.176215
83 -4.206922 -6.3901443
41 -3.282356 -5.1675234
164 5.5387645 -2.900948
301 6.8952203 -3.3574917
272 -3.4068058 -5.4130163
315 -0.27698678 -1.2095076
386 -3.5031717 -5.5729403
469 -0.59460956 -1.4646516
242 0.080600575 -0.8635965
4 -3.666264 -5.8996806
50 -3.7527661 -5.7016354
260 -2.8736682 -4.387567
491 -0.277118 -1.2113546
382 -0.813493 -1.8102176
245 -3.0684178 -5.224353
363 -3.3180661 -5.622814
216 -3.9028537 -5.9355288
36 -3.6293387 -5.8241477
31 -0.24668978 -1.191837
209 5.388421 -2.656767
79 0.94787 -1.057843
123 1.4897724 -1.1647545
483 7.013146 -3.4351187
416 0.51021296 -1.0191936
423 -2.8249311 -4.879165
251 -0.607103 -1.4815034
346 5.934527 -3.076734
312 5.7831244 -2.9943578
463 -0.7687482 -1.7544429
80 -3.3327682 -5.240468
291 -3.833307 -5.838715
213 1.1663437 -1.0228236
64 -3.627327 -5.832355
359 -2.8702714 -4.9575357
298 0.12584434 -0.8329136
403 1.75575 -1.0494115
135 5.5106673 -2.8832037
379 -0.7027948 -1.6131018
389 0.09100434 -0.8637181
422 5.73783 -2.983459
88 -3.052761 -4.6366057
194 -3.0758204 -4.773655
490 -0.24797876 -1.0859219
8 -3.5527418 -5.7256856
221 5.308969 -2.5971127
207 -0.23359293 -1.1279356
375 -0.49730346 -1.3490881
311 -0.5920332 -1.449841
168 -4.0348287 -6.149565
492 1.4246986 -1.1462461
406 0.53283113 -1.0328224
286 0.91968095 -1.048028
113 1.9652977 -1.2176064
395 7.093511 -3.4762607
384 -3.6562238 -5.8623686
158 1.156887 -1.0278357
380 5.509522 -2.7070267
372 1.3950882 -1.1131798
142 -3.8935676 -5.9200506
60 4.522405 -2.3896673
192 -2.8376918 -4.3257704
280 4.8188353 -2.5359044
290 -2.7099407 -4.11702
56 0.17967092 -1.0262514
433 2.0080245 -1.2401471
429 -0.6136598 -1.4877802
409 1.1693778 -1.0210531
385 0.53940046 -1.0465845
126 2.000473 -1.2351649
448 -3.9628925 -6.0189266
114 -3.8755443 -5.8940926
184 -0.22068584 -1.1595825
42 0.11500298 -0.85077256
399 1.5877162 -1.0029442
13 -3.706575 -5.6384645
145 -3.0558314 -4.710001
175 -2.9083397 -5.00544
70 0.101607434 -0.8721457
484 -3.0445752 -5.204037
348 1.9634684 -1.2051678
121 0.91064644 -1.0518683
394 5.478409 -2.6979313
371 -0.2869175 -1.2229296
488 1.4541361 -1.1544936
95 -0.24747123 -1.2072217
496 -0.29233456 -1.2301573
482 1.1884793 -1.0347413
255 -0.6119546 -1.5084064
30 5.292506 -2.603604
330 0.15329996 -1.0499074
14 -2.9074864 -4.4438343
258 -3.070722 -4.7956767
34 -2.8841357 -4.3849883
362 5.4762335 -2.8545184
495 -0.6869752 -1.6087224
180 5.1775503 -2.7258966
432 -2.9638834 -4.5092363
85 1.1777475 -1.0220686
74 -4.118606 -6.2444696
96 -3.3493063 -5.3147435
347 1.5532066 -0.9886464
181 -0.4046515 -1.256644
508 1.4419827 -1.1413133
76 5.205323 -2.7319062
235 0.93387276 -1.0244714
40 -3.667588 -5.571135
388 0.18056309 -1.0179638
92 5.2162595 -2.725708
87 5.256626 -2.753274
134 -2.7029948 -4.126718
282 -3.1655831 -5.390768
297 0.17909811 -1.0096622
63 5.1393533 -2.5228581
21 0.22085574 -0.4361704
170 0.5556275 -1.0523202
91 6.354269 -3.107368
29 4.356998 -2.2947733
271 -0.53963965 -1.3971167
174 -0.29373845 -1.2498733
167 -0.26423222 -1.1849682
434 0.91751564 -1.0486484
441 5.2718935 -2.592032
161 0.14946225 -0.9963461
470 1.4128252 -1.1460315
354 -3.7902079 -5.7756824
84 4.5222034 -2.3834298
320 -3.3359144 -5.255217
360 4.536719 -2.3937855
3 -3.248406 -5.13326
283 -0.64648545 -1.529035
345 5.5323043 -2.8860998
319 1.4653245 -1.1546358
439 -0.2624932 -1.2062999
195 4.4905524 -2.3850656
455 -0.6734157 -1.5568098
465 1.5613267 -1.216085
65 -3.4431858 -5.561015
284 0.9474336 -1.0418549
277 0.19358958 -1.0288825
471 -0.24856967 -1.2284825
307 -0.27621564 -1.2342275
402 1.1876789 -1.0292969
160 -3.382202 -5.4043465
457 1.6853089 -1.0601188
127 -0.40843734 -1.3236406
467 5.316644 -2.591572
37 0.54570884 -1.040422
2 -3.4715807 -5.580011
196 2.0177014 -1.2286929
487 -0.6659632 -1.5454223
35 1.989135 -1.2203609
150 0.17115729 -1.0148335
454 2.0502982 -1.2492497
383 -0.74991226 -1.7111112
400 -3.623957 -5.524361
16 -3.4228418 -5.4991355
436 0.9098092 -1.0391341
287 1.5165468 -1.1780251
107 1.4743915 -1.1604451
486 6.7843237 -3.3101614
77 1.5867406 -0.99077624
54 5.258284 -2.7393768
44 4.653957 -2.444985
58 1.96854 -1.2172291
314 1.1283036 -1.0207719
420 1.2290903 -1.052871
485 -2.9977324 -5.1435547
279 0.5558642 -1.0594258
261 -3.719052 -5.6422024
67 -3.6761954 -5.5848117
501 -0.5914075 -1.4920427
243 -0.3063943 -1.2405682
239 -2.7567031 -4.7658587
130 -3.3252428 -5.361055
391 5.265419 -2.589659
413 5.228096 -2.5717828
66 0.13325989 -0.8168141
351 -0.77593493 -1.7632409
212 0.5379781 -1.0353978
102 0.1250433 -0.8067856
250 4.969549 -2.4508607
414 -0.5860266 -1.4479402
125 1.4587184 -1.1442801
453 5.397652 -2.815466
418 6.583746 -3.2194824
254 -0.60984695 -1.4809506
452 1.5737668 -1.0044029
97 1.5618349 -1.0025489
268 0.15232642 -0.8057922
476 -0.5282781 -1.4102843
263 -2.653848 -4.042322
300 5.3348923 -2.7767422
451 0.9065884 -1.04474
211 1.5990287 -1.0294158
104 0.17067268 -1.0096849
289 -2.9328778 -4.5282483
269 4.658539 -2.4502103
437 -2.8696907 -4.936613
438 5.1300335 -2.5162694
259 -2.709723 -4.1381083
398 1.539373 -0.9859152
478 -2.5853097 -4.464306
468 6.3467526 -3.0929937
198 0.5495922 -1.0430603
326 5.2173038 -2.7167208
38 -3.6022704 -5.4820147
390 0.1984105 -1.01684
378 1.2104926 -1.0388874
278 3.791611 -2.037761
327 0.5513502 -1.0584501
276 1.5654233 -0.9969328
57 1.5031278 -0.9638672
489 -2.9800203 -5.0979147
411 5.0877433 -2.5175042
376 6.37028 -3.1207676
442 1.1647964 -1.0437142
47 4.584645 -2.2416751
357 1.2111259 -1.0453806
479 -0.6005801 -1.4624035
169 1.1227287 -1.0044186
405 5.0040593 -2.4674308
396 0.55677694 -1.0426959
445 -0.28147012 -1.2157304
53 4.2151566 -2.228963
131 0.19232132 -1.0121673
162 -2.6228378 -3.983179
435 1.3553735 -1.1176697
472 -0.4822934 -1.4024531
428 5.229724 -2.717706
475 -0.7888432 -1.7650684
370 5.26922 -2.7498977
270 4.3587685 -2.2988746
338 0.1006264 -0.8698743
264 -3.571514 -5.433093
340 0.54189456 -1.0533828
477 -0.76936156 -1.7464453
500 -0.29621786 -1.2244503
226 -3.620106 -5.4965315
293 0.15468436 -0.98957646
461 -0.30934775 -1.2535757
266 5.221649 -2.7305396
498 -0.53904283 -1.4187495
10 -2.7277825 -4.184584
431 -0.6612554 -1.5249182
262 2.0168817 -1.2438562
464 1.0895829 -1.0086213
208 -2.6081877 -3.9462173
202 -3.5476737 -5.4007983
273 -2.7629926 -4.209018
366 6.3926682 -3.123335
412 -0.6145863 -1.489375
129 -2.7932034 -4.2814727
155 5.7389417 -2.793137
421 1.2181015 -1.065191
218 5.8866115 -2.851059
210 -3.6818612 -5.627021
101 2.0785418 -1.2678202
178 0.18364404 -1.0104265
419 5.0517898 -2.6409273
147 0.91172636 -1.0398211
344 5.0473213 -2.6536806
397 -0.65376526 -1.5414143
106 4.2337017 -2.0876663
440 6.0127177 -2.9265015
462 2.1170602 -1.3119043
365 -0.6474721 -1.5245398
197 0.9265078 -1.0604763
503 -0.57915264 -1.4881475
116 0.16237205 -0.97652626
157 4.691546 -2.4660223
316 2.1777735 -1.3380102
9 -2.658927 -4.057166
238 1.6647718 -1.0647285
228 0.5389717 -1.0452048
504 1.4413717 -1.1505816
100 4.162845 -2.2075515
52 0.14532004 -0.8104468
81 -2.7623994 -4.249181
98 -2.6303086 -3.9906547
281 0.9475955 -1.0592059
256 -3.058437 -4.9391494
49 0.15766177 -0.9842076
377 4.736533 -2.3185163
0 -3.0838757 -4.9691916
407 -0.26563272 -1.1778736
190 5.5750985 -2.7185037
118 1.4586005 -1.14882
473 4.5624523 -2.2453432
381 4.6311655 -2.2614925
480 1.6569424 -1.0186746
494 5.986853 -2.914509
426 4.6456747 -2.2679148
342 5.4276047 -2.6378903
430 -0.16101617 -1.1061319
446 4.5509887 -2.3941326
352 2.1224597 -1.3109852
176 -3.1666028 -4.8231473
507 -0.1842841 -1.0770496
296 0.122000225 -0.8724311
249 -0.27720714 -1.241899
458 -0.30747157 -1.2590603
449 0.106955186 -0.90408254
265 -2.3743017 -3.60412
200 -3.0626612 -4.664238
408 1.1555183 -1.0554407
444 -0.23881817 -1.1672233
505 4.432217 -2.1651042
335 -0.3416968 -1.1655976
393 4.706151 -2.2919512
424 3.8087637 -2.0031512
