512 2
272 -0.8894775 -0.54234725
322 -0.9003733 -0.5400404
50 0.5712416 -2.6442761
248 -5.4219985 -0.5931722
253 -6.169685 -0.9046056
67 1.8601203 -8.09222
46 0.1378731 -2.0033429
53 1.5680414 -6.741991
281 0.012921938 -1.0536246
16 -0.91309386 -0.52875894
108 0.13503154 -2.023535
189 -7.137056 -0.8035605
14 0.1930994 -1.4730198
51 0.5295301 -2.5033474
146 -0.8910739 -0.5485881
351 -6.1740084 -0.89969504
207 -6.4150605 -0.71510416
84 1.8420227 -8.002573
99 0.14363903 -2.041652
471 -6.128674 -0.90728605
73 -0.90650403 -0.51858777
122 -0.6042333 -0.63582826
212 -0.5921113 -0.6199064
292 2.0178494 -8.762341
158 -2.2563987 -0.4032709
11 0.5546638 -2.5763695
65 -0.832979 -0.58962893
155 -5.208911 -0.5739122
117 -2.2984374 -0.3083672
233 0.6892666 -3.8924782
275 -0.39303175 -1.0132875
365 0.55328107 -3.3347569
21 1.0555577 -4.4956226
241 0.62947655 -2.8319829
389 1.9742199 -8.560456
5 -0.9063682 -0.5389776
20 -0.66708106 -0.6621342
157 -5.249631 -0.5782562
83 -5.5820293 -0.5868903
359 -6.389593 -0.73395437
185 1.4937301 -6.8523054
323 -0.39706847 -1.0065842
335 -6.9630666 -0.76144546
436 1.3593279 -6.3232107
166 -0.4073902 -1.0041531
82 1.8763654 -8.090991
180 -0.56532294 -0.64786595
93 1.5532517 -6.64654
279 0.8103252 -4.532954
468 -1.0885385 -0.4235014
434 -1.6583203 -0.43278745
321 0.04560438 -1.1575423
251 -5.781988 -0.8645677
225 -0.8511483 -0.49610355
375 -7.0911436 -0.8045061
80 0.53438216 -2.5123043
85 -0.01034008 -1.0648017
349 -5.6205525 -0.64095396
214 0.9521423 -4.948498
456 -5.63279 -0.61432713
278 0.009350018 -1.1007668
109 -6.6685996 -0.74510527
201 0.25708622 -1.5518221
194 0.25807843 -1.5462146
467 -1.5418521 -0.4477588
422 0.5720265 -3.4614508
36 0.53383285 -2.5484817
240 -0.8607091 -0.5006737
409 -5.4099917 -0.6180735
226 -0.92623955 -0.48655245
442 -6.545963 -0.7366415
303 -6.4002094 -0.70907617
104 0.5963305 -2.6316469
327 1.9549519 -8.49753
131 -0.4732888 -0.67833084
423 -7.1557283 -0.92456543
306 -1.0898788 -0.48519617
424 -1.0709174 -0.4544135
501 -5.9256477 -0.8711602
446 -6.716184 -0.7509518
42 -0.83543336 -0.59157205
43 0.69786406 -3.9378421
475 -5.1019917 -0.5920537
299 -5.902292 -0.62433475
118 0.84300363 -4.5767646
444 -6.233812 -0.9190892
401 -1.0602895 -0.4630607
183 -7.367836 -0.9014684
15 0.45914537 -3.071463
176 -0.39079317 -1.0009174
95 -7.18943 -0.92492473
74 1.8665774 -8.070336
289 -0.8942271 -0.5310593
398 1.4781988 -6.784925
431 -6.331098 -0.91762984
282 -1.0056883 -0.43529794
162 -2.3991575 -0.32293
192 -0.032384187 -1.0475447
151 0.64667445 -3.735882
147 1.9972812 -8.65228
220 -1.6537361 -0.4512123
10 -0.8157639 -0.57626975
0 -0.890581 -0.5130741
414 -6.6995397 -0.7418731
191 -5.5497875 -0.84033644
119 -1.6786709 -0.41150934
339 0.79804343 -4.453644
391 1.4544325 -6.745306
269 1.954203 -8.56729
379 -6.229043 -0.896384
259 -0.6257577 -0.6752827
350 -6.870191 -0.76114076
12 -0.16259246 -0.8618125
313 0.11466218 -1.9081897
81 -0.43698803 -0.69297266
265 0.64027655 -2.870047
239 -6.0841713 -0.890268
357 1.4324119 -6.59845
345 1.461001 -6.740321
57 0.47842246 -3.0760524
447 -5.1556807 -0.8038368
439 -5.934683 -0.87392014
388 -5.79336 -0.6117446
178 -5.195016 -0.58440316
110 -1.4492579 -0.44026142
34 -0.86860573 -0.5677486
328 1.5507945 -6.6308317
466 -5.718982 -0.6265932
134 -0.22134726 -0.8007176
377 1.3144855 -6.0561886
190 -6.9482527 -0.8857886
260 -0.7707127 -0.62691504
234 0.6659986 -3.8252678
316 0.7778902 -4.3929477
114 -0.44396704 -0.84192383
256 -0.898524 -0.5373898
62 0.8313271 -4.6085987
358 -1.6346176 -0.4308083
255 -4.762479 -0.7965089
295 0.7977622 -4.4034567
334 -4.059909 -0.5025404
89 -0.40392405 -1.007707
470 -7.2287564 -0.90188473
86 0.5500626 -2.5136545
211 -1.4645798 -0.43632865
410 1.468263 -6.805318
123 0.54148036 -3.2906446
477 -6.0077024 -0.87085706
200 -0.38018894 -0.73008186
202 -0.43895563 -0.8471381
317 0.6988056 -3.9396286
3 -0.9244356 -0.5311677
106 1.7862977 -7.7825274
26 1.7840497 -7.7111297
371 -6.024834 -0.8842726
318 1.4409006 -6.6561327
101 1.7607167 -7.61179
91 0.8084486 -4.416509
9 -0.88361347 -0.52537316
399 -6.010137 -0.865648
411 -6.189989 -0.6803166
163 -4.218943 -0.4972927
18 -0.88700867 -0.51208705
31 1.4200647 -6.5031624
6 -0.901391 -0.51310545
287 -7.2464933 -0.83774835
237 -6.053043 -0.87824744
506 -6.959802 -0.7834134
252 -6.652628 -0.75191903
111 -6.8162565 -0.7494058
267 -4.1423173 -0.47950795
195 -0.3929026 -0.71589434
17 -0.9137583 -0.53583795
312 -5.8854904 -0.6226423
432 -0.40136975 -0.9964174
228 -0.3796439 -1.0558804
347 0.7285668 -4.023807
76 -0.63144505 -0.6738853
486 -6.6279564 -0.74882454
311 -7.3689113 -0.88620514
148 1.5047271 -6.4791555
465 -1.0873361 -0.43377852
198 -0.8932666 -0.4881206
307 -0.67176145 -0.57927555
427 0.73786664 -4.0902104
250 -5.4210825 -0.62366354
218 -0.45802143 -0.7891703
238 1.4324104 -6.585396
362 1.450805 -6.6893024
179 0.80757517 -4.473049
330 -3.6740808 -0.45249987
63 0.70660394 -3.998566
186 0.121808484 -1.9483814
430 -7.4557767 -0.9174776
492 -1.6215189 -0.41968888
142 0.79913515 -4.413854
367 -6.2941513 -0.85158795
497 -6.1244326 -0.6870319
263 -5.553252 -0.59769976
88 0.5568385 -2.631324
274 -0.36052293 -1.0647732
196 0.286434 -1.6999723
231 -5.733782 -0.8504099
141 0.14343041 -2.0460973
60 0.92014855 -4.7501655
40 -0.63496083 -0.66279256
235 -2.201952 -0.3869143
249 -4.955323 -0.5705534
135 -0.41183776 -0.87519544
308 -0.6433953 -0.60584545
337 -0.40781522 -0.96157694
374 1.4501759 -6.6435847
509 -4.6424074 -0.7685919
153 -0.023318037 -1.0671837
154 1.8901051 -8.253336
25 0.19879596 -1.4649087
463 -6.319299 -0.87440515
310 -5.6794543 -0.59132636
223 -6.00277 -0.8887874
133 -0.20009401 -0.8272414
92 1.4146667 -6.508704
143 0.13707075 -2.0330796
126 -3.8421993 -0.500104
319 -5.328215 -0.8144571
132 -0.87554353 -0.49486727
219 -1.6073714 -0.4548433
79 0.7774451 -4.4053197
61 1.4564847 -6.670722
96 -0.9130325 -0.5082633
156 1.3451198 -5.771898
103 0.15825269 -2.1331599
197 -0.4312144 -0.8443959
402 0.13952541 -2.0139499
283 -7.280246 -0.906617
363 -6.692859 -0.7427522
479 -4.798208 -0.79049075
435 -4.9953127 -0.5637911
483 -3.8938587 -0.48479277
221 -1.127448 -0.3960172
59 0.11919187 -1.9746081
49 -0.8326913 -0.5868127
230 0.13484354 -2.0407336
115 0.80211705 -4.346063
33 -0.41281083 -0.6731193
361 0.14397454 -2.0638463
309 0.65510726 -3.7842882
412 0.5037322 -3.204336
288 -0.8040242 -0.6066676
173 1.297659 -6.0780516
184 -0.06052788 -1.049804
291 -0.36715472 -1.068851
301 1.0647342 -5.224695
487 -6.036726 -0.86938894
175 -3.9088907 -0.48257712
300 1.45204 -6.236771
149 -0.38641804 -1.0076488
277 -0.37268332 -1.0564283
437 -6.5243335 -0.7242987
457 1.433023 -6.537048
271 0.9257515 -4.6633105
336 0.62118894 -2.7915063
170 -0.45454943 -0.815263
490 -7.158709 -0.9210459
113 0.16579433 -2.1529708
217 0.78148365 -4.3873606
285 1.4101412 -6.515903
320 -0.8875683 -0.511215
199 0.1369982 -2.0233505
78 -0.46118933 -0.68296957
482 -1.5474883 -0.42169756
441 -6.689015 -0.7295844
386 -0.12787423 -0.9744828
35 -0.7979019 -0.6297276
276 -0.7839461 -0.62065625
298 0.13988517 -2.0104454
453 -1.0811372 -0.47026682
56 -0.232779 -0.79418427
461 1.2569827 -5.8340416
44 -0.6129281 -0.6631393
498 -4.1040683 -0.5099283
209 -0.4456887 -0.8159326
165 -1.0014806 -0.42978197
171 1.2206849 -5.718193
294 -0.4601864 -0.7965141
314 0.60118645 -3.5395517
105 0.6377878 -2.8217268
39 -5.0729275 -0.5541593
491 -5.3285956 -0.8235524
130 -0.7867747 -0.6284386
403 -1.6856052 -0.4051418
41 -4.7263436 -0.5318689
390 -0.46466133 -0.81046945
384 -0.62909144 -0.666884
70 -0.39589086 -1.0240933
419 -3.4248025 -0.40567896
393 0.12389539 -1.9208914
494 -5.230238 -0.8126707
368 1.5908861 -6.848756
454 0.14881973 -2.0393438
177 -0.39725322 -1.0087742
205 -1.3804392 -0.43408835
262 -0.5872421 -0.63065785
160 -0.45077735 -0.6604624
352 -0.4072941 -0.7159452
451 0.919611 -4.668669
297 0.68976504 -3.030607
244 -4.2926245 -0.5043149
284 0.62415415 -2.8182695
172 0.28222543 -1.7231258
102 -0.1984924 -0.88085663
280 -0.4685984 -0.78769505
8 -0.87236476 -0.48853382
338 1.8918592 -8.167572
45 -4.694788 -0.5266002
258 -0.9003395 -0.5177607
341 1.5500424 -6.7386603
273 -0.14240855 -0.9385725
324 0.055511825 -1.1538835
418 -5.6482186 -0.60296655
455 -1.6769576 -0.4255981
333 -5.7728696 -0.61422294
372 1.3986502 -6.517785
315 0.9172377 -4.6125517
224 1.3324311 -5.710843
415 -4.643045 -0.76371217
27 -0.9555567 -0.45851082
348 0.56569314 -3.4561408
127 -5.9499106 -0.84830076
329 0.11977089 -1.989766
397 0.7094449 -3.9354768
52 1.4188904 -6.115636
48 -0.641216 -0.66491544
64 -0.91631764 -0.5344512
450 1.359616 -5.7852306
116 0.64463204 -2.8730645
355 -4.4598365 -0.5022005
161 -0.62847924 -0.6723317
138 -0.78282124 -0.6451914
290 -0.37357944 -1.0916878
216 1.8343894 -7.974137
55 0.22851221 -1.7689997
332 -0.40829036 -0.97189605
75 -0.37349603 -1.0479959
72 -0.82010293 -0.5937794
480 -5.842899 -0.6194133
485 -7.000032 -0.79195625
380 -5.4090443 -0.6186826
215 -6.182119 -0.85735476
326 0.32398394 -1.8162718
407 1.2042416 -5.685129
19 -0.49669215 -0.6877918
236 0.9319988 -4.770705
382 -6.8377943 -0.8793203
206 1.2768657 -5.912263
429 -6.8726974 -0.8601081
508 -5.924531 -0.8696112
66 -0.8248161 -0.47556722
128 -0.89050925 -0.5072401
443 -5.6564784 -0.84443295
383 -4.6819468 -0.7604821
385 1.8364177 -7.9370713
129 -0.735849 -0.63510364
331 1.8701988 -8.121521
139 0.36955306 -1.8849658
378 -1.6244932 -0.42688525
22 -0.7412918 -0.62130255
168 1.8409829 -7.975739
150 1.4229496 -6.1086984
32 -0.89181703 -0.508611
261 0.6301998 -2.847384
395 0.7626653 -4.2624593
87 -1.4119191 -0.4464691
203 -0.47316563 -0.7792674
69 0.0064457236 -1.0833942
449 -1.0297562 -0.4645004
469 -1.5459298 -0.4409131
187 -6.885917 -0.8449666
266 -0.607655 -0.6727362
193 1.8204963 -7.9112105
495 -4.653569 -0.7661672
140 -0.7138644 -0.63287425
264 -0.6602947 -0.6676257
94 -0.445547 -0.856209
169 1.331572 -5.7169037
227 -3.6947544 -0.46518284
7 0.52287555 -2.459002
376 1.2945079 -5.9744205
100 -0.36721164 -1.0922624
71 -0.01933454 -1.092348
182 -4.952757 -0.54007393
245 -5.9405956 -0.85252863
356 0.7529042 -4.2473416
510 -4.6749454 -0.7592525
257 -0.19571002 -0.88377464
229 0.36488932 -2.5763571
97 1.2931365 -5.5550995
493 -5.9260297 -0.8357005
416 -0.7690034 -0.6291507
460 0.1343174 -2.0518863
28 -0.2220175 -0.83324355
247 -4.978627 -0.7844843
476 -5.544111 -0.6398346
246 -1.6386403 -0.46615463
440 -0.6480524 -0.60689795
488 -1.0378258 -0.476022
181 0.8007678 -4.185823
381 -5.6754427 -0.8350598
500 -5.945778 -0.65364283
270 -0.45817772 -0.8157679
406 1.3507326 -5.775961
124 -0.7962597 -0.5015009
47 1.2905936 -5.997978
144 -0.79295695 -0.60270226
136 -0.85892874 -0.5010249
496 0.15391822 -2.089047
268 1.2566081 -5.371891
304 0.38489145 -2.0311005
504 -6.411428 -0.8623988
222 -4.7641473 -0.5484457
433 0.42919025 -2.8512695
452 -0.68960196 -0.5579825
408 1.4332193 -6.1748724
464 0.0481542 -1.1808016
98 -0.75568616 -0.62420654
340 -0.40599415 -1.0002794
387 0.13472326 -2.0319736
360 0.70475113 -3.0191946
420 1.4902529 -6.4490986
37 -0.59426373 -0.6627079
505 -5.187159 -0.7951022
213 0.14408973 -2.0598404
364 -0.4522211 -0.7990538
343 -6.734431 -0.8080364
370 0.12783766 -1.9828795
472 0.12370719 -2.004218
458 0.7278266 -4.0166483
29 1.4373617 -6.180959
404 -0.99228984 -0.4882309
137 -0.64531124 -0.6677447
354 1.2875583 -6.0469427
405 -2.3947408 -0.38160563
473 -4.656991 -0.54563373
342 -4.094749 -0.46285194
232 -4.094348 -0.45084575
369 0.713862 -4.1042566
346 0.13103208 -2.0331414
507 -4.5155053 -0.7588954
13 -0.4648628 -0.67714596
293 -0.13931301 -1.0048364
164 -0.6241538 -0.6668804
125 0.86912644 -4.4884276
489 0.870415 -4.450078
121 0.12387629 -1.4416491
478 -6.8542957 -0.86132944
90 0.1167018 -1.9818912
174 -2.8055508 -0.39904007
353 -0.46418867 -0.7711856
459 -4.8171444 -0.5584474
77 -0.37009203 -1.0777937
254 -4.4899135 -0.730595
400 -0.37136057 -0.705719
204 0.3933542 -2.0816975
366 -6.6539207 -0.8343527
503 -4.219833 -0.7059162
58 1.2822196 -5.5148554
474 -0.011837291 -0.9426731
511 -4.6106315 -0.74226505
210 -4.017127 -0.46752858
30 1.3959208 -5.9769454
462 -1.1459336 -0.4365659
344 -0.65957224 -0.5932971
208 -0.38073573 -0.7282911
302 -0.026922526 -0.74995494
1 -0.8258298 -0.48437405
68 -0.89725703 -0.5067608
481 -5.4694467 -0.5711399
54 -0.56789476 -0.6267965
425 1.1972104 -5.5746403
421 -5.327877 -0.6118686
417 0.024332656 -1.1600708
484 -1.6520928 -0.4204464
112 -0.81212014 -0.6138838
325 -0.35916254 -1.0785105
305 -0.682542 -0.5795979
188 -0.38229167 -1.0130591
392 0.04525475 -1.1425744
145 -0.79527813 -0.5273294
428 1.7086049 -7.4337997
2 -0.8720841 -0.49869797
438 -6.542946 -0.8151916
426 0.83997095 -4.329198
243 -6.170819 -0.81776977
120 1.260535 -5.372777
373 -5.218181 -0.5627541
167 0.12359964 -1.9350522
107 0.11072682 -1.967684
396 1.6819103 -7.278145
23 1.2665709 -5.39867
448 0.69583714 -3.018695
242 -0.39184555 -1.0156668
38 -0.1826557 -0.87517357
286 -0.12309916 -0.3079602
445 -4.200034 -0.70777756
24 -0.81524175 -0.5087211
394 0.36331344 -1.9027373
413 0.6358408 -3.5894272
152 -0.36345646 -1.0668133
4 -0.71166915 -0.6510891
159 0.5199794 -3.1882353
296 -0.104022436 -0.9860363
499 -4.81394 -0.73045135
502 -4.107844 -0.6807172
