512 2
1 -0.8296908 -0.6235385
25 -0.9424273 -0.6122883
59 2.344793 -5.2002873
120 -3.8325133 -1.3309107
33 -0.95130044 -0.62567085
429 2.883671 -6.3390927
223 3.2079592 -7.020004
11 -0.77210903 -0.60933393
226 -0.7387424 -0.8388189
100 -0.19529675 -0.850976
422 -7.7945223 -2.6697488
295 3.1027946 -6.7421374
44 -0.9823285 -0.6334878
145 -0.78084534 -0.6330871
54 -0.73150873 -0.848182
216 -5.570365 -2.122748
408 -4.4467626 -1.4863161
450 -4.348636 -1.478983
27 -5.1994715 -1.721442
103 -7.0467315 -2.4842272
206 0.03811539 -0.93691546
181 1.286271 -3.2593517
199 -0.74563235 -0.8631421
255 1.2182527 -3.1132915
218 -0.73929113 -0.8333178
211 3.163224 -6.9109974
359 -0.030633418 -1.011108
149 -5.6506143 -2.148933
201 -3.7335253 -1.3107667
94 2.6646416 -5.5521326
276 -0.79851353 -0.6029663
352 -5.264851 -1.7413934
474 2.5961611 -5.3903203
35 -4.7376328 -1.5698768
284 1.2812971 -3.2349222
300 3.0870318 -6.728589
283 -7.436688 -2.4414268
331 -7.0709352 -2.4954
191 -0.28190097 -1.0042762
131 3.1645703 -6.8624797
469 2.716612 -5.655913
357 -5.6780195 -2.1689909
113 -0.18146616 -0.83191496
170 -7.0920424 -2.496873
57 1.2975132 -3.2692854
365 2.6358516 -5.5142193
215 1.1996228 -3.0609915
108 -7.7513804 -2.6406307
197 0.03289076 -0.93448484
30 1.2736812 -3.2333803
102 -7.282268 -2.3890517
157 0.042247124 -0.93213445
153 -7.766863 -2.653421
294 -7.2492833 -2.3841329
290 -5.098587 -1.679885
187 -7.0402546 -2.4733636
167 -0.29820764 -1.017923
360 -7.679484 -2.6131327
230 2.7201138 -5.727936
212 3.157435 -6.8603706
270 -4.6023235 -1.5468428
62 2.7683876 -5.7806344
231 1.276434 -3.2289777
243 1.2968453 -3.2821832
251 2.6500483 -5.5432224
8 -0.49744847 -0.73688334
146 -5.605245 -2.1300135
323 -3.2514858 -1.183149
244 -0.21882734 -0.8324568
209 -0.17003605 -0.8548862
134 -7.8161845 -2.6613636
178 -7.6015406 -2.5965698
289 0.057328936 -0.93995225
479 -0.27663234 -1.0014516
164 3.074915 -6.6630034
21 3.1611907 -6.86547
369 0.74629456 -2.2232525
397 -7.039928 -2.4878507
77 -3.231619 -1.1902436
347 2.6555638 -5.539643
349 -7.3472953 -2.4112704
204 3.0089695 -6.527403
118 1.2645344 -3.1854758
314 -4.328017 -1.4614404
312 -7.266035 -2.3937173
159 2.883123 -6.017376
401 -1.0779749 -0.66367537
333 2.9223812 -6.072615
307 -0.19483715 -0.8543693
5 -0.57366526 -0.90960485
174 2.6631625 -5.534318
306 -7.1401215 -2.5118937
47 -0.7477569 -0.8585928
236 -7.4121394 -2.4372225
221 0.80205506 -2.2528653
375 2.5963812 -5.4237294
126 2.8719661 -6.307689
207 2.6628532 -5.5192556
2 -0.5084531 -0.7618162
327 0.03952648 -0.9273461
4 -0.52417433 -0.7813201
177 -5.376749 -1.7659487
189 1.3074477 -3.2828774
463 2.9835627 -6.5299177
84 -0.19313368 -0.85588855
190 3.0120676 -6.548203
411 2.9551868 -6.480248
509 -0.034285966 -0.9849806
286 2.9731529 -6.483587
81 0.0808161 -0.9426944
74 -5.1490417 -1.695978
344 -5.7754016 -2.1867657
337 -0.17252399 -0.84617746
203 2.8325086 -5.93334
339 -0.74198705 -0.8502338
315 2.6708965 -5.5685396
122 0.7503811 -2.1919365
208 -0.9214177 -0.60997766
93 -0.17938481 -0.84405243
83 -7.559165 -2.5900705
503 -0.06728943 -1.0005419
213 2.6905887 -5.6485367
194 -3.308349 -1.1893337
155 3.022495 -6.576566
370 0.81292194 -2.326012
80 -3.6922095 -1.3256632
237 3.0209243 -6.5823803
235 -0.19943082 -1.0034252
395 1.0099158 -2.7076168
435 1.0410117 -2.7942638
504 0.48233902 -1.7251196
114 -2.998301 -1.1386333
246 -6.7808337 -2.3984623
29 -4.252118 -1.4372239
274 -0.7944221 -0.6712718
275 -5.407225 -1.7901173
64 -0.69265306 -1.0332501
291 -5.674177 -2.147278
99 2.9763303 -6.4611845
95 -0.1842768 -1.0168449
185 -5.4597726 -2.0820615
379 1.1613281 -2.9365296
358 -0.7498185 -0.84593064
507 -0.040780403 -0.9662248
125 -0.7458348 -0.8434379
180 1.2702419 -3.2202282
256 -0.63244635 -1.007319
436 -6.8855696 -2.415146
392 -7.090834 -2.3259969
6 -0.595739 -0.8346615
227 -0.76781493 -0.8964169
489 0.51365125 -1.8176646
378 -0.72810715 -0.8741461
483 1.2397236 -3.1658647
3 -0.57049805 -0.8883623
143 1.2586759 -3.1874611
417 -5.5208516 -2.0896258
425 1.2901733 -3.2384558
439 1.055534 -2.828063
437 1.0977317 -2.8109705
262 -5.145885 -1.7014529
156 1.2276942 -3.131671
51 -7.282551 -2.3923917
279 2.5954757 -5.4200563
124 3.1064556 -6.8135457
119 2.8846838 -6.029851
31 2.5836549 -5.373175
45 -5.5635614 -2.1011438
281 0.034908976 -0.92945343
107 1.2563584 -3.1765795
14 -3.6435568 -1.2815299
182 2.818683 -5.893766
431 0.9867828 -2.7106216
240 0.043593213 -0.9321792
476 -0.25038978 -1.0473711
249 0.4004477 -1.6089764
460 1.2644947 -3.2083282
233 2.7657526 -5.7762136
446 -0.2591683 -1.0089898
121 -0.75103366 -0.83917385
200 -0.728601 -0.6133757
296 -1.1347977 -0.67959315
266 -3.078798 -1.1666542
335 -0.03699599 -1.0368438
245 -0.022653673 -1.017816
458 -7.502812 -2.555817
179 0.05594654 -0.9615555
309 -6.815541 -2.224373
261 -3.4653957 -1.2596792
393 -0.14851841 -0.8424736
36 -0.5623384 -0.90394706
258 -0.8560116 -0.64346355
13 -3.0360081 -1.1634493
173 -6.8255258 -2.241884
192 -0.5700436 -0.9015586
19 -4.3666267 -1.474822
214 0.023980964 -0.9488366
301 -0.73519534 -0.91553175
305 -4.305142 -1.4583017
82 -0.85591835 -0.6476353
158 1.2460957 -3.1660092
17 -0.7320002 -0.6634583
443 -0.2672 -1.0200503
117 -0.20759869 -0.8384038
399 0.3843136 -1.4460073
136 -0.80131626 -0.66658133
76 -0.94841367 -0.6431748
454 -0.7394177 -0.8409919
268 -2.1548417 -0.91235954
56 -1.3795514 -0.696065
403 2.7256567 -5.7092557
196 -0.94313276 -0.6522856
341 2.630526 -5.784515
354 -7.0484548 -2.3088343
257 -0.6023949 -0.9392284
188 2.6236937 -5.492935
150 -3.7373323 -1.3421633
48 -0.59145695 -0.9435988
376 -0.739851 -0.86644536
394 0.045188654 -0.920045
297 2.9341307 -6.3640294
78 -2.4126365 -0.96601844
412 3.0577765 -6.617153
7 -1.0235697 -0.6807124
23 -6.9060073 -2.2653465
175 2.6547108 -5.5204654
478 2.7677386 -6.0704217
414 1.0095013 -2.78546
147 2.9703934 -6.465907
499 -6.7419143 -2.3828368
154 -7.019116 -2.3009236
15 -3.066366 -1.1692173
494 -0.1494173 -1.0373226
409 1.2633703 -3.202557
381 0.9453154 -2.6239755
10 -0.5597859 -0.87623686
285 0.022949187 -0.9482412
151 -0.19981053 -0.8336148
86 -5.5946217 -2.126083
242 -6.591604 -2.3190155
65 -0.53854585 -0.85864604
88 -0.5432892 -0.9172568
115 2.519059 -5.242429
322 -0.18990532 -0.85959053
166 -7.085071 -2.4196084
241 2.926928 -6.3623095
415 0.94997823 -2.6171992
316 2.5381808 -5.2795906
184 2.9148004 -6.3557343
481 2.6132796 -5.457358
26 -4.8817964 -1.6124017
363 0.87952274 -2.4688187
374 0.37002575 -1.4454279
198 -5.1011457 -1.9630377
248 2.5298073 -5.282914
321 -4.4607368 -1.4681313
112 -0.7659485 -0.648608
402 -5.202388 -1.7278979
389 0.038110346 -0.9441822
9 -0.55839527 -0.9142777
391 -5.604868 -2.1246624
168 -5.1581964 -1.6988862
423 3.0207992 -6.6459336
165 -3.738551 -1.3311294
239 -0.30725214 -0.989359
252 2.885715 -6.307869
260 -0.8046675 -0.6119446
53 0.06241932 -0.95747644
447 -0.2610554 -1.0444077
70 -0.73006564 -0.6477387
193 -0.879226 -0.6671984
75 -6.0177503 -2.14829
366 -6.7873783 -2.2155218
263 0.026556231 -0.9356457
311 2.594142 -5.4220004
232 0.04174987 -0.9547
388 -7.02789 -2.303047
419 3.077629 -6.672723
487 -0.21248358 -1.0149472
72 -0.6072595 -0.6747176
71 -1.1642638 -0.6746102
477 0.95659465 -2.6610024
319 -0.23886168 -1.0109255
97 -6.736212 -2.3142772
172 -6.916727 -2.2733097
428 3.0463428 -6.6010833
63 2.8165283 -6.1648984
368 -0.93556595 -0.66036725
110 -5.522725 -2.0878592
12 -4.5828843 -1.5130188
345 2.5450122 -5.300199
90 2.9225738 -6.3711495
364 -0.96465945 -0.6442555
317 2.478062 -5.1512923
66 -0.5681424 -0.9392847
101 1.2134291 -3.0641563
440 -0.74292046 -0.84675276
39 -4.855022 -1.882573
424 -7.218137 -2.4692287
313 1.2614672 -3.1872792
485 0.040456694 -0.93143654
320 -0.53612536 -0.7161503
133 1.2415514 -3.1667347
334 2.6803987 -5.903547
282 -0.18154083 -0.88357764
195 -4.3052745 -1.4399685
205 -0.15580504 -0.8710685
87 -6.0698075 -2.1566844
254 0.033726756 -1.0966674
338 -0.6212579 -0.67963606
444 0.019669516 -1.0967941
247 -0.29017246 -0.9806107
303 2.4497902 -5.3886275
89 -6.385128 -2.0991383
325 -6.4695973 -2.2270608
111 -0.05935065 -1.0478828
342 -6.8004975 -2.2427404
452 -1.2266374 -0.66476
449 2.9237554 -6.353093
346 -0.76897013 -0.87376976
427 2.6755877 -5.5753684
271 1.2074462 -3.0785408
310 -0.7864443 -0.863096
475 2.663384 -5.5607204
32 -0.6034366 -0.9499023
127 -0.08657692 -1.0598558
269 -4.9235053 -1.8839307
60 0.02351414 -0.9319958
169 0.06168845 -0.9861306
229 -6.1606426 -2.175663
132 -1.3044146 -0.70800817
280 -3.4426308 -1.2477622
287 -6.9058595 -2.2800384
277 -1.0025468 -0.6754759
371 1.2357963 -3.1312747
68 -0.9497808 -0.6490821
24 -0.5643203 -0.89937985
37 -1.3433361 -0.7227776
332 2.9638345 -6.431726
398 2.961463 -6.4322057
355 -0.22103074 -1.026333
430 2.737982 -5.6963763
183 2.8522973 -5.9398494
480 2.9402018 -6.322915
135 0.033716127 -0.9337229
330 -6.2864428 -2.1697009
508 2.8278382 -6.17256
384 -0.5359823 -0.6606774
361 2.535593 -5.569443
69 -6.6386185 -2.2743535
148 -2.268365 -0.9202687
405 -6.781617 -2.227255
225 -1.4199461 -0.7241856
58 -1.3431915 -0.734723
50 -2.0587115 -0.88126445
445 -0.19671036 -1.0543882
455 1.2178073 -3.1096156
176 0.017664216 -0.94488335
162 -0.8330219 -0.65079933
234 -0.28956357 -0.9842564
404 -5.9327917 -2.1052132
465 -0.1952537 -0.8330668
356 -0.15826502 -0.8728905
109 -6.5624766 -2.1706784
273 -4.8675375 -1.8885368
163 -3.957834 -1.3515191
288 -0.5810184 -0.9207985
383 0.37348753 -1.4947729
210 -5.540751 -2.0814283
42 -1.354804 -0.7102442
453 2.5787091 -5.3708215
488 -0.8424286 -0.8720371
144 -0.57792896 -0.90928966
396 -3.4447048 -1.2593837
442 -5.979704 -2.0955994
238 0.04868339 -0.9765092
420 1.2769154 -3.236795
61 2.4878373 -5.1539006
28 -0.71077716 -0.64843136
484 0.29784402 -1.3199651
217 2.8019164 -6.1132455
67 -1.4419342 -0.7242399
141 -6.243926 -2.2169285
464 -4.7357187 -1.5695096
472 -6.676761 -2.1865122
326 2.8682592 -6.2565813
353 -6.199948 -2.1374989
34 -0.54680854 -0.87556887
433 0.44869006 -1.622781
497 0.55440956 -1.8707238
318 2.4087374 -5.031759
473 1.1936364 -3.0565908
228 -0.19699946 -0.8496635
160 -0.54521245 -0.76288474
43 -4.9173417 -1.8787951
96 -0.5650424 -0.85183764
298 -6.4768867 -2.22009
55 -0.18893918 -0.849873
406 -5.668885 -2.016656
116 -0.17597984 -0.8511061
259 -1.2945018 -0.7034855
137 -3.575645 -1.2754221
459 2.4941459 -5.213512
253 2.4312804 -5.0673594
407 0.8627466 -2.4316099
471 0.3144186 -1.4109651
130 -1.0045542 -0.68000305
351 0.37493694 -1.5270466
432 -4.8792753 -1.8893695
73 -0.61492646 -0.6392479
171 -4.5035353 -1.7285281
434 0.44725135 -1.6247953
457 2.8363805 -6.179064
267 -6.2631674 -2.1549947
382 2.5803175 -5.3859515
278 2.6684043 -5.814751
329 -6.1485167 -2.1733816
324 -1.6479355 -0.7762862
139 -4.448454 -1.713826
49 -1.341412 -0.7076125
272 -3.0077906 -1.1152178
510 -0.2800291 -1.0044512
161 -1.3709539 -0.70049214
202 -4.5196342 -1.4998796
40 -1.0243928 -0.6949951
506 2.6005795 -5.713095
413 2.4357328 -5.347342
461 0.0010026381 -1.0552255
52 -0.5134996 -0.80062026
482 1.1869386 -3.0243359
16 -0.59618294 -0.9414426
438 2.4837463 -5.49484
421 -0.7528021 -0.86527103
343 0.64831525 -2.0400627
219 2.4636602 -5.156076
367 -5.394295 -1.9088513
91 2.6106884 -5.6964774
498 0.95917755 -2.6572359
493 2.5075698 -5.2405267
495 -4.5764027e-06 -1.0611761
250 -5.805274 -2.0556638
20 -2.05761 -0.88113207
264 -0.6636404 -0.66063225
377 1.2438426 -3.146147
390 -0.17686862 -0.88047856
502 2.3294802 -5.131449
142 -6.1124635 -2.0036798
456 -0.75104755 -0.8846282
128 -0.5213688 -0.84450316
486 1.1887677 -3.0748534
106 2.5310977 -5.5006633
470 1.180641 -3.0261784
38 -0.16569409 -0.8659127
418 -5.4439287 -1.9420612
462 2.6508954 -5.483981
373 -5.527789 -1.9698735
496 2.612668 -5.4360194
448 -2.8375812 -1.0991286
104 -4.3827176 -1.4424934
302 1.156623 -2.9561777
140 -1.8217591 -0.82739204
224 -2.0211117 -0.86553556
46 -0.75924665 -0.9053246
299 -0.77006847 -0.8872714
505 -0.7635896 -0.9140258
105 -0.7495353 -0.8310764
85 -4.431161 -1.7202824
18 -3.4162395 -1.1878629
380 -0.7743874 -0.86586624
416 -5.589808 -1.9321138
152 -0.98311734 -0.6524756
441 1.1071084 -2.866097
385 -2.7747312 -1.0749489
308 2.534236 -5.4969983
451 2.4821746 -5.174401
387 0.057747353 -0.91736525
492 0.5644565 -1.8440235
491 2.4431884 -5.3505263
511 -0.28234676 -0.99093807
468 0.0447007 -0.9624329
467 2.394515 -5.011882
362 -4.347128 -1.702017
186 0.052615687 -0.9529632
340 2.631207 -5.689224
22 -4.9209075 -1.720468
222 -5.715868 -1.8596505
400 -5.909673 -1.9353527
293 -0.18529586 -0.8579982
79 -0.7658667 -0.8744388
41 -3.4912598 -1.2272383
328 -0.9775187 -0.6593181
501 2.2112494 -4.902159
292 -1.2606509 -0.71378523
426 -0.8194721 -0.8668609
265 -0.8278219 -0.66277266
123 0.7296992 -2.1799774
220 -4.1700125 -1.4743842
490 1.1416948 -2.930121
336 -1.6580695 -0.7758318
372 1.129121 -2.920643
466 1.1139029 -2.8716335
386 -2.5924613 -1.0416067
348 2.2061918 -4.6041756
500 1.1229755 -2.8631516
129 -0.6255028 -0.6887324
0 -0.56052506 -0.8730351
304 -1.649351 -0.7934093
98 -0.22218575 -0.84579474
138 -4.048017 -1.4280334
350 1.0412351 -2.7199016
410 2.1356719 -4.4208817
92 1.7418054 -3.6293657
