512 2
322 -1.8311352 0.36894298
108 -0.74623066 -0.8613073
208 -1.1917789 -0.068051904
192 -1.1124328 -0.13749698
159 -0.9102663 -0.53540546
15 -1.813807 -7.1479664
83 -5.892719 2.3445346
131 -1.1857961 -0.06038734
19 -1.3106873 -4.619969
115 -5.65469 2.1842685
182 -0.84046394 -1.8799523
167 -0.74875134 -0.8849159
136 -1.8887244 0.39429656
361 -0.8628697 -1.9099499
271 -0.8539421 -1.9158568
146 -0.91236216 -0.5399473
89 -7.6085253 2.8725135
4 -1.2086246 -0.0709092
126 -5.921973 2.3302698
124 -0.7375471 -0.859004
41 -1.9724468 0.41425574
145 -1.8433781 -7.248249
73 -1.2803094 -4.3907824
180 -5.809546 2.2861953
370 -5.7774496 2.2770057
338 -4.759617 1.6105131
231 -1.2593312 -4.27072
335 -4.8419027 1.6558018
200 -2.2844844 -8.785142
217 -1.6239414 -5.965307
51 -1.0888048 -3.4605615
240 -1.6026753 -5.9608703
332 -0.8843153 -1.9337206
349 -6.7333193 2.380041
279 -5.7652454 2.2626982
164 -0.6949673 -1.4628875
30 -5.5826554 2.1498773
413 -6.760811 2.384955
293 -0.90776217 -0.5146784
62 -1.0808868 -3.5638845
193 -1.6224898 0.20690127
359 -7.5930505 2.8699496
171 -7.5685854 2.867518
213 -0.6908369 -1.4609512
496 -1.2324332 -4.1442637
499 -1.2826531 -4.459911
350 -1.2389947 -3.8901935
22 -1.8439323 -7.303302
285 -4.8185754 1.6378378
153 -0.91547453 -0.53621423
123 -1.2310588 -4.0991764
68 -1.1726713 -0.0817819
464 -1.7905176 0.3794031
459 -1.2743989 -4.4151335
110 -0.9110664 -0.5268414
331 -1.585897 -5.8157268
379 -5.779782 2.2356598
122 -5.7239833 2.220377
382 -1.2722404 -3.9998624
290 -0.7503089 -0.8755948
252 -0.7362936 -0.883991
168 -1.0931324 -3.5728867
71 -1.6584187 -6.1359925
150 -0.7383753 -0.83808124
220 -2.2257383 -8.559733
354 -1.0304021 -3.2560277
267 -0.9052654 -0.5257955
174 -0.7469132 -0.86980593
287 -7.077411 2.5072224
428 -6.903152 2.4296763
471 -1.2740405 -4.431807
250 -4.648292 1.576309
451 -4.828781 1.645553
96 -1.077315 -0.2478787
158 -0.90976626 -0.53346854
445 -1.308651 -4.565348
114 -2.295208 -8.842704
266 -1.5600092 0.17856498
45 -1.836271 -7.3214793
190 -0.9118783 -0.5389843
86 -0.6921769 -1.4572084
402 -1.6273278 -5.993439
152 -1.2227892 -4.1408777
280 -1.0341713 -3.2751472
419 -4.506453 1.4760343
139 -7.4918175 2.832674
232 -1.9964651 0.43049428
35 -1.2558851 -0.017446032
241 -5.7892904 2.243402
405 -5.9632444 2.3580601
258 -1.0761918 -0.2649365
245 -4.6083 1.5607996
461 -4.6663218 1.5478543
93 -4.669787 1.5725093
127 -1.2597079 -3.9372888
142 -2.279533 -8.713112
125 -1.2268186 -3.8710437
140 -1.7965204 -7.1277285
219 -1.1435633 -3.8147068
457 -1.1200628 -3.7157505
118 -0.8779557 -1.9402186
149 -0.74048156 -0.8416205
78 -1.635311 -6.3352075
135 -1.7123682 -6.85729
467 -4.7299123 1.6018648
229 -7.827435 2.9408705
2 -1.0668079 -0.23322496
197 -0.6973437 -1.4558637
72 -1.0837636 -0.22760643
248 -5.414604 2.097168
469 -4.7295346 1.6089563
408 -1.0624412 -3.4047475
234 -0.7365118 -0.8663661
304 -1.2493552 -4.2031837
246 -5.664934 2.1858244
76 -1.8767449 0.37260276
314 -6.6676354 2.3545282
339 -5.6978517 2.2055218
215 -5.7525105 2.2794094
310 -7.337022 2.772379
141 -7.418571 2.7973406
20 -1.2494656 -0.046256583
52 -1.1702802 -0.096088514
130 -1.1725662 -0.08342156
319 -1.2316934 -3.9777322
276 -1.7934266 0.3624847
397 -6.685578 2.3513424
254 -4.723559 1.567105
376 -4.800419 1.5796574
483 -7.0423293 2.4886901
94 -7.3493924 2.7794852
272 -1.2160426 -0.037818298
31 -6.85849 2.442426
209 -4.4855285 1.5043168
447 -1.2623489 -4.3744206
138 -1.1696247 -0.07473526
294 -0.75880325 -0.88188255
181 -6.31736 2.2148561
121 -5.72141 2.2790108
423 -6.685083 2.3837574
11 -0.7021441 -1.6941547
511 -1.316161 -4.6278396
230 -1.543935 -5.765702
227 -1.0256653 -3.2725267
188 -4.5253716 1.5193404
495 -1.2714097 -3.9140935
160 -1.5470744 0.19364804
318 -4.6718054 1.5963897
401 -2.2158577 -8.5427
487 -1.2120963 -3.821012
161 -1.7840816 0.34092388
333 -0.9039728 -0.5321532
176 -1.0707715 -0.2476257
120 -1.7315384 -6.913528
251 -4.8088317 1.6386404
282 -0.74680656 -0.86108184
302 -2.2720869 -8.682224
92 -0.6936171 -1.4283714
268 -1.7058 -6.7385936
275 -1.9289589 0.38852268
264 -1.1119534 -0.14600192
157 -0.7371904 -0.8670392
49 -1.6871848 0.2989095
380 -1.2388501 -4.264683
66 -1.2146231 -0.045703873
112 -1.7487972 -6.931992
341 -4.8449965 1.6648571
417 -1.9319555 0.4014774
235 -5.835907 2.297339
207 -0.9143559 -0.5418343
490 -4.0745955 1.3211521
305 -0.90589523 -0.5049083
38 -1.6124834 -6.366176
214 -6.345172 2.2186532
40 -1.3290266 0.04735431
107 -1.3000416 -3.761523
88 -1.0530092 -3.3800542
3 -1.6444603 -6.509478
463 -1.3496068 -3.9705796
95 -1.3185407 -3.953081
172 -0.7021868 -1.4290404
162 -1.055385 -3.3702803
372 -7.374916 2.7812989
186 -0.7525871 -0.8516837
283 -0.74951875 -0.8514424
326 -0.67921424 -1.4176195
455 -6.059422 2.391333
46 -0.88380253 -1.9467757
82 -1.1587698 -0.07527814
358 -5.521947 2.1201813
100 -1.6395582 -6.332077
7 -1.827967 0.3564442
179 -0.7265476 -0.85509413
16 -1.3446071 0.05872617
396 -2.1475468 -8.236182
479 -1.2492757 -3.9236078
344 -2.1799803 -8.4051695
23 -5.2091756 2.0551484
340 -2.151224 -8.270279
151 -1.2120589 -4.1395307
243 -0.73859924 -0.869719
91 -0.9071786 -0.5194505
65 -1.2233348 -0.029422646
347 -7.183604 2.715097
444 -5.7818723 2.284701
277 -1.8418857 0.38787392
434 -5.5974736 2.1667297
386 -1.0652217 -0.195918
274 -1.8423445 0.3573703
270 -2.1896617 -8.39764
296 -1.4935224 -5.4122787
26 -1.8883451 0.39155868
336 -0.91082704 -0.5137078
325 -2.160482 -8.3133745
311 -5.59148 2.159466
59 -0.7407916 -0.85550696
369 -0.90709114 -1.9573548
117 -1.1914015 -3.9139063
374 -1.1883837 -4.047201
185 -3.0173633 0.8839887
165 -1.5985398 -6.179664
201 -1.2681544 -0.020001791
334 -1.673432 -6.660835
317 -0.90037197 -2.036194
431 -4.601036 1.5655442
143 -0.8993096 -1.9837933
28 -1.7339503 0.313035
189 -5.6417437 2.185698
70 -1.6231604 -6.2595
216 -0.89315146 -2.004765
113 -0.90184796 -0.51839596
173 -0.8666091 -1.9512686
393 -0.9001697 -1.9996814
300 -1.6558946 -6.5626683
289 -1.1847194 -3.892352
116 -1.5640608 -6.029262
14 -0.73769635 -1.7213763
472 -5.1975946 2.0167568
166 -0.87187594 -1.9410859
389 -0.90749145 -0.5221941
360 -1.74186 -6.914971
9 -1.0955575 -0.26391906
206 -5.50187 2.160973
60 -1.593601 -6.1350007
54 -1.8780495 0.36461088
308 -1.2434552 -4.097901
175 -0.8888877 -2.0215685
384 -1.8375641 0.3595501
69 -0.6902687 -1.4157401
242 -0.91015214 -0.5295875
261 -1.4490557 -5.411504
18 -1.0688764 -0.26038375
330 -7.1700406 2.7206426
450 -1.5872699 -6.165265
373 -1.2795404 -3.9325283
210 -0.9112556 -0.51184726
263 -2.0269997 -7.822231
394 -2.115305 -8.133827
103 -5.446605 2.0978415
295 -2.1992679 -8.424876
278 -1.7587526 0.3114464
178 -5.47019 2.1054895
109 -1.4894043 -5.4926295
438 -4.550329 1.5027028
43 -4.8896403 1.9267535
365 -2.1932514 -8.404958
225 -0.6919385 -1.4745903
67 -0.69228184 -1.417702
119 -1.1906654 -3.9487734
257 -1.1913491 -0.05395409
202 -1.5773199 -6.113947
111 -7.1617403 2.7115245
196 -1.8884581 0.39265913
306 -5.5353074 2.1910074
170 -5.05891 1.9988015
224 -0.6903178 -1.4429785
378 -0.83546096 -2.450461
407 -1.2126352 -4.259204
484 -0.8770549 -1.981001
238 -4.5209646 1.5226141
244 -0.8744695 -1.9231911
375 -6.4420133 2.2572262
420 -2.1028802 -8.060956
452 -0.70433766 -1.4695226
33 -1.0817245 -0.22653414
129 -1.2450478 -0.026727825
212 -0.7522898 -0.88681924
385 -1.2058154 -0.06693232
204 -5.1587667 2.0410292
102 -0.9215685 -0.53074294
247 -5.6063557 2.1722057
249 -7.057453 2.6714761
299 -5.3584127 2.0670028
288 -1.0569946 -0.19137377
477 -1.3366195 -3.9164832
184 -1.4581423 -5.39691
403 -0.8779979 -1.9268646
203 -4.972913 1.9526612
328 -0.99331623 -3.1750462
5 -1.0880958 -0.14354187
226 -0.9675874 -3.0696497
348 -0.846545 -1.8572536
187 -6.3634295 2.2339032
80 -1.7005317 0.30365604
183 -0.88499874 -1.9810511
104 -0.95356274 -3.0411613
312 -5.4553676 2.1210592
371 -6.1367903 2.137799
440 -0.75369996 -0.89045495
256 -1.0824317 -0.26068163
255 -4.3135653 1.3933105
430 -6.258058 2.2144418
475 -4.6404605 1.58701
27 -1.5437466 -5.9722757
84 -1.5909264 -6.2800417
61 -5.1326404 2.032441
353 -1.9363445 0.38560233
301 -4.537037 1.5463377
56 -1.562092 -6.044353
442 -1.2360278 -4.254324
509 -1.2488105 -4.33924
473 -4.597738 1.5671594
77 -0.72978944 -1.466972
259 -1.6145537 -6.4356823
426 -0.8862657 -1.9930472
17 -1.0958316 -0.26883855
502 -1.2822875 -3.8380134
303 -2.0087597 -7.727115
253 -5.32371 2.1040347
237 -4.447806 1.4499407
421 -5.8292756 2.257929
133 -1.5622077 -6.069752
194 -1.900504 0.3927604
47 -4.384054 1.4699545
327 -6.3173404 2.257695
470 -5.6269417 2.157176
36 -1.5717599 0.21251623
498 -0.8842033 -2.0154986
352 -1.0855274 -0.254363
25 -1.7291131 0.31458017
99 -1.1941879 -0.060748227
456 -1.561644 -6.057138
195 -0.67843366 -1.4138057
504 -0.7431127 -0.877165
0 -1.1159177 -0.2733532
42 -1.8790158 0.37618104
351 -1.2467145 -3.7024689
497 -0.7411899 -0.87048346
222 -5.183348 2.0476475
53 -1.8932775 0.36403546
387 -1.9640329 0.43567768
412 -6.93673 2.6210687
269 -1.4542806 -5.366728
485 -5.314426 2.049636
400 -1.9762032 0.40253142
177 -1.5309244 0.20035705
265 -1.079072 -0.20653227
491 -1.122203 -3.5740428
286 -6.881067 2.6096017
409 -1.4564415 -5.311819
292 -1.5338845 0.2081148
460 -5.5299497 2.17175
218 -0.68732476 -1.4649117
144 -1.3569562 0.07429557
429 -1.2165577 -4.171913
87 -5.171453 1.9949666
233 -0.73958933 -0.87654895
24 -1.9964741 0.45864457
6 -1.8987855 0.3926531
343 -0.73698694 -0.8523048
29 -5.483348 2.1286187
404 -0.74597955 -0.87213707
211 -6.0265384 2.1082146
1 -1.1034847 -0.27063248
345 -6.6271195 2.5010118
414 -0.90159744 -1.9724896
486 -5.079864 2.002889
493 -6.154216 2.1465783
98 -1.024675 -3.28432
39 -0.91307765 -0.5444236
273 -1.4095235 -5.11359
422 -0.91284865 -0.5311817
366 -6.7528996 2.5515287
446 -1.1794705 -3.7076473
481 -0.7315221 -0.8973405
74 -1.114484 -0.25969154
466 -0.9184258 -0.53075933
437 -5.1943803 2.0243556
448 -1.5627251 -6.293928
55 -6.0246596 2.0940745
441 -5.4168844 2.1048305
505 -1.2385314 -3.570269
458 -0.8962437 -2.078999
205 -0.8874782 -2.6802711
44 -1.3749993 -4.9901323
163 -0.916898 -0.5453927
501 -5.5193405 2.1285534
315 -1.1954746 -3.448194
346 -0.8509667 -1.8915336
363 -5.341613 2.0674448
199 -0.7458868 -0.86791074
390 -1.892637 -7.273627
391 -4.818398 1.6498486
21 -1.4777385 -5.799187
367 -5.506014 1.8965857
321 -1.6682154 0.26609027
75 -1.9347627 -7.4262333
97 -0.6942293 -1.3980201
105 -0.68898046 -1.3991424
48 -1.1066809 -0.26543298
154 -1.9447318 0.3898371
85 -0.88000906 -1.9633008
64 -1.0728457 -0.21526138
63 -0.9280545 -2.0767124
356 -0.7429158 -0.8683772
12 -1.1353564 -0.26579165
169 -0.7241169 -1.464461
313 -5.07093 1.9560608
435 -4.371021 1.4685248
132 -1.4660736 0.17744718
134 -1.7272259 0.31911194
480 -0.92557603 -0.53440106
191 -3.961704 1.2805647
309 -0.70549196 -1.4556106
198 -1.9076505 -7.3004737
436 -5.0745196 2.0026925
476 -5.4559803 2.1440935
398 -5.099605 2.003904
156 -1.1800637 -3.9670775
137 -1.3165699 0.06278852
468 -5.9358315 2.0588386
357 -5.650675 1.9592023
406 -0.90438026 -0.5163212
260 -1.136786 -0.27785158
337 -0.9121097 -0.5343687
392 -1.9040529 0.38175276
324 -1.5038142 -5.9926395
425 -5.8703327 2.0435975
362 -0.73485875 -0.8632433
510 -1.1355735 -3.5525987
81 -1.0702344 -0.21440497
228 -1.1477872 -3.712403
329 -0.69275177 -1.4607775
262 -1.4378939 -5.5632763
433 -0.91821754 -0.52316654
478 -5.1403837 2.0298772
368 -0.87959415 -2.5673661
439 -5.469231 2.110732
32 -1.1418254 -0.2589843
482 -0.9146933 -0.54037565
474 -5.0720897 1.9949332
57 -1.4954418 -5.9693513
155 -1.153779 -3.9449544
453 -0.9016545 -2.0364718
50 -1.5672235 0.22290604
323 -6.2230735 2.3539357
503 -1.1817205 -3.7656422
281 -0.6975717 -1.4227498
381 -3.9412377 1.2768812
298 -6.176361 2.3507683
454 -0.72797394 -0.8835005
443 -3.941095 1.2773772
320 -1.5123906 0.20585147
465 -6.55243 2.4791434
101 -0.6944068 -1.36252
388 -0.92897534 -2.660231
90 -0.6926221 -1.4067743
148 -1.4445375 -5.623759
355 -1.3104788 -4.773839
462 -1.1216834 -3.4886594
399 -0.92311174 -0.522924
236 -1.3237598 -4.8445187
147 -0.905125 -2.0143516
13 -0.9726868 -3.0590394
364 -6.1313267 2.324496
424 -0.9143557 -0.52162033
489 -5.135415 2.0466914
427 -1.1544194 -3.2533822
500 -1.1465622 -3.590718
10 -1.1043861 -0.27122614
488 -0.918406 -0.51118207
284 -1.1493129 -4.1675653
508 -1.2047265 -3.1152892
128 -1.1472534 -0.27623534
410 -0.7388018 -0.9012291
223 -1.1257563 -3.8174179
291 -0.7496975 -0.8816128
106 -1.4373925 0.14799856
297 -5.9790106 2.2599373
449 -1.4030904 -5.4906025
395 -0.74862134 -0.88291395
8 -1.1280872 -0.3093446
239 -1.1438593 -3.2997777
494 -3.9110215 1.2849573
411 -4.9068575 1.9508429
377 -0.73262984 -0.8913288
418 -4.9946814 1.9798394
79 -1.0188998 -3.623607
507 -1.1567932 -3.188347
307 -0.68305165 -1.3803259
221 -1.0968008 -3.0853484
37 -1.537958 0.19463143
492 -5.119813 1.7604128
416 -0.6992578 -1.391013
34 -1.1283044 -0.17039183
316 -0.7365186 -0.8870258
432 -1.4096556 -5.451123
342 -0.9043286 -0.51045364
415 -3.6033013 1.1653209
506 -3.6902845 1.2263737
58 -0.73328215 -0.8565657
383 -1.1135526 -2.8644617
