512 2
81 -4.481109 -3.2633595
44 -0.6581002 -0.9991958
157 4.3994126 -5.1614866
35 -0.65348047 -0.9845298
500 0.18451117 -0.9490159
121 3.1520643 -3.9370594
29 -1.5834914 -1.2651515
196 -4.275143 -2.9860134
314 0.26062298 -0.9978964
40 -1.2860157 -1.2148031
5 -5.6990876 -3.8497043
41 -0.6490275 -0.9869959
310 0.21840431 -0.98810965
13 -6.085464 -4.122965
83 -1.2852577 -1.223955
483 0.2715296 -1.0155241
335 0.074935496 -0.97046286
103 3.3649218 -4.176865
266 -4.9155655 -3.5337515
247 1.6611229 -2.221146
127 0.12187004 -0.92672014
231 0.60012484 -1.1415566
114 -6.1100063 -4.1368628
14 -6.3372755 -4.28176
297 -4.259654 -2.959519
16 -4.502603 -3.2615547
221 0.34661517 -1.0742415
6 -3.8782084 -2.8570924
98 -6.3874464 -4.331684
376 2.2357554 -2.902861
212 -0.6530423 -0.9674732
115 4.800099 -5.672533
396 4.8458824 -5.7255735
494 1.1937917 -1.6938161
253 0.7045372 -1.245171
124 -5.0717635 -3.468547
441 0.39455268 -1.0808407
311 0.16757219 -0.9480957
18 -4.464803 -3.2446148
295 4.8879766 -5.7624516
506 0.8789626 -1.3655248
195 4.89287 -5.7751217
185 4.827976 -5.705532
324 1.927653 -2.5559976
43 -4.403743 -3.032654
73 -1.2982601 -1.2135254
50 -3.1653016 -2.365165
94 4.5620413 -5.385478
509 2.098367 -2.7165804
505 1.2388623 -1.7508141
367 0.04815897 -0.9330171
201 4.4487634 -5.224438
502 0.36667272 -1.0252272
467 0.21060261 -0.9756084
151 4.773529 -5.634707
177 -6.029637 -4.0712337
463 0.20738459 -0.95030576
407 0.21357119 -0.9822692
147 4.7028046 -5.536734
17 -4.6151023 -3.3493593
490 0.13793634 -0.9782383
161 -0.6491849 -0.9996893
93 -1.0759815 -1.029031
23 -0.6271983 -0.9954022
19 -0.6489455 -0.9638056
289 -1.2049811 -1.1581898
3 -0.84184945 -1.0163836
101 -5.0010962 -3.396261
55 4.609949 -5.431184
443 0.05152071 -0.9416799
283 3.9357383 -4.84617
459 4.3188634 -5.072099
104 1.921076 -2.5649016
189 0.20663746 -0.9691846
67 -4.5095787 -3.1084912
284 -0.6555697 -0.9650254
320 -1.5931772 -1.3736422
192 -3.8885167 -2.8514836
86 -1.0644913 -1.03451
344 -6.2801485 -4.260832
129 -4.7609425 -3.4294982
209 -4.202279 -2.940119
259 -1.2285205 -1.1901115
235 0.27466688 -0.9958685
90 1.897987 -2.5030007
71 -5.415938 -3.6668186
214 4.5822654 -5.3984714
393 -1.2313259 -1.1179956
326 -4.119243 -2.862073
25 -6.2852674 -4.250137
430 -0.025210839 -0.97022665
131 -3.5894523 -2.6594331
362 1.972331 -2.5842388
187 0.05894741 -0.9531002
203 4.579862 -5.4046
70 -6.4970307 -4.4024515
477 0.10627211 -0.9421989
391 -5.8890224 -3.9763708
87 1.5103079 -2.0310986
95 1.4231794 -1.975115
322 -4.8186765 -3.4673045
99 -0.63533014 -0.99059176
171 1.0162907 -1.5865293
223 0.41178733 -1.0411446
471 0.093470104 -0.93212926
492 4.326028 -5.102772
74 -2.907997 -2.1921287
152 -4.2807536 -3.1177928
238 1.4856842 -2.0302594
128 -4.964904 -3.5602338
338 -5.86185 -3.967562
107 -1.2643754 -1.2021195
58 4.7978854 -5.6644163
373 -0.074889 -0.96632487
53 -0.64544076 -0.9634104
291 -5.9792237 -4.043094
160 -4.850127 -3.4949062
158 3.0881972 -3.832911
439 1.9234145 -2.5053973
139 4.791452 -5.639767
237 0.27026638 -1.0092586
82 -5.317118 -3.6196504
111 0.19266354 -0.97112876
461 -0.026317826 -0.98674667
208 -0.642907 -0.98900336
372 -0.42993626 -0.64841926
153 -5.875402 -3.9785717
137 -4.453086 -3.0863664
450 -0.6457951 -0.9917011
299 0.19062613 -0.9862984
62 3.9620976 -4.7867756
222 0.1799784 -0.9643332
410 4.4886813 -5.2827272
166 -6.3610826 -4.3144836
178 -4.4906077 -3.1127532
412 4.833745 -5.695778
183 0.4142849 -1.0604087
244 3.9264615 -4.8368597
402 -1.245184 -1.1976022
503 1.9711106 -2.5807002
343 0.15089379 -0.9474494
435 4.6303654 -5.443021
465 2.3057158 -3.0083613
305 -1.2317735 -1.1492206
421 2.0967605 -2.7525525
434 1.1461709 -1.7098743
288 -1.9927852 -1.5816264
135 -1.2539486 -1.1470308
455 1.0466994 -1.6361126
360 -6.473877 -4.37833
59 3.930038 -4.7618275
31 0.72955096 -1.3678186
422 3.8744538 -4.7735357
504 0.24735013 -0.9721003
164 -5.558202 -3.7454548
272 -0.6411862 -0.9850002
400 -1.2311294 -1.1925391
374 0.10313023 -0.97636896
475 1.9810019 -2.5890324
91 -1.1326078 -1.0445609
28 -0.64836264 -0.95498925
480 -4.119475 -2.867191
416 -5.439466 -3.67331
489 4.33367 -5.1193657
419 3.8604887 -4.743254
224 2.0831013 -2.742329
478 1.5972623 -2.1354275
230 1.4107867 -1.9740961
117 4.2957034 -5.048849
447 2.1511226 -2.773151
303 0.039170817 -0.9376911
144 -2.9679592 -2.2299042
440 4.3975415 -5.1742187
141 4.7220864 -5.583273
146 -1.2256373 -1.1878055
245 0.37524834 -1.0792902
226 -1.2147775 -1.1825473
432 -4.891332 -3.3443353
456 3.8545907 -4.7302427
179 4.6728206 -5.5209045
495 2.048095 -2.6443894
210 -4.8548503 -3.3134272
20 -0.84452784 -1.0136104
64 -5.097595 -3.637652
302 4.511938 -5.3128586
239 1.3052127 -1.7968302
77 1.7172403 -2.287729
333 -0.07418369 -0.9916051
280 -5.9839783 -4.0408354
228 -0.6032807 -0.9631217
479 1.942298 -2.5393932
364 -0.65590936 -0.98637724
462 0.3643911 -1.0676204
429 -0.07277922 -0.9938143
414 1.5463799 -2.1318922
134 -2.027404 -1.6294825
75 -6.209035 -4.204288
61 3.987982 -4.8290386
8 -5.1604047 -3.6824186
327 4.2579722 -5.0163617
325 -1.5716212 -1.3524657
227 3.8814592 -4.798533
403 2.1909554 -2.8580925
453 4.5662384 -5.361271
63 0.2792626 -1.0098825
263 4.4605956 -5.268833
323 -1.9642645 -1.5745547
126 0.054256175 -0.94558364
54 -4.2026987 -2.905146
404 1.4271685 -2.0039587
397 1.1524893 -1.7321345
426 0.49940684 -1.1783055
415 0.67520005 -1.2204041
390 3.7382774 -4.596016
458 4.8147783 -5.6722393
493 0.7640552 -1.270596
383 2.0054932 -2.6159048
65 -5.1419153 -3.688775
417 -6.428335 -4.353483
215 4.3685784 -5.1557217
72 -1.5202191 -1.3320538
356 -4.8000135 -3.2819047
382 0.653899 -1.1914632
56 -0.6318646 -0.981879
49 -1.5482196 -1.3383967
142 -0.6534753 -0.9886157
366 -0.015123265 -0.9408156
206 0.5176712 -1.181416
241 0.26278824 -0.99846125
349 0.66939753 -1.1967525
409 -0.022347063 -0.96564215
33 -5.083789 -3.6525316
351 1.5621808 -2.090631
167 4.4177933 -5.1921835
12 -3.6862361 -2.7186575
330 -4.053209 -2.8146703
176 -6.3913836 -4.3288827
496 4.302275 -5.1533012
428 2.157199 -2.8287249
339 1.1791531 -1.716391
268 -1.2142655 -1.1777388
156 -6.092987 -4.113627
123 0.1572207 -0.9602364
406 4.005972 -4.941499
168 -0.6419868 -0.981571
271 4.441472 -5.2201824
331 -0.08369758 -0.9634789
205 3.8210676 -4.7085643
97 -6.399347 -4.3336787
370 -0.0845037 -0.96264404
316 4.4538336 -5.233391
112 -1.3301811 -1.234035
181 0.75807977 -1.368987
499 1.8244629 -2.410083
37 -5.8655915 -3.9558938
315 -0.06806546 -1.0037014
375 0.8750432 -1.366326
174 -0.64807904 -0.9709523
200 -6.405761 -4.3388395
170 4.391345 -5.175985
294 3.6933672 -4.5375457
190 0.37954205 -1.0677887
188 0.57156 -1.1963565
282 -5.37613 -3.630506
211 4.2208037 -5.038891
334 4.2833757 -5.031755
267 -1.2930963 -1.1508914
457 1.1412071 -1.7205185
346 1.4839058 -2.0513403
361 2.502918 -3.0151334
497 0.3748532 -1.0820792
433 4.4070773 -5.1827135
353 -0.64394146 -0.9788844
225 1.9519552 -2.5697463
173 4.4192276 -5.1917143
204 -6.2459207 -4.2212157
48 -1.2892762 -1.2230425
217 4.473048 -5.2513914
319 0.2971304 -0.9757559
236 1.9900218 -2.6226478
418 -6.243499 -4.237539
108 -1.6123302 -1.3866607
260 -1.6704487 -1.4045558
389 4.3109603 -5.086886
365 2.5884836 -3.1201384
229 0.75154245 -1.3661667
424 -5.364198 -3.639007
78 -1.1169101 -1.0552541
449 4.6933002 -5.522985
408 -0.059669614 -0.45501402
240 -4.8198724 -3.2926245
109 2.5450099 -3.036169
446 0.9146034 -1.4080265
274 -5.621685 -3.8018246
279 -5.323629 -3.6096704
32 -5.2441893 -3.7223341
34 -5.1125946 -3.6545844
379 1.035058 -1.5279026
378 -0.04579852 -0.94430757
345 1.9010987 -2.5385172
45 3.9742007 -4.815318
256 -4.41265 -3.2034886
384 -2.8229733 -2.1411572
285 4.466092 -5.2610435
300 -0.6540608 -0.9729545
278 -0.094458856 -0.48821893
395 4.638432 -5.456807
248 4.2140555 -5.0286126
348 -4.025016 -2.8068388
371 4.3910575 -5.138047
120 -1.1437638 -1.0749365
269 3.8831816 -4.783606
466 4.8797846 -5.7541857
394 -4.23778 -2.948274
15 -1.4667026 -1.2195644
484 0.27869135 -1.0059584
359 -0.03687243 -0.97616553
46 1.2185822 -1.7555654
472 4.437862 -5.2260423
329 -1.5689943 -1.3738241
51 -0.9942309 -0.98343545
281 -4.863019 -3.3219903
401 -0.35333338 -0.60108805
85 -1.2000313 -1.110229
411 0.09571175 -0.9490373
498 0.5844995 -1.2194144
264 -1.5624254 -1.3562975
445 0.2233725 -0.95089793
485 0.20524435 -0.9645485
486 -0.042422473 -0.95837677
96 -4.70661 -3.3703954
474 0.8121092 -1.413283
427 0.4132601 -1.0648701
172 -1.27946 -1.2139841
145 -2.8276167 -2.1364987
481 0.5529273 -1.1877211
136 -0.69750494 -0.9699795
276 -5.2906384 -3.5833764
36 -4.717066 -3.405166
507 2.2308838 -2.8594687
162 -6.12182 -4.141079
148 -3.7874382 -2.6239588
510 2.4390376 -3.1116424
140 -1.6165304 -1.3830738
337 -6.1018615 -4.1159954
252 0.28585744 -1.0175447
10 -4.91962 -3.5172608
304 -2.8863401 -2.18661
386 -0.6592017 -0.96492285
468 4.8957143 -5.772287
423 -0.029491013 -0.94255483
9 -5.6316113 -3.8128593
350 0.78019905 -1.405848
76 -0.65085024 -0.97895545
448 -1.2452147 -1.2081523
487 0.6955873 -1.2085733
308 -4.6834064 -3.2052355
233 4.748593 -5.603171
133 -2.0345728 -1.6264834
122 4.1489005 -4.9835863
175 -0.00907606 -0.9346971
39 -6.073632 -4.099963
306 -4.4877357 -3.1327593
354 -0.5319297 -0.7114466
113 -6.0916634 -4.1152825
438 -0.031183539 -0.975509
11 -4.853194 -3.3226342
216 -5.2561307 -3.5624886
368 -4.08034 -2.8557181
116 4.1428328 -4.963113
42 -3.7230403 -2.7348924
2 -4.9241867 -3.5217748
169 -0.3689186 -0.64659286
125 1.0568734 -1.5563465
298 -1.245435 -1.149154
30 1.1434534 -1.6883659
431 0.07183299 -0.94275886
392 -4.521321 -3.107646
265 -1.214546 -1.1307589
24 -5.9746823 -4.0358605
194 -1.2324963 -1.1312827
328 -0.6638428 -0.9418026
47 1.4183943 -1.9859172
293 -0.045925025 -0.46812013
163 -5.1905336 -3.5226123
369 4.3313003 -5.107373
234 4.6785235 -5.5011053
69 -6.2517805 -4.2115173
286 2.0430298 -2.6830802
287 0.94372976 -1.4095405
340 3.7122614 -4.563114
165 -0.6464035 -0.9666534
89 -0.6938123 -0.992377
84 -0.6401943 -0.9621894
470 -0.016086569 -0.9397704
198 -1.2152044 -1.1308599
7 -5.846172 -3.9411192
92 4.3107724 -5.074716
106 -0.6407305 -0.9539671
138 -6.4354696 -4.3511553
381 0.92915493 -1.4122854
88 -6.0624914 -4.101098
218 0.54437166 -1.1636736
476 -0.100489475 -1.0127953
473 1.4224685 -2.033086
242 4.378656 -5.15419
317 -0.047849417 -0.9811841
22 -4.9336348 -3.517812
27 -4.1526175 -2.8756397
258 -3.550892 -2.6323688
254 -0.0004256448 -0.947984
312 0.33803877 -1.0488403
307 4.095971 -4.8242097
358 4.122837 -4.9036117
118 2.5084395 -3.0188143
68 -3.1579297 -2.3507638
182 1.4595474 -1.9822265
413 -0.07227814 -0.9791473
398 4.3532825 -5.1237826
102 -4.6587334 -3.1719015
150 4.101147 -4.899156
193 -0.6626654 -0.96011126
191 1.9441466 -2.5412607
464 -5.451604 -3.6912367
460 1.9828109 -2.5335379
251 0.13112909 -0.96051306
110 1.4634469 -2.0128849
149 -1.2193617 -1.1219336
80 -2.1064599 -1.6547234
405 4.1091814 -4.892657
4 -4.5135374 -3.2239127
491 -0.058543835 -0.95961934
296 -0.66137516 -0.9738612
243 1.1635033 -1.7404908
363 0.23135626 -0.9971243
388 -0.3581111 -0.59847593
290 -5.9993386 -4.052749
469 -0.064085945 -0.99610907
301 -0.05789017 -0.49320433
155 -1.2016252 -1.1149186
257 -2.110783 -1.656654
220 4.057773 -4.8514814
380 -0.05330671 -0.97537047
255 2.130304 -2.7392704
199 4.227923 -4.9778166
437 0.71861476 -1.2560226
180 -4.586833 -3.1383169
186 1.4085765 -1.9449841
309 1.8875884 -2.55693
197 -2.0349357 -1.610572
452 -0.6232095 -0.9954114
273 -1.6620831 -1.4164325
143 4.0850115 -4.7949443
207 1.8813839 -2.5142512
219 -0.044795297 -1.006794
21 -1.2445873 -1.2123517
318 0.18412042 -0.98202616
352 -1.2059927 -1.2040639
341 3.9837985 -4.7830577
79 1.2621682 -1.816214
387 -3.9764082 -2.7602918
488 1.9307945 -2.4762318
454 1.0938631 -1.6620276
385 -0.6597004 -0.99842334
184 -0.6551429 -0.9708426
357 0.7808308 -1.3935293
261 -5.165748 -3.4854348
52 1.082288 -1.6161214
159 1.3626611 -1.9142438
399 0.038126033 -0.93038183
451 1.7528237 -2.2171671
250 -0.069224745 -0.9713175
355 0.78807324 -1.3772346
508 1.7822413 -2.378933
270 -2.6454737 -2.0124261
347 -0.06487448 -1.011412
232 1.0291746 -1.565119
501 0.7217393 -1.185908
321 -1.1329108 -1.1815594
444 0.19353557 -0.9957915
119 0.0033399658 -0.9676094
100 -0.6872176 -0.9574405
26 -1.6023173 -1.37659
425 1.8387679 -2.2897456
262 -1.5680926 -1.3522252
377 0.69316673 -1.229436
436 -5.975472 -4.026993
249 -0.083358675 -0.9583649
482 4.341715 -5.1052537
336 -1.6674832 -1.382035
130 -0.6554395 -0.9834599
246 0.5719529 -1.1965636
313 4.4066024 -5.216796
275 -1.3468379 -1.1744156
1 -4.607728 -3.296312
442 1.4685231 -1.9953169
332 -4.8260455 -3.2756264
277 -5.4111 -3.6484382
420 -1.4009254 -1.1816651
66 -4.454128 -3.188473
132 -2.5890017 -1.9753164
60 -0.4620201 -0.69794774
511 2.137438 -2.7661147
0 -4.5792694 -3.2495716
213 -4.801041 -3.235468
38 -0.6091751 -0.960385
292 -0.6849559 -0.9671869
342 3.2376814 -3.9979362
154 -0.6226798 -0.96311736
57 0.018285247 -0.53622985
105 3.59977 -4.2969356
202 3.889062 -4.6290855
