512 2
58 -0.8257397 -0.34685993
142 -5.809605 0.9184867
205 -0.8476059 -0.34027642
440 -0.14837557 -4.2744136
34 -0.3191726 -2.223103
83 -0.2776165 -7.574268
15 -5.8613987 0.90863067
50 -0.31340653 -2.9866252
173 -0.80815756 -0.35522434
128 -0.30730253 -2.1348202
454 -0.13469851 -4.344026
230 -0.8159859 -0.36831716
109 -1.7440459 -0.05824009
204 -0.5132645 -2.1271064
393 -0.2702684 -8.174923
37 -0.32480273 -2.9063818
140 -0.2989117 -2.922815
250 -0.853248 -0.33560514
404 -0.13896257 -4.256408
215 -0.8279234 -0.3422836
380 -0.8639234 -0.5492242
130 -0.17477645 -3.5755522
267 -7.183414 0.91697466
161 -0.28896406 -8.315577
273 -0.1453463 -4.3455305
248 -0.65405416 -0.72452724
67 -7.5877185 1.0645709
505 -1.4008529 -0.23842561
329 -0.6530786 -0.7152352
259 -0.1284526 -4.6203833
57 -0.28783074 -8.128426
501 -0.88850844 -0.5607694
178 -5.775758 0.9059527
94 -0.8903486 -0.6494128
61 -8.585308 1.2670516
195 -5.693173 0.91450197
54 -7.087503 0.90229213
100 -0.14220771 -4.3848944
28 -0.12596917 -4.6924777
111 -0.8165792 -0.35009292
62 -7.137041 0.9157085
277 -1.6989576 -0.07225299
52 -0.5018019 -2.095527
324 -0.3180656 -2.9641488
209 -0.63442403 -0.70933926
478 -0.88547945 -0.59121
152 -0.27852574 -8.074915
264 -0.3101174 -2.885655
213 -0.49537668 -9.608608
270 -7.2226973 0.92678726
113 -5.5817995 0.8849837
123 -4.854368 0.7008758
480 -6.472797 0.9541467
220 -7.1649323 0.9271588
135 -1.7736121 -0.060524363
237 -5.8353944 0.8407664
233 -0.6543757 -0.71144134
19 -0.12610914 -4.3497586
252 -0.94309694 -0.53165776
211 -5.8935738 0.92772394
163 -8.35132 1.2212309
192 -0.33434874 -2.3169935
217 -0.49633822 -9.30326
261 -0.28797203 -8.491727
59 -1.7743509 -0.048922516
143 -6.7685003 0.99412227
377 -2.4758732 0.13890637
184 -0.13945809 -4.8304205
316 -1.3529625 -0.25848386
358 -1.7715174 -0.054165814
400 -0.19379121 -3.7936788
110 -0.4886672 -9.113711
104 -7.329189 0.9362565
443 -0.8722156 -0.5613001
136 -0.3187047 -2.8708775
75 -0.80414313 -0.33878908
77 -5.630724 0.8757082
241 -0.28355536 -8.305546
348 -6.453642 0.94707865
168 -0.2197001 -3.1001644
451 -1.4078814 -0.21776637
321 -0.6261874 -0.7098032
376 -0.49007586 -9.4626045
268 -0.13210604 -4.837015
382 -6.0930114 0.8770126
341 -8.55572 1.2732748
219 -1.7126324 -0.0348761
38 -0.24185158 -2.9275005
226 -0.64535034 -0.7307928
235 -0.8138709 -0.34076917
394 -0.5054341 -2.0673301
307 -0.507887 -2.134709
361 -8.531636 1.2535605
337 -1.789994 -0.057982344
355 -0.48958382 -9.3789835
342 -0.65234333 -0.7264642
255 -0.88388294 -0.6007833
148 -0.30269834 -3.135545
441 -0.8221211 -0.3421414
301 -6.5874977 0.9758298
158 -7.2345214 0.9318926
227 -0.47986448 -9.345078
60 -0.4867293 -9.294913
438 -1.3648964 -0.24644114
410 -0.625932 -0.7155715
166 -5.8306403 0.9079327
222 -0.8873459 -0.605649
119 -1.02 -0.38359633
157 -0.8149687 -0.33701548
469 -1.3671806 -0.25061935
335 -1.7006574 -0.08864389
203 -1.7536725 -0.0632862
30 -5.5834994 0.89409685
8 -0.3216137 -2.2742105
354 -0.5067947 -2.0801647
445 -2.6169584 0.17271379
117 -0.5159588 -2.139998
39 -6.937384 0.8777103
35 -0.14392643 -5.0337205
74 -0.17454374 -3.4675605
370 -0.26297888 -7.777456
239 -0.7900715 -0.35415208
151 -6.8327603 0.8717945
88 -0.11421675 -4.225777
150 -0.6760805 -0.6515164
190 -0.46633068 -9.151096
29 -0.8101111 -0.34575698
236 -0.49755353 -2.0800889
246 -0.8746732 -0.5798189
287 -0.8993975 -0.40387034
343 -1.7805517 -0.06933376
327 -0.25616786 -6.8997836
283 -1.7667414 -0.05870436
419 -5.8087506 0.8568983
271 -0.8183396 -0.34088838
177 -0.640317 -0.69336545
435 -0.8206813 -0.66033286
153 -0.5092694 -2.0854688
63 -4.141469 0.5425461
133 -7.1520877 1.0190276
424 -7.1317677 0.9024913
17 -0.34501764 -2.3836489
129 -0.3689088 -2.589646
31 -1.7282254 -0.07066344
193 -0.19468069 -3.5826612
423 -0.86521125 -0.57686836
378 -0.74677867 -0.60119605
196 -7.1750417 1.0062307
82 -0.29941338 -7.7328854
460 -1.3461391 -0.24888742
90 -6.9374733 0.8723126
430 -5.82881 0.86638683
458 -7.2844996 1.0298684
389 -0.14250825 -4.45654
297 -0.5338285 -2.2118022
488 -0.8919332 -0.6662551
497 -0.82114285 -0.6610464
206 -7.760873 1.1274959
191 -0.855692 -0.34554905
373 -0.66255504 -0.71212935
475 -2.8121648 0.24896301
395 -0.8280842 -0.32776242
319 -1.3392968 -0.24815111
406 -8.26033 1.2203807
103 -1.7282242 -0.08718975
507 -2.0673797 0.054147117
114 -1.7483948 -0.046698354
431 -6.411656 0.9455207
506 -2.6734524 0.22149678
281 -7.1441875 0.9127002
415 -0.7947751 -0.6133696
477 -2.5057187 0.16059798
288 -0.35720643 -2.5110164
292 -0.29851076 -2.9382348
201 -0.13379876 -4.2618203
132 -0.3221832 -2.5633867
182 -0.13631801 -4.2534146
353 -0.5225386 -2.1004672
374 -0.78232825 -0.6139911
18 -0.34379768 -2.352395
216 -5.60949 0.8879723
333 -0.89706165 -0.37261376
27 -5.655186 0.84851474
396 -8.136724 1.2017362
311 -2.2173877 0.08285471
138 -0.27955225 -2.8299692
165 -5.4652233 0.8506658
125 -1.8042309 0.0067958036
229 -5.606685 0.8834915
108 -6.8383107 0.9490384
247 -0.81875163 -0.58627945
266 -0.14096336 -4.385711
433 -1.7854735 -0.04563342
269 -8.144668 1.1894624
428 -2.54523 0.16822743
89 -5.555158 0.8680272
70 -0.2802637 -2.933194
489 -7.326949 1.0290667
500 -0.48233095 -9.321565
346 -7.129898 0.9939347
383 -0.83215016 -0.59596527
279 -5.631122 0.8874937
71 -0.5030667 -2.118626
66 -0.25909317 -2.8472757
81 -0.16032414 -3.3301656
154 -0.8234743 -0.3323356
12 -0.35399917 -2.4206038
64 -0.3621672 -2.4552987
284 -7.8998456 1.1391306
14 -0.15958726 -5.370258
357 -0.45850256 -8.661529
170 -5.4313517 0.84045386
162 -0.20273602 -2.9839587
68 -0.3432271 -2.3720572
483 -1.694403 -0.0672693
334 -7.2331653 1.0031284
183 -0.81196386 -0.58098733
391 -8.129028 1.1866078
470 -0.84688115 -0.7146429
457 -5.6089306 0.8842549
145 -0.3273533 -2.7054262
78 -6.6623497 0.83386344
509 -0.82289296 -0.5900273
257 -0.36547482 -2.5320916
9 -0.16819726 -5.0686746
26 -0.5026049 -2.116848
336 -0.5164274 -2.1516426
425 -8.041219 1.1702558
484 -8.192742 1.19891
240 -0.65078837 -0.7107755
409 -6.1436605 0.8952728
405 -1.6703885 -0.08290616
164 -0.5241793 -2.120562
156 -0.13935661 -4.559337
325 -7.300569 1.0167915
473 -0.80275774 -0.36387455
429 -1.2758081 -0.2841417
412 -0.45244557 -8.700097
305 -0.27033252 -7.6748753
294 -0.2750383 -7.791526
503 -6.397861 0.9360289
167 -0.5225725 -2.1677675
208 -0.3088573 -3.1091619
487 -1.7433074 -0.06094137
472 -0.6490424 -0.72537845
147 -7.963155 1.1621304
223 -2.356481 0.13531275
461 -1.3138931 -0.26506007
474 -0.77279556 -0.36389711
131 -8.024002 1.1748292
96 -0.2833455 -2.8411734
322 -0.23623084 -6.375682
463 -1.3374944 -0.26158646
105 -8.100457 1.1723751
210 -0.85006815 -0.33212742
413 -0.83022314 -0.33856502
381 -0.826146 -0.34968868
300 -0.43915653 -8.379166
453 -0.8977736 -0.5989382
384 -0.29523665 -2.8299282
258 -0.2732945 -2.8522396
175 -7.8366055 1.1397511
202 -0.1993069 -3.041669
455 -0.8056544 -0.34602934
280 -0.23928072 -6.5112243
356 -0.63503265 -0.7037533
465 -1.7531414 -0.06520361
385 -0.24428412 -6.8451357
149 -0.12726453 -4.187094
303 -0.8641333 -0.35097113
155 -5.3227105 0.82101417
122 -3.9386346 0.51222074
238 -0.77289313 -0.35508448
79 -1.2482032 -0.29314283
53 -7.695993 1.114167
392 -0.23613891 -6.4871764
286 -7.186636 1.0064064
93 -5.3241425 0.835991
347 -1.3966308 -0.21296312
181 -0.7652825 -0.3680566
180 -6.590121 0.9395774
51 -0.25092867 -6.4763865
351 -0.76813537 -0.60551953
95 -1.7580429 -0.059743185
40 -0.28139073 -2.8434417
176 -0.28491718 -2.8979716
144 -0.19962159 -3.033172
41 -5.541331 0.87069094
398 -0.8388286 -0.31503356
510 -0.8057827 -0.58231103
139 -0.1942619 -2.84223
437 -0.9144284 -0.36277333
304 -0.3493893 -2.5669727
20 -0.3394721 -2.4734838
11 -6.694955 0.84608734
442 -7.154704 1.0011209
98 -0.12670891 -4.2696824
397 -1.7592617 -0.06451996
120 -5.3621297 0.84086376
362 -7.547093 1.1090777
137 -6.256171 0.7744814
124 -1.7494625 -0.06952767
47 -0.4242062 -7.984592
199 -5.310906 0.84657294
274 -0.29336032 -2.7199776
172 -6.750217 0.9528213
228 -0.26880726 -7.648817
411 -0.8938298 -0.6561237
320 -0.3514127 -2.3846054
73 -0.22718112 -6.285016
80 -0.34758654 -2.3669906
21 -0.30316484 -2.6707258
76 -0.31325486 -2.8359938
298 -6.9207187 0.8822133
372 -0.43080842 -8.033909
452 -0.5089685 -2.193808
495 -2.1140668 0.097082645
107 -6.763191 0.9563135
225 -6.5142617 0.8269038
414 -7.6977673 1.138971
69 -0.23513864 -6.380637
92 -0.10966287 -4.4972305
174 -7.523055 1.0905503
118 -0.4385612 -8.349079
302 -0.83090955 -0.6973026
42 -0.17366078 -3.2785501
249 -0.8464565 -0.32955635
214 -5.503336 0.8617632
482 -0.6415525 -0.706822
363 -0.43970582 -8.273309
263 -0.13410969 -4.3637934
276 -0.13556623 -4.666993
352 -0.23918681 -6.308908
494 -0.80112076 -0.33707094
10 -0.34144476 -2.5880706
218 -0.83021253 -0.5634293
386 -0.34590542 -2.6175156
399 -0.45222002 -8.548734
5 -0.36066929 -2.4702942
146 -0.53024346 -2.279382
340 -5.345852 0.8414262
85 -6.288642 0.7940453
462 -1.8567867 -0.044788912
23 -0.51207864 -2.1496284
339 -0.5130792 -2.1407986
87 -1.7071925 -0.07087845
221 -2.606382 0.17662628
179 -5.261575 0.8062808
6 -0.2555916 -2.8491244
86 -0.42130536 -8.169161
481 -6.6725574 0.8585969
102 -7.614877 1.1230862
262 -0.37528262 -2.4828591
25 -0.12202925 -4.352214
224 -0.2286565 -3.2548788
285 -0.8956684 -0.38157192
44 -0.2855659 -2.9972794
243 -1.7155854 -0.078035094
43 -6.4688506 0.8130607
282 -0.27413467 -3.074131
72 -0.34638727 -2.442503
508 -6.0536103 0.8895388
350 -0.6732117 -0.68412536
13 -0.12685567 -4.5094767
3 -0.17260167 -3.1308432
33 -0.2867713 -2.7626576
56 -0.10985231 -4.095835
97 -0.24223629 -6.046094
160 -0.10568579 -4.229533
231 -0.8403332 -0.36550778
416 -0.22362521 -3.1199167
485 -0.8138034 -0.6876313
407 -2.2539408 0.11003448
313 -0.8398644 -0.33267555
49 -0.1246754 -4.267064
91 -0.9678413 -0.37757736
349 -7.607619 1.1189218
275 -0.23241724 -6.8887825
4 -0.34218365 -2.3446393
185 -0.78944355 -0.5995982
265 -0.28756285 -2.6297648
126 -5.736351 0.83873016
379 -0.8393023 -0.57766914
493 -0.89725494 -0.34813336
368 -1.733032 -0.062758766
194 -0.323179 -2.7532358
359 -1.7327387 -0.08216851
401 -1.7595551 -0.06000022
420 -0.66588986 -0.7091318
207 -0.81538147 -0.5805709
141 -0.2224575 -3.2489948
338 -6.5534267 0.83537734
212 -7.1836505 1.0575185
421 -6.563791 0.9060975
291 -0.23296422 -6.2196636
364 -0.8628528 -0.3088238
326 -0.2233536 -6.2358193
309 -5.4276705 0.84921664
99 -0.124284096 -4.2862067
365 -1.9042383 -0.05304538
459 -5.4817576 0.7913587
464 -5.412587 0.8466857
387 -0.2611177 -7.3517127
289 -0.20405485 -3.233697
0 -0.3512361 -2.3665855
200 -0.1905001 -3.1676958
426 -0.6384317 -0.7071883
24 -0.33062226 -2.6577945
1 -0.3016539 -2.606316
45 -0.6614968 -0.7050436
476 -0.7698096 -0.5752029
186 -0.82161474 -0.34641773
371 -0.4267986 -7.780089
471 -5.6059427 0.83572197
48 -0.32449743 -2.725401
293 -6.106199 0.7568033
418 -0.513519 -2.2189245
134 -5.082109 0.78332853
188 -0.85893935 -0.332246
402 -1.7706211 -0.052685298
314 -0.23004232 -6.641742
22 -0.18785165 -3.236674
2 -0.3287149 -2.3583498
296 -0.20468958 -2.9037938
332 -5.463974 0.87477636
256 -0.34494132 -2.488654
456 -0.83056235 -0.31660134
290 -0.2818813 -2.883008
232 -0.2349317 -6.253977
504 -0.84530914 -0.32387298
490 -1.2926761 -0.24113543
467 -0.8343999 -0.32740682
444 -4.852621 0.6973751
436 -6.256785 0.7931352
449 -5.274245 0.8317935
197 -0.21601267 -5.908498
115 -0.9774532 -0.4712693
116 -0.109175704 -4.1566105
317 -5.024228 0.71780837
101 -0.22725901 -5.6783614
234 -0.5128226 -2.20077
427 -0.69166964 -0.59676796
432 -0.29315454 -2.9423215
112 -0.1035381 -4.195338
260 -0.10496843 -3.8912616
466 -0.6609635 -0.69472873
245 -1.8029772 -0.0507151
369 -1.7680713 -0.057809472
169 -6.070935 0.8552839
16 -0.35040563 -2.3143191
244 -0.67887676 -0.60922325
422 -1.7913623 -0.05347419
403 -5.122338 0.81254137
328 -0.11154868 -4.4225645
106 -0.2236817 -5.8706512
331 -0.38592514 -7.088175
253 -2.3142197 0.091001906
367 -0.7837319 -0.38031083
448 -0.21721917 -2.874873
251 -0.79817444 -0.6978064
390 -0.65126234 -0.70065427
46 -5.6564665 0.7117943
315 -1.8099647 -0.0748378
36 -0.3644565 -2.4329655
121 -0.52563477 -2.2093642
55 -0.6966348 -0.6468759
408 -6.1799264 0.77784216
491 -0.8283835 -0.32574564
312 -6.2101307 0.86702293
479 -4.5527124 0.6310849
299 -5.1252933 0.7384361
242 -0.87282467 -0.3269856
323 -5.76786 0.7954297
254 -0.7589435 -0.3625449
65 -0.34248388 -2.248484
360 -0.21076381 -3.4068217
499 -0.39558387 -7.4593797
492 -5.015134 0.75182694
498 -0.81383246 -0.35383278
278 -0.4220935 -7.1353264
127 -1.5971119 -0.06525246
450 -5.1184683 0.8090163
496 -0.868198 -0.32113546
486 -0.8231339 -0.34580344
417 -0.2015952 -3.033906
388 -0.29286912 -2.8593595
159 -0.8015003 -0.3580388
272 -0.35588092 -2.7081728
511 -1.3290055 -0.23427086
345 -2.3922522 0.119338274
32 -0.33983612 -2.1093962
189 -0.79705286 -0.5568917
84 -0.19863431 -5.9496484
318 -0.8080859 -0.32877964
447 -0.8640001 -0.58122706
171 -0.67525935 -0.68849254
7 -0.096074775 -4.02735
330 -4.9872694 0.7669609
439 -0.67526656 -0.67945707
306 -5.4227657 0.6883246
344 -0.20007847 -5.284734
198 -0.5262053 -2.106156
366 -0.8041981 -0.33023646
502 -0.88278764 -0.5507654
375 -0.77274954 -0.73044777
310 -0.52616507 -2.237008
434 -4.4755325 0.7129554
187 -0.77242213 -0.3980514
308 -5.024992 0.6253095
446 -0.7892066 -0.5876932
295 -0.7286297 -0.5343757
468 -3.6170523 0.41238227
