511 2
70 -2.625359 0.31692266
65 -7.3648705 0.6027753
299 -0.19022456 1.1234908
400 -0.71358323 0.42880696
321 -0.7092133 0.42782062
31 1.0766001 5.143906
329 -4.093596 0.3185183
310 1.0982482 5.1697803
9 -6.029364 0.5285829
204 -2.4923186 0.32881153
42 -6.7227035 0.7665288
210 -0.581579 0.8910616
21 -3.4867654 0.30573404
211 -0.20864005 1.0771447
155 -6.5971255 0.74939847
207 1.0766497 5.0618396
166 -1.1030908 0.51533324
459 0.31467173 5.3594112
79 -0.48619613 1.0751579
375 1.2029526 6.5237284
202 1.0364755 4.686977
193 -5.889435 0.523782
151 1.0772748 4.86016
158 1.0620152 4.7856507
116 1.0911621 4.911005
284 -2.4479191 0.33345544
33 -6.4374 0.58855414
93 0.44364634 3.327091
213 -6.677991 0.97425807
198 1.1348388 5.1696825
149 -1.0888375 0.5086499
178 -7.2142177 0.56791645
214 -1.1175952 0.5164974
357 1.0558089 5.0022244
171 1.208432 6.7069902
272 -6.5321794 0.59894645
309 0.4646903 3.4562066
11 -3.542309 0.31187207
320 -5.844162 0.5049864
180 1.4806625 7.153175
26 -3.3739786 0.31688264
145 -4.010715 0.2844674
495 -0.9978644 0.6749301
265 -0.71861106 0.4129836
47 1.0658219 4.8567324
301 1.0594391 5.0220222
271 -1.0874974 0.50753546
250 1.0855676 4.8757834
187 -0.17426004 1.1081997
262 -2.297047 0.35553387
356 1.1715171 6.6415777
318 -1.085591 0.51469123
67 -6.6442246 0.75186265
127 -0.4514509 0.72942543
199 -0.48936486 1.0803126
90 0.45100218 5.8994365
108 1.1657672 6.3487234
303 0.4442398 3.32407
353 1.2205598 6.7735105
360 1.4175022 6.8898244
359 1.4203653 6.889214
107 0.46711418 3.4622784
238 1.1671348 6.4978395
242 1.4598911 7.0741963
28 -3.4522257 0.3200876
75 1.0728208 4.874534
91 0.45768815 3.4635725
326 1.4568053 7.079878
182 -0.48662037 1.0790162
186 1.1820952 6.656069
203 -6.450979 0.9360491
194 -7.4133363 0.81239164
4 -6.933352 0.63826025
81 -6.4372745 0.7401524
287 0.31882042 5.399702
206 1.2302934 6.8286667
304 -0.736552 0.4397915
461 1.2056519 6.548897
137 -0.57432604 0.89172256
288 -6.497451 0.60294175
437 -0.83797365 0.6870471
351 0.308201 5.378728
77 0.4532698 3.3864279
27 1.4871806 7.193032
412 1.2160048 6.7521567
111 1.0760658 5.052517
36 -6.615939 0.5327007
222 0.45009485 3.4405103
492 0.31118798 5.4610677
25 -7.0043564 0.7943198
126 -1.1068436 0.5037114
55 1.228067 6.879642
411 -0.19905299 1.1502018
147 -0.48048356 1.0708572
241 -0.59038347 0.9055062
253 0.346097 5.3133764
153 -0.5537873 0.9028348
57 1.1882291 6.6734624
150 -0.5743802 0.89078647
264 -5.768011 0.5478134
289 -6.534313 0.5945702
17 -5.8445573 0.5582495
236 -0.49200803 1.0805013
157 1.4349898 6.895084
369 1.1699402 6.5865817
231 -0.1997512 1.0965186
371 1.0803249 5.089538
85 -0.5767555 0.9050425
63 -6.17361 0.9047723
249 -0.8573819 0.6944732
354 -0.5011041 1.0722495
170 1.2131584 6.5672674
140 -5.586786 0.49110705
62 -0.20322691 1.0882272
473 -0.96006316 0.6720053
43 0.9709204 4.3549294
255 -0.9314969 0.6757004
120 -6.8943014 1.041837
379 -0.48286167 0.701877
219 1.0609679 5.016681
438 -0.98761696 0.67522246
294 -3.234702 0.31756142
225 -6.4503717 0.9561393
496 -6.964162 0.77459687
184 1.4773464 7.71606
121 -0.52463925 0.87167805
468 1.1587433 6.2524805
487 -0.6693489 0.71740013
73 -5.829915 0.4863177
172 -6.9658175 0.5671783
251 -0.18390338 1.1290966
188 0.35565418 5.3253846
345 -6.904518 1.0291802
74 -6.471315 0.9401425
232 -6.8893957 0.76406556
286 1.00934 4.5712867
300 -6.168979 0.92703676
177 -0.5405294 0.8764575
131 -6.3974133 0.5130426
481 -0.2531544 0.99020326
94 -0.4855383 1.0719068
18 -6.114088 0.5806862
122 1.4796658 7.743023
447 -0.9333215 0.6663271
386 -5.5906825 0.49478808
69 -0.58345485 0.9126142
280 -0.7674206 0.44992802
471 -0.16696516 1.1579995
399 1.2013621 6.7547073
35 -0.4858851 1.0737618
314 -0.44475716 0.7135791
87 -6.186883 0.9266863
421 1.1956567 6.7755136
156 1.3420839 6.5499735
223 0.45282045 5.9148808
333 1.1282413 6.37112
144 -6.0799775 0.57161736
38 -2.4817002 0.34030902
37 -0.5528168 0.87380743
6 -5.580813 0.48076826
467 -0.91034526 0.68132716
407 -6.3661137 0.9163314
424 -0.5761953 0.89582664
342 -6.202861 0.9148332
125 0.4637048 3.4316232
113 -1.161805 0.51520485
101 1.4218075 6.873762
316 -0.19534783 1.1525453
54 -6.5201516 0.520173
39 1.3820655 6.698837
430 1.1774756 6.587997
201 0.47785947 3.5536067
479 -1.1468114 0.6816885
472 -0.6670907 0.67978567
502 -0.82885176 0.6750087
103 -0.48707303 1.085957
269 -6.352654 0.725404
273 -6.4936895 0.5256085
5 -5.959607 0.55154127
48 -0.83712286 0.41378778
83 0.47395948 3.5307243
390 -3.4131484 0.30118993
349 0.46820328 3.479991
60 -7.0020585 0.7829531
446 0.3953594 5.4714932
234 -6.0688186 0.89457947
392 -5.9795566 0.5730069
181 -6.459758 0.9731799
44 -0.77700233 0.41827318
189 -0.19514516 1.0834028
23 -2.5618536 0.31437287
49 -6.2787457 0.7247456
135 -0.48503086 1.0895318
305 -1.1348064 0.5143952
161 -5.595453 0.5191172
330 -6.125536 0.89457506
419 -6.6256857 0.74335057
46 -1.1184471 0.5169429
394 1.3586646 6.617943
367 -0.1743427 1.1049488
340 -0.48539567 1.080772
3 -5.7844334 0.55106294
66 -5.61883 0.4902936
261 -0.79332346 0.4770747
252 1.1772763 6.3890204
457 -6.5011187 0.94827455
76 -3.801857 0.28519106
385 -0.46511713 1.0525231
115 0.45576447 3.4014292
423 1.0220848 4.8547583
275 -3.9591727 0.29334924
366 -0.18071556 1.1444669
293 -0.54027647 0.89938325
247 1.0207446 4.828067
105 1.3637704 6.545118
98 -5.8998275 0.7015544
285 1.1626168 6.368546
12 -5.9867325 0.5623056
505 -0.69939387 0.703774
332 -0.49699295 1.0992287
365 -0.20018582 1.1299953
425 0.4590451 5.679354
509 -0.73279995 0.6666025
276 -6.8417616 0.55338234
322 -6.6521564 0.54149026
315 0.43613192 3.2856417
292 -6.2031684 0.50686544
298 -0.58025295 0.8983555
257 -0.7634094 0.4315992
175 0.993379 4.724112
470 -0.25059384 1.0228618
388 -5.8558407 0.55629706
417 1.3081933 6.4074383
383 -0.896777 0.6843274
469 -0.9307034 0.6991066
413 -0.16374652 1.1918167
317 0.43572465 3.3015094
283 0.4559785 3.3354151
339 1.1445465 6.400941
291 -6.2139006 0.7084176
183 0.41872293 3.1992252
162 -3.3246388 0.29158768
50 -6.372529 0.57375205
443 -0.87702143 0.69358677
100 -5.8324065 0.48355576
221 1.030591 4.661947
229 1.0239583 4.8707047
197 -3.3020751 0.31897268
16 -5.7930813 0.5521363
508 0.43275663 3.2835126
327 1.0322936 4.624667
112 -0.7743674 0.42864764
372 -1.1394241 0.5236073
279 -6.4107265 0.95044434
124 0.41941857 3.2530603
212 -4.174519 0.31429207
226 -2.3733065 0.3468337
277 -4.1664414 0.3259324
374 1.0750365 4.893446
82 -5.675865 0.52972305
433 -0.23844665 1.0145665
209 -1.1029515 0.50464654
426 -1.1116658 0.5128932
449 -5.7888074 0.48368767
444 1.1486386 6.4032593
258 -6.22991 0.595872
72 -5.9847293 0.49493387
336 -1.1362461 0.5286561
377 -3.8214984 0.28381237
486 -0.19289397 1.1040468
114 -1.1029449 0.52256966
169 1.3328074 6.466975
404 0.4804307 3.512664
237 1.0210185 4.8531713
174 -0.474331 1.0851883
328 -3.8655958 0.3081749
431 -5.9503136 0.87336916
51 -0.50720996 1.0568606
132 -5.2729616 0.5038033
436 1.0701727 5.083501
281 -5.691 0.4955697
56 -1.1324662 0.5177069
99 -1.1156659 0.5159238
159 -0.48319122 1.0352484
302 0.9466101 4.251784
215 0.93245757 4.452929
52 -6.166402 0.9110591
308 -6.3503356 0.7241025
20 -3.347216 0.3089777
129 -6.2132754 0.5963602
296 -3.4750268 0.3238523
195 -6.247755 0.5107559
138 -5.378165 0.5146338
370 -0.4830932 1.0722554
185 0.43085158 3.3045084
376 -1.1381814 0.52019566
410 -1.1140519 0.5019735
239 -0.4258669 0.71603614
220 1.2626452 6.724775
148 -1.5116049 0.32885844
160 -5.236056 0.48687735
484 -0.20910297 1.1285179
2 -6.163759 0.58252984
106 -1.1655864 0.5248885
445 -0.18397602 1.1169038
477 -0.20601842 1.1483787
405 -6.4483953 0.7143501
119 1.0643401 5.998964
30 -0.83845264 0.41348892
96 -5.8919406 0.57036906
391 -5.893781 0.88445485
248 -6.136658 0.6872746
139 1.0801324 5.8780923
335 1.0560578 5.949627
22 -2.5591586 0.3355792
133 -1.5598102 0.35003757
173 0.4565584 3.3990345
462 1.0673443 5.765668
58 -3.698296 0.27787885
29 -5.722499 0.46011403
97 -0.85607237 0.41132715
440 -0.14978392 1.1949967
71 -1.1323112 0.52905506
334 0.49810126 3.555335
307 1.0318103 4.565979
456 -3.2880647 0.31215888
358 -0.18918592 1.1423329
389 -0.5012793 1.0764151
414 0.3297261 5.1388936
61 -6.079785 0.92001927
191 -0.8078455 0.6916225
84 -0.5934442 0.91744536
259 -3.615566 0.30457178
348 -0.6261004 0.64505947
86 1.2931768 6.2788806
7 -0.58503443 0.89062846
396 -0.5862759 0.91380185
493 -0.842135 0.69146293
109 1.1112489 6.037668
361 1.0183619 4.615582
347 -0.4873917 1.0362787
167 -0.5972341 0.89692503
89 -1.1047577 0.50857043
295 -0.4251988 0.6976825
297 1.045897 5.9677124
134 -0.61209196 0.9258459
14 -0.80725014 0.42651996
387 1.3146878 6.254768
306 0.8487183 3.8723123
227 -6.0261245 0.9002824
490 1.033951 4.988249
397 1.0500596 5.9602737
380 -0.7074522 0.6438113
398 1.055495 4.7603407
364 -1.1294365 0.5217277
136 -3.6221468 0.27479532
324 -0.52173615 0.89814436
176 -1.8002917 0.33412907
260 -5.9587393 0.56558853
95 -0.7499796 0.6874992
130 -5.340419 0.45394433
53 -5.8712287 0.4794874
118 1.1004146 6.016784
32 -5.3953514 0.52641594
319 -1.1176757 0.6627027
452 -1.1934297 0.5234673
224 -5.7464566 0.65695775
117 0.29708204 5.215173
475 1.023165 4.848806
205 0.46463072 3.4104078
489 1.1233826 6.0836825
59 1.113146 6.071924
244 0.32056665 5.147893
208 -0.88308233 0.38908276
506 1.0902411 6.061173
482 1.0662926 5.8343654
427 1.3277097 6.3797617
278 -2.2669191 0.35262573
240 1.0176117 5.8126264
290 -5.8845086 0.68729025
498 1.0438442 5.9295053
154 0.91761434 4.1100526
497 1.082196 6.0823054
163 0.94202137 4.2243543
403 -0.5019997 1.0307366
78 -0.48275185 1.0688256
274 -1.5419388 0.32877523
267 -2.1475785 0.3335315
450 0.92008466 4.1735606
233 -1.1744962 0.5293865
343 0.39918995 5.327212
311 0.9979633 4.7338223
381 -0.4374707 0.7383638
92 -3.7242687 0.29007488
384 -5.474971 0.5312235
230 0.92621416 4.61446
501 -0.87240416 0.67844427
270 -5.3228188 0.47901067
415 -0.5182782 1.0843961
152 -5.145922 0.43478766
164 1.1850599 5.812382
464 -3.7623763 0.2998431
102 -2.2932527 0.32715398
511 -1.0691055 0.6562364
34 -5.7014065 0.5492623
168 -2.3545551 0.32628688
228 -5.557418 0.63842434
235 0.43300074 3.1941385
408 -1.1656564 0.52427715
123 -0.6549793 0.64486796
192 -4.9173484 0.48723397
10 -5.1344404 0.48300704
435 1.0000594 4.7724757
15 -0.94268966 0.4360173
196 -5.4075212 0.6322267
68 -0.95796347 0.42303434
325 -0.8108472 0.4679415
338 0.99243873 4.4733777
478 -0.2723136 0.9126091
418 -4.0135565 0.30140477
476 1.2011971 6.3739166
480 -0.49661434 1.0679842
254 0.9687509 4.606413
439 0.34975865 4.848783
256 -5.5243287 0.5435334
362 -0.3557323 0.81714755
429 0.98478985 4.696874
40 -5.087502 0.43574086
146 -5.098176 0.49755695
313 -0.18295652 1.1276369
268 0.93809325 4.2527895
45 -2.9781497 0.32585457
441 0.48016322 3.5341845
245 0.92907 4.2218833
382 -0.3485833 0.757862
355 0.94700164 4.2535124
19 -5.3959885 0.60595894
88 -0.84807104 0.4087186
64 -6.0379324 0.5720642
190 -0.20189139 1.0329399
218 -0.5446982 0.88369787
420 1.3023435 6.1847563
463 0.98801506 4.7099485
395 0.3372977 4.9680195
428 -5.464109 0.62768245
451 -0.4696199 1.0422338
499 -0.8468348 0.6561956
402 -0.497986 1.0552218
474 0.97802645 4.645318
142 -5.051968 0.5866168
448 -0.80953324 0.4639237
243 0.9461912 5.297265
141 -0.560517 0.90902525
503 0.9651496 5.4715457
331 0.9377136 4.2554946
500 0.2773549 4.7994633
406 0.4712979 3.4867654
416 -5.1989775 0.500696
312 -0.6144467 0.914144
401 -2.2592964 0.3764542
80 -4.8837404 0.3843019
350 0.40377676 3.0706599
363 0.92822725 5.3346243
352 -1.1308857 0.3663102
346 0.8945406 4.015093
409 -1.116787 0.52321106
143 -0.5889582 0.90651417
1 -5.2181892 0.50288075
13 -3.059463 0.2911027
24 -4.963596 0.49543163
373 -0.6758675 0.6525165
432 0.9019179 4.1043234
344 -5.175966 0.61943483
323 -5.777975 0.65454376
393 -1.0260152 0.35322815
41 -1.403673 0.3546937
455 0.91939 5.2397413
422 0.9480682 4.23682
216 -3.6626956 0.26937208
165 -5.12479 0.5956809
179 0.7852537 3.76974
282 -0.3862192 0.8325832
217 0.8092432 4.013509
434 0.9137993 4.3911185
266 -4.9006457 0.38771522
110 1.0736618 5.1404777
337 -1.1253885 0.3936749
491 0.42046896 3.1648176
341 0.9272187 4.155509
488 -5.1672115 0.7886788
507 -0.84989434 0.67345995
368 1.0867189 5.224567
246 0.21907774 3.981011
454 0.9267304 5.305646
8 -4.6027026 0.4575041
458 0.96930575 4.7837133
465 -4.804375 0.7426233
442 0.93489236 5.2094088
483 -0.5764698 0.9013216
485 -5.0125756 0.77380466
504 0.8424458 3.9704633
453 1.0450313 5.015811
200 -2.995206 0.2955689
466 -1.1072801 0.5251685
263 0.26897782 4.080556
104 -2.9771836 0.23044877
494 0.79070044 4.5646276
0 -4.2185287 0.42546025
460 -4.3370385 0.67211246
378 0.3626332 2.858063
128 -2.207161 0.36215618
