512 2
9 0.3396232 -2.0049174
369 -0.6019775 -0.6352173
26 -4.5433383 -0.44899216
318 -6.06123 -0.68664694
58 -6.8787065 -0.6742356
349 -6.014664 -0.6937261
159 -4.878081 -0.5921119
68 -7.010238 -0.6818613
147 0.08580133 -1.4053373
74 -2.1333103 -0.34031913
351 -6.208541 -0.7137733
59 -0.6404495 -0.62431717
17 -1.7831397 -0.32422432
60 0.35849842 -2.066422
91 1.1305486 -6.3781495
107 1.514587 -8.204688
142 0.32501137 -2.0699222
118 -0.40362793 -0.77716905
363 -4.5722528 -0.5664736
117 0.5533922 -3.8012538
190 -4.1312428 -0.6496838
12 0.075010516 -1.3984646
287 -1.1315743 -0.51245683
399 -6.6462774 -0.7412349
43 0.8650467 -4.367968
13 0.10741246 -1.421581
160 -6.9390936 -0.6816803
468 1.3908615 -6.919744
248 0.6835712 -3.7945595
133 0.8120557 -4.1610613
361 -0.6291854 -0.6213044
330 1.6162409 -8.0585785
23 1.4839581 -7.5308185
170 0.6680998 -3.7669067
310 -0.60742563 -0.63733655
218 1.5789672 -7.915443
427 -0.6078376 -0.63031065
3 -6.851374 -0.67538935
277 -0.081920795 -1.1141015
223 -4.3698688 -0.623354
65 -3.0438173 -0.38375676
185 -0.6312041 -0.63951
140 -2.2482185 -0.34923336
45 0.8180169 -4.2275953
460 -4.5596843 -0.5627596
280 -0.23902689 -0.8823559
212 -6.894248 -0.6744547
480 -0.20331097 -0.96181434
115 -1.1136398 -0.5174217
11 -6.766196 -0.66253585
410 -4.478255 -0.55622625
122 0.694156 -3.846743
282 0.55693704 -3.8683088
506 -3.3354907 -0.71807057
109 0.53382576 -3.7624285
90 0.36595762 -2.0956612
193 -0.23509808 -0.908563
373 -0.6439554 -0.62941283
162 0.83920044 -4.29466
244 1.0606629 -5.427509
194 -2.122644 -0.36455333
255 -3.2055736 -0.7247844
83 -0.52551866 -0.6780278
262 -6.940603 -0.6854624
443 -2.8309853 -0.6706809
145 -2.0872269 -0.36894712
152 0.87884927 -4.388001
449 0.4805659 -3.5773747
37 -6.749979 -0.6608342
40 -3.0407283 -0.3826677
263 -0.3845064 -0.7817435
356 1.5102054 -8.234295
312 1.5290434 -8.339735
342 -0.47373095 -0.7078005
191 -2.886596 -0.6920924
365 -5.891141 -0.67125726
275 -6.7218857 -0.6564956
253 -4.028651 -0.6485172
445 -6.4588375 -0.7272428
431 -3.2075799 -0.7380588
28 -6.694538 -0.6586718
422 0.48736858 -3.5538325
120 -0.22940266 -0.8776776
414 -0.5681887 -0.6372217
143 -0.632351 -0.6108902
67 0.81096464 -4.2079883
69 -3.6738322 -0.42845145
249 -1.1352792 -0.45209986
350 -4.819408 -0.6052573
364 1.596832 -7.9648085
475 -4.417862 -0.62803954
56 -2.2215576 -0.34699896
381 -3.3252301 -0.7065777
1 -6.726244 -0.6636933
435 -1.070398 -0.51914847
201 1.525201 -8.192653
439 -0.97406334 -0.5449299
441 -0.7585391 -0.57046175
238 -6.4589977 -0.72513366
297 0.50608623 -3.4870353
401 0.9958307 -5.126184
294 0.69472444 -3.888485
33 -6.6268196 -0.6478209
290 0.5459671 -3.788585
494 -2.97787 -0.69376516
411 -4.4429617 -0.54990816
485 -5.6912127 -0.65211916
237 -0.62587106 -0.6285389
285 0.46384728 -2.5004559
419 0.24233969 -2.144927
101 1.4960326 -7.4520745
281 0.8894637 -4.433354
165 1.4810706 -8.08723
186 -1.0440202 -0.5093011
359 -1.2039621 -0.4506708
174 -0.3051585 -0.8991789
224 -2.0492728 -0.37009704
123 -3.2442014 -0.706273
333 0.7058615 -3.9742317
337 0.12887698 -1.541316
167 0.53624165 -3.5490777
80 -6.152136 -0.61647046
378 -6.569097 -0.7317576
402 1.5920504 -7.963437
326 0.47840548 -2.5421035
150 0.38326833 -2.1729982
219 -0.36757895 -0.7949012
453 -1.0564097 -0.50567544
181 -0.38645756 -0.78258955
105 0.08359926 -1.4157417
465 0.6143499 -3.6121902
182 0.9640992 -5.0144687
34 -6.4088883 -0.6405162
388 -0.09000108 -1.0799516
205 -0.97341573 -0.54226553
452 0.5672061 -3.8532016
225 1.5123044 -7.55489
339 0.6725532 -3.8394363
41 0.12248332 -1.4741257
362 -0.30830798 -0.9127543
432 0.49114636 -3.6272266
135 1.5209265 -8.218976
183 -6.1580133 -0.707649
171 -0.5990489 -0.6256499
286 -0.30325493 -0.89747703
73 0.6473021 -3.6972334
207 -6.4260178 -0.718618
98 0.053006124 -1.3907031
509 -2.6803164 -0.67191845
471 -3.0108209 -0.70220375
134 -2.0943842 -0.34640452
157 0.5549648 -3.501183
104 -2.7592978 -0.36369002
382 -3.8785503 -0.6553027
320 0.1413876 -1.5731051
178 0.47428623 -2.5264292
47 0.505884 -3.4670317
31 1.3563545 -6.7690234
395 1.5277817 -7.670481
139 0.54419386 -3.7708807
293 1.026962 -5.244165
53 0.9318582 -4.6244693
254 -4.298638 -0.6092211
192 -6.6080728 -0.6434113
35 -6.698757 -0.6541179
446 -3.754227 -0.70433336
39 0.94195056 -5.466752
379 -3.2880018 -0.7026597
413 -5.9469857 -0.6834574
448 0.46399266 -2.544222
76 -0.09629247 -1.055262
266 1.4887435 -8.134512
116 1.4363363 -7.869847
138 -0.08577881 -1.1252615
437 -4.485616 -0.5588388
240 1.4899702 -8.16526
166 1.0001619 -5.164559
370 -1.2130895 -0.4199581
84 -6.618877 -0.6490766
164 -0.20871875 -0.91524863
251 -2.6874733 -0.67327434
229 -0.9924447 -0.54062593
329 0.4912914 -2.551957
21 -6.149072 -0.614995
22 -0.37914404 -0.6154985
400 -6.571391 -0.63348305
272 -6.08405 -0.6184475
204 -2.0327814 -0.3647823
424 0.77617204 -4.0604243
408 -0.21182129 -0.9120437
127 -2.9678292 -0.70904267
55 0.20190457 -2.0357404
77 0.82153386 -4.260323
121 0.87257993 -4.3944345
129 -6.658347 -0.6439362
102 0.6781796 -3.7736883
321 -2.8293028 -0.3556551
252 -3.0100698 -0.68514156
242 1.441419 -7.85356
357 -0.48624676 -0.71416193
302 1.4824677 -8.116482
52 0.8747836 -4.410762
488 -0.19608557 -1.088105
430 -5.6804347 -0.65392375
291 0.8966226 -4.4719934
292 -0.22986871 -0.89190274
125 -0.62982273 -0.6276864
54 -0.07548101 -1.0807914
203 0.68304795 -3.8336706
154 0.5752725 -3.8860617
347 -5.834049 -0.6769042
96 -2.0574992 -0.34730655
490 -3.7900012 -0.6944963
239 -3.0361695 -0.70957494
405 -0.39400366 -0.8000559
375 -2.7251701 -0.6680682
360 -1.9903553 -0.3616674
499 -3.893018 -0.63820875
14 -0.21792415 -0.90266293
232 0.64129543 -3.81098
341 -0.4683295 -0.71086663
354 0.56042224 -3.8633215
228 0.56698096 -3.8956904
111 -1.100908 -0.5028394
184 0.7647591 -4.00351
283 -0.30393046 -0.8859168
429 -0.5121238 -0.6711864
301 1.4550333 -7.9408126
279 1.5328829 -7.68788
156 0.5751872 -3.6846292
276 -3.0606146 -0.39474633
136 -6.0200667 -0.6160954
454 -3.8842328 -0.62133706
458 0.1001316 -1.7453299
377 -6.309867 -0.7057735
151 0.98035836 -5.1298714
345 0.21070635 -2.031998
44 -1.7485086 -0.33855948
394 -0.22731675 -0.9023385
338 0.5681723 -3.8587334
481 -0.21957628 -1.0444065
386 0.86682135 -4.3649206
309 -0.118995175 -1.2171034
197 0.7022943 -3.9191644
27 -1.0967368 -0.32762256
407 -0.5051853 -0.68178064
195 -0.08639853 -1.0908378
114 0.07486222 -1.4119937
213 -0.61980766 -0.626546
288 -6.374028 -0.6409218
42 -4.612295 -0.47567698
245 -5.1365614 -0.63167965
455 -6.4766994 -0.73224455
61 -0.38867226 -0.79735905
144 0.6287366 -3.1834369
199 0.65376157 -3.7390554
234 -0.6423002 -0.6143396
498 -2.1268907 -0.37068185
82 0.81562304 -4.1732817
464 -0.042046864 -1.1752541
126 -5.762304 -0.6553692
423 -5.679187 -0.6569623
222 -0.11466126 -1.1532133
256 -6.779753 -0.66454446
316 -2.5840476 -0.38841498
474 0.08842084 -1.896812
352 -3.0954175 -0.39076126
274 0.4735924 -2.58323
398 0.21076676 -2.008519
384 -5.792438 -0.5837517
210 1.4933629 -7.508107
470 -2.4330904 -0.36590266
482 1.4648532 -7.373816
119 -3.1144645 -0.7098993
463 -3.8052983 -0.6238396
141 0.8601076 -4.4048586
5 -6.614499 -0.64890516
100 -0.82124484 -0.42139617
48 -0.12166227 -1.0473169
397 -0.10360957 -1.1581011
88 0.063702404 -1.4114281
79 -1.1354955 -0.4156093
268 0.88295394 -4.4338045
348 0.66706383 -3.783325
202 0.5547045 -3.8085556
86 -0.71764326 -0.4501858
450 -0.5648388 -0.65724146
75 0.6977497 -3.845752
307 -4.4535646 -0.64363456
380 0.23381585 -2.1843295
153 1.4255302 -7.7836227
472 0.45575583 -2.5704849
346 0.6584218 -3.8665786
270 0.59095716 -3.5731537
259 -0.21455128 -0.90806717
220 -0.62874806 -0.6287417
478 -4.0292115 -0.6280664
70 -3.9124067 -0.44747835
299 0.968042 -4.9827924
247 -2.7619739 -0.66707385
484 1.4748375 -7.419307
393 1.5609666 -7.753569
436 -0.3909948 -0.807813
177 -2.982863 -0.39137626
313 -0.38252538 -0.8022152
243 0.7650296 -4.1578755
315 -3.9854712 -0.6293108
473 -4.994084 -0.6272345
278 0.6447038 -3.7324424
298 0.5278391 -2.7833521
258 -6.6260705 -0.654887
391 0.6517599 -3.787522
504 -3.4899526 -0.71145016
434 0.5302881 -3.7283804
25 -0.4356574 -0.5741605
113 0.6340772 -3.2603836
62 -0.29226044 -0.9661188
415 -2.8559673 -0.67809623
106 0.8322791 -4.2639647
479 -2.723754 -0.67601967
336 0.50571716 -2.7440584
85 1.3538158 -6.771188
7 -1.7887182 -0.32815143
353 0.77903867 -4.0910625
175 -4.840768 -0.6047241
319 -3.8867004 -0.62106884
486 -3.7217982 -0.7024857
451 0.50217885 -3.5942178
367 -3.74885 -0.68557143
417 0.48820233 -3.5929499
355 -1.1562362 -0.4099472
303 -4.584425 -0.5703765
110 0.6859685 -3.8702936
124 0.23286477 -2.084396
19 -1.9011515 -0.34672713
406 -0.60660994 -0.6443509
323 0.5018398 -3.650417
71 0.07960164 -1.43991
392 -0.79270774 -0.41209188
64 -6.0630364 -0.60813165
50 -2.3535142 -0.36381018
176 -0.39319715 -0.65241885
476 -0.6234749 -0.6189398
72 -3.6599493 -0.44454256
457 -0.6009356 -0.6278494
250 -5.729406 -0.64799035
155 1.4357361 -7.1752357
467 -3.8732758 -0.6506068
187 -0.49663767 -0.6988115
215 -4.426548 -0.54724276
300 0.5408177 -3.7388487
289 -6.495701 -0.63367105
94 1.4929992 -7.4135466
231 -2.6508954 -0.4081986
340 0.1568845 -1.6152358
314 -0.38675025 -0.79135585
49 -3.6300328 -0.4157843
428 -2.2380974 -0.37367725
426 1.3023827 -6.574766
497 -0.4223513 -0.7609735
389 0.86785734 -4.31877
489 -2.7959206 -0.68001324
81 -0.32426926 -0.69003326
284 0.5780232 -3.8697662
46 0.6298356 -3.2508261
6 -5.9519124 -0.59822094
180 -1.9237603 -0.35523015
95 -5.9982734 -0.6961005
267 -2.0613625 -0.35017347
296 -3.6462517 -0.4276856
168 -0.22416863 -0.9180285
416 -2.168888 -0.3664709
8 -6.1176133 -0.6261992
376 -0.3111312 -0.8898039
456 -2.8139298 -0.38322082
447 -2.6425345 -0.6608735
261 -0.44833523 -0.53928614
374 -5.325882 -0.6464975
172 0.6663998 -3.311562
403 1.4308405 -7.1452866
372 1.4246757 -7.12119
161 -0.4178034 -0.6237684
93 1.2528474 -6.28023
491 -4.386752 -0.61926556
501 -3.7940903 -0.6511294
344 1.431973 -7.8177757
158 -0.9572384 -0.54647374
412 -1.1703755 -0.44145656
358 -0.1348988 -1.1176819
383 -2.7401028 -0.6647914
271 -0.3125066 -0.91761565
505 -3.0548377 -0.700162
502 -3.692523 -0.6530354
233 0.5364048 -3.6760695
246 -4.055816 -0.61158353
241 1.3983846 -6.9877486
10 -5.9862494 -0.60567486
331 1.478157 -7.320185
29 0.97939456 -5.0480347
15 0.51695555 -3.6101873
366 -1.0799184 -0.52067506
226 0.9374654 -4.9376187
209 0.13368593 -1.5814583
230 -0.60187966 -0.65239084
269 0.5487209 -3.5195632
332 0.51010674 -3.5811415
404 -0.8465392 -0.37385866
32 -5.6919513 -0.5765386
495 -2.5846295 -0.6498001
325 -3.7210739 -0.43492618
343 -1.0860848 -0.5081119
493 -3.522328 -0.69310766
179 -0.14386307 -1.1351501
508 -2.6438885 -0.6518174
196 0.49831805 -3.4200928
108 0.9083755 -4.5325403
149 -0.13886848 -1.0902665
188 -0.32774535 -0.9075285
385 -1.9448899 -0.3544836
327 0.6457224 -3.698156
51 1.3350683 -6.8496366
163 0.20321074 -2.0267196
78 1.4016652 -7.0251546
322 0.46228716 -2.5139244
24 -6.049123 -0.60244685
396 -0.03788679 -1.2439443
173 -0.13688084 -1.1846659
264 -5.7381015 -0.58105534
438 -0.96355516 -0.54966116
442 -1.0213667 -0.51989186
390 0.6062537 -3.6874235
260 -0.36198884 -0.7265295
57 -0.5409661 -0.6634742
492 -3.4310348 -0.7050673
227 -4.502169 -0.53654075
421 0.5013887 -3.5561259
36 -0.6996711 -0.43516946
304 -0.23516202 -0.8917801
2 -5.636081 -0.57644784
306 0.83717364 -4.175773
130 -6.334726 -0.6088624
420 0.85289687 -4.227553
433 -0.39053354 -0.8069308
20 -5.982082 -0.5943151
132 -5.490924 -0.5479119
317 0.6463274 -3.6645117
211 1.3736069 -6.857959
477 -2.9670668 -0.70058113
328 0.8195758 -4.0564466
38 0.07169989 -1.4199666
200 -5.946098 -0.60001934
128 -5.601218 -0.5707789
387 0.79537594 -4.1764755
137 -3.7142437 -0.4269655
334 0.71561253 -3.8201194
235 -1.8351524 -0.32837266
511 -2.669504 -0.6611839
466 0.5632792 -3.8235493
221 -2.7246518 -0.39602923
4 -5.4923496 -0.5663497
311 -4.256474 -0.5325745
66 -6.1161523 -0.5974356
308 0.4766469 -3.4377944
257 -2.9426942 -0.36939907
500 -0.34861523 -0.86473614
409 -0.19618832 -1.0382566
483 -4.140944 -0.53991115
305 1.3359606 -6.705382
216 1.315043 -7.2199364
63 -4.225428 -0.59911156
510 -2.6370783 -0.6592525
217 -0.14515768 -1.097996
469 -0.97847694 -0.5384064
89 1.3545902 -6.7483015
131 -3.253515 -0.402866
214 1.3466338 -7.3375854
208 -3.6782491 -0.44866726
92 0.9173751 -4.8062305
418 0.73618084 -3.9155777
295 -1.067333 -0.50992346
368 -0.22343649 -0.8605344
335 -1.1685419 -0.44308454
99 0.080915086 -1.4675297
87 -0.7807544 -0.5843696
496 -0.547951 -0.67277575
444 -0.36409557 -0.88516164
371 -5.6714 -0.6292921
0 -5.5362906 -0.5628284
440 -4.456818 -0.5749096
461 -0.650062 -0.62213296
16 -5.4488964 -0.54965734
487 -3.5609076 -0.7005834
148 -3.5903 -0.4014067
30 -0.8073537 -0.404101
425 -0.63617384 -0.62499076
206 0.14988708 -1.9469199
18 -5.56393 -0.5588432
103 -0.10184128 -1.2548817
189 -0.49879366 -0.7028057
236 0.21488178 -2.13879
146 0.80572146 -4.064297
459 -5.5563726 -0.6314657
265 0.79719615 -4.003527
273 0.4782164 -3.4517334
169 0.51238906 -2.6749656
112 -5.6202555 -0.54556644
507 -2.6106727 -0.6480862
324 -0.7829681 -0.31852576
97 -0.35713512 -0.7064554
462 -1.1831774 -0.42799234
198 1.1270266 -5.6213617
503 -2.0259318 -0.3375362
