512 2
137 -0.07362709 5.9895225
254 0.39466175 0.89049727
109 5.810562 -0.33269224
47 0.6353481 0.31142145
124 1.313049 0.13554746
83 -0.060523868 5.7447796
222 0.59078383 0.6106585
59 1.7442747 0.056628957
20 7.705577 -0.64263767
75 5.6262507 -0.3119544
366 0.28493065 1.4408073
1 5.1053486 -0.40220454
502 0.3961648 0.9243337
363 0.3733936 1.2086567
64 7.690521 -0.6460936
483 0.30196136 1.3560369
100 5.660392 -0.31004155
400 1.3646916 0.1626589
63 2.6386225 -0.06504715
30 -0.07199397 6.402765
229 2.6688535 -0.06034104
290 7.9917808 -0.6659398
76 -0.06365334 5.6298428
194 -0.2391387 7.680023
3 7.9124265 -0.6682183
67 1.5953207 0.087331355
230 -0.21617258 7.6434145
51 2.6495318 -0.06550068
473 0.2250756 1.7226639
288 6.8538322 -0.5881342
7 1.3559755 0.1662325
52 1.6608056 0.055530243
379 0.38129145 0.88992405
172 5.6466274 -0.30686343
337 -0.08321585 5.90576
472 0.5454301 0.6429734
232 6.9278393 -0.5976191
402 -0.20891553 7.6895347
90 2.6422775 -0.051484194
72 6.7160244 -0.578219
501 0.38987064 0.9777731
71 1.1628733 0.33993965
375 0.39039004 0.91133124
210 4.820322 -0.22633675
188 1.35422 0.13895929
491 0.38115948 0.86151177
37 -0.23728643 7.4822235
391 -0.050808642 5.699079
439 0.39016485 0.8689975
314 -0.05582697 5.6885605
55 1.6424474 0.067041546
15 -0.24507028 7.7068353
260 7.792009 -0.6431581
195 2.6802838 -0.0716321
228 6.1761303 -0.35440177
344 -0.20902005 7.4987926
135 1.1682442 0.33891302
48 7.550761 -0.6478753
87 5.1477456 -0.31561536
149 1.6912692 0.061944086
26 5.0869136 -0.3053959
475 0.37656662 1.051022
240 -0.22205208 7.6595783
152 -0.21577118 7.5765424
510 0.38579404 0.87047124
81 1.3390658 0.1326733
304 6.7136297 -0.5767727
292 1.3462423 0.17419042
203 6.1391044 -0.35597432
421 0.5459823 0.64857256
377 0.26376265 1.5193881
397 0.552211 0.5768199
56 -0.23804507 7.3901124
446 0.39969102 0.8902603
219 0.23689114 1.6844413
85 2.5447135 -0.03234432
247 0.37641883 0.99255764
133 5.810999 -0.49376625
298 -0.21919243 7.5820656
31 0.6165628 0.55582124
318 0.2459198 1.5299277
293 -0.2103536 7.5133605
351 0.22424121 1.6719621
386 1.1612493 0.34428766
151 2.6655357 -0.058653664
19 7.271815 -0.6233986
474 0.6367434 0.5836042
120 1.1726681 0.3360328
197 -0.06525251 5.7442703
355 -0.049345814 5.600791
428 4.76274 -0.21802959
246 0.5605696 0.5502566
44 1.1578568 0.34572577
350 0.38696504 0.8223351
312 -0.19719802 7.470892
399 0.5461631 0.6380437
103 3.7388277 -0.19429556
489 0.23909695 1.5775869
33 6.391965 -0.5509655
431 0.38567856 0.89281744
65 6.5321555 -0.5670609
216 -0.2051716 7.4473615
91 0.6110929 0.59935474
57 -0.11318482 5.9565587
25 2.6481876 -0.12889174
508 0.29193485 1.4150635
107 1.3485684 0.14169045
373 0.306908 1.3398573
60 1.2167751 0.259588
306 -0.2143905 7.3234005
220 4.8073463 -0.22640844
53 -0.0638752 6.0136595
365 0.2283212 1.6831977
155 0.49914485 0.6824412
167 5.5766644 -0.3026644
208 1.3232615 0.18044183
506 0.3763342 1.1542922
108 1.1900259 0.27912372
464 0.5736088 0.56961894
94 -0.07023033 6.030932
27 -0.24908265 7.6739655
202 -0.05762881 5.582624
471 0.35655797 1.170408
345 2.5693243 -0.03419939
267 -0.071061656 6.126034
221 0.22367348 1.6956631
271 0.38957444 0.86786824
95 0.34924224 1.2825059
97 4.9638553 -0.40814644
237 0.22678107 1.6551495
142 -0.06421227 5.5808744
80 7.152349 -0.6361107
122 -0.07998527 5.8748107
166 -0.23701419 7.3374557
412 1.311725 0.14905427
182 5.9572988 -0.34110114
205 0.6272947 0.5898185
224 6.6415315 -0.5764033
436 0.5061194 0.68556815
238 0.6024083 0.60035163
268 -0.071622744 5.8703794
196 1.1975932 0.28208184
453 4.7360897 -0.21898594
371 0.53057677 0.6585481
404 -0.20690751 7.271819
2 8.2288685 -0.64828974
136 7.762268 -0.62537193
171 0.6235797 0.58978444
162 1.1568996 0.3464769
388 5.574114 -0.46732092
490 0.38468957 1.0129107
500 0.37476394 1.0247018
165 1.1530287 0.3530131
357 3.6433823 -0.19392636
248 0.47431505 0.70487183
336 -0.21551482 7.509675
92 -0.21221927 7.4146905
159 3.7253022 -0.19547905
249 0.3295584 1.3268683
129 2.591308 -0.1053922
392 7.059988 -0.61167985
320 5.4189253 -0.43876532
493 0.3882573 0.8983557
18 7.6848774 -0.6357379
259 1.3223821 0.18147773
225 -0.20199133 7.498073
141 1.3303838 0.1751327
411 0.23376286 1.6197878
105 -0.06922649 6.1108227
360 -0.2560924 7.6471024
286 4.6763434 -0.21505249
273 -0.21840951 7.3349795
123 0.36195332 1.2591474
390 -0.24384046 7.583505
226 -0.21397963 7.2904468
127 0.37410682 1.1124262
168 1.1950395 0.2828901
251 0.39086547 0.8886313
256 8.542781 -0.6491308
114 2.6740608 -0.06253724
433 5.0558577 -0.31678241
62 0.5052872 0.6895462
287 0.31261706 1.3529308
359 0.23265928 1.720089
22 7.75227 -0.64790046
492 0.3515535 1.2878987
266 -0.25841528 7.567172
278 -0.244248 7.5093727
111 1.4547621 0.11280322
279 0.63792783 0.57195
245 0.22812486 1.6959822
156 1.6891657 0.06478508
476 2.5087461 -0.042381287
281 4.616934 -0.28791025
23 -0.24314047 7.40382
376 0.5414685 0.6507631
143 -0.049052387 5.6711063
372 2.4378664 -0.031040674
325 -0.24145985 7.5283985
14 1.3975478 0.17698227
413 0.24025543 1.6557189
253 0.24827322 1.5533714
348 0.56466573 0.5474072
138 1.6898196 0.038671453
488 0.55015725 0.64183855
243 0.27228862 1.2809311
445 0.38765287 0.87576574
323 4.769342 -0.23220927
424 -0.06429076 5.5634184
482 0.56774294 0.577619
99 1.1469196 0.33022666
450 -0.07357701 5.9891105
427 0.24357939 1.5781025
112 1.1577127 0.3400574
480 -0.2162078 7.4764934
74 1.7425551 0.04226392
420 -0.23127276 7.501854
193 -0.20935056 7.3963656
401 6.124436 -0.34844813
481 -0.054337893 5.5843062
283 4.9375606 -0.30338067
227 0.5411126 0.6508558
509 0.38681084 0.8777245
257 6.648662 -0.5717473
465 1.4642555 0.11243745
381 0.25602052 1.5380522
463 0.3844763 0.97290695
333 4.9573727 -0.3162991
223 0.33161825 1.2663618
46 -0.21349643 7.4764314
277 -0.25463673 7.555841
184 -0.05125167 5.6308513
342 2.5038223 -0.0329744
331 -0.046481747 5.595154
4 8.32671 -0.63809633
330 5.974489 -0.33645913
173 1.3042463 0.15175208
294 -0.07403636 5.698143
505 0.38728026 0.8628911
54 -0.064601645 5.461286
181 4.6610546 -0.21873614
272 7.2025533 -0.61957806
440 -0.21021146 7.321754
139 -0.21324918 7.1843066
470 0.3009829 1.3901749
378 1.2968686 0.15869813
452 1.2035309 0.26785603
324 1.1674697 0.340108
183 0.6047716 0.60577005
449 0.5674735 0.5378195
311 0.23032768 1.6819906
408 -0.2505204 7.5996118
180 -0.24607736 7.631662
485 0.57901055 0.6153811
429 1.3508354 0.13072154
326 1.4452355 0.1248495
236 0.559413 0.5643762
405 -0.21479088 7.432253
239 0.38702467 1.0159103
40 7.203323 -0.6152077
403 0.59441113 0.6252542
200 5.480349 -0.4452299
442 0.37635085 1.0384402
66 7.791958 -0.6344822
494 0.36947322 0.8787302
317 0.32983088 1.3332742
299 0.6546951 0.56375647
17 1.1619914 0.34604198
43 -0.070060916 5.898852
434 -0.06294722 5.927231
233 0.55745155 0.5684136
419 1.3598586 0.15049174
201 1.2151684 0.27880526
209 -0.24747273 7.6211886
79 3.6123042 -0.19338766
211 1.3000091 0.1588472
310 0.35394967 0.89421606
16 8.44908 -0.6514394
86 6.5747175 -0.55038285
12 6.538478 -0.5620657
362 0.5668394 0.5790753
406 2.3891704 -0.027469728
36 8.326946 -0.6438415
384 8.450689 -0.63812935
425 0.63122654 0.58202153
297 2.6696188 -0.06903166
338 -0.20961852 7.507846
148 3.2463086 -0.23512067
24 5.119594 -0.41129833
93 4.4814787 -0.1985476
11 6.8583703 -0.60243255
154 4.800928 -0.29146576
291 1.3772837 0.16745824
430 1.4412539 0.12005105
302 4.905942 -0.31093743
113 -0.07676887 5.7507653
177 -0.07408059 5.855707
189 0.24537537 1.5411696
387 0.46349198 0.7267868
322 6.9433007 -0.60461694
437 4.7537355 -0.29931316
6 1.1550139 0.332783
368 -0.09271595 5.9240932
198 4.842207 -0.23489772
280 1.1359048 0.33631784
275 -0.21703978 7.418002
128 6.6681867 -0.5654138
158 4.8201866 -0.29804793
78 0.5866812 0.54285246
496 -0.079023525 5.5999594
461 0.53259057 0.64857125
58 2.6993208 -0.0681498
21 1.1606913 0.33094767
347 1.257054 0.15944107
319 0.37775743 0.8705428
385 7.8665085 -0.6330661
204 1.465847 0.10842381
444 0.36229753 1.2782701
191 0.22870749 1.7321398
343 0.2315351 1.7368194
28 1.5995758 0.08052306
415 0.35849103 1.2341534
353 -0.086816214 5.736341
282 -0.05788 5.6150746
329 -0.051887013 5.8100023
69 6.7813773 -0.59159017
307 0.6493131 0.5480426
451 1.2936103 0.13853396
303 0.49104145 0.7255567
466 6.0658135 -0.3470585
339 0.4206312 0.8250939
96 4.8780327 -0.39749283
77 -0.21294011 7.424003
467 -0.060227398 5.727848
125 0.24492283 1.4012406
295 4.4461064 -0.280087
313 1.3311168 0.15427668
140 -0.07743783 5.7135878
499 0.3749055 0.9002003
9 6.790922 -0.58696735
130 1.7153134 0.07740904
119 0.24356425 1.4436802
349 0.3758018 1.0125933
497 0.26486057 1.5274203
462 0.29322416 1.4296083
117 0.587329 0.5613072
460 4.65209 -0.2886464
458 4.6407604 -0.20653526
398 3.0971916 -0.14036763
261 -0.23269074 7.429104
131 1.1717783 0.3393845
407 0.38670826 0.93547374
341 -0.035450462 5.2602124
178 5.9899783 -0.34823194
38 -0.19246356 7.2179213
126 0.259835 1.4362819
160 7.604552 -0.6190351
276 -0.21248667 7.3386383
146 8.191881 -0.6308022
187 0.22996056 1.7057807
332 1.356769 0.14556965
309 0.5630042 0.5743759
212 -0.07271513 5.759788
422 -0.22138707 7.436331
88 1.2033247 0.2722327
150 4.8262258 -0.22996904
441 0.2898827 1.1761166
263 -0.063200496 5.665135
39 -0.20625596 7.2824216
215 0.22447494 1.7521644
395 4.702969 -0.21926425
264 7.794254 -0.6115392
358 0.6527721 0.5426389
207 0.37562096 1.0561477
511 0.38301957 0.8359675
356 -0.2295852 7.2181797
393 -0.23054141 7.3620615
164 5.2291503 -0.4086743
41 -0.054483518 5.530677
454 0.5648067 0.5667059
118 1.3187613 0.14883672
426 0.60338634 0.5987007
106 2.7751193 -0.055038128
416 -0.07891437 5.7691164
507 0.39668185 0.8270333
477 0.27666506 1.4610872
68 1.3205752 0.18231124
169 -0.05440878 5.474302
147 -0.03514253 5.1445417
42 8.145615 -0.6371143
35 -0.055728436 5.589188
417 -0.20716923 7.4357624
382 0.39396438 1.0222788
179 5.868036 -0.34913576
335 0.3400785 1.3049273
250 0.24515094 1.5733161
305 -0.047457017 5.576562
89 -0.058171056 5.6523604
328 3.443538 -0.20627905
121 0.61104316 0.55269253
134 1.745912 0.044849493
176 6.8725004 -0.5942767
218 0.63969517 0.5712579
8 7.992135 -0.6213629
327 0.55884844 0.56673485
206 -0.07763867 5.8845954
157 0.5818258 0.5469336
370 3.173348 -0.14175637
503 0.37549794 0.8375019
32 7.852822 -0.6195334
84 -0.20820081 7.1683993
217 4.8415537 -0.30377877
396 5.7350307 -0.3278656
101 1.4096158 0.14380567
170 -0.051663846 5.6512537
410 -0.059757262 5.522108
443 0.3859996 0.8284384
258 3.0332508 -0.16214633
468 4.8476396 -0.31078842
234 0.5949175 0.59993654
45 -0.062375836 5.600202
285 4.5068445 -0.20630573
284 5.707321 -0.3309797
70 6.5246468 -0.5730437
300 5.702113 -0.3346247
289 3.4350007 -0.23271489
185 3.6501765 -0.19043054
354 -0.23513901 7.42931
316 2.716697 -0.081434
199 1.3236091 0.14447789
242 1.3286021 0.14869112
153 -0.060637034 5.501866
455 0.28302148 1.2559794
484 -0.06133869 5.651641
104 -0.060461245 5.495278
423 0.26746657 1.5343059
456 -0.20394772 7.1325083
364 5.8904037 -0.3355231
161 6.7166767 -0.5690598
34 7.1063294 -0.57974684
213 5.734649 -0.3251193
469 0.24765392 1.5902517
145 -0.1952127 6.9601684
98 7.3593626 -0.5805595
132 3.2339835 -0.18970487
61 -0.064785175 5.492569
214 -0.046355817 5.413618
175 0.22004487 1.7356507
186 0.5936589 0.6177871
380 0.64323425 0.557517
241 1.3914032 0.12790678
389 -0.047301352 5.467993
252 0.22021689 1.6890424
235 0.23345274 1.700226
361 1.2938211 0.14378484
432 1.1554028 0.34896708
10 6.549207 -0.56715643
190 0.40527478 1.0873315
504 1.402466 0.12711006
231 0.251471 1.5676178
82 -0.21308613 7.0237193
244 0.29116815 1.1456305
115 4.4904327 -0.2721973
301 0.22678955 1.7192533
340 1.1385331 0.350217
459 1.3347871 0.15523046
438 0.5552137 0.63638353
50 -0.21161266 7.0460544
110 1.3535966 0.15478326
29 -0.05106262 5.3899975
116 1.1460279 0.3293666
374 0.55261177 0.5372966
457 3.152598 -0.1339245
5 7.090879 -0.5682888
435 0.2952513 1.0827312
409 0.6508295 0.5196754
495 0.37971354 0.8383582
265 -0.053147428 5.3362155
73 1.1190012 0.33746496
321 7.076242 -0.58605415
346 0.65278035 0.53950995
315 0.6341118 0.54493886
394 1.1556408 0.34791595
269 -0.0492644 5.458694
192 7.491141 -0.6056818
479 0.37396643 0.82313377
498 0.3621066 0.9143939
447 0.37732744 0.8325824
486 0.37014288 0.8750101
308 -0.052342154 5.272584
262 3.2247036 -0.2012579
478 0.57222015 0.59158456
274 6.4710927 -0.56233084
296 1.1299678 0.34745538
352 -0.19875044 6.7333255
49 -0.2025619 6.7671857
102 -0.05135774 5.2007017
270 1.1586608 0.28745013
334 -0.08469485 5.507374
418 -0.060941886 5.688921
448 1.1411585 0.3473433
0 7.5614657 -0.5778684
174 2.7693963 -0.08589594
163 4.3634973 -0.2011881
367 0.3796914 0.8784961
414 1.3759432 0.1242987
13 7.2263722 -0.56450397
144 1.1470456 0.34326467
369 -0.039414626 5.099093
487 0.36128488 0.8319904
255 0.3659541 0.8019551
383 0.36656922 0.8144519
