512 2
191 -8.680383 1.1789932
116 -0.2653231 -1.5873924
55 -0.33642942 -1.181809
195 -0.18493378 -8.201509
133 -1.0267899 -0.2052604
342 -0.34625226 -1.0485603
36 -0.84084135 -0.6386861
297 -0.15733306 -4.5344386
27 -0.13941552 -7.7096443
162 -0.8335733 -0.28047764
101 -0.17534114 -8.168731
282 -0.35666147 -1.0100361
291 -0.2683817 -1.581852
132 -0.83277667 -0.29739028
18 -0.86012316 -0.6443371
48 -1.392575 -0.07432134
103 -0.2668032 -1.4720849
172 -0.13124536 -5.798908
58 -0.3220806 -1.1905788
69 -0.27538452 -4.658443
361 -0.17823607 -8.3888855
351 -8.814372 1.1867256
411 -8.183311 1.2001858
157 -0.14727466 -7.807002
251 -8.46842 1.2282192
398 -0.4012418 -0.8057808
177 -0.18981124 -7.9304056
184 -1.4925416 -0.052206255
371 -8.38191 1.205942
134 -1.8109792 0.02316817
47 -0.36707944 -0.99312156
234 -0.1992064 -2.0651777
434 -0.46697578 -0.6530319
112 -1.8531849 0.029961385
158 -0.51249623 -0.5807664
263 -1.521304 -0.056618243
139 -1.0273011 -0.2545741
214 -0.1839198 -3.5131068
87 -0.26508492 -4.542077
246 -4.8353677 0.7310426
490 -8.779878 1.1921579
272 -0.8682319 -0.6449027
372 -0.27984568 -1.3550202
343 -0.27802017 -1.3595003
349 -8.158748 1.1899718
446 -8.84025 1.1948414
180 -0.2756022 -3.153116
187 -0.5306194 -0.48429734
140 -1.7809372 0.027907778
86 -0.16401404 -4.573939
78 -0.8421062 -0.29084617
105 -0.27167514 -4.638927
174 -0.5730867 -0.32791075
443 -8.875084 1.1897094
25 -1.4911178 -0.040558368
275 -0.3528463 -1.0382372
150 -0.19410494 -8.163974
56 -1.0245684 -0.2291379
113 -1.0484586 -0.22602062
373 -0.39900473 -0.8440155
384 -0.92753506 -0.57306933
49 -0.93228996 -0.5922991
477 -8.415969 1.2046723
238 -0.6071884 -0.27376932
335 -8.077523 1.1789088
3 -0.94642454 -0.59751457
292 -0.24742329 -5.983437
379 -8.74663 1.1572089
313 -0.36249632 -1.0561849
325 -0.28064802 -3.089269
88 -1.3798888 -0.09424196
460 -0.32356584 -1.2013723
239 -8.437541 1.1463658
236 -1.0547284 -0.24436274
108 -1.0318773 -0.19718625
63 -0.39691162 -0.7909438
377 -0.34597233 -1.0824807
24 -0.843566 -0.26411375
199 -0.18259877 -7.9154115
309 -0.5335338 -0.47644264
248 -1.0402828 -0.23801678
494 -8.200693 1.1802891
71 -1.9527336 0.05626946
7 -0.31398746 -0.86815757
381 -8.235986 1.1703501
93 -0.1555724 -4.3595533
23 -0.13650261 -7.5791073
20 -0.824888 -0.62198615
15 -1.3623388 -0.095866814
222 -0.39392132 -0.80610675
277 -0.120565735 -5.7847357
415 -8.699826 1.1494758
167 -0.34807238 -1.0900313
465 -0.18753639 -8.287641
144 -0.8702296 -0.65401244
354 -0.13374533 -7.6024814
16 -0.7798093 -0.34794673
45 -0.2154125 -6.989398
215 -0.26530698 -1.484711
233 -0.27018517 -1.562748
461 -8.140236 1.1646888
452 -0.26781178 -1.5206516
35 -1.5086812 -0.055204958
210 -0.99979925 -0.20253414
149 -0.19814245 -2.1156168
288 -0.8284627 -0.63504565
135 -1.0548286 -0.23668014
487 -8.1424055 1.1665411
81 -1.0372617 -0.20046535
509 -8.656707 1.1504703
390 -0.28983337 -5.422345
340 -0.27082598 -3.0525708
41 -0.84322834 -0.27790678
280 -1.9623141 0.043040536
160 -0.8760966 -0.6424139
482 -6.955941 1.0472878
89 -1.9543538 0.06466263
219 -7.931619 1.1443702
76 -1.8162327 0.018400183
221 -6.848092 1.0255324
422 -0.14916933 -5.079122
225 -0.143009 -7.5271606
163 -0.16920225 -3.2439296
353 -1.5101663 -0.059742052
242 -7.5685205 1.119686
175 -3.5833995 0.5114581
444 -3.653488 0.5239117
17 -0.8303865 -0.5984885
470 -7.0014687 1.040315
91 -0.16310106 -4.5594463
202 -1.0368694 -0.23852883
22 -1.0305378 -0.19998467
198 -0.13680948 -7.4019823
502 -7.8423448 1.1409338
471 -8.061914 1.161345
366 -8.232772 1.1390065
68 -1.7599704 0.02472659
192 -0.80115086 -0.5044002
250 -7.036429 1.0523173
249 -0.5396225 -0.49982035
278 -0.13430259 -7.678546
449 -0.8299813 -0.27776858
491 -8.510681 1.1537055
258 -0.89186764 -0.62381154
299 -0.18078452 -3.5096567
424 -0.121189505 -7.4821787
493 -7.923527 1.1640317
328 -0.93837595 -0.5818534
269 -0.27063954 -3.0946527
73 -1.7961438 0.014157605
155 -0.24469893 -5.867712
32 -0.8790027 -0.6454777
13 -1.5112576 -0.058392536
107 -0.14203714 -7.3329034
96 -0.9317379 -0.5795635
330 -0.27092394 -3.1985831
492 -6.471615 0.9778395
39 -0.19919945 -6.8880033
181 -0.27792317 -1.3324108
332 -1.2097652 -0.16824049
362 -0.16837691 -4.633548
40 -0.93932617 -0.59525913
33 -0.8237611 -0.61573106
6 -1.3517878 -0.10206135
357 -0.26061678 -1.578741
28 -1.060891 -0.24685821
437 -6.533236 0.9996989
334 -0.5330916 -0.4703781
346 -0.40256372 -0.8158758
270 -0.17400827 -4.4468412
97 -1.503345 -0.042826477
445 -7.388696 1.107227
52 -1.0262697 -0.24337795
83 -1.0539594 -0.23440309
312 -1.2092818 -0.14517096
414 -5.609621 0.8534913
475 -8.460051 1.138513
30 -1.7407626 0.014573034
124 -0.22594006 -6.963844
454 -0.25827754 -1.514533
395 -0.26440692 -3.08958
196 -0.80355436 -0.61259884
120 -0.18392941 -3.5672553
451 -0.17966513 -8.152768
205 -0.3421367 -1.0522183
433 -0.2754541 -1.3547972
80 -0.94088393 -0.61000663
499 -8.528817 1.1451219
227 -0.24337895 -5.875436
207 -8.078143 1.1577349
431 -8.543969 1.1356112
448 -1.058856 -0.23744725
403 -0.5165814 -0.49759936
440 -0.14662802 -7.645453
102 -0.18511647 -8.055108
229 -0.17432326 -8.11784
182 -0.2764378 -1.3384994
472 -0.18725482 -3.025443
426 -0.16439536 -8.154286
53 -0.282035 -3.0504248
50 -1.024117 -0.20531358
118 -0.17351435 -3.4959464
170 -1.6099145 -0.030153722
240 -0.2543878 -1.5862602
75 -1.2194068 -0.16067345
136 -0.8562376 -0.6410493
466 -0.53431696 -0.5168543
479 -8.57655 1.1190735
315 -0.46211508 -0.6483187
388 -0.78285825 -0.5213168
382 -8.642511 1.157469
262 -1.0536674 -0.2469231
43 -0.228386 -6.739947
323 -1.0347431 -0.25795263
458 -0.14088029 -7.373864
46 -0.24661094 -5.7025833
329 -0.27593118 -5.322235
421 -0.41261247 -0.8173369
324 -0.7492883 -0.32689372
253 -7.8567348 1.1298614
455 -0.5574754 -0.34159186
364 -0.1522375 -5.046611
203 -0.20982099 -2.099612
420 -0.243023 -6.4048457
389 -1.995995 0.07206825
436 -0.30566964 -1.2320039
37 -0.93404794 -0.6190826
11 -1.9570354 0.055914223
159 -8.350217 1.1546599
252 -5.60925 0.8476903
273 -0.92069805 -0.6365512
307 -0.12614098 -7.511131
480 -1.4549893 -0.075452074
59 -0.1808762 -7.8117104
441 -7.517284 1.1091368
267 -1.2263811 -0.15961911
318 -7.7838 1.1481729
462 -4.4886093 0.66874707
430 -4.493605 0.67359036
358 -0.2681354 -1.5489682
194 -1.5518515 -0.05320165
54 -0.27179036 -4.4807363
127 -7.5646753 1.1073858
310 -0.2459406 -1.6108868
67 -0.8284102 -0.2765521
265 -0.87792903 -0.6517288
190 -3.889395 0.56706226
188 -0.2662074 -1.4956193
393 -1.447543 -0.083770275
352 -1.5559492 -0.048425775
327 -0.23896806 -1.7567956
154 -0.13693307 -7.379151
374 -0.12639385 -7.4030743
410 -0.32689223 -1.1868006
419 -0.1408522 -4.9551954
66 -0.8922516 -0.6440282
95 -7.1652036 1.0638971
386 -0.8278929 -0.28434324
153 -2.0200348 0.058260046
98 -1.921608 0.055705156
408 -1.4593526 -0.079894006
213 -0.2691545 -1.6034886
1 -0.9420481 -0.613096
488 -7.036733 1.0588785
122 -0.26670688 -1.4800341
131 -1.9922194 0.07265527
296 -0.826441 -0.6238567
114 -0.27340183 -3.0414321
257 -0.93671525 -0.60745215
100 -1.780847 0.007238747
438 -0.1445205 -7.5771947
189 -0.48502597 -0.6011997
344 -0.27236077 -5.330519
339 -0.11718976 -7.301131
130 -0.9234302 -0.6302889
34 -1.0435617 -0.1974155
391 -0.2670784 -1.5134512
320 -0.8321244 -0.6208071
216 -0.14806749 -7.1764574
9 -1.2346485 -0.16223036
319 -6.504258 0.9662851
365 -8.177647 1.1316688
254 -8.078387 1.1550454
208 -1.747067 0.016162219
115 -0.5472272 -0.47741455
19 -1.8405696 0.024658753
321 -1.7103094 -0.009142176
478 -8.112382 1.1233246
360 -0.23198538 -6.523937
119 -7.519489 1.0869902
304 -0.7768312 -0.5227891
314 -0.18965963 -3.5026762
264 -0.9115594 -0.6099735
442 -3.5060968 0.49328274
209 -1.082426 -0.23688611
337 -1.0499772 -0.25771624
383 -8.423441 1.0969552
392 -1.1628635 -0.17483288
483 -6.671728 1.0095176
469 -0.4171781 -0.79594326
341 -0.17037097 -8.066792
185 -3.806962 0.5456375
152 -1.5061965 -0.053898945
90 -1.025045 -0.20232603
171 -0.58713603 -0.32608923
129 -0.96024764 -0.6109963
500 -7.1728845 1.0655156
110 -1.6065062 -0.02909923
92 -0.24280731 -5.8643055
8 -0.9236225 -0.5804347
404 -0.19292428 -7.143372
161 -1.4810277 -0.06557403
217 -0.17778537 -7.9831142
70 -1.9805422 0.075285666
316 -0.19268323 -3.3208935
368 -0.2794954 -5.228204
109 -0.13108175 -7.253931
484 -0.1338929 -4.9128456
289 -0.8429963 -0.28027213
235 -0.31451434 -1.2243193
417 -1.0253822 -0.24769956
61 -0.2825709 -1.3315569
427 -1.4761728 0.07671182
350 -8.358278 1.1304214
271 -0.25832552 -1.5649754
26 -0.8144286 -0.3046486
305 -0.14111648 -5.017521
145 -0.2602285 -3.1239052
401 -0.14199103 -4.9254518
125 -6.7712436 1.0386522
151 -0.23971768 -1.633102
435 -0.4478958 -0.6546073
179 -0.2689923 -1.4743404
2 -0.93749535 -0.59019256
82 -0.9447445 -0.59454
405 -0.19444723 -7.03451
308 -0.17189422 -7.892952
496 -0.16271116 -4.3372636
412 -0.23805244 -1.7165604
394 -0.14295961 -5.0382147
111 -4.8610406 0.71637666
370 -0.22863248 -6.264545
200 -0.7664411 -0.35784146
79 -0.115929455 -5.5829973
311 -0.49369067 -0.6095852
29 -0.20870289 -6.7167745
432 -0.23446493 -6.265257
232 -0.25928578 -5.2837725
406 -0.1234026 -7.3679576
274 -1.8679068 0.052376732
348 -0.17013276 -4.463025
336 -1.0508941 -0.2538457
481 -0.30731213 -1.2280029
363 -0.28408632 -1.3438625
121 -0.11573779 -7.258032
166 -0.21410115 -6.792726
164 -2.050402 0.055992417
156 -0.16866195 -7.5254126
5 -0.7553458 -0.34194955
168 -0.8625038 -0.64396363
77 -0.27322465 -3.172522
64 -0.9374212 -0.583817
243 -3.7001188 0.53241485
402 -0.16602032 -7.959303
504 -0.2324924 -1.7164177
85 -0.18721634 -3.5834186
169 -0.2599613 -4.143706
485 -0.26541743 -1.4475957
459 -0.1511396 -4.5571046
268 -1.5395542 -0.0498984
104 -1.8974451 0.06202221
141 -1.6073887 -0.016244097
244 -0.25896144 -1.5624471
506 -8.312891 1.0804675
146 -1.0293666 -0.20747611
397 -0.20610054 -7.008845
413 -4.631025 0.7048233
375 -1.7736422 0.17050426
173 -0.31685358 -1.2085526
218 -0.2223154 -2.1617992
508 -5.746363 0.8831198
4 -0.9466265 -0.5900002
428 -0.18299529 -3.3343883
228 -0.2697037 -5.146755
226 -1.1100762 -0.19274877
31 -0.31914306 -1.1884689
497 -0.39220157 -0.80280143
279 -0.4900726 -0.599879
230 -0.18836974 -3.4796758
212 -0.2884283 -2.9882867
369 -0.2681035 -1.5159076
505 -8.257595 1.0992374
295 -0.4826385 -0.6179443
51 -0.12645893 -7.216799
138 -1.7865715 0.023460036
259 -1.4454594 -0.06699047
94 -0.5750177 -0.24433179
74 -0.27211392 -3.1224318
416 -0.2789364 -3.1113968
147 -1.9813861 0.068409674
418 -0.81115466 -0.29600018
467 -7.592116 1.1103073
474 -4.625704 0.69160366
106 -0.2834772 -2.7262685
317 -1.6793313 0.13880125
507 -8.140912 1.061541
345 -0.13475654 -7.282722
284 -0.30362242 -2.616714
498 -7.7006893 1.071091
511 -8.19124 1.0597407
197 -0.20256914 -6.6032662
148 -1.7430756 0.005354054
281 -0.29961795 -2.5314686
359 -0.3173171 -1.2136894
378 -0.260313 -1.4464629
290 -0.24733253 -5.6438627
261 -0.75506175 -0.36193267
201 -0.1869755 -6.804521
84 -0.76263016 -0.46750334
456 -0.22039273 -6.1129303
57 -1.9468474 0.0604649
126 -3.4497905 0.4995242
409 -0.26578328 -1.5327913
468 -0.23676813 -1.6867948
303 -0.53847784 -0.50122833
223 -7.895564 1.1153836
302 -0.18902612 -3.7739463
142 -0.214063 -6.4626203
367 -7.6736116 1.0567479
42 -0.78800434 -0.4919393
38 -1.3544115 -0.087106556
338 -0.18445759 -3.3363073
266 -1.1423627 -0.1754368
256 -0.8179183 -0.62178344
62 -0.15944514 -4.429446
137 -1.5347865 -0.04363755
503 -8.177111 1.0735862
21 -0.74743766 -0.3423747
463 -7.2741175 1.0764452
193 -1.7603518 0.011514631
60 -0.118238136 -7.0112147
206 -0.18436518 -3.6825511
473 -0.31326163 -1.1957417
356 -0.19511229 -3.1787279
425 -0.12985551 -4.919975
10 -0.74597883 -0.34717187
423 -0.476694 -0.6005584
247 -8.111673 1.0686711
399 -0.47577694 -0.6257506
355 -0.124851614 -7.096257
495 -8.09726 1.0431182
178 -0.26803398 -4.1513777
65 -0.76001775 -0.3826576
287 -4.0141563 0.5837546
14 -1.7659202 0.023311418
347 -7.322327 1.0698651
0 -0.93929154 -0.5880772
400 -1.9638727 0.06831884
396 -1.4169434 -0.08681746
99 -1.0568576 -0.2357621
376 -0.26585823 -1.4954493
301 -1.0450804 -0.2625885
300 -1.7339916 0.0046811146
429 -1.5077237 0.112531155
237 -0.53533 -0.45639357
380 -1.5274476 0.1012772
385 -0.2564356 -4.8095503
293 -0.23048437 -5.9793787
276 -1.1826406 -0.1580514
183 -3.4160829 0.4833397
294 -0.15752712 -7.355475
322 -1.9396591 0.07518262
260 -0.80199933 -0.5272112
486 -8.125733 1.0616658
186 -0.26449522 -4.8427997
204 -0.27330515 -3.0688553
176 -2.0064127 0.09322699
220 -0.119614184 -6.9269943
439 -7.5094104 1.0292606
245 -6.6008825 0.99473596
72 -0.30140552 -2.5450912
123 -6.156831 0.9373774
326 -1.1132058 -0.19765505
333 -0.109632075 -6.8163013
464 -0.24471138 -1.7427211
457 -0.24826457 -1.6522946
128 -0.9589274 -0.5874381
241 -1.8688351 0.19136827
298 -1.6720517 -0.0005061895
489 -3.1160028 0.4406969
501 -7.7059503 1.0285289
387 -1.1313045 -0.21585067
306 -1.9775486 0.05935329
165 -0.27332306 -2.8658965
255 -7.399968 0.9661653
143 -0.10074368 -6.578524
331 -0.12109126 -6.756087
286 -0.27432626 -1.3489887
283 -0.26332426 -1.4684813
12 -0.83338565 -0.60462683
285 -0.2665213 -1.4306895
447 -7.444216 0.95932037
211 -0.33904338 -0.99769145
407 -6.622424 0.96638674
510 -7.151164 0.9415202
231 -3.4766724 0.50356126
44 -0.7410111 -0.35913917
117 -0.1054212 -6.291784
224 -1.2942822 -0.16314657
476 -0.58241266 -0.3603635
453 -0.18875554 -3.2508755
450 -1.0805973 -0.19971782
