512 2
14 1.107984 -3.627841
55 0.1513706 -2.0483415
70 1.2478995 -4.009727
119 -0.31743124 -0.704091
29 1.1943265 -3.902497
340 2.0804746 -7.1772323
11 -5.1237545 -0.9454865
289 -3.4040108 -0.68794185
74 -5.760352 -1.035276
122 1.2227722 -3.9823854
230 -3.2149823 -0.65360904
115 -0.33334142 -0.70631146
318 1.0175364 -4.4324455
455 -1.1848866 -0.91369563
350 -0.7031596 -0.7027083
56 -1.2038615 -0.5715847
89 -5.8057218 -1.0508242
184 2.070902 -7.461007
211 -3.9055865 -0.89011383
246 1.0324444 -4.499342
161 -0.31309786 -0.6864315
250 -0.1784928 -0.94260794
85 -0.6871187 -0.7570994
233 -0.70072114 -0.7107476
358 1.4178121 -5.5112896
331 -6.413824 -0.9214554
336 2.089323 -7.5116677
452 2.2976272 -8.233292
108 -6.254569 -0.897942
354 -9.541386 -1.7419008
58 -1.1773185 -0.5756527
93 -0.3189229 -0.7013537
83 0.98631734 -3.2015243
101 -7.9422073 -1.221836
371 -6.5241327 -0.9362719
155 -0.32932967 -0.70265746
210 -6.1908646 -0.8983304
50 -3.4042528 -0.69480497
302 -1.210858 -0.91380024
199 -6.2235546 -0.89712703
368 2.1065836 -7.5311084
393 0.13998671 -2.0179653
347 -0.7039818 -0.7153617
176 -2.3231575 -0.5539858
372 2.0449667 -7.3499765
236 -0.32758546 -0.70684546
57 0.98676336 -3.2150426
485 -0.18431465 -0.95483816
449 2.2919261 -8.162623
190 -7.9643526 -1.2508216
61 1.443021 -5.5388207
410 1.3802886 -5.3821464
316 0.9464459 -4.2514853
343 -0.67805594 -0.7252071
171 -6.40639 -0.9033631
425 -0.53696364 -0.6958021
116 2.1197505 -7.5896506
439 1.4210502 -5.55395
75 -4.448841 -0.82707787
278 -0.32564667 -0.7109667
245 -0.6773278 -0.72210795
341 0.98561573 -4.32589
38 -2.9211829 -0.6102842
300 -6.540693 -0.9299911
217 -6.2571387 -0.8916934
296 1.2503295 -4.048276
397 -3.9676456 -0.9083371
177 -2.7373009 -0.58814186
53 2.0258102 -6.959164
80 -0.57744527 -1.2100652
406 -4.049441 -0.91976917
163 0.9903917 -4.3518567
290 -2.54385 -0.5700226
207 -7.7292395 -1.2009797
186 2.2889826 -8.172241
345 2.0169337 -6.9464045
271 2.2780955 -8.130227
370 1.0323302 -4.4513907
123 -0.18277386 -0.95369846
187 -3.937746 -0.8908525
356 0.9873118 -4.314758
286 1.3138448 -4.278508
293 -8.6195545 -1.5402942
110 -3.9349775 -0.9051219
103 -7.9511395 -1.235867
243 -0.3134539 -0.72478276
287 -1.1858324 -0.9108763
91 1.3566983 -5.3212285
471 -0.7100789 -0.7345554
191 -0.18293585 -0.9433758
127 -0.40837118 -0.69747424
159 -7.8232555 -1.2237626
51 -2.3211284 -0.5500938
295 -0.7024599 -0.7039562
141 -7.811973 -1.2072511
320 0.14260179 -2.0605042
166 -6.4373603 -0.925492
76 -9.576716 -1.783937
362 2.059174 -7.082953
303 -6.132313 -0.88130724
391 -3.8521485 -0.8909173
144 -3.0814269 -0.6260993
121 0.9966269 -4.435358
466 -8.232941 -1.2585323
42 2.0769923 -7.47917
306 -6.2914124 -0.8786385
285 -4.0047884 -0.88998306
330 1.9841242 -6.8476915
265 0.11281267 -2.0146215
464 2.3507683 -8.363942
275 -0.6622895 -0.72017366
359 2.2916317 -8.161673
22 -2.4098358 -0.56197095
253 -0.17905296 -0.9403523
454 1.2660064 -5.0285287
136 -0.58977187 -0.7432626
36 1.9554124 -6.6732755
279 0.94791806 -3.112541
152 -8.611362 -1.5401049
459 -1.2149242 -0.93566906
145 0.14139631 -2.0470445
468 1.4553514 -5.625042
194 0.15109771 -2.052216
222 -7.5704904 -1.1835042
226 -8.467489 -1.5123067
37 -8.914668 -1.6344914
104 -0.5951234 -1.0724013
39 -3.847504 -0.9056201
189 -1.1876746 -0.91146916
134 -0.6324694 -0.8491054
126 -1.2000152 -0.9150386
20 -2.3966265 -0.54769987
2 -0.55509216 -1.2381631
492 -0.693769 -0.75645113
376 -0.15652257 -0.95157844
154 -6.0225763 -0.8564044
361 1.4345586 -5.5893955
59 1.0522588 -4.532057
175 0.9944141 -4.322413
444 -1.2192721 -0.92569375
234 -6.316905 -0.8998741
352 -3.9741774 -0.7527782
367 -0.51662064 -0.7035155
195 -6.423774 -0.9282873
244 -7.511683 -1.1643891
388 -3.769782 -0.8834067
508 -0.53877866 -0.69095033
44 -1.5759917 -0.47887838
24 -0.44426882 -1.3108282
31 -7.710886 -1.2006564
63 1.9825983 -6.8365498
46 1.2637334 -4.961162
223 -0.16336532 -0.94847876
281 -3.886025 -0.89732754
112 -0.3350795 -0.6701702
140 -5.7151947 -1.0473069
342 -7.827151 -1.2110281
348 2.2373776 -7.9947166
151 1.041999 -4.4868774
133 -5.585168 -1.0119812
384 -0.5047507 -1.2503273
67 -5.566453 -1.0253167
130 -0.5616859 -1.2078301
6 -0.6280823 -0.86515844
383 -0.15787537 -0.936295
178 -7.517199 -1.168346
105 -5.619716 -1.0096326
131 -4.3183722 -0.81574196
84 -1.7384727 -0.49214527
261 0.13971101 -2.0148072
470 -1.195776 -0.9176657
405 2.2209358 -7.9320946
13 1.0969719 -4.63819
462 -0.18301558 -0.9536321
301 1.3180321 -5.203695
158 -0.3375526 -0.6734162
198 -8.427971 -1.5132209
17 -0.8594505 -0.521549
125 1.0341966 -4.458207
266 0.14224577 -2.068337
220 1.2198281 -3.9638894
174 -3.8360696 -0.89469385
78 1.9974875 -6.8451967
69 -0.9844935 -0.52924556
363 0.99432087 -4.367877
490 -0.575942 -0.71055275
28 0.14826635 -2.0697744
88 -4.5554194 -0.8462385
164 1.9750618 -6.801311
238 -0.32230806 -0.69407576
97 1.0135336 -4.4296637
305 1.3369783 -5.2843256
433 2.061126 -7.394909
9 -0.6234452 -1.145191
19 -4.3274126 -0.81543285
436 1.387596 -5.4059505
215 -0.175351 -0.969636
273 -5.565931 -1.0222079
109 -3.8079503 -0.87513435
262 -1.2370604 -0.5386885
482 1.3284267 -4.3359156
114 -0.6608312 -0.5901883
322 1.9166671 -6.9312277
269 1.992667 -6.8565764
249 2.2034085 -7.8206453
366 -0.19673239 -0.9014568
219 1.3082869 -5.1183543
106 -0.3258371 -0.68243796
255 -0.22863995 -0.8686279
418 -8.383774 -1.5189791
62 -7.4045234 -1.1492201
506 -0.67082745 -0.7395006
373 -1.1860414 -0.9021261
81 -5.5448203 -1.0109291
501 -0.18282385 -0.97282755
168 -0.6361041 -0.9095876
235 -3.8864965 -0.90278757
21 -5.5646524 -1.0080973
77 -6.1675363 -0.8709247
193 -5.556652 -1.0198833
73 -3.846728 -0.8816428
35 0.13640614 -2.0308652
313 1.0710579 -4.5879617
486 -0.68558645 -0.7668183
499 -0.2039403 -0.89204705
150 0.15517537 -2.087875
280 -0.6205021 -0.82005423
30 -0.946206 -0.81618065
337 -3.7134275 -0.7283568
326 0.14313884 -2.0263753
399 1.3149767 -5.160657
111 1.0073367 -4.372841
225 1.9255759 -6.9981146
10 -0.60941684 -1.054194
374 -7.778635 -1.2153814
339 -3.979734 -0.9105657
349 -3.8277338 -0.87725586
463 -0.25753364 -0.83942163
87 -7.293982 -1.1278714
94 -0.9523888 -0.7960162
257 -0.5339031 -1.1659044
157 -6.1199617 -0.8674549
335 -7.400416 -1.1470246
49 -0.6482719 -0.58718807
1 -0.45246777 -1.3156387
202 0.14975855 -2.057688
338 -8.165785 -1.4643762
256 -0.4413986 -1.2926522
72 -0.5881919 -0.90752923
386 -7.9871273 -1.455364
40 -2.9488935 -0.61130065
162 -8.096963 -1.4488481
213 -5.3805914 -0.9792717
102 1.2225593 -3.9758103
276 0.15423 -2.0782373
27 1.6871916 -5.8038864
12 -0.4884123 -1.257721
473 -4.0866737 -0.9311871
118 -0.64139336 -0.72701
181 -8.379481 -1.5060723
387 1.9454772 -7.0390735
3 -0.8405821 -0.49738
68 -0.72504485 -0.58396417
252 -1.1938865 -0.9070204
237 -0.18179934 -0.913184
369 1.9189715 -6.623176
143 -5.942986 -0.8552482
208 -7.9653535 -1.4539381
325 -8.289742 -1.5265616
496 0.9867602 -4.3556814
120 0.86242634 -2.9271982
203 0.9228967 -4.076599
71 1.9580461 -6.762027
327 0.9167486 -3.0423334
270 0.19196823 -2.158942
227 -0.31972265 -0.7062541
447 -0.18927328 -0.9306258
18 -4.579597 -0.8521776
192 -0.6301905 -1.0582658
396 1.950711 -6.9818463
92 1.2173363 -3.9269972
321 0.95002854 -3.1096935
86 1.900817 -6.8676376
308 1.2015088 -3.949221
232 1.263653 -4.135883
319 1.272485 -5.049292
495 -0.15906042 -0.95692885
167 -0.30844247 -0.70844924
8 -0.47787035 -1.2770022
43 1.1432489 -3.716068
274 2.0250328 -7.2302713
448 -1.6623849 -0.49020243
378 -1.2289631 -0.92572206
79 -4.4747577 -0.84230196
419 -6.2428823 -0.88372684
478 -1.2032844 -0.9419527
458 -0.5206692 -0.6735244
292 -4.104958 -0.7750926
204 0.14189382 -2.0408194
224 0.92915785 -3.027076
328 -2.8165553 -0.5911796
381 -0.17556264 -0.9716676
309 -0.33186164 -0.69926286
41 -2.5324955 -0.5604236
156 1.7413005 -5.9945116
282 0.9182877 -3.1065567
382 -7.1073036 -1.1027222
294 0.9903454 -3.2088718
451 1.971719 -7.041989
34 -1.4096498 -0.48302224
240 1.2386429 -4.00157
180 -2.6610854 -0.5783274
242 -0.3542175 -0.6828597
54 1.1850792 -3.8673415
498 -1.1758695 -0.9005528
507 -0.18007603 -0.90502524
442 1.0329852 -4.486814
48 -0.59370005 -0.72518665
205 -0.30814633 -0.703884
149 1.180227 -3.8509827
389 0.15458034 -2.072468
450 0.14441842 -2.028135
310 1.8430144 -6.6837945
66 -0.62681615 -0.7466258
284 1.9129859 -6.574313
511 -0.18347767 -0.87926286
132 -0.51214296 -1.259203
60 1.793001 -6.529691
47 0.95182216 -4.2144237
214 -0.30496082 -0.7123035
329 1.9227545 -6.8521376
7 1.8130442 -6.2330546
172 1.8437767 -6.6557035
100 1.987543 -7.1196637
403 -0.69479567 -0.7254285
395 2.0706632 -7.384046
416 -0.32073224 -0.6983317
476 -0.6299415 -0.67517084
268 -1.3673453 -0.5176429
360 -0.37204814 -0.6878637
332 -7.741869 -1.3856102
453 1.9102724 -6.8322587
357 -0.33734968 -0.6991587
380 -0.6258321 -0.69509166
398 -1.231365 -0.9296798
32 -0.6786875 -0.57244927
264 -0.6618889 -0.9488228
353 1.7381567 -6.0434628
480 -7.5092764 -1.1529009
365 -0.19175346 -0.9331104
98 -8.069322 -1.4459616
311 1.2051079 -3.9458807
504 0.9253406 -4.111027
23 -3.8167646 -0.88224494
212 1.7118837 -5.876487
229 -5.7937293 -0.82552993
469 -0.5382193 -0.707123
487 -1.1927352 -0.9160298
457 0.91889334 -4.127262
64 -0.5006781 -1.2680403
96 -0.49839982 -1.2254562
182 1.8060932 -6.554589
277 1.7084099 -5.910971
446 -7.436561 -1.1475614
4 -0.5160918 -1.2517587
437 1.9992343 -7.1423593
441 1.037207 -4.471799
248 1.8528601 -6.715071
65 -0.50139356 -1.2519404
5 -0.55382425 -1.0197095
333 -6.959488 -1.082425
138 -7.7446337 -1.3876455
408 0.89737064 -4.002338
377 -7.261587 -1.1223714
135 1.9372728 -6.9659157
45 1.2234195 -3.9962428
128 -0.45548505 -1.2753549
117 -0.35077855 -0.6706791
142 -5.8439374 -0.83686924
411 1.265606 -5.000659
218 0.9176896 -3.048029
312 -6.935733 -1.0618995
427 -1.2075857 -0.9121734
148 0.11595233 -2.0126061
460 -6.0389156 -0.8547951
304 -3.5989735 -0.7126892
25 -1.3440921 -0.53365
413 1.1773494 -4.700735
344 0.90881217 -3.0559652
258 -0.60667866 -0.7631602
488 -2.2734933 -0.5377905
124 1.6894926 -5.8701625
424 -0.3356401 -0.7045139
272 -0.5851981 -1.2467346
299 0.8948453 -2.9269345
129 -0.6825171 -0.67035514
434 -3.9500775 -0.89472187
324 0.16275421 -2.1064546
16 -0.44143248 -1.2842747
461 -5.8871603 -0.8337753
173 -6.75363 -1.0431693
209 -7.6539083 -1.413898
375 -0.5499759 -0.68791187
351 -0.1775664 -0.9370762
494 -0.62527156 -0.67694825
216 -0.62241316 -0.9970809
239 -1.2279737 -0.9297598
254 0.85906994 -3.88247
107 -1.237248 -0.9509526
435 -7.409071 -1.1486495
364 -6.6320643 -1.0008105
479 -0.52910745 -0.6560583
160 -1.017059 -0.52506155
432 0.89717764 -2.9846225
170 0.15743849 -2.10274
33 1.6700926 -6.0332775
26 -3.5031846 -0.69516146
139 1.148727 -3.7429984
185 -3.7445111 -0.8823712
90 -2.8016446 -0.6041022
153 -5.052018 -0.9170775
267 -3.8250082 -0.7482972
431 -6.8393793 -1.0683016
113 -7.2712574 -1.3093195
221 1.92827 -6.8881283
394 0.13549219 -2.0245824
179 -1.24069 -0.9426172
188 1.087437 -4.515513
314 1.202698 -4.7907267
422 0.9925947 -4.3280973
414 -5.8922772 -0.8381691
409 -3.8668323 -0.87377757
474 1.2629834 -4.9447227
82 -7.3905535 -1.3570219
95 -3.774398 -0.8691301
197 1.7776021 -6.4081964
465 0.8913279 -3.9799602
481 -1.1426679 -0.85901463
147 -3.5421603 -0.69362944
283 0.92870045 -3.0872862
483 1.2990361 -5.0822453
509 -0.15777798 -0.8583923
169 0.80705255 -2.6612785
400 -0.32604808 -0.7135613
429 0.8664943 -3.8808134
99 -1.2288386 -0.5429664
417 -0.3449264 -0.6917642
251 -0.6125547 -0.7265593
503 -1.195443 -0.9009419
472 1.6755795 -5.7432837
426 -5.9569864 -0.8479745
510 -0.194627 -0.94959205
500 -5.5612397 -0.7971461
467 -6.908551 -1.0759314
402 1.62243 -5.5747547
456 -0.32130718 -0.71758795
206 1.1451716 -4.609376
146 -0.65224034 -0.62423795
379 0.9214461 -4.054812
440 -0.37575695 -0.69246006
412 -3.77633 -0.86913353
315 -0.33200264 -0.69523054
421 0.9091453 -4.0713115
489 -3.7785275 -0.8690343
297 1.6531826 -6.041628
420 1.1523368 -3.7468948
443 -0.69028133 -0.7275972
15 -0.32952765 -0.7019754
346 -6.0618405 -0.9304941
259 0.16055284 -2.069482
401 1.626822 -5.857142
263 -2.6884377 -0.57714033
288 -0.62562823 -0.73305833
241 -0.34277838 -0.69225657
423 1.6688656 -5.720997
477 -0.18485981 -0.8542725
196 0.873916 -2.9043028
390 -0.36452183 -0.7132683
137 -2.4031143 -0.57587576
291 1.7658237 -6.253753
260 -0.48272023 -1.2420328
247 -0.49773607 -0.66273016
475 -0.17490979 -0.7606283
385 0.8313591 -2.7980928
334 -3.2116659 -0.65525913
317 -0.7341733 -0.81541806
0 -0.48755375 -1.2343154
404 -5.59216 -0.7870606
428 -5.4126987 -0.7696195
231 -0.34988764 -0.6386973
200 -3.0632665 -0.61316967
298 -3.3985639 -0.7901703
307 -4.805641 -0.67548335
165 1.6817266 -5.9999785
491 1.111363 -4.47261
323 -2.7204282 -0.56284827
497 -5.1763415 -0.7212439
430 -3.7068348 -0.86380196
493 -0.5718231 -0.5864402
484 -5.2174015 -0.7360821
445 -0.14128709 -0.9316584
355 1.1624244 -3.7086542
502 0.7888761 -3.6751695
228 1.3778291 -5.00918
438 -5.2939606 -0.74525774
52 0.13953915 -2.0406437
505 0.99411654 -4.049525
183 -1.169136 -0.88284546
201 1.0899131 -3.5397358
415 -0.18479063 -0.79740125
392 0.7441153 -3.410961
407 -3.8430738 -0.52487713
