512 2
90 -6.996049 -2.4579053
48 -0.6029262 -0.771234
365 2.8315463 -6.170632
1 -0.91050094 -0.702005
32 -0.59490746 -0.76602626
37 -0.9053879 -0.6965943
134 -1.9489564 -0.93460566
113 -0.13726003 -1.0086242
487 1.6673077 -3.6475124
478 3.2180007 -6.580682
435 2.0764368 -4.647518
92 -6.9134274 -2.4314358
382 2.9138994 -5.947916
174 -6.9081926 -2.4453495
239 3.3697038 -6.880745
494 3.3175597 -6.751785
132 -0.59994507 -0.76670444
29 -6.8408318 -2.4231346
221 2.6149898 -5.396366
477 1.9518696 -4.4038186
240 0.11572347 -1.219814
9 -0.61025256 -0.75595796
160 -0.6108506 -0.7701233
88 -1.9401383 -0.92858106
247 3.1209085 -6.3652577
61 2.102357 -4.701624
274 -6.509602 -2.4334235
291 -6.9160075 -2.4346974
394 -6.5780225 -2.4583004
321 -6.543803 -2.4425278
472 2.671391 -5.514625
52 -5.460253 -2.11001
143 0.3174637 -1.3799325
122 2.4589734 -5.075849
341 0.12167359 -1.2048948
71 0.14790107 -1.2313418
282 -0.12501732 -1.0378641
359 2.633459 -5.44242
265 -1.9764818 -0.9424805
138 -1.9215744 -0.920372
357 1.5287275 -3.520036
141 -7.0055265 -2.4584465
121 -6.3281703 -2.3763409
108 -6.9736023 -2.4509428
316 2.555056 -5.2728233
258 -0.5916219 -0.7617008
114 -0.15766923 -1.0122442
15 -6.903454 -2.4394767
19 -0.9263231 -0.6971724
140 -1.9576228 -0.93558466
441 2.6983445 -5.554956
344 0.11459556 -1.1919152
367 3.147022 -6.3961406
62 2.0051723 -4.185485
496 1.9143046 -4.0477924
128 -0.5858417 -0.7585378
84 -1.8853778 -0.9202403
270 -5.555905 -2.1527603
86 -6.337786 -2.3674765
278 -7.067324 -2.4784641
429 1.8120288 -4.10677
56 -6.6948247 -2.3627613
203 -6.1140985 -2.2929714
309 -0.23528858 -0.95140874
285 0.1338863 -1.217964
211 0.13196103 -1.2176034
167 -7.002919 -2.4619713
169 -6.204354 -2.3389556
116 -6.674989 -2.3873332
44 -6.2050405 -2.2744412
14 -6.140792 -2.303917
119 2.194735 -4.892313
415 2.1848018 -4.520634
83 -6.6732073 -2.3632894
166 -6.006294 -2.2757564
296 -6.8335066 -2.4220202
64 -0.6036804 -0.75319654
376 -0.13311756 -1.03612
102 -1.7592041 -0.9545344
330 -0.23576467 -0.9427672
69 -1.9134552 -0.92230314
437 1.3294334 -2.966256
16 -0.6148928 -0.76261216
508 3.2335253 -6.5886974
95 2.7175946 -5.906049
153 -6.5686903 -2.3230705
171 2.741072 -5.8862786
465 2.7794344 -6.0279174
200 -0.6050739 -0.7586884
193 -0.9662985 -0.70143807
498 2.617579 -5.4197993
186 0.14635035 -1.2059222
155 0.5198207 -1.6597196
286 1.3143026 -2.9686806
101 -1.7133137 -0.9412906
250 1.8012183 -3.829394
5 -0.5840409 -0.7659131
75 -6.664934 -2.3832867
117 -0.011767233 -1.0767063
410 0.48864606 -1.6154835
473 2.3902419 -4.9349475
482 1.9193562 -4.0525928
346 0.12907158 -1.1973866
501 3.1538832 -6.438153
73 -5.3925505 -2.0936382
120 -7.0198708 -2.4645777
105 0.11724729 -1.2033384
173 0.15909599 -1.2208847
123 0.16721196 -1.1970007
218 -0.24701083 -0.943144
177 -5.22144 -2.0090482
499 1.5347182 -3.5033565
127 3.336695 -6.806422
360 -5.293583 -2.045319
30 -6.610195 -2.336373
57 -6.7158275 -2.3843813
253 2.540678 -5.1984487
227 0.14645049 -1.2145815
34 -0.6148529 -0.7469442
271 -2.0078428 -0.94518554
348 -6.7696886 -2.3901792
438 2.7164562 -5.893843
230 2.4268298 -5.0081477
40 -0.609821 -0.74285686
191 1.8407917 -3.9492483
327 -0.11800182 -1.0503045
254 3.3149338 -6.741845
182 1.2728617 -2.8468974
188 0.13837402 -1.2282194
455 2.3898346 -4.92744
91 0.49474582 -1.5983086
77 -6.7901006 -2.3984666
443 1.5045967 -3.4349551
213 -0.23974235 -0.9435706
187 1.5582907 -3.5324652
319 3.07559 -6.27525
377 2.5987163 -5.7081356
331 1.3156807 -2.9948342
67 -1.7006254 -0.9434658
337 -6.579631 -2.4668477
41 -1.739534 -0.9635127
164 -1.4714913 -0.8746314
352 -1.9671184 -0.9294482
38 -1.7471752 -0.95935553
418 -0.2608414 -0.8927645
214 0.13020305 -1.2151976
491 1.716803 -3.6979656
55 -0.15828905 -1.0212489
448 -1.0604769 -0.73318803
231 1.8470993 -3.8967795
453 -0.23310311 -0.94703734
314 0.16584848 -1.2198163
356 -2.0155647 -0.94856656
439 1.5427971 -3.5245204
172 -6.9259796 -2.428938
78 -6.5916777 -2.3266296
70 -1.7017397 -0.89924794
162 -6.9121075 -2.446597
492 1.5359688 -3.543737
151 -0.2300038 -0.94558483
308 0.13070074 -1.2134912
118 -0.24260515 -0.9375367
509 3.2834806 -6.6936054
98 -0.6065574 -0.7669359
490 2.3909025 -4.949378
216 -6.46398 -2.4019787
212 -5.3330803 -2.065695
238 2.6747863 -5.8587937
135 -6.926415 -2.440559
290 -2.0400457 -0.9655182
445 1.9709083 -4.464074
154 -0.24403723 -0.94038916
306 -2.0149784 -0.9534974
23 0.1764472 -1.2417053
46 -5.958169 -2.2493713
176 -0.6051914 -0.7734942
510 3.3499558 -6.820459
255 3.3846657 -6.9113355
362 0.12771496 -1.1943452
414 1.5213299 -3.4265883
256 -0.6029852 -0.7690028
220 0.13957538 -1.2229187
36 -0.9428203 -0.7074319
107 0.019780949 -1.1099819
163 0.09734792 -1.1750739
489 2.6995223 -5.7367787
13 -0.9541718 -0.7033045
184 -6.929932 -2.431768
228 -6.9330463 -2.432981
53 -1.9174521 -0.9225092
195 -0.105102204 -1.0491214
283 0.92223847 -2.2610126
12 -0.61061984 -0.7633696
464 -0.23198967 -0.94277394
419 1.3325604 -2.9823658
6 -0.82685405 -0.6982366
93 0.12531291 -1.2110337
28 -0.71518946 -0.69014096
210 -6.5001197 -2.4294043
460 0.11137314 -1.1982081
471 2.0676425 -4.296693
103 0.12559032 -1.1963819
502 2.1581101 -4.5030003
165 -0.12578373 -1.0389559
111 2.7116745 -5.8622913
424 -1.7247146 -0.9670954
7 -5.212778 -2.0245836
224 -0.59315485 -0.75580025
318 2.649689 -5.6535244
43 -0.14860614 -1.0029979
307 0.81568784 -2.1517673
403 0.8107876 -2.1328552
305 -0.1187487 -1.0384438
279 -0.10664264 -1.0369297
384 -0.9300396 -0.6936083
408 -0.92512274 -0.6992229
313 -0.13091251 -1.0338532
233 0.14708422 -1.2096789
241 -6.694483 -2.364186
39 -6.6498084 -2.3432784
289 -0.95458466 -0.69292074
459 1.4993614 -3.4689157
340 -6.666708 -2.3708358
243 2.1710699 -4.84841
322 -6.7880235 -2.398771
42 -1.681575 -0.94421715
202 -4.984987 -1.9583635
511 3.4453638 -7.0492225
351 3.046861 -6.2020373
402 -1.9419492 -0.9268987
426 0.1291982 -1.1955596
260 -0.9450266 -0.7112386
506 1.9598489 -4.4025426
27 -3.3627434 -1.3864902
146 -0.9118341 -0.68792003
467 1.9233639 -4.352976
129 -0.60876155 -0.7715855
232 -2.0175664 -0.9570571
397 1.8697108 -3.9642746
275 -0.2423016 -0.9347848
333 2.6853087 -5.710144
409 -0.12383627 -1.0406759
226 -6.8787236 -2.4176633
280 -2.0035 -0.95075214
100 -0.89125514 -0.69575906
378 1.316175 -2.989529
447 3.294926 -6.703649
168 -0.9819097 -0.71053904
358 0.14856343 -1.2464324
434 0.4812606 -1.6112169
17 -0.96454084 -0.695464
432 -6.7303596 -2.3692021
407 1.554823 -3.4682245
152 -6.6739516 -2.3644202
355 2.614133 -5.4436564
433 0.480266 -1.6015596
249 1.963687 -4.43956
423 2.5917516 -5.5087705
481 2.3391128 -4.854917
18 -6.1548624 -2.2348452
388 -1.0202923 -0.7150991
420 -1.687222 -0.95076376
343 1.7580729 -4.0014825
246 0.11599722 -1.178059
493 2.8282351 -5.7615576
323 -0.23015188 -0.9546972
421 2.2775018 -4.732404
486 2.6710212 -5.7368417
245 1.5313456 -3.4723718
4 -1.7176722 -0.94546556
326 -6.323473 -2.3609633
436 0.15210648 -1.2115016
159 1.4976964 -3.446068
454 0.82023185 -2.1198337
156 -6.8835773 -2.4268608
183 1.6211692 -3.7235777
125 2.4496226 -5.0709877
97 -1.0209329 -0.7147586
252 2.6285644 -5.460849
374 2.4979606 -5.4976215
157 0.48476738 -1.5957386
264 -0.94531685 -0.7011315
197 -6.9808483 -2.4612966
68 -1.8697827 -1.0091022
480 -5.728972 -2.1939654
299 0.122569636 -1.1956148
475 1.9758247 -4.1305737
217 0.89269453 -2.2285662
406 0.12778877 -1.1998816
110 -6.0655756 -2.284548
179 -0.25051275 -0.88880146
339 -6.5899177 -2.3371346
131 -0.9398224 -0.71007377
11 -1.7425033 -0.8996409
324 -0.94752425 -0.691146
54 -6.534268 -2.305536
242 -0.22658825 -0.9431124
236 0.12384634 -1.2062334
425 -6.4884257 -2.2809398
106 -6.5241833 -2.3020272
272 -1.9772414 -0.9395919
59 -0.2338635 -0.943907
297 -6.986734 -2.4673295
124 -0.2593744 -0.911675
219 2.5435956 -5.342133
315 2.4751775 -5.446639
449 -0.2613239 -0.9081514
79 0.33635417 -1.4032958
209 -6.6532702 -2.3601954
456 -6.3211074 -2.2642145
66 -0.84258646 -0.6931852
371 2.4449604 -5.382945
26 -1.0433438 -0.74036926
457 1.8314747 -3.8566537
150 -6.4642386 -2.2678676
488 0.46210897 -1.5771978
198 0.13899642 -1.2097881
401 -6.5544324 -2.3260982
94 1.4310269 -3.1127777
22 -1.7543076 -0.9217381
495 2.8234499 -5.753823
215 2.5472605 -5.422177
431 2.6407018 -5.6822495
206 2.598805 -5.5096483
130 -5.923068 -2.2295418
25 -1.4458488 -0.8562007
149 0.08933011 -1.16895
444 1.5929521 -3.663755
207 2.5258296 -5.2246375
311 2.2913597 -5.0853066
65 -0.91813296 -0.71498513
87 2.366983 -4.880558
204 -1.7221211 -0.9438355
349 2.517517 -5.545801
190 2.559538 -5.590403
462 1.77102 -4.023635
458 1.2551184 -2.8518286
139 0.091451 -1.177935
142 -6.5831494 -2.3333821
235 1.5388715 -3.4692035
251 2.4827125 -5.0923934
479 3.3429263 -6.8372793
292 -4.9688525 -1.953125
20 -0.70797956 -0.71508086
8 -0.8268242 -0.69849676
363 1.9575316 -4.4042354
466 -6.413491 -2.2790706
60 -1.7449077 -0.95852095
147 -0.26001832 -0.9052116
368 -6.649173 -2.3529425
189 2.1381543 -4.425093
248 -0.25099254 -0.9397526
175 1.9469652 -4.0933113
81 -0.8836035 -0.7090369
196 -1.0304489 -0.7271024
145 -6.067416 -2.2828312
267 0.107079685 -1.1850448
178 -6.1051674 -2.204761
284 -4.9580526 -1.9520552
234 0.42926824 -1.5329345
468 -4.943462 -1.9357058
161 -1.7427858 -0.96545607
205 2.6327481 -5.655372
412 2.5970337 -5.5322137
288 -0.705111 -0.69927967
470 2.9409072 -5.987796
347 1.9109994 -4.029771
137 -6.355 -2.2380502
372 -6.322409 -2.2754023
58 -4.8682885 -1.9182905
223 2.6571724 -5.7955885
148 -0.88496405 -0.70640117
276 -1.7061849 -0.9494198
369 -6.543506 -2.3034716
300 -0.25734147 -0.91582805
199 -0.1340195 -1.0421989
47 0.30935317 -1.3504612
375 2.9651544 -6.016194
257 -0.9230647 -0.72234446
469 2.498523 -5.3117824
51 -4.9852014 -1.9264157
430 2.1191933 -4.424771
451 -0.23812485 -0.965552
112 -0.9466616 -0.7061169
416 -0.9937108 -0.7232836
269 -0.13366209 -1.0283163
201 -1.6662667 -0.8536541
310 -6.3675394 -2.255989
180 -0.11945434 -1.041
440 -6.426657 -2.290534
136 -0.63072777 -0.7611805
24 -0.90205646 -0.7067118
294 -6.3141127 -2.2504842
21 -1.4375056 -0.8623711
336 -5.1488395 -2.0134034
237 2.4938428 -5.2210193
262 -0.8315595 -0.68627983
393 -6.378586 -2.2406979
452 -6.7566514 -2.3726945
3 -1.7059194 -0.8872368
244 -6.3376293 -2.2290192
293 -0.12543386 -1.0386872
303 0.37980142 -1.451552
109 -0.2566739 -0.9053326
383 3.3910863 -6.9109864
0 -0.86592513 -0.70828635
361 0.09582893 -1.1628449
399 2.512655 -5.409645
400 -1.7578799 -0.8848423
505 2.6105576 -5.2988915
302 0.15604347 -1.2344455
461 2.0638669 -4.6402407
373 2.066339 -4.6207147
72 -4.895645 -1.9300385
411 2.5379581 -5.4787173
208 -1.7635666 -0.88522923
144 -0.7240249 -0.7183731
304 -0.9457115 -0.7180745
387 -6.7039957 -2.3617752
386 -0.607721 -0.77827775
476 2.4917815 -5.467393
104 -1.9253705 -0.9290031
334 2.3625302 -4.860648
31 0.11327927 -1.180689
225 -6.481828 -2.288734
405 0.8309625 -2.1586711
63 2.367753 -5.2253428
33 -0.61617327 -0.76433265
404 0.15656406 -1.2210048
35 -0.24955736 -0.9111251
317 2.4743278 -5.1706533
350 2.3623228 -5.252568
422 -6.3881702 -2.259533
366 1.3217515 -2.9859545
273 -0.91370416 -0.7003728
281 -1.8352146 -0.9180266
181 2.404792 -4.959493
353 -1.8285507 -0.9128819
76 -1.0475216 -0.73852795
497 2.570029 -5.5264387
320 -0.9666902 -0.7016055
395 0.1053077 -1.1817077
398 -0.1016215 -1.0540547
2 -0.6054138 -0.7489693
389 -6.0149326 -2.1791794
500 1.6014407 -3.6555154
338 -6.006756 -2.1649265
170 -6.2471137 -2.2454777
328 -6.3484163 -2.2521322
99 -6.1988316 -2.2482908
266 -0.96438044 -0.7157237
261 -0.8185566 -0.7019805
396 -0.8947718 -0.7121903
474 2.3356636 -4.900292
222 2.3822463 -4.998209
295 0.3736533 -1.4745214
442 0.36493382 -1.4408714
229 0.089945436 -1.1668549
370 0.12914442 -1.1895044
259 -1.0087371 -0.73054343
158 -6.4171376 -2.2753868
185 0.47711495 -1.5996153
89 -1.493981 -0.9020235
85 -4.745832 -1.87586
126 1.5289809 -3.508212
312 -5.935271 -2.1214252
287 0.9291012 -2.3094308
263 -0.262465 -0.89729035
10 -0.62774396 -0.7610075
74 -1.905104 -0.9304713
446 2.116156 -4.3881345
391 0.120616786 -1.1999333
115 -6.145925 -2.2141352
485 2.433731 -5.1610856
417 -5.298667 -2.0254073
194 -4.7296796 -1.8702987
332 2.3348837 -4.8161654
345 0.09531209 -1.1703969
82 -1.8017223 -0.9056685
342 0.3442535 -1.4368585
192 -0.62883437 -0.7479757
364 -6.5128026 -2.2876537
329 -6.307282 -2.214027
463 2.9440901 -5.972438
96 -0.6416959 -0.79446125
427 2.3638856 -5.0296397
49 -1.756917 -0.9666568
298 0.12576911 -1.2070192
354 -4.6409783 -1.8310515
413 0.1463394 -1.2273803
45 -0.2466535 -0.92090017
504 0.34502608 -1.4009567
503 2.942759 -5.9936085
325 -5.8070273 -2.0871463
80 -0.65686744 -0.79768187
450 -6.231679 -2.179841
268 -1.7250116 -0.9652179
392 -0.631063 -0.76515037
133 -1.8659146 -0.9451038
335 1.5742252 -3.5010805
483 1.4702095 -3.380631
301 1.3199075 -2.988822
484 0.8470297 -2.1841729
379 1.5804142 -3.5362997
381 1.8523797 -3.908184
50 -5.6751857 -2.058599
428 -0.24415624 -0.94581276
507 3.0067258 -6.1091065
380 2.1597614 -4.831945
385 -4.5934887 -1.8179014
390 -6.064356 -2.126987
277 -5.259946 -1.9541725
