30 2
14 -2.5573263 -1.0358423
15 -2.4155228 -0.97583693
0 1.2642443 -2.3879457
21 1.2262584 -2.3609953
5 1.3016953 -2.4490767
8 1.2336853 -2.3878465
4 1.2235988 -2.3354385
2 1.1801851 -2.2289202
3 1.1828501 -2.252882
7 1.1427379 -2.2353127
6 1.2692386 -2.3850288
1 1.1844828 -2.2843683
13 -2.2714992 -0.90443116
20 -0.25517157 -0.9499339
9 -0.14500839 -0.93151873
16 -2.1775224 -0.8520081
11 -4.7489047 -2.1689017
18 -4.804372 -2.1388977
22 1.2905693 -2.4162624
17 -2.8934896 -1.4209251
12 -2.7892647 -1.3671153
19 -2.7783053 -1.7293922
10 -3.0032706 -1.8557192
24 1.2594395 -2.4083169
27 1.2062573 -2.3322055
26 1.227228 -2.3333964
25 1.248334 -2.3357618
23 1.2350498 -2.345724
29 1.2653134 -2.3776894
28 1.2549623 -2.4034367
