500 2
459 0.016520526690854666 0.9998635267864593
222 0.05262667446913999 0.998614256424531
422 0.14115403762139908 0.9899876452073413
270 0.004609298484413443 0.9999893771273181
494 -0.07258413859888295 0.9973622926619284
242 0.013447028296991875 0.9999095846275201
190 -0.0909580405385433 0.9958547257815211
442 -0.23137742541692333 0.9728640639922085
121 -0.031237752122362447 0.999511982340553
235 -0.20489676949383312 0.9787835888749826
489 -0.03430694431281517 0.9994113435277375
266 -0.12368908290078551 0.9923210220342823
425 -0.008928688173373417 0.9999601384692806
377 -0.1662719142748162 0.9860799412438062
78 -0.10732912825794898 0.9942235453998204
313 -0.0011197603208000888 0.9999993730682155
316 -0.4242519035913188 0.9055442133320396
371 -0.03102967690583358 0.9995184636369253
131 -0.0011318076888638248 0.9999993595054725
34 -0.02167978550437615 0.9997649658297114
37 0.005473567124281034 0.9999850199192666
201 -0.6411294298093638 0.7674327685421831
273 -0.002214768018870942 0.9999975473983036
143 -0.2740128918389162 0.961726018731985
162 0.015500768905073688 0.9998798558643692
420 -0.111909553358905 0.9937183966632652
249 0.026030797213313438 0.9996611413856394
476 -0.015721522823240432 0.9998764092227189
317 0.29621896534956654 0.9551200576719306
370 -0.13262022691652514 0.9911669261091238
318 0.02109635504768129 0.9997774471369627
233 -0.21502668676803197 0.9766081732084586
346 -0.013526290406111531 0.9999085155492224
227 0.00788238980292829 0.9999689334829331
293 -0.1009637637466316 0.9948901036848814
301 -0.43425770230877586 0.900788681093131
497 -0.19031027660384653 0.9817239930952933
307 0.008699591693797972 0.9999621578361659
59 -0.005665170416088658 0.9999839527933218
276 0.35603342153148326 0.9344732220628824
186 -0.03229795972478456 0.999478284805436
390 0.04669266449523186 0.9989093027309014
303 0.030097158078334355 0.9995469779233029
419 -0.17629698532974628 0.9843370220425742
134 -0.029698384554401682 0.9995589056953366
479 -0.18386884475596887 0.9829507861170393
42 0.057016365638495076 0.9983732438569142
188 0.046443384238883674 0.9989209238275266
401 0.04702107821735768 0.9988938973701247
484 -0.0675423216514953 0.9977164100013218
351 -0.0506695290693539 0.9987154744089478
281 -0.2605070895544402 0.9654719344920778
280 -0.27042374337929986 0.9627413977890047
287 -0.20418782326589674 0.9789317304234934
24 -1.7251387732904941e-16 1.0
424 -0.17270005770066224 0.9849744616334922
474 -0.1524824877752142 0.9883061726620357
226 0.05671966408616303 0.9983901440348621
369 0.06170526093227129 0.9980944147590849
193 -0.0315578687201346 0.999501926422277
431 -0.008802979029625506 0.9999612530294383
174 -0.21942327359324088 0.9756297591841003
394 -0.011081236817545958 0.999938601210391
455 0.1660469728320112 0.986117844282987
32 0.003296462475799612 0.9999945666528121
475 -0.23653990392895083 0.9716217751004156
412 -0.22148348460713452 0.9751641226205368
244 0.04616061915926744 0.9989340304739013
150 0.13126760676210014 0.9913469702455092
53 0.0033879277227097204 0.9999942609564045
6 -0.02852543998769822 0.9995930668394556
254 -0.1029329575170779 0.9946882960288551
357 -0.005592961184076803 0.9999843592702805
224 0.022358263021258727 0.9997500227930342
290 0.014621171740337249 0.9998931049551946
417 -0.013962186859054832 0.9999025239182632
73 -0.2309920279967929 0.972955642874807
208 0.027960282647127743 0.9996090348702801
486 -0.2659058445653074 0.9639990050959653
236 -0.21866783181014623 0.9757993540331176
167 -0.06482240067616979 0.9978968164948608
85 -0.0023206616839227946 0.999997307261049
315 -0.013515507955110839 0.9999086613509832
205 -0.255434036740529 0.9668264854018211
75 0.11387332931639844 0.9934952767227426
203 0.37647900398712797 0.9264251505420501
152 -0.3137393298343285 0.9495091536763122
178 0.014439743684576326 0.999895741466241
415 -0.07832405921820906 0.996927952134748
10 -0.018132731744562747 0.9998355885041699
161 -1.9517638821049463e-16 1.0
255 0.31469519853723593 0.94919277916428
172 -0.14022627803861887 0.9901194831672772
48 -0.003358531293991496 0.9999943601178695
404 0.04423228367302645 0.9990212735878395
312 0.04474965702631404 0.99899823232878
367 0.12819902257528926 0.99174846136041
441 -0.16763823793869645 0.9858485792355787
414 -0.1815525863921902 0.9833812375545439
29 -0.011475169463353028 0.9999341580753142
418 -0.2625338892083426 0.9649227725663551
149 -0.2719160933359376 0.9623209642239547
133 -0.012445772565914606 0.9999225483732416
159 0.008741184068166132 0.9999617951207368
406 -0.15722765857361665 0.9875623845506967
263 -0.3510655291623366 0.9363508926860531
234 -0.34083002253768896 0.940124936238242
102 0.00450042517730994 0.999989873035334
402 -0.21008610846189732 0.9776828867436189
118 -0.1528272759493574 0.9882529148582863
20 -0.02558811730406965 0.9996725705213849
27 -0.0011253670701543046 0.9999993667742781
375 -0.061937084218271675 0.9980800557062237
482 0.039374956571847745 0.9992245057017792
260 -0.07639788206952322 0.9970774110445443
334 0.022097069693253008 0.9997558299459781
272 0.02453420050411974 0.9996989911996629
107 0.013988972442004031 0.999902149537652
160 0.010330181266904943 0.9999466422539719
26 0.0010960950075177315 0.9999993992876867
80 -0.17671059015898996 0.9842628547932009
321 -0.0754678293833888 0.9971482370882273
144 -0.16701554849159692 0.985954261901662
348 0.008877384553220928 0.9999605952453798
397 -0.22406393100179992 0.9745744480664474
306 -0.10774034204599735 0.9941790677216109
22 -0.002189466238820644 0.999997603115922
278 -0.1001061584458496 0.9949767620609108
55 0.008600768921650521 0.9999630127029482
449 -0.17860712514048432 0.9839204718111375
232 -0.006188793610383451 0.9999808492334482
64 0.027012454478479605 0.9996350970744515
220 -0.20389644321935266 0.9789924618925814
361 0.03470775793327469 0.9993975042690697
11 0.02834790857798633 0.9995981172847688
52 -0.005778789778168556 0.9999833026549492
62 0.010966830969545096 0.9999398625009833
322 0.07727425105401095 0.9970098746371782
96 -0.004368075664692055 0.9999904599119872
135 0.0011285735963347168 0.999999363160616
241 0.12451178143346585 0.9922181293870138
324 0.32705833045799526 0.9450041526247537
155 -0.21191848715685196 0.9772873450532097
211 0.007647060805446673 0.9999707608030536
430 -0.008300232723706608 0.9999655524750503
82 0.4543428411191005 0.8908269095193654
329 -0.0214735993440233 0.9997694156810422
108 -0.00789793729510411 0.9999688108068585
439 -0.0360325161220334 0.9993506180424943
216 -0.13193613620884073 0.9912582186102077
258 0.033421906561864057 0.9994413320259324
409 0.005757622953440624 0.9999834247515936
18 0.0011209720497166872 0.9999993717106346
337 -0.13411243735952685 0.9909661215932091
130 -0.003351300976093046 0.9999943843751161
426 -0.12882792276049898 0.9916669634091956
279 -0.39899021586545486 0.9169551830071292
221 -0.0517590117216762 0.9986596040221088
217 -0.07094820031816348 0.997480001238929
239 -0.08844087818712537 0.9960814279292081
58 0.0022611148517520086 0.9999974436765462
493 -0.06969062468065076 0.9975686526909417
71 -0.19042121957718744 0.9817024799473293
28 -0.005529811323408699 0.999984710476479
453 -0.3160451038143597 0.9487441659135358
129 -0.02790020520056483 0.9996107135028948
7 0.019504326944187463 0.9998097725219806
487 -0.3672337719877218 0.9301286775020271
353 0.2535544969973658 0.9673211033841931
19 0.020674422951283706 0.9997862612756946
433 0.0 1.0
411 0.004507313141834566 0.9999898420125285
86 0.048801397911771155 0.9988085019471236
456 -0.0808163758838639 0.9967290069968858
378 -0.12397802872592707 0.992284963300983
38 -0.011920849487879328 0.9999289441492767
389 -0.00439708691475807 0.9999903327666042
468 -0.3764163962417841 0.926450590501376
296 -0.3098736781534729 0.9507777361653131
305 0.013369143460297954 0.999910629007982
338 -0.026436045263934563 0.9996505066826122
286 -0.060675585244399415 0.9981575393469959
320 -0.1046973280976966 0.9945041324646184
366 -0.05773320506008111 0.9983320474839473
25 0.009002423845795027 0.9999594773614082
110 0.03909387469724155 0.9992355422827774
253 -0.17601163219502222 0.9843880867483334
319 -0.1641468122029013 0.9864359198871588
30 0.014832854318049624 0.9998899871649778
122 -0.07631687403633831 0.9970836147171016
89 0.012038371984096989 0.9999275361744833
213 0.036540025957834434 0.9993321902665803
443 -0.08927221469100068 0.9960072648751935
363 0.023705323575189705 0.9997189893336005
240 -0.12310871945243915 0.9923931898168087
463 -0.2452556138175531 0.9694584487697113
117 0.6411294298093638 0.7674327685421832
373 -0.05532619575892134 0.9984683330295686
63 -0.0144520397238787 0.9998955638204519
341 -0.1543936779035583 0.9880094089751434
434 -0.1815806028188076 0.9833760647280156
43 -0.0022910846666598815 0.999997375462081
423 -0.19411283331793105 0.9809792087201875
98 0.022938674685332932 0.9997368739841902
14 0.03293246589990985 0.9994575792347324
382 -0.3413402733716108 0.9399397947605974
454 0.029235332645682004 0.9995725563084934
498 0.033671399815953434 0.999432957648703
111 0.0033701977758079818 0.9999943208673495
166 0.38383125776637883 0.9234032518685862
40 0.025984659493798457 0.9996623417289418
448 -0.011823919982652949 0.9999300950147684
440 -0.13006921166193586 0.9915049168701295
231 -0.21354023146380155 0.9769342708424072
438 -2.2778307787047434e-16 1.0
452 -0.17865025959627978 0.9839126408102408
421 -0.303637640264447 0.9527875856740778
294 -0.02890587860181218 0.999582137786714
49 -0.005580623722675054 0.9999844281981924
187 0.02100692313553837 0.9997793302426178
36 -0.00755289483324218 0.9999714764830235
347 0.055288703861478244 0.998470409789553
247 0.023320150219844578 0.9997280483180033
380 0.024219607477386374 0.9997066622833127
87 0.004517208182212275 0.9999897973630725
289 -0.06216011678905189 0.9980661901300794
333 0.1468213452261812 0.9891630262934287
206 -0.003359982981360385 0.9999943552412509
399 -0.11570175168028103 0.9932840000010645
139 0.05428549064932225 0.9985254556119049
259 -0.1245718230984609 0.992210593014369
105 0.00228130363253134 0.9999973978234823
182 -0.09147101569716967 0.9958077391180127
252 -0.12397802872592707 0.992284963300983
299 0.27235777849902953 0.9621960509641856
84 -0.013658516505944875 0.9999067181126732
47 0.025495834664949944 0.999674928371587
185 -0.28887193654901644 0.9573677476677501
314 0.02006339059762037 0.9997987099200156
295 -0.03169721725641454 0.9994975169644994
148 -0.23490345002980406 0.9720187082377043
480 0.08295765641281705 0.9965530729682653
405 0.1822040369785113 0.9832607430934752
72 -0.23694754565338677 0.9715224447272621
297 0.08321064520154223 0.996531980683582
238 -0.05236748876673917 0.9986278817058262
435 -0.04682308653624083 0.9989031977960727
46 0.029005873905049887 0.9995792411204848
310 -0.11480167705985299 0.9933884310501332
451 0.02922905382952849 0.9995727399305319
265 -0.400720751366 0.9162002398082356
483 0.04655643233586552 0.9989156614089881
485 -0.12799689186663546 0.9917745689784957
99 -0.0044407649258591695 0.9999901397548244
50 0.00695693090045044 0.9999758002634096
391 -0.04299223683192998 0.9990754063493842
210 0.014142191618370539 0.9998999942075354
311 -0.204277313547867 0.9789130600669634
13 -0.005673963950835719 0.9999839029369846
44 0.006810199357123154 0.9999768103234776
81 -0.44669163606711626 0.8946879803974584
327 -0.0034475429533906065 0.9999940572061338
202 -0.04859895021643083 0.9988183728976259
194 -0.021138574908729037 0.9997765553616609
181 -0.09636270701871398 0.995346285820179
365 0.06467809816346089 0.9979061797673955
146 -0.16682472725795489 0.9859865670359353
191 -0.1470203527245284 0.9891334671745544
388 0.025939054990169852 0.9996635261057677
229 -0.13744682027463692 0.9905091476591177
309 -0.23231473111546153 0.9726406662826467
300 -0.2061649816030766 0.9785172458166504
256 -0.08920789922536469 0.9960130273825727
223 0.016005791532590876 0.999871899113789
183 -0.16710834711777975 0.985938537802212
477 -0.010109937521096722 0.9999488932757111
132 0.041292351800362725 0.9991471071282721
381 -0.17340432416631194 0.9848507198354604
4 0.03113919433409063 0.9995150577035965
277 -0.13547201797875988 0.9907811727847691
469 -0.11099749036364014 0.9938206866094978
57 0.011467365533917109 0.9999342476021669
436 -0.12207575767611817 0.9925207853681463
331 -0.042111349467895014 0.9991129236707895
304 0.020295010812082896 0.99979403505729
292 -0.04271484643895782 0.9990873044402557
92 -0.03677366873617139 0.9993236198988206
8 0.02255177857604544 0.9997456763012567
437 0.015223818625754353 0.99988411095809
488 -0.388588840762112 0.9214112615087564
343 0.038090082122524 0.9992743095086051
104 0.006705325137009274 0.999977519054707
261 -0.20079651355546527 0.979632972160477
204 -0.094991745354023 0.9954780601874642
237 -0.3875053572055767 0.9218674515010162
61 -0.015320580571921767 0.9998826330179654
101 0.014532737003292108 0.9998943942013042
124 -0.039109109102544 0.9992349461388975
495 -0.182965918221193 0.9831192566364854
225 0.03835477372688654 0.999264184954289
31 0.01691402847727605 0.9998569475883387
230 -0.1526231735979353 0.9882844564602311
275 -0.20344187092667865 0.9790870263433443
470 0.05296266636763001 0.998596493069764
51 0.006866839863084783 0.9999764229772093
125 0.27551177473576405 0.9612976968566759
416 -2.1044431130354986e-16 1.0
445 0.15834600111653174 0.9873836862792515
196 -0.09147101569716967 0.9958077391180127
472 -0.1484181186492326 0.9889246998920708
164 -0.017896415296018316 0.999839846335178
153 -0.2592787870282185 0.9658025215317961
77 0.05053162773948369 0.9987224612463657
368 0.06318825111796032 0.9980016257104263
387 -0.05286946425817173 0.9986014318781312
264 -0.2418167707032072 0.9703219308078491
349 -0.16315415900741995 0.9866005880793816
177 0.062384159018597424 0.9980522114115786
12 -0.024618766689334343 0.9996969122322507
45 -0.008623126403814484 0.9999628201543415
392 -0.21534855912885278 0.9765372486910712
2 0.01460208554968574 0.9998933838652997
376 -0.09506596742918413 0.9954709748841265
269 -0.038702694755696605 0.9992507700365547
215 -0.2583485290123054 0.9660517778862466
123 -0.19160907349469505 0.9814713255895481
285 -0.07311783796828197 0.9973233085468544
212 0.053591894148265644 0.9985629218439873
467 -0.23662424738339574 0.9716012379316122
339 -0.008881652080419907 0.9999605573503
344 -0.10927841228753081 0.9940111813294237
345 -0.07585484570820726 0.9971188707383809
136 0.04246461325789787 0.9990979714827056
228 -0.07971248187280423 0.9968178972278126
189 0.019831222218301667 0.9998033419754749
74 -0.0572958043015422 0.9983572460845063
113 -0.08343961155834143 0.9965128354532082
364 0.0266348315543897 0.9996452299431381
16 -0.03157067227489828 0.99950152208594
175 -0.09251697327310528 0.9957111075288773
360 -0.2539140493391314 0.9672267859960274
460 -0.1228980901249112 0.992419296186672
330 -0.1209553660252849 0.9926579468425614
147 -0.26073205709173275 0.9654112048265824
60 -0.03421364535036738 0.9994145418553002
385 -0.15890018784158708 0.9872946522208599
283 -0.09091142849564837 0.9958589820696907
496 0.1091495539044208 0.9940253391551274
79 -0.09494785077495119 0.9954822477740212
94 0.0011388689334727192 0.999999351488566
165 0.47754316043704853 0.8786082915155055
119 -0.09464031469263648 0.9955115322460504
207 0.02237754890866952 0.9997495913001617
17 0.03316050524364631 0.9994500392175619
1 0.03193661371847578 0.99948989624918
350 -0.165078352808149 0.9862804557701366
354 0.1698497823414414 0.985469964757204
332 0.15919059912942332 0.9872478681409321
355 -0.13013949918670922 0.9914956937634336
374 0.05582248443411425 0.9984407094222487
267 -0.059906499074970754 0.9982039928634732
473 -0.1821097396314664 0.9832782122732912
3 -0.03978873193885195 0.999208114864315
251 -0.017575951073693852 0.9998455310415979
444 -0.25432984152837734 0.9671175376903007
170 -0.19963248638410658 0.979870843723855
302 -0.11899310620767495 0.9928950803962365
335 0.013631154816949402 0.9999070914931829
458 -0.38433175850053863 0.9231950494927297
128 0.013609986820346942 0.999907379840128
461 -0.05360683767324508 0.9985621197274981
298 -0.05944825654851649 0.9982313884031807
386 -0.19790937117272048 0.9802203225816215
429 -0.1387041525875222 0.9903338619147471
145 0.27661341962912067 0.9609812776954003
243 -0.03237886981431376 0.9994756669321909
262 -0.1721832671725529 0.9850649331418642
492 0.03698000585351061 0.9993160056594083
173 -0.09816361479929561 0.9951702893121034
410 0.022897186912254848 0.9997378250479
407 -0.15793923319838277 0.987448833417057
9 0.010038160171374301 0.9999496164009334
219 0.10145175702628052 0.9948404600720061
250 -0.16671294361703326 0.9860054738339661
328 0.03665618803871198 0.9993279361042954
158 -0.1084388632157506 0.9941031198746314
282 0.028210721515979233 0.9996019983931343
427 -0.0320665117102786 0.9994857371802434
284 -0.11297365336796697 0.9935979839173862
447 0.05657512462943809 0.9983983449871918
396 0.01594128904739889 0.9998729295783075
176 -0.21925933207007547 0.9756666158581958
41 -0.003276076300049257 0.9999946336476392
274 0.06669783481079715 0.9977732201415066
214 -0.10908366020317257 0.9940325724425124
325 -0.1746435036100515 0.9846317314848256
184 0.050104379363953754 0.9987439867996968
120 0.02487013934045884 0.9996906902483319
112 -0.04073657136987407 0.9991699213612403
197 -0.11343478481590008 0.9935454441512832
23 0.02733664126150467 0.9996262841905168
490 0.025719338547472402 0.9996692030990454
362 0.030351650549738 0.999539282524157
432 -0.08731674991195888 0.9961805986791814
428 -0.1079865934407616 0.9941523503151113
115 -0.1330301552686083 0.9911119905385112
336 -0.21828694973857266 0.9758846282085961
65 0.036892286353270555 0.9993192478920979
499 0.03254681451378107 0.9994702120948904
379 -0.18369412783601274 0.9829834522506299
67 0.0044492782543897 0.9999901019125215
15 0.0021990242266327256 0.9999975821433023
5 -0.008802979029625506 0.9999612530294383
200 -0.20524598744460087 0.9787104191934868
97 0.02381098683290842 0.9997164782607333
66 0.017997797889869074 0.9998380265178534
70 -0.17644470964840064 0.9843105528424918
127 -1.1790914308845433e-16 1.0
93 0.0044341771288758675 0.9999901689882705
400 0.32275643440570095 0.946482056908486
342 0.03608872326322308 0.9993485898590293
103 -0.03171392309389773 0.9994969870299732
69 0.004497482843822883 0.9999898862728911
163 -0.1819395839522591 0.9833097110225643
126 0.010304479330178995 0.9999469074434573
0 -0.0057340860668702144 0.999983559993352
100 -0.014226582229104686 0.9998987970580214
95 0.002318510947229115 0.9999973122498819
199 -0.21943727892807985 0.9756266092192444
450 0.017673216033331274 0.9998438165208801
466 -0.3376492950025836 0.9412719870389527
358 -0.06661653985982606 0.9977786511131134
308 -0.026962435005201558 0.9996364474640719
56 -0.0033790278634839763 0.9999942910690529
491 -0.16790004013433726 0.9858040254142241
323 -0.006219659538435797 0.9999806577305513
137 0.006805668074950012 0.999976841172861
151 -0.03300624879228294 0.9994551453370291
209 0.0066596158022396695 0.9999778245128071
106 0.010488538656577742 0.9999449937655819
352 -0.14136300063832255 0.9899578284202463
457 -0.11127923677910823 0.9937891785795714
356 -0.0022414527480753856 0.9999974879416339
383 -0.16183060075038935 0.9868185530586503
326 0.028057219079116815 0.9996063187363045
192 -0.11246264569429247 0.9936559531967994
248 -0.0022463201523698563 0.9999974770197039
268 -0.24984566944243541 0.9682856714115217
218 -0.18917358894702593 0.981943660932185
109 0.019252666021293538 0.9998146502482709
478 -0.019394648350907304 0.9998119061180181
179 0.026739485781525033 0.9996424360240714
68 0.040177855685575095 0.9991925439636292
464 0.024348472020583222 0.9997035320084964
481 -0.15620944443599508 0.9877239540828184
116 -0.04265525395647769 0.9990898504688698
257 0.02877504773200018 0.9995859125798148
83 0.04649739114075702 0.9989184113915929
168 -0.3155697658175957 0.9489023779619417
88 0.0410717683725891 0.999156198921244
157 -0.002871002851584975 0.9999958786628204
198 -0.05072347266993992 0.9987127361360232
138 0.017785759897893043 0.9998418208621075
90 -0.040759813834526724 0.9991689734855536
413 0.021763230289428497 0.9997631528553997
246 0.035281490860596364 0.9993774143949089
33 -0.035722588780582196 0.9993617446404546
359 -0.13152912876935288 0.9913123061301998
39 0.028823762663415256 0.9995845090365912
271 0.006653967620446258 0.9999778621124099
76 0.02402123420721137 0.9997114485226035
471 -0.17937546484007902 0.9837806882702088
156 -0.23460326093519046 0.9720912045474822
372 -0.18249363619849657 0.983207034528868
21 -0.021231945175629676 0.99977457684423
91 -0.0022399986855799665 0.9999974911997973
171 -0.044462467514613684 0.9990110554856296
288 -0.27538506864980733 0.9613340022930329
393 -0.0837597092887129 0.9964859813865272
398 -0.08971282343132993 0.9959676748328627
195 -0.09959243772563933 0.9950283143448053
395 -0.12472216402652134 0.9921917061740344
141 -0.20172864381733788 0.979441450145754
54 -0.008862352513676178 0.9999607285828396
142 -0.01256473338498674 0.9999210606217693
114 -0.22740975545312386 0.9737991595420231
446 0.011274827621408487 0.9999364371109334
140 0.024993742741231176 0.9996876076173923
154 -0.17233659473100643 0.9850381201336935
169 -0.002934201456205323 0.9999956952216416
340 -0.06998580481618596 0.9975479873791689
245 0.019558998918371786 0.9998087044836683
291 0.056310726689949006 0.9984132922090179
35 -0.011519694696398027 0.9999336461156318
180 0.0034219395693939067 0.9999941451476521
384 -0.03309261099164221 0.9994522895555125
403 -0.1461118760649605 0.9892680727046526
465 -0.13124574627421443 0.9913498646214284
408 -0.055416569830464384 0.9984633212032505
462 -0.40710700952781465 0.9133804698992198
