500 2
234 0.0012275769367229344 0.9999992465271483
129 0.28974322447891215 0.9571044163875553
195 0.0477725100598057 0.9988582418354397
24 -0.21538027983379773 0.9765302530176498
430 -0.023525234021362695 0.999723243385008
401 0.06942931424491759 0.9975868735721618
287 0.2947757392814887 0.9555664621213178
298 0.04969591311189128 0.9987643947498206
86 0.21615152975025062 0.9763598292569325
355 0.0700838478883043 0.997541104047933
290 0.21146634715539653 0.9773852792122222
116 0.30800242809278633 0.9513855707802952
8 0.17186439811617663 0.9851206163004428
42 -0.11691660927637754 0.993141735340588
384 0.027505082717729074 0.999621663643146
304 0.13157066697394937 0.9913067938796899
497 -0.1612883646246392 0.9869073226178379
383 0.27905263397949126 0.9602758080203355
6 0.2237989915694514 0.9746353222475043
91 0.24967786173387768 0.968328955138696
51 -0.0674414723118426 0.9977232320701022
329 -0.30973273987123107 0.9508236586517294
73 0.4836147536437528 0.8752809663520008
220 0.35580186732673214 0.9345614111479301
123 0.04074969525142218 0.9991693862088231
146 -0.18822280808297726 0.9821263536416069
131 -0.008131067520016142 0.9999669423240874
470 0.06210359685549703 0.9980697086163922
277 0.1250990705676776 0.9921442549060611
105 0.22893230424904296 0.9734423455301415
468 0.1644875674919241 0.9863791563798323
472 0.08808270458449954 0.9961131648327312
380 0.07734507890891615 0.9970043825222504
127 0.13391226998906075 0.990993190665999
181 0.2190938394975067 0.9757037918826805
216 0.21828802662559355 0.9758843873286959
340 0.12293961617521476 0.9924141528488452
99 0.18850285846656004 0.9820726410759726
338 0.2784156671655989 0.9604606791934454
320 0.1078410684219843 0.9941681467244889
240 0.047553308702988746 0.9988687014975483
253 0.15775372427702675 0.9874784870956571
166 0.469868631884122 0.882736352922742
100 0.17091961972688388 0.9852849758280178
44 -0.4044663685991612 0.9145528725405697
373 -0.09053340270305642 0.9958934194957842
493 -0.05533598494571495 0.9984677905521477
357 0.1691266548592338 0.9855943255803198
132 -0.16620071830119892 0.9860919436016936
175 0.22836119927182613 0.973576480132472
16 -0.20653672875272822 0.9784388482046907
454 0.11158333521491852 0.9937550801391231
187 0.4314317839175896 0.9021455624375073
302 0.10721297023541386 0.9942360781088665
257 0.34757187265866707 0.9376533439051702
248 0.15224189342878813 0.9883432631860338
441 0.3292608205942359 0.9442390121264903
403 0.006796143124803355 0.9999769059526462
276 0.14993253072263055 0.9886962305132488
410 -0.04019483706388843 0.9991918609923759
394 0.2761669663741018 0.9611096746385013
378 0.04719616330456484 0.9988856401857666
367 -0.1036000475263277 0.9946190376986268
326 0.10267994754714306 0.9947144456434299
364 -0.03146948475471887 0.9995047131100846
442 0.09267133689828774 0.9956967526900367
247 0.10817271737582548 0.9941321155739462
399 0.12147508733152966 0.992594480721003
291 0.12646391609178906 0.9919712082145977
40 -0.2466177717909853 0.9691128286411492
208 0.23119353578597926 0.9729077803218437
296 0.27220956762161774 0.9622379909852093
371 0.15266779520395987 0.9882775644056491
48 0.19376958042485568 0.9810470680359711
93 0.2222487123181425 0.9749900050118092
152 0.20216355156964372 0.9793517746023377
374 0.21640822052262546 0.976302966343046
79 0.09487220520500526 0.9954894598535634
379 0.26951601554869264 0.9629959072409171
163 0.05880675606989362 0.9982693852064862
36 0.28821970686500276 0.9575643062346527
115 0.09663649688076398 0.995319741324673
190 0.1591057685175482 0.9872615430697381
170 0.057135283521964585 0.9983664454381792
154 0.2401209158270325 0.9707429864708718
205 0.2520194552361025 0.9677221678676675
193 0.11874881789275032 0.9929243265471315
412 0.20533829921222482 0.9786910558887473
490 -0.12962450205272247 0.9915631540489914
47 0.059469134451736995 0.9982301448301194
425 0.14126142969156152 0.9899723271291455
312 0.04501198946828934 0.998986446756965
337 -0.35755092593433724 0.933893642425891
22 -0.0983889194486254 0.9951480395045412
112 0.08184203608717905 0.9966453136041453
460 0.04311816457413892 0.9990699794727882
194 -0.08612363066324027 0.9962844574926288
368 0.1847828006825454 0.9827793834691053
45 0.14155390254735087 0.9899305494193091
207 0.146130956076109 0.9892652544572069
150 0.21792993643945166 0.9759644167711733
321 0.2029299768192197 0.9791932518702072
241 -0.046277905519817135 0.9989286037854251
423 0.05615121565388587 0.9984222758836018
10 0.21822635639262458 0.9758981798198003
155 0.21591559348352726 0.9764120321312393
2 0.17618125194887901 0.9843577431308831
382 0.08504617375634335 0.9963770111405651
158 0.051052390420271355 0.9986959764775145
424 0.16256630677503128 0.9866976213113754
88 0.035910564774995844 0.9993550076612118
103 0.08725757568001892 0.9961857836199258
372 0.38237972881284094 0.9240052721673283
101 0.12434396538845013 0.9922391739250552
239 0.16740452401288278 0.9858882925260956
432 -0.4136308181555024 0.9104446969871425
82 0.058651881692551824 0.9982784965999832
70 0.11234545512635484 0.9936692099046102
479 0.19176655184430558 0.9814405685489801
136 0.044377002610148625 0.9990148555648903
210 0.22488935756071896 0.974384306552567
331 -0.1194963379209913 0.9928346414300179
228 0.16648493184866195 0.9860439987482031
271 -0.1919524735621504 0.9814042224758217
392 0.29219302967426813 0.9563593641564724
37 -0.14459906765691066 0.989490328215871
397 0.2280101282803698 0.973658760244866
461 -0.23619324807976727 0.971706102461814
53 0.3238219391523098 0.9461180432290877
189 0.15386272709114474 0.9880922331503654
148 0.12362590921685046 0.9923288943542394
62 0.17490977116326326 0.984584466641443
211 0.15481292907705035 0.9879438025467765
27 0.1707142388556784 0.9853205816646309
422 0.5361448474670115 0.8441259992054356
157 0.07665655770570154 0.9970575570952324
391 0.30918618195174585 0.9510015272806358
172 0.0807308211221274 0.9967359402173412
61 0.10441966963667834 0.9945333240233668
78 0.16555848258039096 0.9861999740649349
477 -0.047411733149808996 0.9988754314526567
317 0.20091699455532974 0.9796082693091426
200 0.13721049843643132 0.9905419118436262
180 0.10240419535840946 0.9947428716874511
250 0.20758484427065807 0.9782170170412733
229 0.07761245462960142 0.996983604121135
58 0.17381284564472277 0.9847787034094938
97 0.4323735021668135 0.9016946016384954
297 0.12084844110441717 0.992670969799476
96 -0.07501481806751104 0.9971824191542379
481 0.09968646412180372 0.9950188987506178
261 0.3284792517415875 0.9445111863685295
405 0.20043080580251627 0.9797078605815889
124 -0.20048745933131376 0.9796962685704559
83 0.029000737475843762 0.9995793901566083
87 0.20892379389252755 0.9779319241877487
385 -0.012961575273882614 0.999915995254811
325 0.21262784686969785 0.9771332553626227
77 0.0903684651019349 0.9959083996608926
273 0.30430836336694844 0.952573577202795
268 0.2499255035534809 0.9682650683947754
275 0.05515128157181989 0.9984780098434747
67 -0.31318413155736324 0.9496924237565868
343 0.2341279792594627 0.9722057854836499
416 0.06483736803752146 0.9978958441169935
285 0.0959312034264267 0.9953879666789013
223 -0.004393526467709646 0.9999903484160122
443 0.3700622744282577 0.9290069499443935
341 -0.26045130559522517 0.9654869845905448
359 -0.1130438020844524 0.9935900053896934
476 0.1925197132713088 0.9812931060605354
467 0.12383355723732542 0.9923030031708813
300 -0.004635905028776207 0.9999892541345453
197 0.045822357713888 0.9989496041009979
309 0.14015829539843272 0.9901291088696492
164 0.0901728706200514 0.9959261284875195
226 0.11773631180061044 0.9930448936899022
174 0.20810574221765346 0.9781063337163498
484 0.18460924838329124 0.9828119990167785
327 -0.10461115120734972 0.9945132010401234
480 0.15265488852666614 0.98827955812559
440 0.1935057778416203 0.981099135634065
12 0.047729224376386034 0.9988603111248482
196 0.06619394779547576 0.9978067755208169
191 -0.30143601514807533 0.9534864072296203
319 -0.034757042380140386 0.9993957914685178
363 -0.03299881045228019 0.9994553909548612
351 0.11886205727995708 0.9929107771291317
233 0.19319774476435445 0.9811598398925464
292 0.14062613625345263 0.9900627706375112
56 0.0727809300687051 0.9973479514283539
436 0.1721269083449722 0.9850747826554092
230 0.4400684964361616 0.8979642077746841
249 0.06164039529996551 0.9980984228357763
458 0.10426547627965477 0.9945495012598301
92 -0.057283836520801615 0.9983579328444573
452 0.04667561301128116 0.9989100996336062
278 0.24418184208240182 0.9697294612402187
9 0.1261179687372349 0.9920152508714741
49 0.28421256546734525 0.9587612933522454
161 0.10533422133451427 0.9944368767377101
219 0.15105025151382712 0.9885260854006888
25 0.020959915336526372 0.9997803168441983
167 0.027990555569031003 0.9996081876410061
415 0.1717604790148649 0.985138740405931
71 0.12854238951380564 0.9917040153685378
330 0.19725492627222838 0.9803522295896194
134 -0.018461796111849605 0.9998295665183764
494 -0.34287946909245903 0.9393794066695701
404 0.2617601035634592 0.9651329691718377
376 0.18027730314548704 0.9836158264132344
133 0.16452773442975646 0.9863724573422615
169 0.015816260156149946 0.9998749151342247
102 0.13414765463687445 0.9909613548244077
390 0.30908797335190547 0.9510334508991845
80 0.007890302768337382 0.999968871076607
396 0.10351250096936863 0.9946281526998251
206 0.2586194942515228 0.9659792736871152
375 0.11080260763320013 0.9938424332567428
284 0.06614598582855534 0.9978099561333152
478 0.2293459661484467 0.9733449685550523
486 0.015276108520906337 0.9998833134463527
407 0.20080510532562762 0.9796312110560603
204 0.1757801592144332 0.9844294467490032
23 0.19601337916100187 0.9806012212871679
409 0.18305435386349922 0.9831027939801701
165 -0.12382574184842379 0.9923039784540256
474 -0.15127683966630184 0.9884914353602543
237 0.21075049621637426 0.9775398858075062
90 0.0655162754562779 0.997851500800764
420 0.19515158174392233 0.9807730930968922
485 0.2643553237167958 0.9644253536809306
66 0.1326712193876444 0.9911601018736558
294 0.20646627601126277 0.9784537172856164
451 0.15565022304389595 0.9878122332034491
137 0.0147204328922416 0.999891648557715
255 -0.15994517835444635 0.9871258987186814
13 -0.2273655206121017 0.9738094885740167
318 0.1790509776604502 0.9838397976290839
20 0.010089265457940819 0.9999491020659598
218 0.22911702777535392 0.9733988841083534
280 0.029201271683943167 0.999573551937045
145 0.04940701864736073 0.9987787275009312
450 0.055715193957137275 0.9984467022141535
59 0.3183915801621628 0.9479592827130504
244 0.1649364337029926 0.9863041989352668
281 0.09622190131739258 0.995359907624808
414 0.07027028200594862 0.9975279883125107
5 0.14818237404195336 0.988960051783332
178 0.0760931239566746 0.9971007153174218
316 0.46810624903018044 0.8836721901355131
106 0.04289107660964668 0.9990797543476023
122 -0.036091545598468645 0.9993484879341709
256 0.29032871801803944 0.956926975005931
160 -0.01750154707260655 0.9998468361954573
353 0.28452042293040936 0.9586699791562794
0 -0.044057714173976116 0.9990289874782234
26 0.08527398011345605 0.9963575404018429
387 -0.2915870394599648 0.9565443002908819
447 -0.419537925256951 0.9077378086601291
199 0.08584189807523535 0.9963087716841806
449 0.17896840568107517 0.9838548214894177
168 0.1883064933886052 0.9821103118019315
418 -0.06805139625370814 0.9976818167471635
448 0.003078725007306345 0.9999952607149343
473 0.18713301749164538 0.9823345834105971
303 0.2004859680851661 0.9796965737415609
360 0.04897846647246991 0.998799834712644
453 0.1595582054887255 0.9871885225534269
41 0.13869580093045233 0.9903350315949953
107 -0.04104264773472628 0.9991573955423256
251 0.08649911303930587 0.9962519276987191
224 0.062130331560803075 0.9980680447244791
118 0.250559398268399 0.9681012281468183
346 0.15739925302589702 0.9875350500852562
31 0.12986803480961667 0.9915312872192628
471 0.11571623848553993 0.9932823124121147
386 0.2790556856138566 0.9602749212213034
84 0.15390491940606424 0.9880856621683227
242 0.18774349865412213 0.9822180912165636
263 0.08541167748691035 0.996345745887878
488 0.2129093673585811 0.9770719529753009
358 0.16785177652436087 0.985812244353668
377 0.1669558765754827 0.9859643681578519
366 0.02542786555691488 0.9996766595520872
46 -0.04489469804587998 0.9989917247341789
184 0.10434885117537283 0.9945407569619155
201 0.14216099104430913 0.9898435495699811
446 0.04278398188302333 0.999084346236209
295 0.12855056967090048 0.9917029550411186
305 0.049641964649333306 0.9987670776240847
18 0.1705953381358734 0.9853411747239161
29 0.10922570083625857 0.9940169748434018
236 -0.260999777408701 0.9653388608113778
445 0.01858838245038359 0.9998272210926636
109 0.1348177172645049 0.9908704169121147
475 0.06151225270119256 0.9981063283877247
492 0.21220407799215638 0.9772253728201592
483 0.2620781296425873 0.965046658956469
76 -0.00521373384350243 0.9999864083973387
171 0.016382877301305384 0.999865791659726
469 0.14999761210589643 0.9886863589442959
254 -0.6357844541731359 0.771866651586767
185 0.2180487935930405 0.9759378687255759
141 0.13999995575553353 0.99015150981476
140 0.03524869207969669 0.9993785717668109
183 0.2877981973384477 0.9576910762916923
111 0.0037776621721831525 0.9999928646087995
222 0.19379206898920573 0.9810426259836434
55 0.1625128128474358 0.9867064333733789
389 0.2666277450567086 0.9637995878635636
499 0.10349696795865833 0.9946297691218399
369 0.3148679623680422 0.9491354836240172
4 0.07810107905655911 0.9969454455737291
243 0.4778614514937785 0.8784352185427559
119 0.07460917750086368 0.9972128512171534
38 0.05740330410227193 0.9983510708554091
455 -0.03342408710128428 0.999441259105029
202 0.2515811836566533 0.9678361989664973
142 0.23680292516399037 0.9715577052516117
344 -0.02081606168714818 0.9997833223133085
332 0.015503941279680387 0.999879806679181
14 0.08849026749048561 0.9960770414779483
362 0.25850302531652586 0.9660104481330436
139 0.16687935659026165 0.9859773224288784
231 0.6357844541731361 0.7718666515867669
7 0.04417760305129298 0.9990236931067463
113 0.1905971049851601 0.9816683470354313
217 -0.05847786827014578 0.9982887051963373
149 0.028702259003655337 0.9995880052942249
487 0.4991568713137315 0.8665116374407714
30 0.0855404912439119 0.9963346949483142
365 -0.39761784153368684 0.9175511168834638
94 0.1499496845196899 0.9886936290441269
310 0.14870061734107096 0.9888822611425409
431 0.13850433492746772 0.9903618274177876
246 0.200639464027754 0.9796651496683219
232 -0.11105795204993034 0.9938139319241178
235 0.06614742255228392 0.9978098608901846
419 0.2599809728363601 0.9656137394233058
462 0.08750914796102766 0.9961637159740034
370 -0.11534654449060053 0.99332531160445
11 -0.10955783789090734 0.9939804224212214
282 -0.0340182962669681 0.9994212102607651
225 0.14311008995410301 0.9897067758449108
314 -0.0944655603113434 0.9955281301475434
496 0.51076347766233 0.8597212745339518
1 0.16641385538005107 0.9860559967555328
464 0.07311469056215572 0.9973235392910368
434 0.06269448884246427 0.9980327655286584
354 0.07329130252732931 0.9973105759861606
151 -0.2780846539215738 0.9605565705638155
265 0.11425507345449756 0.9934514473238778
311 0.3729710275944666 0.9278429891825059
288 0.10120335334669964 0.9948657604276986
289 0.09264929424943612 0.9956988039939996
63 0.43700533085443566 0.8994589155735826
323 0.2600309937589768 0.9656002704456534
15 0.14289180026174841 0.9897383156258812
463 0.10871319971903497 0.9940731563656917
60 -0.022047606280749296 0.999756921985184
406 0.1473181826917548 0.9890891532356416
301 -0.13622040937588448 0.9906785553697356
54 0.18360288687484727 0.9830004984389489
221 0.0362579073464526 0.9993424659018829
138 0.11495758032877727 0.9933704015748369
156 0.1358798350914992 0.99072532541341
64 0.14305614593120056 0.9897145745674917
350 0.1683883951866455 0.9857207253408372
125 0.16883226099650256 0.9856447979098805
34 0.36355915227854885 0.9315711152641556
114 0.14223149095887758 0.9898334218340048
135 0.2873452968166851 0.9578270618422362
57 -0.37351077028996227 0.9276258429331296
212 0.09995827559591164 0.9949916296833313
393 0.12975822443427162 0.9915456636946507
270 0.0917040132148038 0.9957863093858538
260 0.19126580123687612 0.981538279068736
322 0.2099058105852622 0.9777216120565936
356 0.18402957813827447 0.9829207060441085
69 0.5267026325269715 0.8500496084871505
110 0.1324961738329787 0.9911835167715517
426 0.010346004225437189 0.9999464786660169
85 0.1790321956942202 0.9838432156115661
335 0.058271651831487026 0.9983007635942336
299 0.2276362226886582 0.9737462452405348
339 0.28139568945923116 0.9595918225754969
324 -0.06117820912529551 0.9981268590355744
466 0.24843734149313987 0.9686479687439711
417 0.15011761368029025 0.9886681455690454
400 -0.08326252897622588 0.996527647016621
428 0.2109953175508731 0.9774870720227486
95 0.4157868265177468 0.9094621019560415
439 0.14626709310956465 0.9892451351779691
307 0.0002928902886548385 0.9999999571076386
349 0.1140020563037554 0.9934805137286363
306 0.08768421869135042 0.9961483211813827
143 0.07790128099375547 0.9969610776853487
245 0.03572849782279712 0.9993615334018647
267 0.11859856513080357 0.9929422845004208
427 0.2612036971872671 0.9652837036725018
352 0.011740114376106068 0.9999310824824059
28 -0.03558012446486446 0.9993668269174563
266 0.15545019879913918 0.9878437304013769
313 0.06991777679874915 0.9975527577464363
104 0.15806571587440332 0.9874285946158904
459 0.23084882541000318 0.9729896298557462
177 0.2488901629116665 0.9685317169849442
186 0.1618713655033165 0.986811867090223
491 -0.02413275278050151 0.9997087627120387
498 0.45293698813815775 0.8915425311090517
279 -0.02936003437082739 0.9995689012678135
176 0.14414928802454907 0.9895559523149844
336 0.10666579048174454 0.9942949306623787
259 -0.1726058581080351 0.9849909734341675
456 0.25897057987533556 0.9658852099287122
126 0.10479948029434395 0.994493372994529
308 0.09189243563928572 0.9957689391983864
395 0.11714613677930767 0.99311468755511
465 -0.0380834338413581 0.9992745629039352
3 0.12957536418946022 0.9915695764771976
252 -0.1373210737937427 0.9905265885841397
429 -0.07969098392730459 0.9968196161195354
457 0.04247019002631152 0.9990977344379922
72 0.15601389442049507 0.9877548606550871
315 0.1343254114589884 0.9909372754298699
144 0.23097891979172283 0.9729587548359122
398 0.07736321502095217 0.9970029754025922
408 0.1377768414735071 0.9904632966211236
413 0.06346155862001514 0.9979842837327241
173 0.012403624809709322 0.9999230720868381
74 0.13370258493240936 0.9910215026841708
214 0.3181528743017588 0.9480394235333937
328 0.206805735410676 0.9783820254896598
286 0.23805487997081698 0.9712517048232553
238 0.11456404942225515 0.9934158638656699
35 -0.14649078483129094 0.9892120348840852
182 0.026702644699230352 0.9996434208086735
108 0.16953732197579802 0.9855237675760411
128 0.15595021607563744 0.9877649164178499
162 -0.04846158172845128 0.9988250472912544
209 -0.08841709103158661 0.9960835396760214
258 0.13479393532439357 0.9908736523895281
495 -0.2570280522192108 0.9664039426515181
227 0.139768016548969 0.9901842765616748
489 -0.04736490808126297 0.9988776529097313
68 0.08814716803694086 0.9961074624592808
435 0.41234682579810716 0.9110269454051431
130 -0.30851896925044453 0.9512181903289293
213 0.220041863568378 0.9754904296185357
75 0.04230761000478167 0.9991046322261163
433 0.11280498318381826 0.9936171474813117
438 -0.2859817375139126 0.9582350681375231
348 0.07834866421529346 0.9969260187274075
345 0.19699059772570388 0.9804053775901426
262 0.2829691907568842 0.9591289991874888
274 0.05269287823808103 0.9986107653049745
347 -0.0691906863930881 0.9976034527388392
188 0.05279888046817269 0.9986051663301706
269 0.12813741960463348 0.9917564225640619
121 0.10080746656706618 0.9949059526831318
361 0.1167704157203778 0.9931589349205343
21 0.11778865023230585 0.9930386869988759
283 0.06922138506704777 0.9976013230992627
421 0.051745438121442125 0.9986603074287173
50 0.09107214951647519 0.9958442968569177
153 0.06599519980412497 0.9978199404716331
402 -0.22436797063986577 0.9745044965267982
388 -0.23099099187725022 0.9729558888621642
81 -0.03348265242805655 0.9994392988002733
89 0.0641259861107883 0.9979418108814356
147 0.1948343533382297 0.9808361610173607
17 -0.15202301621694653 0.988376953667123
411 0.09344084496365566 0.9956248332039925
117 0.1467885014622679 0.9891679007319545
215 0.1122625240124684 0.993678582692789
159 0.17516088814777708 0.9845398230967003
65 0.14829098439496752 0.9889437718835038
19 -0.001067929345362112 0.999999429763294
334 0.042903499328727855 0.9990792209556507
444 0.24118653180679658 0.9704787771378667
192 0.04036066952507272 0.9991851762088386
482 -0.2548175310635273 0.9669891549871116
264 0.08172892952481822 0.9966545951726341
52 -0.29470322059494747 0.9555888298692935
203 0.12289319490224782 0.9924199023834207
39 -0.029796824732417373 0.9995559760392939
342 0.06489137161583627 0.9978923338165372
293 0.02596461000298109 0.9996628626829114
98 0.16928265823454228 0.9855675429015746
437 0.06090323545235359 0.9981436749844359
333 0.01577101281776635 0.999875629843383
120 0.0688615534415423 0.9976262258268964
179 0.17451228021242388 0.9846549974763041
381 0.1491337403554466 0.9888170343838107
32 0.245936188233277 0.9692860214184904
33 0.055732239772629005 0.9984457508797993
43 0.18423680003786344 0.9828818858397016
272 0.10233186603384763 0.9947503150007195
198 0.0310434980774534 0.9995180344681706
