500 2
292 -0.14965261774761562 0.988738637862042
217 -0.07233212008824645 0.9973806015777225
317 -0.01661120571382783 0.9998620244037338
424 0.06917783859419123 0.9976043437392581
139 0.030385850415412093 0.9995382434377047
216 -0.03119901080811409 0.999513192371464
102 0.018466604809780924 0.9998294777144748
258 0.05827807882433753 0.9983003884245183
376 0.08063758739460127 0.996743487312146
187 -0.037210868965421154 0.9993074357928287
242 0.03410172031328974 0.9994183671874728
133 0.036835894300430855 0.9993213281478023
40 0.03202455712759229 0.9994870823281217
167 -0.010839183650562387 0.9999412543233673
305 0.007213641282980005 0.9999739813512352
83 0.01157178231894256 0.9999330446854745
36 -0.010256651147699638 0.9999473991701936
422 -0.1303675316144289 0.9914657365238402
368 -0.017400609423239986 0.9998485979345573
415 0.06238197779925515 0.9980523477482797
125 0.046464518601440186 0.9989199409918377
74 -0.06980956110491857 0.9975603366104423
38 0.005975625241149361 0.9999821457921023
241 0.17301814517939582 0.9849186369638263
404 0.05112395727957387 0.9986923154766318
455 -0.09160294714815297 0.9957956115959604
336 0.12597847553935748 0.9920329751075714
373 -0.005471373303128188 0.9999850319250674
386 0.15214272394790881 0.9883585339084753
445 -0.10588325515395956 0.9943785678895144
256 0.08783485841722559 0.9961350499037899
172 0.18407249365368533 0.982912670118823
149 -0.13733802029465303 0.990524239068154
339 0.022938304394106504 0.9997368824803471
150 0.010294987135216059 0.9999470052157193
16 0.017432821871183442 0.9998480368143988
264 -0.10204791835202871 0.9947794842878586
111 0.06068062648924592 0.9981572328891238
63 0.010534192441289685 0.9999445138554488
155 0.016926640198804074 0.9998567341632402
436 -0.10954566936744321 0.9939817635765954
6 0.031499574334993855 0.9995037652839104
94 0.05268398250882493 0.9986112346589185
135 0.0016957486655473884 0.9999985622171981
238 -0.03886062770120401 0.9992446405233648
33 0.042904511799189554 0.9990791774765767
466 0.34389907459564273 0.9390066168522246
56 0.011786614578918197 0.9999305354457219
459 0.026905238373558904 0.9996379885478852
43 0.02566421442186021 0.9996706198033974
327 0.017811957848236862 0.9998413544946081
471 -0.001588465427007615 0.9999987383879977
127 0.024270087387512452 0.9997054380457288
85 0.030609891113857222 0.9995314074935303
430 -0.10311225263435704 0.9946697257666328
425 0.040607709389530504 0.999175166794159
244 0.035332297788762734 0.9993756194409419
432 -0.16537758359197738 0.9862303254540891
334 0.031676969034321115 0.9994981588941516
383 0.1349277631315889 0.9908554378597847
189 0.02580811483428801 0.9996669151315853
169 -0.07515071103984647 0.9971721870520686
73 -0.0987948810601981 0.9951078190207838
367 -0.031901095457122636 0.9994910305293566
489 -0.09194556543060246 0.9957640347982281
284 0.05332796708487263 0.9985770515721832
46 0.018694348987429894 0.9998252453883808
420 -0.0382672159795192 0.9992675418431125
158 -0.1162174123711629 0.9932237980746086
443 -0.16038835084171343 0.9870539888548524
405 -0.11176757604460957 0.9937343754470369
70 -0.08711360795416127 0.9961983835106383
365 -0.0014546194817234076 0.9999989420405221
385 -0.13156628179678143 0.9913073758901272
151 0.0638139314526565 0.9979618139751418
363 0.030636674010072106 0.9995305869284845
14 0.024739816571497004 0.9996939238967137
25 0.021804450052448448 0.9997622547175455
15 -0.01924534852159026 0.9998147911289783
265 0.32143946203516194 0.946930130604442
112 -0.17393546828204165 0.984757052715799
5 -0.014912258818979656 0.9998888060864146
349 0.09664045486343258 0.9953193570326003
374 0.02359049381012615 0.9997217055770042
414 0.20494925625285582 0.9787725999237009
77 -0.03880004043708096 0.9992469949227172
140 0.006249947199768763 0.9999804688892678
492 0.018329808057586758 0.9998319949554385
103 0.0910748860686289 0.9958440465894177
267 0.05068010929091388 0.998714937568404
293 0.010723442674386782 0.9999425022356082
384 -0.14869298300528527 0.988883409105942
206 0.007252729235827592 0.9999736986134344
463 0.16678478718341833 0.9859933238943263
321 -0.06026377357348401 0.9981824871208088
129 0.03724708580593975 0.9993060865415385
283 -0.0898202420405623 0.9959579931502005
118 -0.007591060118810539 0.9999711874880559
209 -0.0005537043913654364 0.9999998467057117
452 -0.04918180532746204 0.9987898427721077
481 -0.151370492037092 0.9884770984400442
141 -0.09121448277575894 0.9958312699106966
350 -0.34421328888617986 0.9388914802862786
446 0.003952631153079658 0.9999921883229728
234 0.3306452311988252 0.9437551224154894
218 0.013807631395398052 0.9999046701137309
341 0.12121059129110469 0.9926268143460868
214 -0.10607085758476036 0.9943585737404961
447 0.025934819962745954 0.9996636359863752
476 0.035282108969284895 0.9993773925733359
201 0.25203589577161895 0.9677178861851204
423 -0.0898202420405622 0.9959579931502005
362 0.02430668484850196 0.9997045488901587
357 -0.0015485604806278722 0.9999988009795001
310 0.07670219490893365 0.9970540473295076
123 0.09601433563008938 0.9953799512515372
114 0.10309796508903327 0.9946712067786524
473 -0.13344932434072365 0.9910556381117079
316 0.4180919840310439 0.908404696646261
268 -0.1140041315015956 0.9934802755971388
453 -0.02502926978976833 0.999686718754326
440 -0.1045131265245705 0.9945235072053649
448 -0.03503289744384657 0.9993861596483558
475 0.03907358400001464 0.9992363359252875
99 0.002768507652697078 0.9999961676753452
208 0.019526003037257503 0.9998093494288743
361 0.02817507330088547 0.999603003819261
467 0.11763417589253755 0.9930569976905069
318 0.01701097076472059 0.9998553029682054
276 0.0170577191588905 0.9998545065243724
278 0.05680472593175054 0.9983853079406861
146 0.1088406002389918 0.9940592154090299
397 0.0066324234920636565 0.9999780052374262
319 -0.1126541595387772 0.9936342588390418
462 0.43989313437973204 0.8980501268445851
64 0.012890534170528817 0.9999169136127254
93 -0.0027685076526959623 0.9999961676753452
113 0.01732928106725336 0.9998498367343429
458 0.3517344482179493 0.9360998226347522
480 0.017288500303428656 0.9998505427098884
354 0.023615206604272087 0.9997211221220833
21 0.011750770289468582 0.999930957315356
183 0.026274078057180572 0.9996547768216011
306 0.08587161976730386 0.9963062104185337
314 0.035139882444150235 0.9993824036182604
493 0.05386106521228912 0.9985484393128846
202 0.037700196380529384 0.9992890949034066
491 0.1966214147794899 0.9804794843596227
429 0.10869341390703996 0.9940753199698869
331 0.040612045106557346 0.9991749905758565
185 -0.17343915245946318 0.9848445869243244
369 0.036736861608940394 0.9993249736692892
168 0.039804921308300524 0.9992074700679734
17 0.01148419153130981 0.9999340544980315
124 0.023514347328977746 0.9997234995085852
200 -0.03408275211532993 0.9994190142318911
121 -0.017441596524149786 0.999847883785673
359 -0.04015832371880613 0.9991933291591251
235 0.014044738731670616 0.9999013677928233
164 -0.0046601007058453365 0.9999891416717541
277 -0.021894501876790717 0.9997602866625416
320 0.1786400437510858 0.9839144956593586
266 0.0915955588000785 0.9957962912202983
412 0.08397738626642465 0.9964676605870657
469 -0.09462943187302474 0.995512566783257
311 0.05402952559119494 0.9985393384160638
236 -0.03693835848564406 0.9993175459644378
211 0.03332944029891516 0.9994444198700402
87 -0.0062265986194911865 0.999980614546918
157 0.2138457424168936 0.9768674415959249
229 -0.18700163080319052 0.9823596032395405
308 0.11594654441445955 0.9932554549753784
205 -0.04392905795970099 0.9990346529859577
91 0.032852852795224395 0.9994601993392309
18 0.02859352760687378 0.9995911214986831
251 0.020990040664462327 0.9997796848270645
204 -0.017413313015444697 0.9998483767701111
460 0.09523876283045597 0.995454458051459
197 -0.03822665167546293 0.9992690944393721
296 0.08091163962276295 0.9967212782787152
32 -0.0016448882047377608 0.9999986471704819
437 -0.01581088764798765 0.9998750001034042
203 -0.18847476173088715 0.9820780336564326
60 -0.013840750600301913 0.999904212223761
371 -0.05470082360097722 0.9985027891284906
162 0.014909318732513733 0.9998888499302971
342 0.024235759486094695 0.9997062708426572
106 0.038294425441017854 0.9992664994785637
279 0.3277227589688828 0.9447739376453098
400 -0.03803735200247149 0.9992763180685511
29 0.005132959903787585 0.9999868262745394
281 0.035157308930257834 0.9993817907230362
461 -0.005149247323435123 0.9999867425381209
312 0.15607842367279462 0.9877446662289884
224 0.013879309465058432 0.9999036777453981
86 0.03486040752007627 0.9993921912780458
326 0.04058335842649385 0.9991761561500688
249 0.02669787721144851 0.9996435481472395
100 0.03756927171013135 0.9992940257117373
263 -0.2730632540855168 0.9619960806927587
490 -0.00693917696954144 0.9999759236216567
144 -0.06708651647293432 0.9977471620142684
477 0.022949665112020436 0.9997366217515722
416 -0.06238367593717681 0.9980522416069038
165 0.0013725765062309278 0.9999990580164236
252 -0.138657887304017 0.9903403406346661
340 0.020095359689393178 0.9997980678711847
49 0.003917260887781584 0.9999923275041349
44 0.017457825231265395 0.9998476005563021
337 -0.05084279297906749 0.9987066688483099
130 0.018392281891280244 0.9998308476771617
433 0.04709440618266906 0.9988904428946658
398 -0.14420500671223133 0.9895478341339167
24 0.007501394622117253 0.9999718641435483
274 -0.06363543950775766 0.9979732114834818
450 0.040302463026468394 0.9991875256797396
190 0.06192155190483297 0.9980810194616954
390 0.020079319419379967 0.99979839014256
431 0.051858840822678505 0.9986544250282617
444 -0.04207381141419229 0.9991145051459732
389 0.0005479775673886904 0.9999998498602816
406 -0.08886946651455888 0.9960432811486746
395 -0.021061165527999914 0.999778189053253
58 0.025341200648580177 0.9996788602094617
388 0.034212510408393966 0.9994145807079039
302 0.03554851656372157 0.9993679517425595
23 -0.016495111058472216 0.9998639464002933
439 -0.14059925208152552 0.9900665888283049
92 0.009466960355185764 0.9999551873267288
285 0.16213839793664897 0.9867680274079298
297 0.09499167179358811 0.9954780672068367
332 0.02340304879301185 0.9997261111460438
96 0.025727991545283904 0.9996689804385478
245 0.028819585655017885 0.999584629475
37 0.023408988406443388 0.9997259720852445
275 -0.001709936932492378 0.9999985380567747
152 -0.12402389510019574 0.9922792315896648
131 0.015300405483474408 0.9998829419447265
50 0.02014346810560758 0.999797099762086
248 0.02311887933682462 0.9997327229906048
27 0.003952631153079658 0.9999921883229728
496 0.012037058467009936 0.9999275519873736
191 -0.16247135882813968 0.9867132600510332
442 -0.09234834416425369 0.9957267613809125
304 0.027631122388580547 0.9996181876474374
54 0.024827300228721334 0.9996917550742094
449 -0.14893049131294023 0.9888476671142458
457 0.01988149069227122 0.9998023436299063
272 0.022834317758479415 0.9997392629743541
298 -0.06295214275515149 0.9980165468180048
301 0.32102304096296164 0.9470713844113826
195 -0.04518448233808325 0.9989786597099257
348 0.010476058183838694 0.9999451245968095
346 0.03201802335245875 0.9994872916553773
69 0.032162697150891144 0.9994826466287347
322 -0.08002185457608384 0.9967931093211891
222 0.04129930215085264 0.999146819862753
300 0.10526749953709405 0.9944439418796858
413 0.10083487287211323 0.99490317539591
257 0.03718768674275847 0.9993082987520531
153 0.05943296393645881 0.9982322990154785
270 0.01667038036278607 0.9998610395542773
345 0.05962236781408051 0.9982210042151201
324 0.06591981584894041 0.997824923460244
192 -0.22156067225015622 0.9751465882174121
61 0.03667978620153775 0.9993270702248636
328 0.03611565680658664 0.9993476168648369
479 0.03778576706920701 0.9992858629076025
142 0.07821331475295495 0.9969366466307451
108 -0.03569712890659398 0.9993626543891992
98 0.04046460163792979 0.9991809726042041
303 0.01850786842747202 0.9998287147338144
95 0.014446004478426413 0.9998956510329512
370 0.10493130529935295 0.9944794724719932
134 -0.00515359316193136 0.9999867201505834
392 -0.16736461518934925 0.9858950682413017
147 0.07832618327590367 0.9969277852549949
65 0.013957403974189934 0.9999025906928641
294 0.016698123753086953 0.9998605766121228
401 0.034594556975638055 0.9994014291703107
90 0.04124811826734938 0.9991489342132146
89 0.01363952046711478 0.9999069774141128
78 0.09747775704783841 0.9952377037074723
456 0.060873066890624786 0.9981455153069262
330 -0.4252672164989734 0.9050678397618686
288 -0.02005763477609011 0.9997988254079861
226 -0.0005558015540574508 0.9999998455423044
351 0.035270213392987325 0.9993778124649422
487 0.30185801831004666 0.9533528920509611
465 -0.033779387735050216 0.9994293136406621
419 -0.08176981750135016 0.9966512413807529
82 -0.0178617575834611 0.9998404660824793
11 0.02193786013793546 0.9997593361867486
1 0.02667502272442947 0.9996441582696571
8 0.03933859272434608 0.999225937975225
486 0.032600589840600595 0.9994684595033726
194 0.1578994554704506 0.9874551949137416
497 0.09120410495381122 0.9958322204265005
79 -0.10533020017977923 0.9944373026642193
66 0.0005645512897134948 0.999999840640908
3 0.010761142986341569 0.999942097224448
495 0.009100672421003722 0.9999585880232669
250 -0.16068948843958555 0.9870050092603504
4 0.014487075850818262 0.9998950568101097
381 -0.12420572663591431 0.9922564877443959
478 0.01874573365085821 0.9998242832967656
212 0.02066192279950492 0.9997865196861915
427 0.08022636891679857 0.9967766699368649
59 0.011813109858834714 0.9999302227833017
137 0.0467090488562432 0.9989085367314392
227 0.031939928709203154 0.9994897903200668
484 0.08100268499737126 0.9967138832298948
454 0.02082206565923276 0.9997831972891336
472 -0.12996744388520973 0.991518261823727
366 0.0965816907403409 0.9953250609794456
175 -0.007730562785067624 0.9999701187530685
26 0.03348491659659638 0.9994392229448067
240 0.09478760109406952 0.9954975191726153
52 0.0109115358207703 0.9999404674209521
498 -0.10641736036152304 0.9943215503114099
68 0.040519250699764614 0.999178757942106
223 0.0028268216278652873 0.9999960045317603
403 0.04041440102022612 0.9991830043541454
48 0.026310427727072656 0.9996538207763818
375 0.04371936326429287 0.9990438515279322
7 0.0312814169623408 0.9995106167284208
396 0.006240836022181664 0.9999805257932498
483 0.004975370626227035 0.9999876227669678
219 -0.11407342499423263 0.9934723215621486
239 -0.0016205048555126376 0.9999986869811446
161 0.03546234479893736 0.9993710132385076
237 0.6289875012624316 0.7774154122833189
434 0.06066090537036322 0.9981584315927245
22 0.026601045826906672 0.9996461295683162
62 0.02233382195911811 0.9997505690904598
410 0.03812569133297631 0.9992729515304528
499 0.010789123345916682 0.9999417957148438
378 -0.05565815194400043 0.9984498836307101
198 -0.007827954024322927 0.9999693610985253
116 -0.42617318943160204 0.9046415934554942
387 0.001723015002805752 0.9999985156085482
393 0.017273931018982364 0.9998507945224384
110 0.0016248011202662743 0.9999986800097886
75 0.14734100950616055 0.9890857530657823
126 -0.011901087435857466 0.999929179551154
19 0.035959341265243465 0.9993532537475274
122 -0.11452858799818642 0.9934199527546956
41 0.046107400943241256 0.9989364882605196
179 0.027230979689220017 0.9996291681144388
269 -0.16911600044129116 0.9855961538047625
132 0.03588383442199715 0.999355967824866
136 0.02110383699317805 0.9997772892320395
42 -0.01211947734384762 0.9999265564374775
173 0.004638442927280397 0.9999892423657419
80 0.004804690180456507 0.9999884574095192
228 -0.007730562785067734 0.9999701187530685
105 0.050405348666480256 0.9987288424922005
174 0.0872606327782597 0.996185515838861
435 -0.056433211953340806 0.998406376476347
166 -0.11984016400341554 0.9927931985522637
31 0.03320756739907332 0.9994484766447124
160 -0.000572147020357068 0.9999998363238802
199 0.053118934359524916 0.9985881928064783
335 0.015268737715259526 0.9998834260295459
408 -0.08124886273693156 0.9966938458242607
259 0.03240833137740118 0.999474712064959
12 0.01741147571157941 0.9998484087668216
0 0.007470900091155943 0.9999720924364978
138 0.016032302612018278 0.9998714743770605
356 0.039640670959897664 0.9992139997046924
154 0.027229373354514603 0.999629211871442
34 0.022244876352032178 0.9997525521228153
47 -0.0005477649258042919 0.9999998499767817
120 0.014294497024042657 0.9998978284579028
213 0.007367791314553954 0.9999728574572138
287 -0.06450223362819632 0.9979175626558406
464 -0.4055483823185799 0.9140735799697872
411 -0.006213739727167852 0.999980694532951
188 0.09929785887183917 0.995057754717518
295 0.14104463993946356 0.9900032371383172
35 0.02931745144244256 0.9995701511354368
104 0.036079666853222225 0.9993489168652561
55 0.014460185922749242 0.9998954460457752
215 0.0659168602344877 0.9978251187141097
163 0.001565645156504346 0.9999987743768709
313 0.009485998574775476 0.9999550069033303
309 -0.10328091107850705 0.9946522273673314
290 0.011796228586393955 0.999930422075025
353 -0.010707209087377283 0.9999426761937702
344 0.11931508097537238 0.9928564405047894
474 -0.22142790375025945 0.9751767447190103
88 0.0005556905824447156 0.9999998456039764
76 -0.12101658885679249 0.9926504849248128
358 0.060680354156196166 0.9981572494449352
407 0.015933107432599757 0.9998730599868871
360 -0.3000222019864947 0.9539322189312902
273 0.030178129122185756 0.9995445365378597
119 -0.17733110555002962 0.9841512480327425
377 0.04894804474333134 0.9988013260482812
333 -0.2153027225571134 0.9765473555642321
254 -0.019417211266046685 0.9998114681812015
171 -0.06413737985876668 0.9979410786739127
2 0.044113425023021034 0.9990265290435176
207 0.015101065265546077 0.9998859724127775
426 0.064580821407168 0.9979124798830685
231 0.08519690220486408 0.9963641341671702
338 0.12597847553935737 0.9920329751075716
315 -0.028678352367976553 0.9995886914653738
45 0.004840485344490707 0.9999882847821917
438 0.09499041967042497 0.9954781866876022
182 -0.06288855711791104 0.998020555591731
291 0.030763345814434087 0.99952669626894
177 0.022023357087348858 0.9997574564576165
196 0.07992802783024265 0.9968006372224929
13 0.027648180087452623 0.9996177159983969
225 0.019294442899980342 0.999813844909731
325 0.04869932889242149 0.9988134837723347
230 -0.4381378452801254 0.8989077975706345
156 0.0014586156881903239 0.9999989362195713
307 0.03249944550281283 0.9994717534988219
210 0.03850865582365858 0.9992582666291308
176 -0.34029942168761723 0.9403171292702655
220 -0.05393901801723638 0.998544231536759
30 0.03896877703162282 0.9992404287340757
247 0.03047619647967551 0.9995354928406156
72 0.14775427928064963 0.9890241013010025
289 -0.12709662607144354 0.9918903405322868
148 0.02270058727138199 0.999742308466304
9 0.03496449483646344 0.9993885551179936
233 -0.3626649308750749 0.9319196037820952
394 -0.07156196041334292 0.9974361562635471
221 -0.14289344510860783 0.9897380781524945
20 0.026001448535686242 0.9996619051829704
382 0.29060907072443215 0.9568418720001138
470 0.001507073728799297 0.9999988643637432
352 -0.012153798553465585 0.9999261398627011
186 -0.04767586029178722 0.9988628596286068
329 0.01637228600359063 0.9998659651428369
488 0.4359696327045093 0.8999613765931822
28 0.0005511972034331788 0.99999984809081
441 -0.05350391711227849 0.9985676395986616
193 0.021465709244865027 0.9997695851177985
380 -0.002763582017190166 0.9999961812999258
71 -0.6289875012624311 0.7774154122833193
181 -0.08403956512965713 0.9964624185049922
243 0.026230830584608577 0.9996559125653395
286 -0.19388016740866296 0.9810252191893891
282 0.0005637387351013057 0.9999998410993066
379 -0.045785261947694784 0.9989513050136032
355 -0.45581145263966877 0.890076356074306
67 0.006078554822538529 0.9999815254149795
170 -0.11978318625805762 0.992800074682646
117 0.013144274577259689 0.999913610291328
485 -0.030214069544141953 0.9995434507821966
417 0.1965785086527899 0.9804880876052727
364 0.04061204510655744 0.9991749905758565
180 0.015412814491476311 0.9998812155198494
323 -0.06452820943850097 0.9979158833221671
280 0.133150194620211 0.9910958710803914
409 -0.000574829735147418 0.9999998347853742
115 -0.1590908918853246 0.9872639404531758
159 0.019063613218773867 0.9998182728131372
261 -0.040002180944791514 0.9991995924336939
184 0.08719474156349485 0.9961912853682646
178 0.0338025106533419 0.9994285318488415
299 -0.007568535903663435 0.9999713582219617
97 0.013018057927549807 0.9999152614935902
402 0.04053204087378846 0.999178239185885
143 0.08088043413989937 0.9967238109794214
271 0.06589894577450561 0.997826301991388
343 0.05065904526970033 0.9987160062462013
262 -0.06460243411882362 0.997911080961587
451 0.049253207891112566 0.9987863242518065
39 0.021583133405468247 0.9997670570449907
347 0.02312839022298696 0.9997325030055256
428 -0.1596053925109903 0.9871808946091961
81 0.31784534493050515 0.9481425719299859
57 0.014301627489038403 0.9998977264956477
253 0.11088194927798069 0.9938335843209944
372 0.007557348726221788 0.9999714428323593
468 0.04322775147113336 0.9990652438668608
107 0.02509888519511181 0.9996849733600894
145 0.03743253556517523 0.9992991570501608
128 0.028978901659355065 0.9995800234391529
232 0.14323287694803633 0.9896890132567848
399 0.11275667983061256 0.9936226301537101
418 0.0484351362280938 0.998826330038694
53 0.02326278728012884 0.9997293847476725
109 0.0005629296789328874 0.9999998415550757
255 -0.13524342529718622 0.9908124019782375
482 0.008209718721614512 0.9999662996914006
421 0.291656509713808 0.9565231206518531
10 0.05268398250882493 0.9986112346589185
391 0.026033915325253336 0.9996610601863203
494 -0.34063568212928674 0.9401953690910817
51 0.034572995477466575 0.9994021752946685
84 0.0095868830072003 0.999954044781162
246 0.008485346314055812 0.999963998800922
260 -0.12321954178357976 0.9923794357616671
101 -0.028392284357943446 0.9995968578326653
