500 2
156 -0.05414010491608902 0.9985333489872408
128 0.06192377821608598 0.9980808813375022
338 0.2686411743040808 0.9632403228003512
77 0.3459746497103383 0.9382438604956649
216 0.01583426563015269 0.9998746301571781
496 0.10005605530265795 0.9949818017417561
99 0.05309015297632056 0.9985897233884149
123 -0.027380390319089534 0.9996250868330457
488 0.10123926831937141 0.994862106299239
414 0.03277460901439057 0.9994627681929696
168 -0.11519844970265873 0.9933424974227691
492 0.07916134138693308 0.9968618169183839
382 0.06644381955471583 0.9977901677421864
472 0.17699779625324838 0.9842112477113302
44 0.07028208425611229 0.9975271568396606
334 0.0188055618407915 0.9998231597856955
235 0.04120499510022878 0.9991507135456543
49 0.06814342823405015 0.9976755350255467
354 0.21305079972297342 0.9770411233604249
380 0.050857218372677516 0.9987059343667654
415 0.07924809542243684 0.9968549239342285
425 0.05815581933580254 0.9983075180911849
490 0.30650347028844876 0.9518695407991254
468 -0.04239244077391249 0.9991010364148515
62 0.05735295383592747 0.9983539646269223
191 -0.09369738049121917 0.9956007236282443
91 0.0724961252152215 0.9973686940288325
350 -0.004583941156429938 0.999989493686546
443 -0.07300970375808528 0.9973312304130241
343 0.05842689299465994 0.9982916899258406
336 0.320335213523224 0.9473042547022738
348 0.08153792618937585 0.996670239644355
249 0.07267384851774622 0.9973557598678717
38 0.05099153334969001 0.9986990855741521
43 0.10292234185506313 0.9946893945081898
438 0.3364443586360495 0.9417033468890176
84 0.10200990947022134 0.9947833826365804
17 0.059970112658154634 0.9982001731054589
448 0.11244687852359192 0.9936577376090323
364 0.13951174244932665 0.9902204167349574
20 0.06841446876896941 0.9976569853727582
463 0.11052488430259984 0.9938733570983261
256 0.07085895561051664 0.9974863449740987
268 -0.08723931668718848 0.9961873827869696
308 0.017164847455390278 0.9998526731533166
286 -0.1556151243176035 0.9878177630937888
88 0.06000739073962071 0.9981979328052241
61 0.0682522327849883 0.9976680974752394
190 0.18842901129810333 0.9820868127111876
333 0.018400485743769106 0.9998306967303981
362 0.08031557859268933 0.9967694858066842
104 0.06632423312343451 0.997798123921161
409 0.07076941916845964 0.9974927013820998
467 -0.020839049835962478 0.9997828434224776
287 -0.11661952002589057 0.9931766648229966
47 0.07106919973421112 0.9974713874839412
419 -0.05638440958878155 0.9984091337499493
177 0.08471527721161676 0.9964051996085523
278 0.2537584654665272 0.9672676161249655
238 0.32553061519374044 0.9455315005707556
173 -0.08476174158842384 0.9964012480737353
211 0.06736293382763586 0.9977285378028101
21 0.060575039027301 0.9981636462258286
169 0.06311284653283844 0.9980063970749499
102 0.07032775664350709 0.9975239378809372
435 -0.026917715232343552 0.9996376526555362
67 0.06497222302467696 0.9978870728871236
384 0.08747997038608073 0.9961662786810497
264 -0.024161508464306116 0.9997080681422598
170 0.11110394813230579 0.9938087908191464
127 0.05416784359589267 0.9985318446199756
372 0.22795759506831098 0.9736710609084939
497 0.18043657540464675 0.9835866216334193
118 0.08212469595831472 0.9966220619240548
222 0.10326815793058837 0.9946535515231537
321 -0.08402841496104296 0.996463358824164
114 -0.02226431529262514 0.999752119409882
0 0.07379947027712011 0.9972731011046153
431 0.10116982609897958 0.9948691704375516
82 0.07372546448376761 0.9972785748659463
402 0.047658286008875984 0.9988636982965675
262 0.22195464884672872 0.9750569900551072
470 0.1061899007727541 0.9943458678819321
93 0.055490364682748525 0.998459222716369
471 -0.24932766874329101 0.9684191827917472
53 0.08715866756981132 0.9961944421986378
368 0.010727094494996448 0.9999424630665984
215 0.032231322491815366 0.9994804359518142
407 0.1726513695277519 0.9849829971122303
232 0.23208584145280833 0.9726953079958502
341 0.3238566410342409 0.9461061653207947
312 0.09994247347777262 0.9949932170598675
486 0.17141906135383478 0.9851982061517216
79 0.3573466662031542 0.9339718197855283
78 0.16225184364332 0.9867493801540205
353 0.11035241306696104 0.9938925218202916
302 0.015002718079406596 0.9998874528916891
400 0.0015631282998591024 0.9999987783142128
217 0.0836099779738365 0.9964985557356391
73 0.09748585862449975 0.9952369101717661
329 0.05826123494502589 0.9983013715820892
71 -0.06101752585026083 0.9981366948164528
207 0.07327300342435276 0.9973119205991549
266 -0.022141017309027705 0.9997548576288696
119 -0.14084799584821836 0.9900312328737616
243 0.05024168563258723 0.9987370890403522
474 -0.023084359640549206 0.9997335206643747
200 -0.04387263404499819 0.999037132434002
413 0.24420554991905688 0.9697234912018636
192 -0.16480707446431533 0.9863258225386343
295 0.12847610254723268 0.9917126050798554
275 0.258065393881552 0.9661274514683659
428 0.06598968809853419 0.9978203049971763
92 0.06728608500290716 0.9977337233776262
357 0.29858951312455395 0.9543816336518856
426 0.15570782629834354 0.9878031548995199
292 0.26659379830028596 0.9638089783291222
233 0.07343886530866617 0.9972997207771472
141 0.042357297299632383 0.999102526953801
276 0.11242134823635865 0.9936606264015494
331 0.011508152809998302 0.9999337790168416
325 0.06982546069542263 0.9975592238251683
154 -0.030106723529945787 0.9995466898541016
351 -0.04831942979519542 0.9988319341632341
476 0.059884129278057543 0.9982053351192874
131 0.03827017787630965 0.9992674284120922
132 0.08502759775527514 0.9963785965284315
52 0.03972579653081015 0.9992106189838019
204 0.07223785359495193 0.9973874335021443
50 0.06485883845184441 0.9978944488645468
332 0.055812431301860005 0.9984412714387236
455 0.1952700506117135 0.9807495130430088
129 0.08109166967004887 0.9967066474696172
72 0.12749895049867033 0.9918387054464742
420 0.05095465221259572 0.998700967966835
440 -0.07590052710728215 0.997115394518025
199 -0.02608164314164706 0.9996598160829672
196 0.154617586545279 0.9879743933579014
322 0.027365882125353614 0.9996254841166772
203 0.19899193891431735 0.9800011266560467
349 0.042946677121822034 0.9990773658351959
90 0.048507415978945694 0.9988228224240002
315 -0.047238781727343505 0.9988836256045628
6 0.04890116425038442 0.998803622407807
2 0.07911106686019707 0.9968658079702811
110 0.05538968903862098 0.9984648127741932
282 0.07325058091912248 0.9973135677383573
229 -0.14402805926543452 0.9895736042075055
55 0.059619626124097304 0.9982211679687137
406 -0.41370774212243755 0.9104097451740917
214 -0.018566061161263497 0.9998276358317748
483 0.05883339571251737 0.9982678155429706
208 0.09227229351082773 0.9957338117440081
388 0.043826192151802154 0.9990391708444035
29 0.059550380544790546 0.9982253013107666
57 0.07765711070205576 0.996980126761516
339 0.4423552565485348 0.8968399115805898
487 0.1303006911007394 0.9914745230709004
5 0.030245807968274398 0.9995424908928816
255 0.03706175432828805 0.9993129771828793
381 0.13861212801134856 0.9903467463308826
427 0.13279718670230897 0.991143232436136
260 0.20613757750829734 0.9785230192177446
285 0.3889625081723558 0.9212535846531453
330 0.027401981347787468 0.9996244952071831
16 0.05971782823746755 0.9982152979145331
318 0.28937243392734957 0.9572165870287463
389 0.04740050785771188 0.9988759641991747
404 0.10586398295229725 0.9943806198400468
459 0.05859127108675194 0.9982820558100995
265 0.11587000481033859 0.9932643867496972
160 0.03747612140718202 0.9992975234254683
477 0.06901054281942659 0.9976159305964234
319 -0.040793963792842926 0.9991675797973373
209 0.05678290993938589 0.9983865489572742
113 0.1600702347345357 0.9871056275556485
89 0.06148386770437125 0.9981080773203427
340 0.21164183510518836 0.9773472942783994
493 0.10442597768411128 0.9945326616983061
297 0.2147394286468322 0.9766713765563277
94 0.06848983021729099 0.997651814591046
27 0.06225083231832464 0.9980605361778793
324 0.08126945527966847 0.9966921669394949
246 0.03486676462955021 0.9993919695115964
70 0.0014888115526083055 0.9999988917194662
396 0.08211849705652002 0.9966225727130498
361 0.060777242334850455 0.9981513546622932
60 0.01774984764473051 0.9998424590447181
69 0.07977221196530601 0.9968131189938072
32 0.06142188848182012 0.9981118933342729
253 0.06155148403321983 0.9981039098276834
81 0.16430970551728288 0.9864087999773845
9 0.051888912295659485 0.9986528630013402
1 0.0893699681868183 0.9959984983855584
452 0.06081959828800464 0.998148774714514
145 0.04360200215871074 0.9990489804848168
33 0.05734840394043157 0.9983542259967075
26 0.06402550552328921 0.9979482625078754
335 0.0826325401004917 0.9965800837446734
3 0.060234011239959605 0.9981842835318258
130 0.0765616187562449 0.9970648517189961
261 0.224167321796961 0.9745506717653926
430 0.027890131653879047 0.99961099461557
171 0.25038454060008053 0.9681464671362938
66 0.06369584671826423 0.9979693578015526
366 0.09397980145056578 0.9955741041827635
306 0.20941858546237044 0.9778260868185813
121 0.1553346487750619 0.9878619067915962
76 0.10630461443530688 0.9943336104898399
307 0.06228937599207225 0.9980581313924146
263 -0.012539917007512618 0.999921372149553
327 0.06482971067931914 0.9978963416173224
480 0.08589934380266097 0.996303820495672
4 0.0715303870734956 0.9974384210191203
369 0.0708769188023525 0.9974850687509486
484 0.12996489759358315 0.9915185955863307
144 0.06898030363761021 0.997618021945305
149 0.0047335697402647505 0.9999887965959989
358 0.029839898613413473 0.9995546910753514
30 0.06197852240210235 0.9980774833452821
24 0.07485001249230942 0.997194803250549
22 0.08933205257340272 0.9960018997888622
405 0.17126171928509137 0.9852255698607881
393 0.014872168976440607 0.9998894031791397
469 -0.0015487874026148807 0.9999988006280714
158 0.30621881273501844 0.951961154001126
294 0.08128355602359565 0.996691017076084
376 0.2350928944326882 0.9719729065088496
14 0.06537882628394094 0.997860515840633
310 0.014476241671571148 0.9998952137234514
365 0.10157361186574536 0.9948280260288944
433 0.08299763442023181 0.996549744207807
41 0.0880795728349878 0.9961134417571154
125 0.0943756614659446 0.9955366565440297
412 0.08225084545692309 0.9966116587827083
337 0.1956807176804347 0.9806676586530577
482 0.09205243318834248 0.9957541611984887
378 -0.03492477448659564 0.999389943979356
289 0.27670698423182183 0.9609543406829121
178 0.09074289448456606 0.9958743530689818
479 -0.013172031485995089 0.9999132450300536
13 0.07152799319329833 0.9974385926911689
7 0.05360829209953446 0.998562041646973
346 0.05407191306733717 0.9985370439884734
136 0.09109851839367844 0.9958418850131162
498 0.15295851029752777 0.9882326113459123
450 0.07152552656258537 0.9974387695743259
387 0.19459741680630802 0.9808831966000396
59 0.045830368703565015 0.9989492366003867
174 0.07040153090984075 0.9975187338820012
198 0.29883452984324593 0.9543049427585326
367 0.12233387560736028 0.9924890039082968
194 0.20079973352586958 0.9796323121538711
45 0.05960788336341529 0.9982218692459776
23 0.04867651453169546 0.9988145958750532
320 0.14938298695005864 0.988779410793873
457 0.143898265748974 0.9895924863874209
326 0.08112573717648532 0.9967038751643197
437 0.08896887903254497 0.9960344063152098
164 0.06373674436835058 0.9979667466490671
398 0.05844360930464759 0.9982907114320185
86 0.10241214770849813 0.994742052997526
446 0.06942668941444202 0.9975870562497042
386 0.15631392814899864 0.9877074242237069
247 0.05455535364495845 0.9985107477582169
111 0.08608111829310386 0.9962881315530204
95 0.08432211692207672 0.9964385483298904
189 0.08000732376399267 0.9967942757380399
403 0.03450333264339282 0.9994045827574034
146 0.15892029541606167 0.9872914157962034
163 0.02807722251699229 0.9996057570741234
167 0.36872848761348626 0.9295371441864339
250 -0.32481634606811344 0.9457771097499451
445 0.06992057273986158 0.997552561776937
220 -0.07465111767927633 0.997209712462346
444 -0.05017380785995006 0.9987405013339715
201 -0.03759362841556138 0.9992931097043314
206 0.05630303356263054 0.9984137260733373
259 -0.020284326405529067 0.9997942518849936
299 0.06254905162678395 0.9980418909748178
221 0.08119326028765475 0.9966983768843316
40 0.07238803709712094 0.9973765447839776
305 0.032957076611068774 0.9994567680001233
147 0.11642729308242568 0.9931992173907
106 0.08129075197202133 0.9966904301957672
120 0.11909180292638925 0.9928832471523236
373 0.06804670186162065 0.9976821369382913
193 0.3023092175802287 0.9532099123309776
74 -0.009697869754002164 0.999952974555421
231 0.01243900282523051 0.9999226326115006
101 0.05912794671629782 0.9982504124302252
436 0.007057381489951168 0.9999750963731574
258 0.09070539948897398 0.9958777688569747
159 0.0672808910957123 0.9977340736355389
271 0.06965892884442236 0.9975708664712736
185 -0.08408094463017789 0.9964589277788107
293 0.3796729337190147 0.9251207831419619
151 0.6254250261745331 0.7802842665558396
359 0.1516885109824122 0.988428346232512
140 0.06564477192465723 0.9978430557552425
180 0.07960041087669519 0.9968268528627534
423 -0.07753412069320363 0.996989699108437
499 0.2313271014268736 0.9728760312318528
461 0.012340486532144033 0.9999238532969148
143 0.025405073854316024 0.9996772390239045
212 0.1019978260966043 0.9947846216501173
460 0.131748741558064 0.991283142748764
228 0.17837435230769827 0.9839626976866599
11 0.11155937125950319 0.9937577706283278
439 0.08796736313309753 0.9961233573325191
152 -0.19297552198455742 0.9812035710874617
270 0.08136350953355796 0.9966844933660716
188 0.06507959668596895 0.9978800760087314
157 0.3660965440521798 0.9305768750796736
56 0.06526038672103766 0.9978682688236061
383 0.22014830949385122 0.9754664124545751
96 0.07421169974646748 0.9972425099346398
375 0.323984142333199 0.9460625114212176
290 0.09644435374825254 0.9953383779549957
58 0.06570696275138006 0.997838962481416
205 -0.020638104143446925 0.9997870116466628
179 0.09367840695885993 0.9956025090715924
462 -0.01980075915946561 0.9998039457497198
63 0.07598846812167144 0.9971086965384074
391 0.20274068885017474 0.9792324612085512
475 0.0509546522125959 0.998700967966835
464 0.08735736728584437 0.9961770376699546
19 0.09821739131186277 0.995164983328841
112 0.05972672917007328 0.9982147653799981
100 0.05125776626315531 0.9986854566867946
377 0.14535440378307116 0.9893796527627138
429 0.10157361186574546 0.9948280260288944
184 0.3192062693043575 0.9476852629627591
252 -0.08821914570777831 0.996101090417328
133 0.07185256617555744 0.9974152639367353
46 0.06246688252086998 0.9980470372623346
347 0.06822329273695982 0.9976700768932217
34 0.05597928932352668 0.998431930161908
80 0.2210820821154253 0.9752552040197008
422 0.03470963944938894 0.999397438924722
254 0.03295834979318057 0.9994567260161443
267 0.10502980351620343 0.9944690746188881
54 0.06353622101625238 0.9979795331663741
451 0.07928289992977453 0.9968521564297914
108 0.05023055647267757 0.9987376488329881
401 0.06854505473266798 0.997648021835204
494 0.013750444422727702 0.99990545817001
360 0.030750506287652322 0.9995270913602357
304 0.03226427732394988 0.9994793726779774
97 0.07624190055556318 0.9970893503591721
142 0.27782550753750584 0.9606315565093244
225 0.05625686509250713 0.9984163285573626
98 0.1069683850986635 0.9942624223963128
281 0.020605175113740114 0.9997876908416766
328 0.05453253366467294 0.9985119943055825
399 0.2877042010380211 0.9577193183313544
122 0.044417626388168166 0.9990130501980649
195 0.14442227774981672 0.9895161472606472
411 0.0655804373017259 0.9978472860329453
489 0.21157389199917329 0.97736200469648
355 -0.07939352347427676 0.9968433520018777
241 0.2516300775546553 0.9678234880750923
272 0.08872481273585507 0.9960561769322991
352 0.10257814916206175 0.9947249485734666
370 0.24969070086678802 0.9683256445538619
219 0.3086844834615805 0.9511644913841438
227 0.09027707433840626 0.9959166882068489
273 0.09852711742027483 0.9951343663711204
109 0.06997296745105404 0.9975488879378763
485 0.031940936595296975 0.9994897581113151
344 0.32759785249039014 0.9448172558985597
284 0.19318180521274492 0.9811629783755321
155 -0.09190168079288061 0.9957680859856092
392 -0.010992380589752198 0.9999395819593152
162 0.06063911051618567 0.9981597558887084
42 0.08835474540004333 0.9960890718029657
172 0.11687862386833492 0.9931462063979524
309 -0.625425026174534 0.7802842665558388
236 0.23142671518671046 0.972852340027966
210 0.07469965521188769 0.9972060777548566
314 0.04674813702267513 0.9989067081989735
83 0.06103076084683457 0.9981358856540808
313 0.05745863027500612 0.9983478881667052
283 0.008029863191527414 0.9999677601288581
298 -0.021439621769733946 0.9997701448925
124 0.2871782964538782 0.9578771455911496
379 0.045444306763041134 0.9989668738165579
64 0.08648512028170675 0.9962531425144208
442 0.15374911660063403 0.9881099175418313
248 0.06793075963171777 0.9976900379856751
103 0.09283064590150492 0.9956819126515805
478 0.0653409172872475 0.997862998877131
182 0.2554908651265695 0.9668114696448719
107 0.08468232942886006 0.9964080003103658
187 0.3189814222661568 0.9477609678864497
8 0.07605373231377463 0.9971037206836332
135 0.059974253531381756 0.9981999243204507
186 0.13114102982733616 0.9913637225034139
410 0.04430886934417553 0.999017879768646
242 0.08600827007036775 0.996294423089632
230 -0.07249260136463287 0.9973689501620694
197 -0.026332224375468293 0.9996532468608502
223 0.08560876620823982 0.9963288308326237
153 0.31306042289256975 0.949733210758856
87 0.051911312133686334 0.9986516988783221
139 0.06389594286281128 0.9979565664324637
181 0.047637323913428495 0.9988646982301291
240 0.13087068854526393 0.9913994466811491
36 0.03732207552280829 0.9993032886359725
342 0.07271376235841776 0.9973528506820861
175 0.34124026457593426 0.9399761070538688
18 0.06528803132672613 0.9978664604873142
395 0.08544833949923566 0.996342602359662
165 0.1347552792771899 0.9908789102140213
441 -0.10103358731419988 0.9948830153512643
447 0.09734312348357092 0.9952508810900205
288 0.01583426563015278 0.9998746301571781
316 0.06755938470436282 0.9977152547387295
408 0.13603414620218993 0.9907041491116515
37 0.058304630530703255 0.9982988380533547
279 0.14518502095375604 0.9894045227765322
115 -0.026042769528234127 0.9996608295593558
137 0.054709390934475716 0.998502319748722
183 -0.055610745242508836 0.9984525251676079
244 0.05502956999884735 0.998484725183987
239 -0.11756070866704635 0.993065697614061
374 0.08057409055027025 0.9967486222373206
301 0.09535149490782474 0.9954436661202095
166 0.1061899007727541 0.9943458678819321
251 0.1438276454184837 0.9896027528323549
421 0.042763000228599704 0.9990852445169275
161 0.0763568893176158 0.9970805511360339
397 0.09788250070973314 0.9951979783213032
465 -0.0437713970826363 0.9990415731076631
291 0.06419166529209883 0.9979375882824673
363 0.06953142367295434 0.9975797617844961
150 0.2570847966493868 0.9663888489276682
31 0.07481414531806813 0.9971974948125005
234 0.1320934393351435 0.991237268914266
311 -0.055126803154758326 0.9984793616164214
15 0.06521849897089649 0.9978710073912276
237 0.10758309051226132 0.994196096670989
385 0.07224349171597154 0.9973870251335157
418 0.08132437979103604 0.9966876869168212
491 0.08476174158842248 0.9964012480737353
126 0.07053234992838589 0.9975094924929685
257 0.08082066631998511 0.9967286591121947
85 0.0759344645081843 0.9971128106186659
458 0.077997302304801 0.9969535700488631
134 0.020658403218017922 0.9997865924168428
269 0.038223364292045335 0.9992692201915346
432 0.0924498998631414 0.9957173374082099
456 0.12879298616907414 0.991671501412465
317 0.26017527506670024 0.9655614046988243
434 0.08239858632011017 0.9965994546318231
226 0.10968091776717823 0.9939668486814583
65 0.09545585716567478 0.9954336639539404
245 0.06343378928749895 0.9979860491893807
454 0.05625494387978484 0.9984164368083501
39 0.07030148129077142 0.9975257900066159
481 0.16545457707347072 0.9862174115910948
323 0.0638798183836427 0.9979575987001015
116 0.0016166492055337003 0.9999986932218192
35 0.05632789409679193 0.9984123238154767
68 0.056367822239935444 0.998410070369849
25 0.05614719112793286 0.9984225022145903
424 0.0671436045488442 0.9977433218860393
495 0.3487875341886153 0.9372018224452113
224 0.09852561917523275 0.9951345147095125
296 -0.005331375094211377 0.9999857881188137
213 0.07960041087669519 0.9968268528627534
105 0.06860929851857903 0.9976436057815379
176 -0.05808200534009922 0.9983118153441202
218 0.08233999150381238 0.9966042975018481
274 0.021479045659471573 0.9997692986872312
371 0.004618277577555704 0.9999893356992446
453 -0.03444119386524879 0.9994067260956052
117 0.1762257232642237 0.9843497825773119
417 0.29489992250923835 0.9555281449041912
75 0.2243216051791206 0.9745151704565008
48 0.07481414531806813 0.9971974948125005
280 -0.03359462858951383 0.9994355411580743
277 0.23407365743107575 0.9722188657379774
28 0.07361397345828141 0.9972868107579101
390 0.07102774876811285 0.9974743399731814
345 0.044998156737125546 0.9989870699314686
12 0.059489836243948574 0.9982289113142677
300 0.06666664927654495 0.997775304301644
10 0.0703881448784048 0.9975196785329985
473 0.04304739201583601 0.9990730313849109
466 0.024998786546615387 0.9996874815016924
356 0.07110199484384339 0.9974690503114501
416 -0.007539867098062241 0.9999715747980757
449 0.034027860538658486 0.999420884666296
394 0.10246687065790751 0.9947364175587299
148 0.06646244920493839 0.9977889270009369
202 0.1885882476036398 0.9820562473024589
303 0.06864523993711014 0.997641133391149
51 0.07309146004343006 0.9973252420693661
138 0.07750798296753611 0.9969917314483124
