500 2
372 -0.15750255953811768 0.9875185789335519
75 0.020093316050626146 0.9997981089450457
349 -0.028613166300933784 0.999590559536371
290 0.1794038482785283 0.9837755126159904
83 0.19134523006793563 0.9815227979676524
117 -0.0396945836950253 0.9992118594298601
10 0.1803081398706276 0.9836101741525421
259 -0.1599882921859568 0.9871189119672568
398 -0.1479281394524464 0.9889981120093898
296 -0.0014433168951895265 0.9999989584176275
124 -0.08015980879524415 0.9967820248449055
136 0.21283455757911968 0.9770882514389887
150 0.012314319064065167 0.9999241758983469
169 -0.07548931570974746 0.9971466106915644
300 -0.06337311548054768 0.9979899038739267
103 0.16217402780884033 0.986762172311169
197 -0.013743706803063712 0.99990555080133
17 0.1967301765407411 0.9804576674381454
403 0.3870081896370976 0.9220762772969578
339 -0.08005616765038423 0.9967903540971559
16 0.20114904013770746 0.9795606482763989
190 -0.13671907843893039 0.9906098594253995
410 0.17498602217302045 0.9845709177322186
336 -0.18922407654439793 0.9819339330402631
466 -0.3224135365105144 0.9465989179556372
57 0.17971706362437206 0.9837183423329228
227 0.19110917365983981 0.9815687870664253
433 -0.004553102671112824 0.9999896345743121
232 -0.03901692937591454 0.9992385497077636
196 -0.04276990535288112 0.9990849489388306
261 0.015720092430055538 0.9998764317124345
45 0.17559865843109873 0.9844618383447873
317 0.09840682720776013 0.9951462688262978
256 0.3054661596948732 0.9522029328253858
89 0.18914905669357282 0.9819483868065224
230 0.09497718137989047 0.9954794498216081
152 0.12461206809573412 0.9922055394347001
172 0.013025218294152086 0.9999151682459815
327 0.15545640245993553 0.9878427541538252
418 -0.06561555812935176 0.9978449772040613
422 0.18251257043359187 0.9832035199457552
104 0.18351137048613722 0.9830175872802581
271 0.14657640936000657 0.9891993511012468
49 0.16898289067253114 0.9856189845269597
497 -0.046698289690134134 0.9989090397728997
416 -0.06462624814081398 0.9979095390120498
437 0.18267244697063947 0.9831738285358083
461 -0.14105889309365927 0.9900012064028971
436 0.02792165814565299 0.9996101144978462
159 0.18159682778823363 0.9833730686454915
246 0.18629138420035363 0.982494539512926
346 0.16158538212743198 0.9868587357280331
66 0.19763244695747448 0.9802761936870655
264 -0.017968124292135297 0.9998385602233105
274 -0.06312501269297549 0.9980056276256721
130 0.18912827833057166 0.9819523890371233
385 -0.031858471711461 0.9994923900561774
60 0.1841216495386745 0.9829034633020465
266 -0.06201120693994928 0.9980754531666686
427 -0.153328559414178 0.9881752642461624
333 0.08993243483463341 0.9959478686983143
110 0.16801653722778895 0.9857841767942833
239 -0.021735464956831572 0.9997637568761485
189 0.18288819958561578 0.9831337174831976
28 0.20180756075254414 0.9794251928672799
318 0.05723403296489326 0.9983607892293114
257 0.1834962545961804 0.9830204090196569
142 -0.08849873889020653 0.9960762888528383
19 0.1778688008941566 0.9840542107366215
178 0.18545191483014545 0.9826533403422759
434 -0.08995739338239463 0.9959456146677113
35 0.19757579020688715 0.9802876144908309
58 0.1978076461866701 0.9802408556625709
477 0.18844288970489326 0.9820841498159256
216 -0.06635841846471378 0.9977958510130527
451 0.1801558349456088 0.9836380813770127
294 -0.08501997611734119 0.9963792469040123
310 -0.02073107839479855 0.9997850881007322
353 -0.1719447624129756 0.9851065925465858
206 0.20326745505894678 0.9791232515438795
218 -0.00712672145788885 0.9999746045981677
186 0.0783698355340582 0.9969243546419982
329 0.18292126648674545 0.9831275656123599
406 -0.13133556820488734 0.9913379688705055
319 -0.12863632919657753 0.9916918345992518
234 -0.18457703749156065 0.9828180488935065
263 -0.049089487654258177 0.9987943843463691
34 0.121278098455922 0.9926185686530933
374 0.1921112735009065 0.9813731495174808
474 0.01769629570170954 0.9998434082987383
54 0.2101072845942374 0.9776783361415123
173 -0.012898160836000027 0.9999168152636742
432 -0.014510001552066932 0.9998947243860021
193 -0.04539516930189338 0.9989691079327992
48 0.20405381690881713 0.978959672205624
69 0.15182367225089194 0.9884075943376062
141 -0.06229514300924123 0.9980577714528645
454 0.18085484693403087 0.9835097988024666
56 0.17997749259328547 0.9836707285264892
120 -0.04851748574765943 0.9988223333389805
131 0.17848199196681044 0.9839431785136576
350 0.03190242139271993 0.9994909882081384
164 0.12018333018240082 0.9927517147536277
298 -0.15429805218675857 0.9880243474183075
63 0.1947319850350866 0.980856490014872
203 -0.017586619450651594 0.9998453434488246
404 -0.021583003383628653 0.9997670598519148
24 0.15941308487627792 0.9872119672948806
384 0.0466628775486361 0.9989106946363527
476 0.19486203530826185 0.9808306618349172
171 0.004655594901445049 0.9999891626593329
338 -0.1617226287444981 0.9868362535658939
419 -0.09923018846593692 0.9950645052945133
95 0.19983203288772233 0.9798301682597654
252 0.010277534948170275 0.999947184742969
134 0.1615855404413467 0.9868587098061596
344 -0.12438882625789449 0.9922335510867304
70 -0.14189739569364165 0.9898813712235229
174 -0.062471712194867794 0.9980467349655734
370 -0.17301641014870167 0.9849189417506682
411 0.19435348989419712 0.98093155773782
364 -0.09913101001077977 0.9950743906132057
484 -0.16896679861502012 0.9856217433507599
438 0.007507056687985423 0.999971821652932
46 0.19883676756207708 0.9800326218373878
55 0.21692279344399354 0.9761887633467488
177 0.1955596521296276 0.9806918080920931
14 0.1949429790881111 0.9808145772286689
409 0.1771682316539076 0.9841805818510276
53 0.17346883664348042 0.9848393588365351
162 0.18491635088635197 0.9827542638802822
6 0.17883163869463725 0.9838796903086223
243 0.14894311937132926 0.9888457651180682
42 0.18769683873632034 0.9822270087553039
345 0.03215141237891629 0.9994830097015361
498 -0.04585804594862787 0.9989479664235638
51 0.18741528554510142 0.9822807698128108
20 0.19420728469822093 0.9809605142767696
260 -0.09032385570799462 0.9959124464982058
226 0.17377714788193163 0.9847850033758746
168 -0.03893360592740135 0.9992417997309209
78 -0.13052644475838168 0.9914448281264757
233 0.05715094659163799 0.9983655489367007
405 0.0682529000783124 0.9976680518243028
102 0.2119911933383122 0.9772715763527549
443 -0.08849873889020653 0.9960762888528383
354 -0.10141857734956207 0.994843843107244
308 -0.12055475612032665 0.9927066791236819
9 0.20672377100922115 0.9783993471480483
441 0.017294183587213047 0.9998504444235907
297 0.11083811262488116 0.9938384741947527
258 0.1779118326779905 0.9840464317262467
107 0.22698135256654198 0.9738991044184522
348 0.20941880908277466 0.9778260389263278
428 0.07417836459184364 0.9972449900733918
112 -0.09913101001077977 0.9950743906132057
479 -0.08362242559742485 0.9964975112548968
301 -0.3325553956338539 0.9430837231310967
289 0.016744290327932183 0.999859804543324
100 0.19511266519896894 0.9807808358032671
283 0.016340248005850582 0.9998664892349914
126 0.21030296307731505 0.9776362635054521
249 0.16018129627512062 0.9870876112704596
27 0.19345295312983737 0.9811095529681408
3 0.18172371280489666 0.9833496286694796
214 -0.14028344882193278 0.9901113846364077
4 0.17981604071427668 0.9837002549058538
304 0.19061829454348572 0.98166423271164
237 -0.4136059360102966 0.9104560009671232
431 0.18577509402665368 0.9825922930897574
67 0.19565379621412432 0.9806730301313492
188 -0.10057416569183776 0.9949295639367597
74 -0.15659735704921537 0.9876625272658676
158 -0.0897581506216264 0.9959635908992786
72 -0.05721558047158065 0.9983618469028651
328 0.1699126201660967 0.9854591323379633
52 0.19318045885541457 0.9811632434597269
458 -0.3893676362468295 0.921082430536788
93 0.17978232465836272 0.9837064174541279
489 -0.08919394883374931 0.9960142767508117
240 0.3724048378308762 0.928070383516336
207 0.17059110907431088 0.9853419069058195
373 -0.12865349416328917 0.9916896079114556
315 -0.21282783749696255 0.9770897152188056
208 0.16177847164253745 0.986827100414761
448 0.06344744423191649 0.9979851811627455
116 0.03872662278889802 0.9992498429759028
212 0.1855113989580087 0.982642112295541
287 0.09541719798637457 0.9954373703696426
59 0.17484091474667884 0.9845966963841309
299 -0.0625930521951054 0.998039132407593
439 -0.10342272686876099 0.9946374915349963
358 -0.06556817999079395 0.9978480915313187
383 0.25808751636872845 0.966121541988699
184 -0.031089322927278132 0.9995166101670965
313 0.18302738889520082 0.9831078144914752
307 -0.03904342412271384 0.9992375148245656
92 0.19286932077226748 0.9812244519501357
2 0.18464106548407755 0.9828060220292226
15 0.19791855587414298 0.9802184681185587
253 -0.0703683890643142 0.9975210723691471
335 0.17526998234835084 0.9845204077557806
106 0.1775388312771234 0.9841137959548952
144 0.06644770057644618 0.9977899092935862
181 0.013743706803063287 0.99990555080133
179 0.18649809023436356 0.9824553233297354
153 -0.0766570105575194 0.9970575222786219
180 0.1742784899798704 0.9846964039389685
224 0.21227864383906223 0.9772091778989023
71 -0.07037891771516357 0.9975203295879449
322 -0.12841047066441966 0.9917211054645062
362 0.19331306509103968 0.9811371254137249
204 -0.06294696222476204 0.9980168735781346
423 -0.03127503726478173 0.9995108163717322
275 -0.11065554901436478 0.9938588176759965
389 0.19122867807783445 0.981545512281832
96 0.18244233996170167 0.9832165542693527
487 -0.14558475831753542 0.9893457829018247
272 0.17091667647337974 0.985285486396351
267 -0.1941526513459399 0.9809713288243148
447 0.1938951411164594 0.9810222598144388
485 -0.117591480212971 0.9930620543457103
195 -0.05610249709141082 0.9984250146205814
478 0.19258232677104284 0.9812808198550766
217 -0.019634413709847618 0.9998072263182892
149 -0.09158228985279492 0.9957975116384448
475 -0.14213881038951387 0.9898467348943744
320 -0.14133965973122017 0.9899611611508116
223 0.1941642096061237 0.9809690411567682
247 0.15325896229010397 0.9881860606574859
396 0.20015899453045202 0.979763429052421
337 -0.06189174412034867 0.9980828683079082
378 0.0014747653340324923 0.9999989125330135
114 -0.0903486451998395 0.9959101979147285
417 -0.1584155806068227 0.9873725253525152
462 -0.3189897878934428 0.9477581522834273
31 0.19009076245579123 0.9817665211387969
133 0.16794648726798894 0.9857961135114822
414 0.28383387389789383 0.9588734702911091
386 -0.1128470020649335 0.993612376193532
242 0.19266586917459028 0.9812644204571974
400 -0.016055706707356694 0.9998710988333084
77 -0.08306015861550645 0.996544534905875
156 0.07839751075914199 0.9969221786612886
343 0.1571139199085385 0.9875804859205013
44 0.21969387690394784 0.9755688599227187
265 -0.3224135365105144 0.9465989179556372
429 -0.05816034394832913 0.998307254502246
145 -0.1467007275571431 0.9891809220431846
342 0.1735812569099547 0.9848195506028302
108 0.16750574020949746 0.9858711005992966
11 0.18005952281735424 0.9836557163168356
220 0.03995678622198835 0.9992014087434077
235 0.004470438919656889 0.9999900075380084
379 -0.18115052908375198 0.9834553806923203
82 0.03521256486682475 0.9993798453418498
357 -0.1995251187332089 0.9798927119815204
192 0.23172640614675719 0.9727809993489326
8 0.18209112455246826 0.9832816597288986
435 0.01102495838535838 0.9999392232993969
361 0.16099041927844937 0.9869559690789397
202 0.035035720295128574 0.9993860606909631
291 0.1640256325415804 0.9864560770096835
352 -0.06311107699376606 0.9980065089771143
450 0.17747905424175398 0.98412457814316
148 -0.14213881038951387 0.9898467348943744
492 0.14297100513866356 0.9897268773200212
251 -0.18888936757664007 0.9819983741414733
321 0.08793514841930136 0.9961262016795238
101 0.19802100228083394 0.9801977773162383
376 -0.14804619996020263 0.9889804460540884
167 -0.13408354843957507 0.9909700308474784
381 0.02094835183537204 0.9997805592005585
273 0.2036772511125087 0.979038087808259
407 0.05160965225497465 0.99866733389759
382 -0.2752170441879758 0.9613821189248497
127 0.19451655734699225 0.9808992348441679
154 -0.14488204840806596 0.9894489335226365
324 -0.11896085261868294 0.9928989452830717
366 -0.25896533662997206 0.9658866157184938
87 0.19263329164939128 0.9812708163133766
115 0.05129727517361513 0.9986834280990962
425 0.157226661735553 0.9875625432546001
279 -0.2471410311291558 0.9689795202853452
486 -0.08646654137647437 0.9962547551818212
375 -0.07538599237702935 0.9971544274350541
453 0.08123016733269212 0.9966953696667317
369 0.176316173328543 0.9843335852356044
402 -0.0686137518868785 0.997643299507397
330 0.022826162356537245 0.9997394492126802
38 0.18295737969810233 0.9831208456817525
280 -0.0246315140874094 0.9996965982305641
424 -0.15406180501197142 0.988061212798303
80 -0.12942501263802922 0.9915892123776084
13 0.18367952390191078 0.9829861812351013
61 0.18619653176206338 0.9825125197979815
165 -0.03154668282138064 0.9995022795386548
86 0.18208299992508564 0.9832831642707411
490 -0.025858093035879097 0.9996656236084883
356 0.19882340112395328 0.9800353336311419
413 -0.22879959250961307 0.9734735468760489
26 0.18733272257173328 0.9822965189054993
146 -0.06655625482070547 0.9977826742052808
323 -0.09562464489411057 0.9954174638255425
138 0.18899821722068372 0.9819774304368729
118 -0.006765196196382329 0.9999771157983688
351 -0.02435145210716883 0.9997034594219789
76 0.22225642661671932 0.974988246507396
255 0.08270141113628016 0.9965743708304302
277 -0.15550930983317499 0.9878344266906319
65 0.1902269143518822 0.9817401494571573
139 0.18067049120372383 0.9835436815964023
84 0.2137438865032427 0.976889733277246
160 0.1887873001090076 0.9820180015241836
459 0.18243806533216309 0.983217347445547
105 0.18119484353408497 0.983447217026241
97 0.19627379436799375 0.9805491306632169
88 0.17553593879785243 0.9844730235970697
284 -0.0015939038738928533 0.9999987297344137
135 0.19886609412489123 0.9800266713755855
262 -0.20095590419446038 0.9796002881631808
472 -0.07849796873169565 0.9969142735987874
140 0.17016052563136605 0.9854163564285185
39 0.2157951932400602 0.976438648648488
292 0.04817843685305376 0.9988387448544416
305 0.18318263822486044 0.9830788986917478
228 0.04994966260103261 0.9987517365221664
420 -0.12527499263935807 0.9921220571175751
231 -0.2500394731321708 0.9682356437746891
397 0.126259578520964 0.9919972373105223
399 -0.19974485503852496 0.9798479437574172
469 -0.11074895787805134 0.9938484131541016
483 0.16202439997909462 0.9867867519436074
64 0.20236040207789302 0.979311118935588
81 -0.24746023938959383 0.9688980492916913
23 0.2100544801190023 0.9776896825588044
210 0.18294086748233435 0.9831239184379611
122 -0.08126762516886728 0.9966923161635253
176 0.09589238190324843 0.9953917073659603
332 0.06253400550399593 0.9980428338281009
7 0.17607209446601396 0.9843772739912026
355 -0.009518189234131781 0.9999547010108525
94 0.14734971992190216 0.989084455463201
254 -0.08439366938825373 0.9964324907223702
111 0.18876623345159593 0.9820220512333201
109 0.18147126483665452 0.9833962477244789
444 -0.044323626719605054 0.9990172251339918
309 -0.06755211761216787 0.9977157467967075
222 0.17997243986136952 0.9836716529870858
401 0.20675228836381923 0.978393321346954
412 -0.06874990262932865 0.9976339262918327
367 -0.03538477791666225 0.9993737626592908
471 -0.12668260128141343 0.9919433040918086
185 0.026972411870076905 0.9996361783158466
286 0.13281204670035718 0.9911412413229822
32 0.17973319567647497 0.9837153950060565
468 0.030062642824666204 0.9995480166087053
221 0.051944050397164494 0.9986499965595238
365 0.007320048039447667 0.9999732080894469
119 0.02266124087312211 0.9997432011082098
392 0.03261636497856315 0.9994679448264387
91 0.19352473208286444 0.9810953970293895
137 0.18244718672574464 0.9832156549078443
244 0.1622896958658697 0.9867431553427485
98 0.17973461773258453 0.9837151351832103
47 0.1983976677862902 0.980121607463564
316 -0.4038211111599516 0.9148379693593516
377 -0.003995496165669533 0.9999920179733387
175 -0.06469254590872209 0.9979052432490011
496 -0.029187525439953156 0.9995739534215025
394 0.04462039098223511 0.9990040143605994
151 -0.03727534471389152 0.9993050328485595
41 0.19217799606858949 0.9813600857111833
457 -0.07903837345917263 0.9968715742365857
325 -0.05657917693355404 0.9983981153515472
499 -0.07350021039124256 0.9972952015689452
311 0.08837300176596495 0.9960874522645453
209 0.16432189010728 0.9864067702685191
157 -0.06774155093251426 0.9977029028108807
170 0.03636830791747353 0.9993384542682322
205 0.037008711764617244 0.9993149429751981
341 -0.23176032706821192 0.972772918412738
200 -0.014476027793907453 0.9998952168198977
50 0.14304484844855053 0.9897162074717839
268 0.10573391561643118 0.9943944584964346
132 0.21343303799360874 0.9769576952421322
465 -0.019139645369080065 0.9998168202101552
360 0.10982466098421607 0.9939509765776691
480 0.17339464941372307 0.9848524232364422
213 0.19450165007680448 0.9809021909025386
187 0.03983909859300999 0.9992061079793779
415 -0.13799887672758904 0.9904323853862634
295 -0.2637048728228441 0.964603410759825
312 -0.10814002017376856 0.9941356728519588
73 -0.057846560824534723 0.9983254857013185
368 0.1099686412004734 0.9939350572107423
395 0.0014835047423051623 0.9999988996062343
166 -0.10414024861756623 0.9945626217679164
452 -0.12982978394322905 0.9915362964618363
359 -0.09940410652825653 0.9950471464233838
347 0.17042203610807108 0.9853711633738726
288 -0.18788323998370157 0.9821913704229063
282 0.19221898654383524 0.981352057730589
163 -0.10880727327153232 0.9940628638487679
250 0.0013431514294145305 0.9999990979717119
21 0.1868946491309442 0.9823799621970215
426 0.026289064118887047 0.9996543828282618
143 -0.09656085053614329 0.9953270829952015
36 0.18061724913281196 0.983553460324194
5 0.180484369234785 0.983577852771158
326 0.176444279086982 0.9843106300236096
455 -0.009803832729826198 0.9999519412770824
85 0.18976133793108466 0.9818302473577623
278 -0.06609215218457355 0.9978135233697785
340 -0.1482540119942555 0.9889493151459317
493 -0.1195746138677965 0.9928252171043841
123 -0.1434592063718789 0.989656231277887
182 -0.1823833337087595 0.9832275014386442
183 -0.08840233826875289 0.9960848490909884
269 0.0036712705855487565 0.9999932608634358
125 -0.0897864434457763 0.9959610406905275
211 0.1917940703840946 0.9814351912202358
314 0.16955415479473349 0.9855208717180187
421 -0.30984849907473533 0.9507859420611632
33 0.18551702376238968 0.9826410503812392
0 0.174226396922246 0.9847056223133348
430 -0.07431498455741894 0.9972348184205316
79 -0.012898160836000027 0.9999168152636742
285 -0.11049292370485657 0.9938769107948694
445 0.12907989347838983 0.9916341972217414
488 -0.6372080255775295 0.7706918529085321
201 -0.3296370655573981 0.9441077295577597
388 0.18592457057556028 0.9825640203347025
306 -0.029615388185448278 0.9995613681923813
408 0.02390062860184805 0.9997143391751648
90 0.1785273711200848 0.9839349458988391
495 -0.07113527739271981 0.997466677293162
390 0.20167076664039923 0.9794533689169045
363 0.16431707892411662 0.9864075717338375
380 0.15484101045036697 0.987939401725991
43 0.1955246492935833 0.9806987873545177
460 0.6372080255775291 0.7706918529085325
219 0.14440838180035773 0.989518175308469
62 0.23022864763424938 0.9731365627744674
37 0.19392914255591484 0.9810155389531442
121 -0.03461438216410079 0.9994007427190545
12 0.1763890001158244 0.9843205375476729
241 -0.0809208855801046 0.9967205276690813
147 -0.042411966222177744 0.9991002077475357
129 0.19732243180700404 0.9803386445028933
229 0.06745230151826234 0.9977225000068353
303 0.18169144108004764 0.9833555919596204
1 0.17985341065619867 0.983693423112777
481 0.006675048408421493 0.9999777216162095
198 0.02603492495946846 0.9996610338921663
199 0.014974617457356574 0.9998878741298975
18 0.20092992232193643 0.9796056177440493
236 0.006266143247505101 0.9999803675316838
155 0.10611602800806202 0.9943537542543861
248 0.16657720984522423 0.9860284139720215
270 0.16821124353272318 0.9857509713660825
30 0.1724710078600459 0.9850145945354007
491 0.38852591296350425 0.9214377976596551
238 -0.016589287227578523 0.9998623883061513
440 0.1283357678077705 0.9917307753121257
22 0.1933641179398745 0.9811270651110049
302 -0.0866634894681748 0.9962376421282222
442 -0.009459330887267848 0.9999552595287277
371 -0.038663065840092804 0.9992523041453768
293 -0.17078806493400137 0.9853077878897026
276 -0.04697425226630142 0.9988961005149745
391 0.07997906519377278 0.9967965434985868
446 0.17003566647531076 0.9854379088132834
29 0.16528102403731812 0.9862465123351137
393 -0.009777967552857997 0.9999521945325863
464 0.06580495377118104 0.9978325050123256
334 -0.09837525535232675 0.9951493903602435
99 0.19710058191991175 0.9803832723005999
161 0.17576763595613984 0.9844316828253701
25 0.17417491651923242 0.9847147294803295
387 -0.146040214831476 0.989278654198086
68 0.18008113853055252 0.9836517592855409
245 0.16112057188830084 0.9869347300173333
482 0.20644664600442142 0.9784578592629961
194 0.0075070566879853135 0.999971821652932
473 0.020471349108889807 0.9997904399751291
470 0.09505604828430429 0.9954719220975408
467 -0.006292892021444578 0.9999801995589744
463 -0.14297477108019008 0.9897263333035892
215 -0.07820984494574909 0.996936918843696
113 0.0014598360472280166 0.9999989344387898
191 0.011858414535956948 0.9999296865303547
40 0.16372472334539018 0.986506064332843
281 -0.07409678233732862 0.9972510550745256
128 0.1772039302888932 0.984174154857853
494 0.09940912858869505 0.9950466447123151
331 -0.07611832241978642 0.997098791992046
456 0.017208236463687146 0.999851927336148
449 -0.10659889932379159 0.9943021043239102
225 0.18649748960459211 0.9824554373462367
