500 2
177 -0.6835968533952693 0.7298598098457585
153 0.6639704722457518 0.7477587926502458
440 0.6780130880841873 0.735049829866346
408 0.6484555934433621 0.7612524833010511
146 0.6673837390275086 0.7447140020717097
46 -0.6452315067277969 0.7639871090049732
483 -0.6731484683682024 0.7395073627311248
265 0.6754304855806266 0.7374236632684898
38 -0.6539563870243587 0.7565322490614973
56 -0.640569338360725 0.7679003338663831
19 -0.6633518445531581 0.7483076441731186
44 -0.6465384806982973 0.7628813754289308
414 0.6746275954667167 0.7381582536521528
405 0.6534835277017987 0.756940736796754
121 0.6420679259260611 0.7666477538589714
413 0.6759399311681556 0.7369567215599495
170 0.6875327412383712 0.7261533789257275
279 0.6751576266103684 0.7376734909361014
361 -0.6650838800374963 0.7467686606401405
231 0.6733020852732253 0.7393675012919668
324 0.6635175695989496 0.7481607012089737
246 -0.6640993826854679 0.7476443070851143
446 -0.6699369638782081 0.7424179849853103
124 0.6722292510900197 0.7403430515503953
174 0.6684496554071041 0.7437573920211642
291 -0.6751257445112994 0.7377026698460999
485 0.6802639223122329 0.7329672543847893
381 0.6897256113895045 0.724070839761811
209 -0.6673353583315765 0.7447573561371961
453 0.6730981407938954 0.739553171083595
309 0.6692350057650841 0.7430508105497282
168 0.6692236773798376 0.743061013399443
465 0.677628940661839 0.7354039833843125
132 -0.6585339725286788 0.7525509996176986
3 -0.6337654383992359 0.7735252866523656
425 -0.6722489745791437 0.7403251422025934
227 -0.6761622810911938 0.7367527194585394
288 0.6775502435784622 0.7354764900571374
450 -0.6964627224592398 0.7175929739237028
60 -0.6500592565243509 0.7598835193679411
188 0.6750107958990255 0.7378078512863389
458 0.6738299503548235 0.7388864581279156
58 -0.6582365618005774 0.7528111507602385
302 0.6770080945619078 0.7359755701772003
256 0.6611687911925406 0.7502371821983996
194 0.6688280364188786 0.7434171491834629
452 0.6588160038494978 0.7523041094343289
39 -0.6691047187557013 0.7431681339635425
225 -0.6718239606753842 0.7407108517245038
479 0.6778982530488677 0.7351557375912218
389 -0.6712105820462316 0.7412667229473876
407 0.6546475762503658 0.7559342239305755
395 0.668436616509357 0.7437691104835713
150 0.6493787888625344 0.7604651133190976
400 0.6604699304606628 0.7508524961384141
272 -0.6962920963271785 0.7177585364120048
234 0.664249956744946 0.7475105316745293
434 0.679554776282074 0.733624771959222
14 -0.664233493654729 0.7475251607185093
222 -0.6661106888029448 0.745852901222799
307 0.6544966750689309 0.75606487970525
74 0.6638993061448699 0.7478219783480291
480 -0.6713806155695939 0.7411127235700335
460 0.6453519138672601 0.7638854019209061
313 -0.6817439117315063 0.7315908957997116
303 -0.6927522723772747 0.721175629868427
344 0.6644155232179361 0.7473633738062336
147 0.6574704660579707 0.7534803157757439
466 0.6738129492426922 0.7389019619901311
245 -0.6810746692087173 0.7322139680190731
41 -0.6625856727810288 0.7489861321982614
404 0.6771654563107744 0.7358307854251686
436 0.6629726364766115 0.7486436290273568
6 -0.6601208045491989 0.7511594527138152
195 0.6715698643647113 0.7409412373981916
135 -0.6657732168569249 0.7461541554638572
71 0.6770605987120561 0.7359272692811919
444 0.6909043427878174 0.7229461868748837
143 0.6368615960426139 0.77097814981104
54 -0.645750153501278 0.7635487798779304
289 0.6675555437615798 0.7445600016071111
107 -0.6580647284214184 0.7529613623604102
420 0.6632749657422461 0.7483757878363131
24 -0.646131913373965 0.7632257533126742
161 -0.6677673228878194 0.7443700709212018
100 -0.6540281240612176 0.7564702326839866
138 -0.6763776228139572 0.7365550294150061
176 0.6723273423710395 0.7402539731067271
200 0.665214598276158 0.7466522204080623
83 -0.6622762722954508 0.7492597274339798
80 0.6705928649708762 0.7418255923397037
341 0.6568707047617716 0.7540032342276614
232 0.6764795375763976 0.7364614282095318
36 -0.6618920243083958 0.7495991916730793
73 0.6639166222723282 0.7478066051262872
173 0.6550955434196726 0.7555460469036178
242 -0.6747665826395683 0.7380312045929484
481 0.6744943694338936 0.7382799913325392
185 0.6879898827879136 0.7257202775046822
257 -0.6744935451684695 0.738280744382562
215 0.6767497593569323 0.7362131234977644
373 0.6722326183029321 0.7403399941172868
237 0.6703037800510124 0.7420868159786453
266 0.6703535081679401 0.7420418951022478
123 0.6691602147894116 0.7431181648587177
260 0.6749783114839687 0.7378375695410546
484 0.6541883695920677 0.7563316581305268
335 -0.6726938134112134 0.7399209642916462
429 0.6600363188411086 0.7512336905455441
282 -0.6738911275118943 0.7388306627778437
391 0.6801622202266994 0.7330616305443131
154 0.673210307912068 0.7394510675635938
137 -0.6750620139762998 0.7377609892683821
206 -0.654209311774493 0.7563135437023087
493 0.6746528149510272 0.7381352039285587
0 -0.6478699467970879 0.7617509645790668
120 0.6697791852618972 0.7425603295287927
394 0.6512523207587229 0.758861261830104
467 0.6915433588565926 0.722334951958814
305 -0.6688268077565693 0.7434182545688242
385 0.6804138571529231 0.7328280719202025
77 0.6676923865627618 0.7444372887800045
418 0.6823992134344962 0.7309796943171412
52 -0.6465168866848645 0.7628996757315539
382 0.6574521114404178 0.753496331220356
193 0.6783958030409661 0.7346966274704156
270 -0.6674046465738152 0.7446952650122605
426 0.6467335333513782 0.7627160263419419
169 0.6728319962929735 0.7397953127483388
12 -0.6403522467549148 0.7680813759465417
491 0.6713854774274725 0.7411083191406536
498 0.6655504937329705 0.7463528256071649
368 0.6248544433728724 0.7807412661036803
433 0.6807869413521784 0.7324814949774128
455 0.6705850445652123 0.7418326617273416
43 -0.6474070876905115 0.7621443844889827
427 0.6755536998190681 0.7373107883794787
370 0.6815395851435969 0.7317812472879404
243 -0.6744999816733809 0.7382748639379569
175 0.6718207978505656 0.7407137203909683
430 0.6653946204852502 0.7464917943482634
144 0.6642123643755001 0.7475439351708418
35 -0.6451231937290312 0.7640785724733125
315 0.6736998310334121 0.7390050998914365
318 0.6425204175259702 0.7662685645791903
167 0.6668782589024117 0.7451666845768723
45 -0.6666207527457609 0.7453970566139062
392 0.693237076847849 0.7207096192527539
171 0.6654527172475585 0.7464400050290987
17 -0.6548946313198889 0.7557202007809416
99 -0.6521457249556343 0.7580936310391284
492 -0.6719882188210802 0.740561836557672
339 0.6648147351211943 0.7470082783783164
432 0.6786518766654978 0.734460094422017
438 0.674874405200614 0.7379326102057812
323 0.6709776913593108 0.7414775368803357
160 -0.6495475208029969 0.7603209968287605
297 0.6773189204745118 0.7356895268842978
224 -0.6701927662055759 0.7421870762319418
399 0.6616377998248644 0.7498235938158473
116 0.6715388534152549 0.740969343734088
115 0.6733189699044707 0.7393521250167489
155 0.6737214275396088 0.7389854112727745
187 0.6747726525304544 0.7380256549721119
134 -0.6545811686477018 0.7559917285604447
130 -0.6565660876588316 0.754268501620196
330 0.6681588656087246 0.7440186357265941
78 0.6706927497221176 0.7417352866556809
67 -0.6809657359048519 0.7323152780896787
119 0.6702349019529528 0.7421490256034269
183 0.672217156926008 0.7403540328345047
68 -0.6646440508692921 0.7471601472536245
76 0.6374448308296322 0.7704960010594354
133 -0.6524027163199396 0.7578724798660817
208 -0.6715509999173187 0.7409583352051918
90 -0.6500278459265805 0.7599103891381204
312 0.6658252577545439 0.7461077175154369
464 0.6709913610353913 0.7414651666908387
205 0.7033411196148477 0.7108524948672071
16 -0.6400046348091728 0.7683710480118167
412 0.6608324278772718 0.7505334784443866
490 0.663197103504503 0.7484447888142702
250 0.6790518986229498 0.7340902662319989
34 -0.6489209645542523 0.760855821928162
388 -0.6704052434905501 0.7419951546340287
217 0.664457973567984 0.7473256327478193
255 0.6530617803701086 0.7573046355462405
142 0.674027181076423 0.7387065446915784
29 -0.6475515380134068 0.7620216569208983
415 0.6138748709548701 0.7894033460849665
57 -0.6449783787906832 0.7642008184322638
363 -0.6734624298315578 0.7392214523438658
110 -0.6756731532240756 0.7372013225790055
2 -0.6452619289804322 0.7639614146070806
349 0.6565853604760542 0.7542517248296687
10 -0.6464822854972482 0.7629289970490402
149 0.6886628717318424 0.7250816844315211
82 0.6722471538850621 0.7403267954717252
184 0.6745109476113241 0.7382648451284088
402 0.6610573928788787 0.7503353405779177
374 -0.6747199307224977 0.7380738547637545
102 -0.6516606952250825 0.7585106052645288
212 -0.674961114341055 0.7378533012242212
262 0.6624036355841827 0.749147130785974
431 -0.6765003958994983 0.7364422681703041
182 0.6815801364581161 0.7317434779933032
390 -0.6725878509076364 0.7400172854815265
40 -0.6617181338163219 0.7497527001476182
27 -0.6367358909415187 0.7710819704719533
346 -0.6661479252350148 0.7458196442204277
489 0.6786671756234622 0.734445957665554
8 -0.6280670132546187 0.7781592554621597
201 0.6720338050017458 0.7405204689506397
345 0.6676316311030012 0.7444917764157951
25 -0.6502597804717374 0.7597119308664618
218 0.6457527213266291 0.7635466082036203
28 -0.6557685283345319 0.7549620104654022
92 -0.6535442040256008 0.7568883493518341
293 0.6638396649435182 0.7478749221946658
191 0.6624984505747574 0.7490632836990782
236 0.659800595400056 0.7514407323999224
204 0.6690354865242742 0.7432304607396198
300 0.6721724197980004 0.7403946502122369
310 0.663701291765483 0.7479977241334556
362 -0.676348187101621 0.7365820591111018
198 0.6767166420527836 0.7362435645686858
356 -0.6671318438373655 0.7449396639582008
386 0.6689935001711917 0.7432682535455809
122 0.6698762040316517 0.7424728084395716
233 0.6764724245883457 0.7364679618093136
477 -0.6734096632984522 0.7392695214712055
334 0.6744772662672861 0.7382956164630863
461 0.6781935505128435 0.7348833295447538
488 0.6567530797109025 0.7541056903977353
470 0.6501974144320065 0.7597653073587485
409 -0.6596435140113367 0.7515786282371096
298 0.6672468270276569 0.7448366745948565
428 0.6446141278351599 0.7645080942640936
369 -0.6736071177933677 0.7390896094913744
248 -0.6681161208686954 0.7440570200161858
202 0.6705292666920848 0.7418830787323399
33 -0.6457081055852619 0.7635843387481781
69 -0.6958881026137914 0.7181502270699199
271 -0.7033411196148543 0.7108524948672005
179 -0.6759332886449513 0.7369628140561917
32 -0.6489025466614143 0.7608715298500339
141 0.6727595621004011 0.7398611840085116
101 -0.656122270233493 0.7546546007967136
354 0.6642452573445509 0.747514707611343
103 -0.6470003579011835 0.7624896962423431
347 -0.6668995203111688 0.7451476563800847
482 -0.6761261851855017 0.7367858452131802
96 -0.6866051464041487 0.7270305171939743
278 0.6758766104642178 0.7370147945783722
263 0.6731331837029603 0.7395212755546096
376 0.6672884598109382 0.7447993766130219
269 0.6578579369634543 0.7531420415659902
325 0.6768931501911556 0.7360812884622824
277 0.6728513135873986 0.7397777435174109
88 -0.6574430590429853 0.7535042296604589
423 0.673641017087041 0.7390587122129991
9 -0.6485182896735655 0.7611990724894989
352 0.675562368051663 0.7373028461035733
337 0.6790595265153314 0.7340832101667861
342 -0.6675384864325422 0.7445752944674908
472 0.6786488508827808 0.734462890277978
216 0.6692108632871424 0.7430725539666215
308 0.6783631786202536 0.7347267504945127
359 0.6636049130975071 0.7480832302042667
157 0.6694775595992378 0.7428322806616908
383 0.6620598041268992 0.7494510095793133
326 -0.675484493000155 0.737374192466975
104 -0.650012907602309 0.7599231671362521
476 -0.668418149295781 0.7437857068349747
199 0.6914453235287786 0.7224287955018007
387 0.6750394368213448 0.7377816470582076
499 0.6665195993160989 0.7454875074255148
190 0.6662830143362346 0.7456989639305
355 0.6714248424548043 0.7410726556381239
87 -0.6572023321702354 0.7537141995411812
417 0.6686170397790028 0.7436069217786796
240 0.6630954232984221 0.7485348753402785
451 -0.6664977589099362 0.745507033748195
7 -0.6447536297356523 0.7643904479666797
357 0.6729329536131181 0.7397034810932859
379 0.679045015447187 0.7340966332822467
203 0.6677288681529031 0.7444045665061725
129 -0.6451375831790791 0.7640664230090579
360 0.6752439353822697 0.7375944873231263
166 0.6634724503430905 0.7482007134691435
238 0.6556890870237725 0.7550310067526577
487 0.6665223979404935 0.7454850052440052
207 -0.6708497685238463 0.7415932767167607
469 0.6695146650646256 0.7427988376831254
244 -0.6722604127162227 0.7403147556915327
264 0.692890868618382 0.7210424704448859
230 0.6713267015872909 0.741161561156492
111 -0.6686602966557798 0.7435680249151416
258 -0.6817721373067362 0.73156459235819
317 0.6467775746565191 0.7626786799966488
145 0.6729260120570495 0.7397097959990767
70 0.6562466291287293 0.754546460966573
459 -0.6662951015162449 0.7456881638429408
223 -0.6715150204018162 0.7409909428425886
384 0.6816562548163666 0.7316725703958873
284 0.6808198815177293 0.7324508781687582
13 -0.6470625740224221 0.7624368992247669
156 0.6724743246818232 0.7401204514426863
1 -0.6780236915296892 0.7350400490615819
158 0.6627061848769393 0.7488795046773892
486 0.6664503074478672 0.7455494535593487
496 0.6626394486234968 0.748938556310161
378 0.677849797980913 0.7352004157896235
294 0.6682388841375323 0.7439467680732443
435 0.6718722509986041 0.7406670495830556
462 0.6586654679189177 0.7524359118032269
93 -0.6592611380813845 0.7519140587963745
327 -0.6510566450816714 0.7590291462750285
220 0.6775991170968194 0.7354314628227505
267 0.6641226587607321 0.7476236313283418
283 0.6635238205324347 0.7481551574279506
351 0.6470231238952749 0.7624703778802163
273 -0.6727106653819821 0.7399056430933142
350 0.6655185465645088 0.7463813128546719
495 0.6615605221015957 0.7498917759228089
268 0.6792106159703613 0.7339434168607022
497 0.6440873283727804 0.7649519680539519
51 -0.6607378658043075 0.7506167282257763
474 0.6681205190121419 0.7440530707382008
85 -0.6483694784480376 0.7613258299946349
478 -0.6701096605845517 0.7422621119195408
424 0.6755405023777663 0.7373228801869608
290 -0.658634643250003 0.7524628939096872
280 0.6648457824601568 0.7469806460310348
20 -0.6447567630841022 0.7643878050160867
181 0.6794179374811457 0.7337515016876397
454 -0.6658757573316417 0.7460626487085469
365 0.6765738301454169 0.7363748042691034
219 0.663851163907011 0.7478647151586354
62 -0.6479287334118854 0.7617009625957354
301 0.6728373284047281 0.7397904632429293
449 0.6507128331082348 0.7593239156172117
239 0.6664688169115285 0.7455329074457732
422 0.6588114062368124 0.7523081356813002
136 -0.6797951539804923 0.7334020375105587
398 0.6607608463304456 0.750596498763932
439 0.6816657833329055 0.7316636931221449
314 -0.6720080792164174 0.7405438146847635
66 -0.6735377685952281 0.7391528084745136
47 -0.6451735277583269 0.7640360718446972
247 -0.6751689945283957 0.7376630862578899
259 0.6713002753388913 0.741185496572841
416 0.6807818735540725 0.7324862050852609
448 0.678749707618198 0.7343696851097619
364 0.6852525578348478 0.7283055210423702
127 -0.6539252393840335 0.756559172369574
442 0.6718248782372874 0.7407100194957902
475 0.6801551641997237 0.7330681773289897
49 -0.6492855543124487 0.7605447185808183
26 -0.6614859300748325 0.7499575750087693
348 -0.6731164499124017 0.7395365067779448
320 0.6821936374263836 0.7311715537785644
366 0.6751153681836534 0.7377121658494254
494 0.6746966320271052 0.7380951528978367
109 -0.6603513050015234 0.75095682564498
72 0.6738980717822117 0.738824328814514
128 -0.6808460397793037 0.7324265629514257
396 -0.6713063739272493 0.7411799729651687
37 -0.6581067909240865 0.7529245989736294
22 -0.6446366529137482 0.7644891011127364
332 0.6613426100208828 0.7500839634139411
117 0.6485316465972487 0.7611876925974705
285 0.657564850415375 0.7533979476333909
189 -0.6768164867486531 0.7361517800462145
113 0.682445350570874 0.7309366207026412
213 -0.6732560087511378 0.7394094580680504
214 0.6621754615634569 0.7493488227142435
180 -0.6649502153338199 0.7468876830739054
81 0.6670536775522429 0.7450096585038535
118 0.678939651118435 0.7341940820649386
251 0.6787632596452842 0.7343571592595175
443 0.6653699837074132 0.7465137539129448
437 -0.6616001205638848 0.7498568399833749
63 -0.6474959718348602 0.7620688725158835
329 -0.6720606827209332 0.7404960761142987
235 0.6763348601025123 0.7365942960749257
252 0.6657455854546006 0.7461788092995613
139 -0.6738877625420042 0.7388337319696032
331 0.6665839520461859 0.7454299664451973
401 -0.6718885190098435 0.740652292255117
343 -0.6927992599711456 0.7211304912312564
321 0.6674579005071647 0.7446475347777416
226 -0.6783625541850159 0.7347273270265517
406 0.6711323975188774 0.7413375108549165
106 -0.6617382327980655 0.7497349606716317
447 -0.6678928723742371 0.7442574225573374
4 -0.6625719939811391 0.7489982328362713
79 0.6739925830330373 0.7387381119290207
97 -0.6610362586271247 0.7503539596618739
197 0.6733280988505809 0.7393438112936784
456 0.6643067447653309 0.7474600650598594
95 -0.6393991259152748 0.7688749948975989
445 0.6710504431725095 0.7414116958330093
338 0.6760296021534667 0.7368744648935974
295 0.6747942680307903 0.7380058914621143
42 -0.6583994429114753 0.7526687010722972
165 0.6650351107061417 0.7468120925159619
286 0.671204117994483 0.7412725760388336
140 -0.662058943224579 0.7494517700935488
211 -0.6776031323290602 0.7354277633172723
340 0.6721359854106377 0.7404277257883249
98 -0.6489248306591282 0.7608525245762293
306 0.6628262733954698 0.7487732175343039
164 0.6582302378169593 0.7528166802239633
112 0.6772406606696779 0.7357615697599992
296 0.6874739282384218 0.726209059426026
353 0.6756884028058502 0.7371873454649635
159 -0.663207271535964 0.7484357787958977
336 0.6691618424893049 0.7431166991504892
292 0.6686496562795904 0.7435775932323307
172 0.6726660856776259 0.7399461718119371
372 0.6654844560128109 0.7464117086469994
126 -0.6383919100598732 0.7697114843693752
411 -0.6623679638169481 0.7491786706180243
151 0.6625439017844954 0.7490230825603286
163 0.6664527084064884 0.7455473073237247
328 -0.6773927296748361 0.7356215669647502
125 0.6686618335479335 0.7435666428480475
5 -0.651509875508296 0.758640153244715
463 0.6744280639138289 0.7383405627523415
178 -0.6661061706365036 0.7458569363088159
131 -0.6524393110763294 0.7578409763019183
287 0.6817437108873542 0.731591082959285
419 0.6700684265903463 0.7422993356367348
274 0.6695078250404561 0.7428050028167541
471 0.6761866028945285 0.7367303971372141
253 0.6852544070986226 0.7283037810913212
249 -0.670975155845829 0.7414798313087588
254 0.6806815706715482 0.7325794150453001
94 -0.6544096506777655 0.7561402046577109
299 0.6742539450714296 0.7384995718046243
377 0.6693915689731474 0.7429097706906728
162 -0.6734917336931593 0.7391947542068885
261 0.6615378245236493 0.7499117992967689
421 0.6574542131378652 0.7534944974100809
375 0.6793470920787249 0.7338170947069715
53 -0.6536474662974942 0.7567991740236417
11 -0.6623679638169481 0.7491786706180243
210 -0.6811277642888471 0.7321645776154955
281 0.6472856502260106 0.7622475234538258
441 0.6796216807790313 0.7335627928235486
18 -0.6579760587439285 0.7530388476830437
367 0.6427607473124278 0.7660669825246155
241 0.6428826012627121 0.7659647256849944
89 -0.6567422960218882 0.754115081811721
64 -0.6514310701618243 0.7587078230964938
221 0.6563467127929886 0.7544594042132671
473 0.6702643960149038 0.7421223884473344
275 0.6801198106241783 0.7331009774898217
229 0.6794123336113808 0.7337566905567117
403 0.6603894452114903 0.750923285464807
59 -0.6466917881132401 0.7627514216223398
380 -0.6742187814078763 0.7385316748771703
457 0.6796101688593508 0.7335734580687641
152 0.6719162209592422 0.7406271612706697
316 0.6682781586070037 0.7439114885044003
50 -0.6477821025502372 0.7618256674696608
75 0.6549164561597842 0.7557012871837056
86 -0.6516173294159854 0.758547860062092
311 0.6429432340674734 0.7659138318158628
397 0.6858100173904207 0.7277806125797465
84 -0.646340359556868 0.7630492379970633
105 -0.6609890918952547 0.7503955093119139
333 0.6675613847428457 0.7445547646749797
65 -0.6813293562257038 0.731976986212728
186 0.6477101273372773 0.7618868622995991
410 -0.6688349227374049 0.7434109537307408
393 0.6709030795303746 0.7415450477729992
148 0.6811180106552888 0.7321736512337642
91 -0.653040153516461 0.7573232849287002
31 -0.6532075259982586 0.7571789273211679
21 -0.6437389322035851 0.7652451810794942
108 -0.6676572344467541 0.7444688155261522
55 -0.6491988184124103 0.7606187574415519
468 0.6864990495226871 0.7271307000838618
276 0.670254529922314 0.742131299109947
196 0.648054269366581 0.7615941596124192
304 -0.6766045111942852 0.7363466136484519
30 -0.6530293644215456 0.7573325882353092
228 0.6758753964606525 0.7370159078738773
192 0.6717409644733611 0.7407861207179833
15 -0.6566392796910292 0.7542047841049845
114 0.6657113887220647 0.7462093184393639
61 -0.6550155656826242 0.7556153841164643
322 0.6702176845916862 0.7421645742425053
358 0.6679624503748745 0.7441949777371476
371 0.6681415698503305 0.7440341676549108
23 -0.6423045829870206 0.7664494912738018
319 0.6626352042996028 0.7489423115453041
48 -0.6527374205566475 0.7575842262118809
