500 2
453 0.36091152574624713 0.9326000592877506
354 0.08405714584573842 0.9964609356278189
130 0.039340094507435495 0.9992258788502957
87 0.6109888027332725 0.7916392378694744
208 0.07496975600286797 0.9971858080041404
59 0.12004750949931826 0.992768147889028
69 0.030148203434066736 0.9995454396022714
285 -0.36206200124991644 0.9321540147695044
219 0.5009835613786952 0.8654567991692707
48 0.1945080581864195 0.9809009202261705
463 0.12690001363868925 0.9919155138107784
271 0.08353609777733302 0.9965047518040925
265 0.14697870532227858 0.9891396565610878
57 0.01475588086881471 0.9998911260631256
46 0.057448955971169495 0.9983484449118066
310 0.16591072017727315 0.9861407774401475
406 0.093365636106313 0.9956318887995018
112 0.17013937273863636 0.9854200088511008
252 -0.09179057474664319 0.9957783339617713
326 0.09630133465193563 0.9953522255685452
466 0.40930058160175165 0.9123996020935499
244 0.17098918104942795 0.9852729063381608
31 -0.04353978671017568 0.9990516938443337
145 -0.6109888027332725 0.7916392378694743
293 0.19589216366810455 0.9806254433846945
353 0.4585395419973378 0.8886740057101207
35 0.054072766648471896 0.9985369977657212
488 0.13082572791641792 0.991405380717262
360 0.06617093877420804 0.9978083016600634
322 0.2237335314832266 0.9746503510952244
427 0.3332598334887103 0.9428350244783427
380 -0.0531854055285805 0.9985846547182469
497 0.017861313045797043 0.9998404740238714
496 0.11149597570200771 0.9937648853739286
43 0.0655166559740479 0.9978514758169065
261 0.024596524925090336 0.9996974597154928
178 0.07319973122825355 0.9973173012377312
270 -0.03073049681928683 0.999527706752164
13 0.0257167611697769 0.9996692694061053
216 0.11171729248560205 0.9937400296655491
33 -0.01625257419367381 0.9998679181932377
241 0.07283479037147038 0.9973440195396692
60 0.14057408681121025 0.9900701622194229
443 0.013232710604912575 0.9999124438519839
316 0.11501913143267205 0.9933632766538502
220 -0.024938857186753996 0.9996889783338709
292 0.17384476265741977 0.9847730695427171
284 -0.013668855314245254 0.999906576833255
11 -0.060137971809274895 0.9981900742577371
78 0.14422802964250492 0.9895444787706315
361 0.1238386280776317 0.992302370346786
141 0.12386154364336475 0.9922995102318064
458 0.0868470937165083 0.9962216532042434
422 0.04613437170743567 0.9989352430198666
430 0.06456196871660046 0.9979136997734005
77 0.13965944067574027 0.9901995963593094
269 0.20846652794349033 0.9780295019717892
362 0.06912392653371435 0.997608080751435
104 0.08684378637798304 0.9962219415208315
376 0.1258622130065209 0.9920477323884679
6 0.0603309301521522 0.9981784303755395
166 0.04564573112070001 0.9989576904105882
274 -0.12391256605391561 0.9922931401425358
314 0.11508982355160546 0.9933550888352364
91 0.06291087663734152 0.9980191489148499
196 0.12473654257286318 0.9921898986317933
144 0.12446242805895956 0.9922243214120829
302 0.12593652247021678 0.9920383018352207
457 0.15609092787057002 0.9877426902976829
280 0.11242771596528763 0.9936599059451018
347 0.004570146601832877 0.999989556825489
215 0.10186437531326999 0.9947982956569826
207 -0.34719684604559103 0.9377922744915285
204 0.1553418403864205 0.9878607759321958
417 0.19200321328582362 0.9813942969509852
436 0.21046631476462632 0.9776011100389551
52 -0.02502118148594517 0.9996869212293654
342 0.15031514755123077 0.9886381321882399
248 0.02152523637475179 0.9997683052582788
290 0.16378216333916107 0.9864965296299548
499 0.08182544289037776 0.996646676057164
483 0.4277779247594581 0.9038838681426344
416 0.07342080625714814 0.9973010504399112
193 0.11672412723678127 0.9931643761839285
12 0.07963537687578635 0.9968240600777308
182 0.16727305884311577 0.9859106063864347
126 0.14423145417719127 0.9895439796319982
320 0.08254832093048488 0.9965870632872762
311 0.03397627828786202 0.9994226395843281
329 0.06263171087870865 0.9980367071367696
75 0.0323787477977261 0.9994756708850152
405 0.12048044529219487 0.9927157006425326
179 0.18455295656435758 0.9828225710795181
8 0.13701980336233568 0.9905683083394838
169 0.06931541594280058 0.9975947940485037
473 0.27150634146281816 0.9624366506661495
175 0.44160476998623366 0.8972096896073992
446 0.0021397126688976064 0.9999977108122272
27 0.05914125681769913 0.9982496239628758
86 0.05717478118289128 0.9983641842517632
135 0.041137334503313985 0.9991535015751897
74 0.07546281303908468 0.9971486167308403
2 0.13517993984385404 0.9908210655127454
50 0.25328164461608393 0.9673925824093194
148 0.0009845729397518716 0.9999995153079457
127 0.11173836166282404 0.9937376608204542
365 0.03296360574842725 0.9994565526805366
63 0.002017091109880848 0.9999979656696579
151 -0.06194454325601892 0.9980795927984918
218 0.19400373042286953 0.981000791325884
480 0.012080211818533682 0.9999270315790145
206 0.48142734671775333 0.8764860009334456
20 0.19568800838839912 0.9806662038497002
168 -0.31998917195407334 0.9474211998008839
170 0.19556891005756172 0.9806899619242042
392 0.07456598803641772 0.9972160816132845
334 0.13936410952154832 0.990241205453129
479 0.12539617920386795 0.9921067474022497
165 -0.02932789717836689 0.9995698447067594
389 0.21476146235861995 0.9766665317730444
264 0.14587120681687132 0.9893035889057462
123 -0.09410847328185523 0.9955619494820794
16 0.08733889877942622 0.9961786570490241
372 0.3402925227652901 0.9403196259517476
114 0.16016446736153758 0.9870903420633771
394 0.17832342072422264 0.9839719292851864
25 0.16321754144932446 0.9865901044320473
243 0.0323060700764442 0.9994780226879507
28 -0.047397184394231635 0.9988761219047632
447 -0.09468343606927004 0.9955074318829149
156 0.1557589871027834 0.9877950890426188
110 0.12712309127715335 0.9918869490340825
19 0.0022428693646133306 0.9999974847653436
464 -0.3896083554740461 0.920980634619865
247 0.10828227188796871 0.9941201887069693
15 0.12045366136452304 0.9927189508938977
49 0.04514597717241729 0.9989804005810863
298 0.09716607647053742 0.9952681817396363
231 0.10156333623782798 0.9948290751341367
454 0.2568355133787225 0.9664551303953475
462 0.10081664756565228 0.9949050223883801
363 0.0971396147047376 0.9952707647946939
331 0.02746395516530225 0.9996227944413224
318 0.07102388807428137 0.9974746148763948
68 0.08853804462337152 0.9960727958609601
160 -0.04120680187519315 0.9991506390325828
367 0.004592024549204461 0.9999894565996881
76 0.11697931061927407 0.9931343518814761
294 0.2948314794031889 0.9555492654766299
498 0.05972934919129975 0.9982146086113866
137 0.1181652802906165 0.9929939408344042
240 0.06402691557652104 0.9979481720418937
475 0.2204955293366135 0.9753879851333861
350 -0.02423398105426558 0.9997063139553845
494 0.04420387629732659 0.999022530937261
113 0.08033320049558279 0.9967680657495687
305 -0.020809924417773018 0.9997834500759285
90 0.10360498412429833 0.994618523487575
340 0.04658212708391076 0.9989144635234481
79 -0.03486396879480385 0.9993920670487009
306 0.145032894660464 0.9894268338115795
153 0.1795899540634928 0.9837415556941126
237 0.19003512381721513 0.9817772923202979
451 0.4337514626870899 0.9010325569127956
277 0.03568155151773122 0.9993632106903313
491 0.015929052814774566 0.9998731245895272
439 -0.40951653148100603 0.9123026967206478
61 0.09936903863855891 0.9950506490425743
73 0.10976910418188623 0.9939571136458082
308 0.20823991533920155 0.9780777768968695
286 0.11434134506635847 0.9934415215846455
484 -0.007305440543503943 0.9999733149131858
349 0.34074981648518443 0.940154010024588
62 0.27520330458449066 0.9613860520861409
116 0.18241002988562133 0.9832225490686871
419 0.13325629310997497 0.9910816113451951
402 0.13758278966325613 0.9904902705168165
301 0.024422193513060287 0.9997017337506275
321 0.43956012119892335 0.8982131706068375
399 0.15777185387460363 0.9874755906476731
386 0.06213001030692112 0.9980680647226731
30 0.20558766638250262 0.9786387032155416
370 0.04451308051157515 0.9990088015945454
493 0.014740849228310964 0.9998913477793615
413 0.163040503357973 0.9866193765909823
167 0.04851683215236188 0.9988223650869555
258 0.19087193963747925 0.9816149462284214
272 0.21307645093256541 0.977035529578112
108 0.07868471604128 0.9968995513398043
420 0.35746376829237625 0.9339270069754994
111 0.1453660398334939 0.9893779431860845
140 0.18793114507609124 0.982182205453952
41 0.11808663741288 0.9930032960995241
58 0.09600013000014614 0.9953813214240836
490 -0.0062761456791876405 0.9999803048037565
142 0.18121551247997164 0.9834434086599093
84 0.061991958924896284 0.998076648874551
146 -0.1496227942886418 0.9887431513943643
444 0.41658894463214274 0.9090949627020698
138 0.044829218511044135 0.9989946652348495
103 0.06975422097533121 0.9975642077862079
441 0.2179639984815745 0.9759568101949616
238 0.043168064802839294 0.9990678246151149
65 0.16510188663086273 0.986276516515997
470 0.23184827130089997 0.9727519617532437
410 0.01570851735926362 0.9998766136290885
338 0.05270242624234962 0.9986102614474626
398 0.15479582366665917 0.9879464828498355
273 0.1332360661526578 0.9910843307590755
40 -0.023846868898509278 0.9997156229867259
388 0.06913042505718653 0.9976076304496736
333 0.06205420162399365 0.998072780943759
440 0.19121609829621483 0.981547963042241
89 0.2388839018034592 0.9710481355005812
282 0.06433983471468885 0.9979280463384554
304 0.062114344634188655 0.9980690397916696
201 0.21903940634695557 0.9757160132267858
317 0.02148378826090793 0.9997691967859184
348 0.18863870353258505 0.982046556701639
192 -0.35623228574185306 0.9343974307515698
136 -0.34846228279302144 0.9373228032383916
412 0.04965806564070187 0.998766277222466
391 0.17285124615661732 0.9849479411126785
32 0.5509697977905976 0.8345251835161046
256 0.2957924578615744 0.9552522294515773
455 0.009372053257146224 0.9999560813444484
199 0.07753111479338617 0.9969899328673759
356 0.40075195838394034 0.9161865900849219
335 0.13695831718701348 0.9905768114352875
275 -0.06235069713667452 0.9980543024137368
432 0.09039397109870848 0.9959060849241789
163 0.20241493998457635 0.9792998478867646
37 -0.0016288757273465347 0.9999986733810524
232 -0.04757434058870423 0.9988677000071381
191 0.07431998954539105 0.9972344454309492
143 0.01997462210332014 0.9998004873332625
253 0.11664242968156399 0.9931739744868375
129 0.08475356470958116 0.9964019436296875
154 0.21717082793278789 0.9761336135463153
212 0.1216943994230023 0.9925676164116352
452 -0.2761733530394649 0.9611078394597242
289 0.17392043603514526 0.9847597077101321
42 0.08778171141807833 0.9961397347463423
246 0.14195157924637747 0.989873602612707
428 0.08093046533358207 0.9967197498699872
397 0.4814971016850986 0.8764476830187012
378 0.07501892411822321 0.9971821102607809
371 0.06840652869497267 0.9976575298327097
105 0.10372568243076917 0.9946059434792611
288 0.09256427265537782 0.9957067115510374
351 0.04314241870582007 0.999068932410678
227 -0.28936107488122287 0.9572200208643693
296 0.013037864125830695 0.9999150034373103
278 0.17560450520808243 0.9844607954360726
7 0.1134166366563859 0.9935475159898259
268 0.09320403391341228 0.995647029856599
67 0.053895362174841026 0.9985465887659136
96 -0.01515913960301826 0.9998850936415126
303 0.05328827982300737 0.9985791702381465
352 0.07039408642040407 0.9975192592612119
400 0.010760489800623328 0.9999421042536667
434 0.1347558705097131 0.9908788298087559
122 0.08133547704542013 0.9966867813780786
266 0.02758700861065906 0.9996194060520812
263 0.06264158823392736 0.9980360872350915
81 -0.024298318342868542 0.9997047522772454
425 0.05645591103884389 0.9984050931905216
217 -0.07251218209533611 0.9973675267662232
487 0.12021048606383095 0.9927484268636729
9 0.08959897558443676 0.9959779232363634
230 0.03352670564921368 0.9994378219820936
250 0.0817066104538965 0.9966564251577047
203 0.10245762229612675 0.9947373701804031
421 -0.20054800184288538 0.9796838770526063
181 0.11072906770420397 0.9938506294033113
396 0.04804445199042293 0.998845198533256
312 -0.30939524505635885 0.9509335320286669
426 0.14485981743050674 0.9894521884831021
180 -0.3776327216681693 0.9259554673554722
213 0.1355489668108866 0.9907706483321461
53 0.08927302509980965 0.9960071922378516
64 -0.2804003902205911 0.9598831289090043
262 0.20654398467743365 0.9784373165377372
29 -0.08717434473366048 0.9961930704538438
313 0.08261273804125255 0.9965817254562355
229 0.08620314702203986 0.9962775805183497
300 0.18385822759738574 0.9829527720825391
465 0.15687348004382043 0.9876187074265763
375 0.30892402931451957 0.951086717451191
4 0.19390143833941792 0.9810210151724096
197 0.47828805949532227 0.8782030130580283
5 0.17288838914274998 0.9849414220651018
260 0.23215053532445126 0.9726798697148876
437 0.048449412507242245 0.9988256376503873
369 0.12704813886797253 0.9918965522725564
482 0.08189504623677543 0.9966409591231319
359 -0.023122081625629825 0.9997326489323524
477 0.07334616552426484 0.9973065426451825
332 -0.02264934351567982 0.9997434707155174
55 0.2602793567885031 0.9655333533492063
23 -0.009961406415557088 0.9999503839602363
485 0.11817212267125718 0.9929931265740813
445 0.215680287511317 0.9764640359885437
198 0.07174848178098729 0.9974227565892626
368 -0.09676837249775581 0.9953069285824024
172 0.10676683705327555 0.9942840854130369
357 0.0812751672617062 0.9966917011727255
414 0.047211146822450256 0.9988849321196657
374 0.04071980177958536 0.9991706049234191
152 0.25637219926854976 0.966578137266826
255 0.08925503976635102 0.9960088041158608
83 0.06331618411358436 0.9979935174284924
54 0.23934787422672915 0.97093387782235
120 -0.01657606129475139 0.9998626076576485
34 0.2170508068380203 0.9761603081722614
299 0.35424202033642693 0.9351537793475287
429 -0.08798992207082032 0.9961213649018732
88 0.1791149214931268 0.9838281582159106
382 0.1119008692750175 0.9937193746000405
221 -0.044879133549581285 0.9989924240813034
324 0.07722376356907111 0.9970137864343843
38 0.31978150172034464 0.9474913145551684
251 0.09345457762771828 0.9956235442778684
56 0.01609191023260751 0.999870516829587
190 0.19905098769218607 0.9799891347860777
476 0.011542995137392768 0.9999333774123444
125 0.11277572561671474 0.9936204686456612
226 0.1259745170844229 0.9920334777845689
211 -0.31048722873972534 0.9505775511706163
409 -0.016671515067305073 0.9998610206350483
418 0.018656485635942365 0.9998259526256137
373 0.05880562751957892 0.998269451687283
245 -0.4219792058927064 0.9066055094660306
223 -0.013651787172524627 0.9999068100113111
124 -0.014679428679679337 0.9998922513819368
1 0.10802854209624425 0.9941477928822053
478 0.16806589508434783 0.9857757629955695
210 0.16710640945898897 0.9859388662172339
161 0.2772236326056098 0.9608054212612197
80 0.11281767543903087 0.9936157064522145
337 0.05450838777411021 0.9985133127115868
336 0.46155798088534783 0.8871100440650196
97 0.07963541742329402 0.996824056838426
401 0.12926857722827942 0.9916096182174599
131 0.015972101240073384 0.999872437854938
460 0.022665565084740467 0.9997431030816814
267 0.17942342924125107 0.983771941579607
366 0.11010023729853606 0.9939204886442405
162 0.029055796148872493 0.9995777912249527
85 0.1013441409980087 0.9948514286492107
254 -0.07497906559284867 0.9971851080530753
24 -0.07300618968069662 0.9973314876550857
435 -0.0012975731630530396 0.9999991581515888
195 0.4101300038014277 0.9120270719566613
173 -0.32476278638673695 0.9457955025153814
239 0.3522866371965414 0.935892154712685
45 0.07358684009394133 0.9972888132156045
51 0.20212724722544217 0.9793592680569603
107 -0.4059870394505389 0.9138788343091149
343 0.4726550297438224 0.8812475377882576
287 0.08309958217198352 0.9965412482395507
225 0.10038599978559025 0.994948567036029
118 0.1470042255161572 0.9891358641159438
224 0.2672962841523293 0.9636143920045805
379 0.09180579459459196 0.9957769308830445
283 0.07953956465554368 0.9968317097957942
279 0.10571260123815794 0.9943967246222517
202 -0.04080055422700701 0.9991673107016508
403 -0.010494473564794644 0.9999449314960289
121 0.19274302046778904 0.9812492690753728
47 -0.010364371523380043 0.9999462884589978
133 0.3820824920052296 0.9241282212458798
99 -0.29613826518145164 0.9551450821185858
433 0.012963982601374095 0.9999159640465349
281 0.23277111384830354 0.9725315463047047
344 0.12183352695628864 0.9925505486923027
214 0.10722681392488474 0.9942345851837574
177 0.2375314090764396 0.9713798586043264
319 0.11189670771974512 0.9937198432161259
404 0.25494397861047896 0.9669558251390078
235 0.0972642420742703 0.9952585931373402
26 0.038723889879343 0.9992499488879709
44 0.02150754003977055 0.9997686861076603
21 0.13827675505647977 0.9903936283170699
442 0.23457212179770118 0.9720987190997242
385 0.021492615625314435 0.9997690070579216
448 0.04890707953942312 0.9988033327792436
115 0.24246991978619645 0.9701589240938185
66 0.20220187676645293 0.9793438625080182
36 0.01292889923861476 0.9999164182892878
481 0.15234883555886988 0.988326784167998
249 0.038390412401710636 0.9992628163979818
295 0.04602468750249729 0.9989403025908492
486 0.1288677988141378 0.9916617822770014
257 0.011843645549527028 0.9999298615703489
164 0.1913629403270289 0.9815193452344146
291 -0.447855313203097 0.894106044289913
384 -0.4188770758817173 0.9080429479384674
407 0.032344860854613466 0.9994767681023384
328 0.09695083232277418 0.9952891721062382
183 0.19343393789218838 0.9811133021580745
98 0.05166871231554825 0.9986642800098806
456 0.18232876797088796 0.9832376215189378
100 -0.025487449237676797 0.9996751421993831
176 0.1562525365690464 0.9877171380591403
276 -0.1920995139838524 0.9813754514594135
92 -0.02476650505055807 0.9996932630700183
95 -0.0021246282606479125 0.9999977429748299
236 0.08247934533984178 0.9965927742023374
109 0.10721051581733196 0.9942363427767975
157 0.07794476848189864 0.9969576786736251
489 0.1262561760687009 0.9919976703624405
309 0.47395952798162455 0.880546628995555
200 0.2627680056706074 0.9648590442110658
134 0.13028166944340527 0.9914770227327707
185 0.1817988294445445 0.9833357440938437
259 -2.288810604408745e-05 0.9999999997380674
346 0.08585235066049371 0.9963078710348863
150 0.06918712056634312 0.997603700047137
184 0.10892110331812081 0.9940503977424703
194 0.06942370427779339 0.997587263994659
158 -0.009167428405211338 0.9999579782453039
119 0.19107198337361728 0.9815760271979304
205 0.17992709868873724 0.983679947522289
492 0.09974751341712726 0.9950127806049026
242 0.12586665033170663 0.9920471694099409
139 0.07101787708088003 0.9974750428631912
93 0.49703188002552284 0.8677322802790584
327 0.0731778515661156 0.9973189068899514
307 0.026203866555976032 0.9996566197337547
188 0.1426559124336846 0.9897723428383481
187 0.09655149519811496 0.9953279905513601
22 0.11375315988108103 0.9935090430474548
149 0.06829620998775063 0.9976650879434987
411 0.03779885996239249 0.9992853677431405
94 0.21056372126864292 0.9775801344572737
377 0.10105048690709652 0.9948812989979452
468 -0.2446534380055922 0.9696105895007767
82 0.10182917411989689 0.9948018995247545
339 0.08831307619414301 0.9960927670519084
387 0.06037829183728187 0.998175566658898
70 0.19875339906258074 0.9800495326059139
323 0.04907618569551681 0.9987950380321176
459 0.022763228842798477 0.9997408841358095
423 0.0499919631836773 0.9987496200835533
234 0.13598219567774453 0.99071128107974
438 0.04102216747755449 0.9991582366049151
358 0.08966738584831137 0.9959717666255052
189 0.10581651396224032 0.9943856723489528
381 0.16410524141564514 0.9864428365292703
71 0.22059293247807757 0.975365961134959
325 0.09718565022835349 0.9952662705978195
383 0.04727879593186661 0.9988817324664783
155 0.13972155744420012 0.9901908333171779
106 -0.02826530977422662 0.9996004563141051
472 0.07444538784886157 0.9972250920569702
186 0.3007947470772106 0.9536889011259158
408 0.03318822184335776 0.999449119230627
10 0.3596152760570909 0.9331006661804407
393 -0.4544763851296472 0.8907587862937355
364 0.04184723447965367 0.9991240208134349
72 0.08939921934870199 0.9959958732745045
18 0.4818852016161822 0.8762343593259347
174 -0.0003332589314929832 0.9999999444692408
128 0.0703690097146106 0.9975210285862575
159 0.07644780144462546 0.9970735848743979
355 -0.0178376780398265 0.9998408959640267
450 0.25543293775156756 0.966826775752308
228 0.2448017234570997 0.969573161856512
469 0.2028808703607673 0.9792034275071027
3 0.033778008120414295 0.9994293602688573
341 -0.03693254404527194 0.9993177608700567
330 -0.04932583636071746 0.9987827400727927
39 -0.031848568222549244 0.9994927056773218
431 0.1928796682625885 0.9812224179924315
467 0.2983090384293235 0.9544693382143674
461 0.09719254244407222 0.9952655975634129
474 0.22633080754402157 0.9740504943566689
495 -0.029504754847011348 0.999564639951523
14 0.15228804218989336 0.9883361534447526
315 0.1394629333745329 0.9902272921983974
415 -0.019898598836827958 0.9998020032808151
171 0.08079247199119574 0.9967309448740678
209 0.1631178238741415 0.9866065961337196
233 0.16359053570508003 0.9865283253043092
102 0.4117107274048886 0.9113145872527979
449 0.45187138233418067 0.8920830980505106
222 0.05079665715597933 0.9987090164916795
147 0.19993032229935567 0.9798101174336158
345 0.18592544234823818 0.9825638553740983
297 0.20125500156646983 0.9795388835286122
117 0.12209779833145526 0.9925180742145763
390 0.07783443982951656 0.9969662983152566
101 -0.00038461038149282417 0.9999999260374244
471 0.12118704499420646 0.9926296893230487
0 0.05602331661110635 0.9984294607011013
17 -0.08977951212474367 0.9959616655286704
132 -0.01155415037476827 0.9999332485766823
424 0.04322472856551717 0.9990653746579538
395 0.15396673088283563 0.9880760323888301
