500 2
441 -0.29761930284645316 0.9546846340929508
330 -0.012093649954511785 0.9999268691413277
230 0.036474062632972 0.9993345999989424
382 0.12010869442325404 0.9927607473726696
357 0.42746670193079694 0.9040310939013144
16 0.11991397585622124 0.9927842859324242
69 -0.0016462750499588506 0.9999986448883118
399 -0.13899787425739965 0.9902926794397323
228 0.4024182825820631 0.9154559114690902
475 0.6153957072504149 0.7882183222291661
331 0.08355306548167339 0.9965033292712149
473 -0.047343791943511314 0.9988786539737495
486 0.15122975965924398 0.9884986392471198
169 -0.10072474495012311 0.994914330862076
428 -0.008744837793242177 0.9999617631749577
86 -0.06472097725054254 0.9979033996854278
117 0.125292711269674 0.9921198196300154
329 0.007952026286924934 0.9999683821391214
456 0.04361152992141691 0.9990485646143101
73 -0.13147497676637357 0.9913194896118412
45 -0.08084711919972903 0.99672651380261
102 -0.12263676816949604 0.9924516225453719
420 0.08185039336688797 0.9966446272898308
260 0.36130708919182036 0.9324468817577406
227 -0.13049220359701297 0.9914493354682306
396 -0.19364028438330325 0.9810725968367241
63 0.08118908243008945 0.9966987172130606
87 0.18273137063015035 0.9831628787681249
427 0.059213969891983353 0.9982453134223226
122 -0.03481455066293729 0.9993937897856568
89 -0.1056523032514244 0.9944031329484381
165 0.0693617654215899 0.997591572487258
247 0.11932196787454313 0.992855612857452
464 -0.2188712213852058 0.9757537540021808
60 -0.22238028248047656 0.9749600042893574
221 0.2814600045027827 0.9595729601574304
109 -0.1141402132566713 0.9934646504620693
215 -0.03898347926833448 0.9992398552620564
112 -0.2725268901067581 0.9621481664321454
483 0.03805430443759397 0.9992756726318173
44 -0.13883175319457094 0.9903159820506391
185 -0.22884271543519874 0.9734634105051122
393 -0.010953043133446428 0.9999400136238757
139 -0.12794865385450968 0.9917807933090955
124 0.0413245996948008 0.9991457738788992
20 0.16728505895185747 0.985908570330674
114 -0.06704914123166344 0.9977496743472765
263 -0.17259108116839963 0.9849935627714137
414 -0.3443538599361485 0.9388399326546967
242 -0.06066649414034421 0.9981580919316938
283 -0.1337781453746991 0.9910113055965132
265 -0.3890430525440501 0.9212195738623922
484 0.09481170859850988 0.9954952234504348
6 -0.09389960797984469 0.9955816709950176
495 0.01789155151756573 0.999839933381486
496 -0.013846393964797404 0.9999041340919497
123 -0.1550596879526629 0.9879051033232003
389 -0.12547066716097352 0.9920973297424905
71 0.06998275337038053 0.9975482014573034
11 0.10086816483153643 0.9948998006450289
256 0.16418725082123653 0.9864291898903663
394 -0.19370111411229488 0.9810605885426524
337 0.029516998056734967 0.9995642784862405
244 -0.08239527646515854 0.9965997282842445
160 -0.07821604233636908 0.9969364326381273
381 0.0901437050527173 0.9959287687577704
378 0.17902896635199536 0.9838438032568667
380 -0.0568261133047585 0.9983840908421341
119 0.3513872468139255 0.9362302082161894
390 -0.32601077014665164 0.9453660548953443
264 0.41521669071024314 0.9097225399843814
474 0.07077512455528745 0.9974922965838802
470 -0.038337509347880404 0.9992648474638748
351 0.013007519149130198 0.9999153986440977
434 -0.21394733466532853 0.9768451965330034
97 0.01791271014579023 0.999839554536243
494 0.0021400459125790303 0.9999977100991243
179 -0.1804505374812845 0.9835840602219598
362 -0.03220980531126336 0.9994811296076632
234 0.4692733136326051 0.8830529752581522
354 -0.07437244918702952 0.997230534431193
88 -0.11235304157091403 0.9936683521425871
80 0.46201885115302654 0.886870103893032
19 0.01576053127516398 0.9998757951135353
303 0.0030342740845243476 0.9999953965797943
150 -0.05800799842864047 0.9983161183304127
350 0.02368209148994759 0.999719539942409
368 -0.10689353764764312 0.9942704720593748
371 -0.06097770530719558 0.9981391283060037
386 -0.002481317417786368 0.9999969215271975
468 -0.22320431365891671 0.974771683197687
220 -0.11539722062671756 0.993319425699321
156 0.3269612476010551 0.9450377466361657
327 -0.11614572731381813 0.9932321833422153
183 -0.09496603770816996 0.9954805129594503
226 -0.0019572879718530852 0.9999980845100631
363 -0.09598456822265695 0.9953828221659797
491 -0.10663521752470008 0.994298209987054
159 -0.03999983448964448 0.9991996863694469
356 -0.07055990747443666 0.9975075435590444
326 -0.09324002076617083 0.9956436604164786
104 0.11604941291420193 0.9932434413386625
184 -0.16625486477129006 0.9860828159641968
379 -0.1457400291136076 0.9893229219592381
490 -0.10344382465907284 0.9946352975537833
142 -0.03040750531144911 0.9995375848965031
148 0.03408175715927321 0.999419048161949
430 -0.3863493694055938 0.9223525165357875
95 -0.06681335176756713 0.9977654914986704
448 -0.10544926004390495 0.9944246847077927
487 -0.0787046693899318 0.9968979762323834
100 -0.0660943017190343 0.9978133809887866
115 -0.3574050288976265 0.9339494875627304
259 0.15150520882597046 0.988456459181991
360 0.01501869492498978 0.999887213040926
126 -0.25178592520800447 0.9677829549372882
253 0.027442013260723215 0.999623397039204
344 -0.4833686356771438 0.8754169075609727
209 0.08959977501216529 0.9959778513188781
23 -0.24116978211812407 0.970482939671325
43 -0.14688038069005852 0.9891542618663398
79 -0.11781819268156557 0.9930351823944857
125 -0.08330753719268189 0.9965238854372181
9 -0.06174123428384735 0.9980921901252945
241 0.10333697736763854 0.9946464040595131
22 -0.06648036772995647 0.9977877332912496
224 -0.05590524818052651 0.9984360786880019
166 0.040925192237765015 0.999162213376938
207 -0.22855357488538913 0.9735313366333458
14 0.08809507375211278 0.9961120709943284
229 -0.0019620985567005656 0.9999980750827743
178 -0.18374522698056894 0.9829739017704688
465 0.2873658239350124 0.9578209035274555
248 0.030326340946655487 0.9995400507457353
466 -0.034082139629468704 0.9994190351190423
144 -0.2130891169273049 0.977032767233086
411 -0.2505092251364045 0.9681142123332134
103 -0.010405980149245701 0.9999458563227978
236 -0.0510737858010411 0.9986948825361774
340 0.06564236228354559 0.9978432142745851
270 -0.040694206361728755 0.9991716477005284
282 0.4530448740978788 0.8914877127889296
324 -0.3071517161132208 0.9516605609610517
36 0.033334649980142905 0.9994442461241654
309 -0.024446152448047688 0.999701148159032
17 0.04975222669284125 0.9987615911413014
42 -0.041521882788641384 0.9991375947534386
458 -0.04765978868508546 0.9988636265989932
12 -0.06926566860342992 0.9975982493734237
143 -0.12869452680920726 0.9916842838168579
235 -0.41991187828050747 0.9075648816910757
397 0.0045281059335042055 0.9999897480757765
286 -0.008023006618945673 0.9999678151644643
384 -0.203880968009284 0.9789956848135732
451 0.006928392538972349 0.9999759984003745
205 -0.1830186669229457 0.9831094382405998
457 -0.03356318862257182 0.9994365974735394
145 0.08780423336350301 0.9961377498134721
338 -0.1940968028368656 0.9809823806412156
406 0.4763893000526382 0.8792344595131366
152 -0.06013213123651233 0.9981904261176596
297 0.4796977336806087 0.8774338062222631
65 0.02983770796193276 0.9995547564708891
469 -0.22773616369093871 0.9737228762575798
161 0.013843089364120717 0.9999041798476777
392 -0.002102624301304404 0.9999977894830807
304 -0.1280627748369216 0.9917660639995038
482 -0.05150618421587693 0.998672675598727
250 0.0683387902672921 0.9976621721528801
78 -0.14324898880610337 0.9896866813320411
105 -0.09618141156782925 0.9953638209563475
75 -0.12461362076722562 0.9922053444319285
369 -0.1761903093629275 0.9843561219836019
450 0.43271182522786406 0.9015322935469202
182 0.3805155298504533 0.9247745301113286
447 0.10518715557494406 0.9944524434592398
367 0.06855369499293792 0.997647428154263
422 -0.1553642013935156 0.987857259387891
4 0.43037192065577895 0.9026516547988244
476 -0.05676070964661447 0.9983878113440752
273 -0.1497056171037845 0.9887306145799143
110 -0.23662383714212862 0.9716013378418821
455 0.008664231647486167 0.9999624648405353
74 -0.09804977178282752 0.9951815122143978
323 0.010306402956787877 0.9999468876185835
407 -0.16554833175709582 0.9862016780823497
320 -0.4159559773644551 0.9093847507489782
131 -0.05538282908338002 0.998465193305566
210 -0.12534087154886311 0.9921137363827655
301 0.007278789532988712 0.9999735092605876
423 0.005751547841173325 0.9999834597119248
18 0.04671258841600303 0.9989083712150364
299 0.0689682339842312 0.9976188564281935
339 0.0053439129196982795 0.9999857211954113
163 -0.08245896389338014 0.9965944607881534
28 0.09391160900892331 0.9955805390290408
257 0.09348846626273793 0.9956203627265972
147 -0.002737450036050143 0.9999962531766308
1 -0.08182448733819274 0.996646754508257
216 -0.12613913340007799 0.9920125599129668
21 -0.049694964576923024 0.9987644419459968
460 0.22275326466866022 0.9748748550862587
499 -0.4786878364143998 0.877985168023299
72 -0.08869426174336209 0.996058897823718
488 0.09555279944267686 0.9954243630325047
437 -0.033781659640199094 0.9994292368506905
167 -0.15387528341482448 0.9880902778359918
66 -0.15287413795303775 0.9882456667980465
164 -0.07822207831851834 0.9969359590583198
85 0.3999184815844909 0.9165507122288189
343 0.10864325544774278 0.9940808030767503
316 -0.1044903036736973 0.9945259053630421
94 0.22241302305642807 0.9749525358574647
40 -0.02234877939305147 0.9997502348385024
194 -0.15222431970086747 0.9883459700386339
310 -0.031633416618771094 0.9994995382455278
68 -0.265890402579327 0.9640032644219642
129 -0.07727086123802411 0.9970101373624713
93 0.10081285570778158 0.9949054066211732
415 -0.11009552511052177 0.9939210106193743
424 0.35181380457327244 0.9360700010745346
377 0.022161669305446573 0.9997544000471296
358 -0.11925020283942336 0.9928642349902408
212 -0.3709415707470741 0.9286562071572523
30 0.05119363875308015 0.9986887459820597
463 -0.6153957072504149 0.7882183222291662
421 -0.1035156441133808 0.9946278255829121
177 -0.05043847258812191 0.9987271701936307
266 -0.0354273474685997 0.999372254493459
493 -0.07238776025703236 0.9973765648765619
400 0.09060668402248621 0.9958867550130635
341 -0.02890063440255704 0.9995822894245023
249 0.02109614731816034 0.9997774515202523
262 0.08305078445603664 0.996545316180472
173 -0.13789537056013224 0.9904468015891029
267 -0.3974945596465085 0.9176045308581624
25 -0.14760172315346998 0.9890468802448782
120 -0.19347110217486294 0.981105974206275
353 -0.051511936865267186 0.9986723788912902
55 -0.055086540837982464 0.9984815837152456
419 -0.19280806745812482 0.981236489906008
211 -0.06862409885733148 0.9976425878319445
0 0.022352573689170166 0.9997501500122269
237 -0.1678605265522243 0.9858107544684273
190 -0.018414869027589875 0.9998304319226818
305 -0.17236918425976253 0.98503241790188
272 -0.29005628174227693 0.9570095889915863
208 0.03502589749774819 0.9993864050028284
497 0.10553301665911613 0.9944157995500807
255 -0.47837830382452706 0.8781538580624517
279 -0.24205797238763244 0.9702617883868189
48 -0.03705404729272212 0.999313262985751
291 -0.04334328922109797 0.9990602380634995
375 0.3708501976095579 0.9286926999459789
180 -0.14369409752578746 0.9896221533172394
292 -0.08381589153806307 0.9964812573880553
391 -0.027357046619462196 0.9996257259596015
174 -0.03165222179516239 0.9994989428986055
312 -0.1362629238722903 0.9906727086065177
383 -0.0689086074511056 0.997622976789904
192 -0.10313947679283401 0.9946669032027255
231 0.0050062582150415145 0.9999874686108243
277 -0.09879463170440608 0.99510784377694
50 0.4834083777653816 0.8753949624633683
274 -0.24314064794157028 0.9699910439372899
348 -0.14186932826814982 0.9898853942233635
403 -0.012244745729698515 0.9999250302907788
151 -0.045152399418280115 0.9989801103259123
308 -0.4136915481779706 0.910417103840934
438 -0.08482291011172476 0.9963960427060008
239 -0.06392115767562644 0.9979549516894075
462 0.3575348676387946 0.9338997903536063
8 -0.06113778492449736 0.9981293359352413
238 -0.058259839110595166 0.9983014530425203
39 -0.21530445962388473 0.9765469725855828
32 0.15428600043137386 0.9880262294447906
449 -0.04197167680038834 0.9991188009173703
404 -0.14209652453473587 0.9898528060854045
334 -0.00812892914904185 0.9999669597096145
408 0.14901221027545614 0.9888353559560981
135 -0.05060462974206452 0.9987187649426982
99 -0.18869952770449797 0.9820348711955698
158 -0.5017749146718051 0.8649982283254126
459 -0.13585090404024613 0.9907292929309438
186 0.36415608238201447 0.9313379341915498
116 -0.19304385090504803 0.9811901302131764
268 -0.1403800185832861 0.9900976973928161
96 -0.4641498409383363 0.8857566963658344
27 0.002900874931617247 0.9999957924534638
439 0.05352004960636224 0.998566775078228
317 0.046368803688491854 0.9989243885522557
347 -0.21347208205483414 0.9769491645849206
15 0.0056054408755882934 0.9999842893928836
365 -0.04396822381669398 0.999032930035044
181 -0.11983834213591459 0.9927934184683718
26 0.03375651221985615 0.9994300865406998
222 -0.0522962791074177 0.998631613354754
387 0.05175859182983073 0.9986596257843775
416 -0.09687114485565557 0.9952969312191989
288 -0.0017993666338041766 0.9999983811385482
204 -0.09489447895102998 0.9954873368680349
70 0.40778159740806214 0.9130794975331168
425 -0.07873936893875429 0.9968952361101576
313 0.060663910381883596 0.9981582489651523
278 -0.02333637508803546 0.9997276697169838
243 0.03441187416182336 0.9994077360700542
398 -0.4442214587109944 0.8959170138024372
314 0.24662596248722207 0.9691107442533343
98 -0.1019520146416027 0.9947893177505066
489 -0.30707041650414635 0.951686796854916
58 -0.07172586663948316 0.9974243831262674
2 -0.007935778783997637 0.9999685112117739
325 -0.1264475322609207 0.9919732968105157
149 -0.1611202956327906 0.9869347751169791
213 0.02786219986719549 0.9996117735493917
373 0.20126249182197772 0.9795373445589547
269 -0.05783042219634281 0.9983264207004604
49 -0.20099429380300665 0.9795924121075206
417 -0.009101731017285826 0.9999585783883695
401 0.3704186878506727 0.9288648963605988
176 -0.09787404741539911 0.9951988097071499
426 -0.00956315770866774 0.9999542719617928
77 -0.19612616629450977 0.9805786694062941
311 -0.12205244206425592 0.9925236528094187
214 -0.07438797998610519 0.9972293760382246
83 -0.288709047218403 0.9574168820603915
10 0.21258907200334148 0.9771416921126423
203 -0.0945231638769091 0.9955226624696691
276 -0.18241200687773423 0.9832221822898615
175 -0.018115460698665205 0.9998359015776914
52 -0.08384621015776697 0.9964787067680771
193 -0.024715809924500457 0.9996945177101733
218 -0.07488006257249223 0.9971925472190111
307 -0.3140079025547435 0.9494203690321641
413 -0.28270725402897096 0.9592062387825671
452 -0.06695680796635284 0.9977558748847118
106 -0.1022034163678203 0.9947635204825044
132 -0.10727514856672891 0.9942293711714548
5 0.008568604396268229 0.9999632888354953
233 -0.05921353876688289 0.9982453389957315
335 -0.1542943854111483 0.9880249200453378
431 0.44915543293951427 0.8934536345333861
84 -0.11517542682183679 0.9933451671279263
287 -0.20176684648074283 0.979433581036109
168 -0.20857337217975752 0.978006722071768
31 -0.09246658142493956 0.9957157884253844
200 0.03399826669635509 0.9994218918262915
35 0.02024650302711649 0.9997950185488889
146 0.07441164345166602 0.9972276105878849
361 -0.08421446874454815 0.9964476520390189
433 -0.08287049092950918 0.9965603251851352
471 0.0005831853537819235 0.9999998299474071
290 -0.0796752732786902 0.99682087198652
285 -0.11770287100243383 0.9930488578905795
56 -0.07452948634671516 0.9972188103244416
121 -0.32386677572513894 0.9461026961072473
91 -0.08637110111843882 0.996263033988308
206 -0.04916414338316835 0.9987907123143462
258 0.008339775080668188 0.9999652234710984
364 -0.06345578832999443 0.9979846506472025
53 -0.16710432764047406 0.9859392190616137
318 -0.08632481284385472 0.99626704587047
445 -0.3013813484251752 0.9535036878908352
480 -0.13135349350298883 0.9913355939057974
498 0.061056864406273254 0.9981342892160724
336 -0.03438497444341247 0.999408661925904
154 -0.023370859635390057 0.9997268641583574
443 -0.04823024866847642 0.9988362443931322
76 -0.235660714875484 0.9718353911359555
388 -0.10046126408074911 0.9949409703189924
429 -0.047866279632096935 0.9988537526956496
461 0.1241785600005981 0.9922598879508221
197 0.12487697240970859 0.9921722339199908
376 -0.05148371216965373 0.998673834332928
418 0.34432801190376794 0.9388494129616306
478 0.0680165898790534 0.997684190263244
3 -0.26747003263640146 0.9635661791706278
24 0.11945903454276033 0.9928391305071087
130 0.15173453395701367 0.9884212822500575
435 -0.045692119869199306 0.9989555696735759
155 0.0034359497875732213 0.9999940971071065
101 0.08892263906794814 0.996038535530223
54 0.12691650436561489 0.9919134039419029
37 0.22757038696982407 0.973761633550226
133 -0.15987306318655878 0.9871375809213964
492 -0.029340358250525837 0.999569479014706
136 -0.16604849652973594 0.9861175877146774
300 -0.41990096603790156 0.9075699304849391
372 -0.09880971703277466 0.9951063459851429
202 -0.12097709626456164 0.9926552987716304
81 -0.01218918021395933 0.999925709183293
405 -0.21277859470525226 0.9771004398910369
113 -0.04090412330525494 0.9991630761275301
46 0.04325154594943527 0.9990642140388093
252 -0.07999751553336173 0.9967950629434766
201 0.40673963113703054 0.9135441272661723
412 -0.05537773841592333 0.998465475661496
298 -0.042252341946229344 0.9991069710496763
67 0.07421879005869832 0.9972419822702124
442 -0.10125974419754306 0.9948600224177512
240 -0.18494508812415486 0.9827488562083134
108 -0.06074141679718319 0.9981535354270258
315 -0.09713009276130127 0.9952716941017568
140 -0.4004893509032845 0.9163014131894951
157 0.3373527887902428 0.9413782958489354
128 -0.12702026893230395 0.9919001216253404
333 -0.14372207066648035 0.9896180911863622
7 -0.00773773389004765 0.99997006328902
38 -0.055917076891588986 0.9984354162948649
82 -0.13550167582276665 0.9907771171404908
153 0.2972619187794717 0.9547959738308215
440 -0.028929972514939867 0.9995814407492194
118 0.07401925050649585 0.997256812739054
141 -0.4170522204694546 0.9088825256332622
261 -0.15121009027956375 0.9885016482523669
453 -0.043325691959423915 0.9990610013488852
477 0.18594308217273345 0.9825605173179432
111 -0.19847630816853484 0.9801056856766972
246 -0.23482695266771753 0.9720371918300214
322 0.2905294566808098 0.9568660485150225
223 0.244446855000564 0.9696626913934212
485 -0.0892391378144509 0.9960102290047695
472 -0.06405212988004769 0.997946554008695
107 -0.1281920368148583 0.9917493643543503
446 -0.038956433842469704 0.9992409100223414
191 0.0013757272726222603 0.9999990536867879
289 -0.09982269448852327 0.995005241023911
342 -0.007363418557165261 0.9999728896660909
13 0.21732629262626443 0.9760990126689623
189 -0.31062636928800524 0.9505320924108516
92 -0.06001098785396154 0.9981977165555888
454 0.4616843885502366 0.8870442634778684
302 0.42580660917249197 0.9048141972720283
162 -0.020461565549517505 0.9997906402518794
410 -0.20869693428336075 0.9779803625946314
409 -0.042933913629304044 0.9990779144093174
33 -0.0013145070044906 0.9999991360352944
402 -0.032204286659863426 0.9994813074393785
195 0.1886397513897539 0.9820463554209709
280 -0.1741923301862155 0.9847116492173212
284 0.1474814039615878 0.9890648287577104
62 0.37992811012269384 0.9250160166930075
332 -0.11893340224523855 0.9929022337724759
395 -0.10758971708994564 0.9941953795791375
306 0.07487045852658873 0.9971932683487281
34 -0.07918689094461287 0.99685978768457
346 -0.026523477927668144 0.9996481906744095
196 -0.1848034236112438 0.9827755057089911
217 0.2003694284389061 0.9797204152956424
61 -0.22851225478410972 0.9735410363274278
281 -0.26238969848053545 0.9649619920656428
138 -0.0637354532024485 0.9979668291106065
137 -0.2626444482660214 0.9648926851184214
366 0.011102272289972785 0.9999383678757403
187 0.07524322011471396 0.9971652108987601
171 -0.09058917726406043 0.9958883476387403
199 -0.08718658650927005 0.9961919991311221
481 0.038034235324796294 0.9992764366997042
352 -0.16757184730171465 0.9858598663054963
355 -0.01817960241773877 0.9998347373720983
188 0.3927933215344746 0.919626775685612
349 -0.026174890004687954 0.9996573788720027
479 -0.15634618502550254 0.9877023187316973
295 -0.2264515192996918 0.9740224378354234
47 0.09953663919615434 0.9950338976424545
251 -0.005133599950946136 0.999986822988955
370 0.2086441839159712 0.9779916178158372
127 -0.03610157330213361 0.9993481257325251
198 -0.02138328118155186 0.9997713515028879
254 0.05550192436520388 0.9984585802083926
271 0.1573148167943413 0.9875485043363504
345 -0.002290143037597854 0.9999973776189953
90 0.05577999563415292 0.9984430840498889
51 -0.03173023990878502 0.9994964691660151
296 -0.18837413469910927 0.9820973400719308
374 0.025371003509621598 0.9996781042820307
59 -0.07801173796479814 0.9969524405605875
444 0.03536484863721032 0.9993744680953519
64 -0.13068065018828054 0.9914245143561705
321 -0.07692642554801005 0.9970367721666069
225 0.09053269069297347 0.9958934842220277
293 0.09767002779863743 0.9952188531523171
134 -0.37024913474511917 0.9289324938985021
275 0.06855070389049496 0.9976476336844176
319 0.026258832597742657 0.9996551774039906
29 -0.21086869638246178 0.9775143952320912
219 0.2459274111662338 0.9692882483745865
467 -0.0326428858955697 0.9994670789978072
385 0.14109566629353712 0.9899959661297529
432 -0.1326310418642202 0.9911654789862344
294 -0.1352255449126643 0.9908148424418526
172 -0.08801489309836615 0.9961191588323574
232 0.1740257004835423 0.9847411109379014
436 -0.1909723763650521 0.9815954112899494
328 -0.13809358890042647 0.9904191843379245
57 0.0137833388039147 0.9999050052737093
359 -0.03566712383523089 0.999363725716179
245 -0.09386833345378859 0.9955846201979058
41 0.20418715619800945 0.9789318695618044
170 -0.12530015267481892 0.9921188798423639
