2000 2
542 -0.15944765411493214 0.9872063844998394
417 -0.14767994336628673 0.9890352037856541
1594 -0.2258053674212426 0.9741724365038037
1215 0.0023761041286190624 0.9999971770606004
358 0.21205486875732849 0.9772577616147707
576 -0.1300956524750904 0.9915014479097247
1364 -0.03195662320416212 0.9994892566873278
1912 -0.13623469350052253 0.9906765911672784
124 -0.13926854611609016 0.9902546501091073
942 0.10043702994432344 0.9949434169921237
363 -0.17474873892618617 0.9846130601630814
1906 -0.21887302274789172 0.9757533499369607
1701 0.010129951543993819 0.9999486907245373
966 -0.13711279002933538 0.9905554415631522
513 -0.014653872444214164 0.9998926262466329
1511 -0.12918121456851686 0.9916210031068335
1634 -0.024060253569630676 0.9997105101969095
1106 -0.10440526114656837 0.9945348367176068
995 0.11215756240848451 0.9936904352939032
548 -0.13393099477600384 0.9909906602174967
147 -0.1324600601740195 0.9911883435849592
597 -0.20166579926085712 0.9794543916939062
539 0.10063285964942516 0.9949236290081662
1440 -0.1340009583047128 0.9909812022301021
422 -0.11871684059683273 0.9929281503506214
328 -0.15395529179944925 0.9880778148136645
1849 -0.19931217894309328 0.9799360465484247
1816 -0.12195714307259016 0.9925353672557828
1129 -0.08573079327422335 0.9963183382255755
1053 -0.18395286856864151 0.9829350650706119
1501 -0.11611563935953088 0.9932357012794735
1315 0.17175219856622873 0.9851401840792338
1953 -0.06906586865614191 0.9976121018646339
1141 -0.10729845354377061 0.9942268563396964
743 -0.32795987456911685 0.944691653754075
653 -0.06034829866817893 0.9981773804529214
1531 0.07877401920865315 0.9968924986665888
691 -0.22629679138211747 0.9740583977412024
672 0.13955514355197085 0.9902143010016512
113 -0.1326560839282847 0.991162127705055
1269 -0.17901564022751634 0.9838462281037278
5 -0.12230280035126856 0.9924928337404949
1991 -0.2222814714316649 0.97498253700165
1753 -0.3047253480197201 0.952440267037393
1941 -0.20857881002769332 0.9780055623601696
698 -0.1299100665878066 0.9915257811066496
225 0.0023282709109355725 0.9999972895736094
1441 -0.1399761887129265 0.9901548700043863
683 -0.23206595336187866 0.9727000530946023
1276 0.1320069991554319 0.9912487841979822
1259 -0.1627203081841993 0.9866722360056753
1138 -0.13227203715008137 0.9912134523845848
1955 0.011149758272720248 0.9999378395132669
973 -0.2027779736336976 0.9792247410114858
249 0.10135514144150518 0.9948503079877759
584 -0.13161564739412054 0.9913008228388729
401 -0.08419706688398021 0.9964491225989084
1241 -0.3033867572938102 0.952867501544022
1184 -0.0375896921324698 0.9992932577804106
676 0.2611403125035419 0.9653008531983966
1337 -0.0949703584834129 0.995480100760197
155 -0.1209684244691031 0.9926563555840777
1860 -0.1200194009858108 0.9927715464229457
95 -0.12526629006455847 0.992123155950642
455 -0.04174370092823762 0.9991283518311418
1638 -0.12432970437482406 0.9922409609616349
1797 -0.09183000390937338 0.9957746986050633
1556 -0.031367038655594925 0.9995079333782091
1627 0.04873399458631825 0.9988117929678547
904 -0.31287927866372056 0.9497929021543959
1760 -0.11783125652497208 0.993033632353782
1737 -0.04762429036408605 0.9988653197340056
1230 -0.21730220403967107 0.9761043756276792
971 -0.08563868500249064 0.9963262596313741
1890 -0.09787749972282171 0.9951984701796969
645 -0.1274636313889955 0.9918432450105864
8 -0.1187017584553655 0.9929299534909821
634 0.008878873727026643 0.9999605820237812
1784 -0.1281840183221307 0.9917504007797485
219 -0.047518758315714345 0.998870345744698
1036 -0.1294141157839183 0.9915906346047579
376 -0.17545334289520587 0.984487747240613
1927 -0.12295916798102667 0.9924117305883752
1145 -0.09953982597828648 0.9950335788525995
819 -0.12428491547152637 0.992246572070791
1228 -0.11035691573155944 0.9938920218767316
591 -0.18530188745925624 0.9826816424987479
1699 -0.23998400969994918 0.970776841034197
461 0.24908937865071534 0.9684805013232846
559 -0.2035481580630476 0.9790649352055973
1271 -0.16487176319543603 0.9863150113938386
594 -0.2428346613243376 0.9700676921016874
132 -0.15408776438918892 0.9880571647761792
173 -0.14785995306377525 0.989008308498962
1012 -0.07685470172568457 0.9970423034268184
1757 -0.3538331870481165 0.9353085457448641
735 -0.22618817572153668 0.9740836253442324
918 -0.0218497186263906 0.9997612664011082
1273 -0.09424379779360555 0.9955491482480601
365 -0.126725235985675 0.9919378582171239
963 -0.10316513395503324 0.994664242413509
1859 -0.05974174312464753 0.9982138669285399
686 -0.2388598183623355 0.9710540598606816
607 -0.20835884322496673 0.9780524487214138
1563 -0.22269516665869177 0.97488812832389
632 0.11520776555781144 0.9933414170138967
1473 -0.1250533775959875 0.9921500152455954
1610 -0.12199368585284072 0.9925308764023607
1044 -0.11576628512416925 0.9932764807587813
1394 0.025109590706782783 0.9996847045216496
220 -0.21389936903591683 0.9768557006672155
1480 -0.3184023434699137 0.9479556675672481
465 -0.6797548833135799 0.7334393626001683
751 0.02203210824915062 0.9997572636425792
777 -0.2744295674224271 0.9616072028246978
1245 -0.0022343416684556627 0.999997503855539
1247 0.0341472934206931 0.9994168111213866
125 -0.12467013245160107 0.9921982453494363
257 0.002891327495034668 0.9999958201039225
770 0.15780095745913705 0.9874709402432962
912 0.22846386407594813 0.9735523934598931
1446 -0.02379764192578872 0.999716796017138
1147 -0.1896320624095339 0.9818552240052026
1960 -0.012305944958066606 0.999924278992509
1422 -0.2237449705866008 0.9746477251485283
453 -0.1910399342482136 0.9815822652852069
1235 -0.018232467509417025 0.9998337747488419
889 -0.08258954112795952 0.9965836481180459
1907 -0.16381178751668404 0.9864916108465337
1932 -0.061993095222469846 0.9980765782968449
1482 -0.06713710991583524 0.9977437589241784
892 0.0007764899182970148 0.999999698531658
339 -0.07088323198388527 0.9974846201438489
1257 0.02555120427030858 0.9996735146838377
1884 0.08579030552377076 0.996313215549276
57 -0.12249260371773199 0.9924694262466983
40 -0.15004956375737932 0.9886784757524663
1626 -0.14721777346837586 0.9891041033051141
801 0.07257684823719393 0.9973628231992384
847 -0.21468682068768627 0.9766829419125805
1144 -0.134733767610577 0.9908818354705364
1015 -0.07558637101849044 0.9971392583366955
460 -0.15095541815602892 0.9885405716152162
1479 -0.13288571320785447 0.9911313672895434
208 0.13443022903202675 0.9909230613536032
116 -0.12687623626826142 0.9919185554622921
1756 -0.23354639096720653 0.9723456603832779
1354 -0.12005537318397587 0.9927671969649563
1010 0.009385363072928655 0.9999559565100801
808 0.24021253736108267 0.9707203185751035
451 0.057436847480512136 0.9983491416090366
629 -0.22784912708833005 0.9736964492515551
1712 0.06954203274075611 0.9975790222745683
1006 -0.08084151654217776 0.9967269682331068
1865 0.028771656430793883 0.9995860101993366
1489 -0.1107758780766266 0.9938454129472816
1476 -0.13823771358226275 0.9903990784242221
960 -0.11936940950642534 0.9928499101445732
730 -0.015916884474322344 0.9998733183701979
267 -0.0009547943768856321 0.999999544183745
544 -0.15378212126105428 0.9881047814783867
1014 0.08288422804297163 0.9965591827592181
813 -0.13895282100929657 0.9902990020865204
1031 -0.13225560583649845 0.9912156449152831
1893 -0.17483875835970228 0.9845970793046451
17 -0.13569862262464027 0.9907501621588439
1029 -0.17764746956770044 0.9840941908964776
1981 -0.15882731536555172 0.9873063779262097
1683 -0.12677516403485506 0.9919314783713317
449 -0.15065567809767674 0.9885862970206137
631 -0.26042030600537913 0.9654953465553652
1524 -0.1985659237798845 0.9800875338016707
1052 -0.026152055302986293 0.9996579765116814
341 -0.12314393510971541 0.9923888205968939
1316 -0.16788961742030928 0.985805800531962
1077 0.015194648511922731 0.9998845546644868
1586 -0.21172778007171267 0.9773286791790695
873 -0.1562650859290049 0.9877151527234969
829 -0.08705823341705243 0.9962032242440807
72 -0.14231908846172006 0.9898208307867769
1839 -0.16665647731987415 0.9860150194430762
1126 -0.26666466995819865 0.9637893721120216
1307 0.015030249895038745 0.9998870394139993
1099 -0.1739232589657902 0.9847592091423766
1087 -0.10717689767686248 0.9942399673139092
48 -0.14114984650502413 0.9899882427744322
1750 0.10656185139475668 0.9943060755257014
1058 0.01792859128691135 0.9998392698901493
908 -0.0024516383037490688 0.9999969947302979
1 -0.12642153636909442 0.9919766101789285
1214 -0.010581066263458342 0.9999440189514252
796 -0.2916674032210356 0.9565197990100872
1135 -0.208687920646632 0.977982286023722
1518 0.06890702868726895 0.9976230858382799
178 -0.1331501894476255 0.9910958717753099
1243 -0.2691839461308344 0.963088782587271
349 -0.13821553863548874 0.9904021733011806
1212 -0.04822804669936935 0.9988363507159537
795 0.011125921499521203 0.999938105019899
1934 0.0007772855017872239 0.9999996979135787
1552 -0.13930304967033427 0.9902497969464797
692 -0.18435052444773964 0.9828605618987076
1548 -0.07737101276830838 0.9970023702996931
39 -0.14330018819102794 0.9896792692910243
457 -0.005193862739345022 0.9999865118039567
1722 0.1943567623356586 0.9809309093582484
1980 -0.13534755757796746 0.9907981826071739
1988 -0.14248099281442464 0.989797538230226
1478 0.00986627195975601 0.9999513271542851
1100 -0.1877993179740928 0.9822074201351085
880 -0.1328160134427528 0.9911407097749413
734 0.11961613393064686 0.9928202155997256
1493 -0.2551592715372359 0.9668990361710922
140 -0.13329677955039015 0.9910761668819882
294 -0.15206278206730875 0.9883708364323333
1787 -0.19483034950259354 0.9808369563350972
1888 -0.01650695070494559 0.9998637510073182
529 -0.08290508677589539 0.9965574477102066
1488 -0.11241145593900737 0.9936617455521132
1625 -0.22380400997406544 0.9746341698912103
1770 -0.03374218681782846 0.9994305702892776
73 -0.11849224651290335 0.9929549775877682
1041 -0.14750734233541077 0.9890609606880376
309 -0.14944289096175079 0.9887703587491862
121 -0.152800513154142 0.9882570531900244
1393 -0.23428791073359184 0.9721672566405889
374 -0.21193208039041125 0.9772843973487924
851 -0.24253184834133554 0.9701434443112706
1311 -0.0722110480835304 0.9973893745848097
1910 -0.11589631804400086 0.9932613168063296
761 -0.15121887700091674 0.9885003041165854
31 -0.11393787037539603 0.9934878769740069
469 -0.18261746702502074 0.9831840421494673
1122 -0.2695789508498681 0.96297829116688
977 0.01946670911537272 0.999810505664057
1303 -0.15778469366285036 0.9874735391116667
188 -0.1487098499167718 0.9888808727737286
1840 -0.18830186738190213 0.9821111987654395
1938 -0.2699599056642204 0.9628715642980455
1026 -0.18941106795513482 0.9818978802992169
430 -0.047288296933728505 0.9988812827223801
1982 -0.39701855433247113 0.917810583680399
1200 0.005538249914539675 0.9999846637763422
1418 0.018898482999886345 0.9998214077225508
1499 -0.13801710404412101 0.9904298455677083
1254 -0.13660827618337149 0.9906251454905673
718 -0.1795792980109367 0.9837435009828015
215 -0.11586715912824395 0.9932647187107524
1288 -0.040225114019502115 0.9991906425713353
1105 -0.04569610012618561 0.9989553876091052
1007 -0.14655841621433396 0.98920201710103
1572 -0.13776546809791432 0.990464878630112
852 -0.019598208485601676 0.9998079366679157
1367 0.09618692036346443 0.9953632886293289
1404 -0.23980743104687996 0.9708204756878049
1591 -0.13946987389695983 0.9902263146751686
1717 -0.09070060184778178 0.9958782058185882
1970 -0.25041024020031366 0.9681398202753677
1323 -0.17995038696848079 0.9836756875260739
1956 -0.15374911554393625 0.9881099177062526
470 -0.23134338052635522 0.9728721602999225
1867 -0.3776064343402238 0.9259661876898433
797 -0.10558742164318698 0.9944100242811029
1700 -0.2379321283571178 0.9712817831584468
1205 -0.2196848534978183 0.9755708919108043
1156 -0.12372930648435446 0.992316007487988
1347 -0.15443704503031266 0.9880026311312664
193 -0.3751898536094784 0.9269479886965062
849 -0.0873777386281492 0.9961752510438265
146 -0.14248179305227066 0.9897974230359513
3 -0.13312161091520353 0.9910997107795669
668 -0.20392476101248797 0.9789865636697981
1332 -0.18733003788624383 0.9822970308952065
787 -0.16100410512772131 0.9869537365712852
1767 -0.20814486072064728 0.9780980098924557
1526 0.20598804964842918 0.9785545071185541
1643 -0.07306135304107954 0.9973274480790182
421 -0.1453048738728711 0.989386928167534
785 -0.046199704782517274 0.9989322235657473
758 0.23073935411868246 0.9730155962063985
409 -0.11785287742626836 0.9930310666249818
1149 -0.06451182999697229 0.9979169423305939
1801 -0.10278932507994161 0.9947031490095978
1923 -0.11650443054585681 0.993190171952575
1207 -0.06858394881312552 0.9976453487914424
481 -0.16540474815818743 0.9862257699364414
1016 -0.1217616009653233 0.9925593748135985
838 0.09784040262315911 0.9952021179712883
0 -0.13179275090359321 0.9912772925923721
1581 -0.0933612134982458 0.9956323035208002
1368 -0.2384178473479586 0.97116266920942
405 -0.13422777233590846 0.9909505058950924
759 0.0476546215956303 0.9988638731281542
1714 -0.12404910115031785 0.9922760807879015
1979 0.03482207174370087 0.9993935277554465
1856 -0.3422858116000004 0.9395958829078217
1391 -0.2844193151162692 0.9586999808014979
500 0.29561908882042576 0.9553058956821009
1794 -0.13342105423160233 0.9910594443764349
639 -0.14041547540507354 0.9900926695349114
802 -0.06594525918433923 0.9978232422584223
944 -0.2915480563004072 0.9565561828076042
557 -0.03953985750432727 0.9992179940676296
454 -0.10463842426302875 0.9945103318557079
1623 -0.09758968087053288 0.9952267350647226
987 -0.12355397441255941 0.9923378534586196
677 -0.18097974301903041 0.9834868238145166
804 -0.21297968353091595 0.9770566280431605
1697 -0.13673468746387124 0.9906077050195791
111 -0.11592208292873916 0.9932583101537396
1132 0.006822667736738234 0.999976725331622
394 -0.2064781274948395 0.9784512163957
1796 0.0042145443905475845 0.999991118768352
1204 -0.18124817016880776 0.9834373903866269
1566 -0.13627577942117136 0.9906709402940778
185 -0.10542589540224889 0.9944271620277847
1540 -0.12208875421086124 0.9925191867642862
43 -0.12437618606908153 0.9922351356099567
1298 -0.138973751847896 0.9902960649711374
1382 -0.07175072976158511 0.9974225948807657
37 -0.1490921500739668 0.9888233061504577
714 0.21015010299452427 0.9776691333019525
269 -0.1040977089983154 0.9945670751544623
1624 0.09733308288584465 0.9952518630858911
582 -0.11854899874637786 0.9929482035313983
80 -0.13153235860075077 0.9913118775849119
1776 -0.19882216526946755 0.9800355843527114
567 -0.09864277686948603 0.9951229082738859
790 0.3295330567697661 0.9441440380026632
1879 -0.0039475595638299235 0.9999922083563901
1312 0.11609997724771146 0.993237532155869
1554 -0.19239456436266733 0.9813176507144359
210 -0.175366294711242 0.9845032568149532
1350 -0.14031311253793757 0.990107181293983
1836 -0.2091697049766949 0.9778793558102975
1719 -0.09593947653062543 0.9953871693180647
1692 -0.11344510602760817 0.9935442657065585
439 -0.20425855324202535 0.9789169747366089
986 -0.13112760571278193 0.9913654981993438
590 -0.30058912361322015 0.9537537306692101
665 -0.07605830471039313 0.9971033719151596
474 -0.12321107807360197 0.9923804866279571
1886 -0.1570011631720796 0.9875984177602829
1057 -0.09053500733986768 0.995893273622214
1914 -0.1832420933252635 0.9830678182270922
1648 -0.20724316965487619 0.9782894605541859
1162 -0.08954905942970554 0.9959824124728583
897 -0.2574711992342856 0.9662859729732491
756 -0.0695336666782878 0.9975796054442336
1731 -0.12222267079416284 0.9925027046532123
1772 0.057069916054192434 0.9983701841909982
1475 -0.017910135257603495 0.9998396006635535
1335 -0.23895617955295248 0.9710303518703506
1730 -0.22875838661211287 0.9734832307516258
1795 -0.17448031680486847 0.9846606618768075
876 -0.09969342658579329 0.9950182011880904
1251 -0.1286576010536544 0.9916890751092898
258 -0.19009405276817698 0.98176588405901
1375 -0.1883048395405244 0.982110628903698
1517 -0.07851468657734553 0.9969129570788321
448 -0.15792981517497706 0.9874503397532444
1703 0.020141082583264244 0.9997971478216838
1727 -0.21375571865811685 0.9768871443216725
1168 -0.22118024902028297 0.9752329452204358
61 -0.12244685397608499 0.9924750717027401
359 -0.0054159574637971985 0.9999853335948234
203 -0.10751323051323887 0.9942036538177715
4 -0.14797227001096414 0.9889915102303974
622 -0.1436152464220364 0.9896335993665221
1780 -0.17860172880919498 0.9839214513701624
216 -0.12226876416653609 0.9924970273553407
1435 -0.13834530226888442 0.9903840554755164
1119 -0.0739247318454442 0.9972638236803636
1313 -0.18222971748305283 0.9832559839970701
531 -0.10416516495336921 0.9945600124729715
1671 -0.24713940740710108 0.9689799344189058
273 -0.12073355725122573 0.992684949091838
932 -0.1417299819993739 0.9899053551741486
64 -0.14159757705441897 0.9899243032536972
1470 0.08916353030233942 0.9960170002886617
703 -0.054728032905221845 0.9985012981535504
1455 0.03975907547956825 0.9992092953515844
1270 -0.15279909848557144 0.9882572719196134
1325 0.06924838087229392 0.9975994495520563
247 -0.2655540444715975 0.964095975235234
1851 -0.03376634922795267 0.9994297542397945
1191 -0.1307799389719378 0.9914114219447425
464 -0.06043916717331434 0.9981718825289541
390 -0.1297437438578253 0.9915475585819145
1408 -0.16211913223346155 0.9867711928121278
171 -0.13335121514586867 0.9910688439352334
312 -0.1377483225893506 0.9904672632771969
535 0.019323768045993735 0.9998132785618046
875 -0.14799243814479143 0.9889884924770156
1009 -0.051996804926893604 0.9986472511740041
332 -0.15525291479671277 0.9878747554458128
49 -0.15051742543540084 0.9886073561532398
1324 -0.21166981692020911 0.9773412344749224
242 -0.042867679327319254 0.999080758532107
1748 -0.18569302268244364 0.9826078064655589
874 -0.11520489464105041 0.9933417499786992
828 -0.02600010595944478 0.9996619401028017
1025 -0.26228751349326496 0.9649897721040988
134 -0.14912231006059876 0.9888187582374186
1749 -0.10500949114627477 0.9944712196786795
1211 -0.15841935846215516 0.9873719192201281
1850 -0.1105387489124063 0.9938718151697832
742 -0.2441474078416325 0.9697381312726707
436 -0.0021443978979004703 0.9999977007761844
1751 0.03892225428100154 0.9992422419622207
1306 -0.07791341645283127 0.9969601293615746
844 -0.09067291914879347 0.9958807266600938
355 -0.12865774029263286 0.9916890570449961
1000 -0.1878070304266225 0.9822059454729102
1804 -0.1377422560362099 0.9904681069585507
285 -0.13609342084330972 0.9906960082705318
716 -0.14495953702244882 0.9894375839972106
1677 0.6797548833135804 0.7334393626001681
1484 0.17082200353200494 0.985301904549723
16 -0.11790468379012506 0.9930249168778952
745 -0.12169058881454851 0.9925680836063431
1381 -0.1386235164576169 0.9903451523004112
1656 -0.0232463688994308 0.999729766653465
731 -0.08967922617989962 0.9959707005689347
617 0.09928910507249838 0.9950586282294639
1588 -0.11513525269847054 0.9933498243751088
561 -0.24726569671110676 0.9689477154263644
765 -0.1420961785640362 0.9898528557505392
1098 -0.08389486559568027 0.996474611581591
55 -0.12376220291913627 0.9923119051631913
1876 -0.09634840940455583 0.995347669914996
184 -0.147113198725523 0.9891196625084069
1621 0.05812230117311382 0.9983094701075123
123 -0.13970216558135579 0.9901935694256347
1768 -0.20308744458417832 0.9791606047284932
1728 -0.06722760525979853 0.9977376654667461
1682 -0.1592005029311097 0.9872462711332373
261 -0.25902644192405827 0.965870230612872
187 -0.13263114770310472 0.991165464823587
1999 -0.3022505020367265 0.9532285318949212
661 -0.06018209408854041 0.9981874150434467
1365 -0.003987830154882009 0.9999920485737154
402 -0.10948362606866421 0.9939885993424958
14 -0.1462206081595371 0.9892520072001144
1250 0.005793038785906838 0.9999832202100319
651 -0.2146347180355629 0.9766943932539975
82 -0.13972109862729684 0.9901908980587436
1782 -0.010990173312962913 0.9999396062215713
1427 0.15472486527770302 0.9879575983132052
1400 -0.10735051058941426 0.9942212368865353
640 -0.14646393316696538 0.9892160109305059
1263 -0.15204490180848898 0.988373587179487
1598 -0.037139052173584826 0.999310107425942
1355 -0.13677633548167833 0.990601955404997
989 -0.12470464325678818 0.9921939084423956
1579 -0.025495692666939487 0.999674931993112
1346 -0.3401545070180959 0.9403695610531404
592 -0.10894640791081339 0.994047624715904
195 0.09099702251157357 0.9958511645291319
186 -0.1581413330416854 0.9874164869920892
660 -0.3620278950838021 0.9321672613759785
1198 -0.008433779322175579 0.9999644350507396
1547 0.10097989789610835 0.9948884662216622
1051 -0.025013322601317466 0.9996871178986165
377 -0.14332175776950254 0.9896761458931199
1733 -0.02068536200833055 0.9997860350087835
1376 -0.23755526924570985 0.9713740237692166
243 -0.03886735371691975 0.9992443789259181
1463 -0.23234746466477602 0.9726328473087111
87 -0.12441331232443445 0.9922304811466248
1569 0.023029453971370305 0.9997347869559109
1646 -0.11017360854284858 0.9939123582995872
1962 -0.041163072851310115 0.9991524415390465
864 0.029446725976765183 0.9995663511389572
1457 0.04316586578341177 0.9990679196286749
1095 -0.1364083965558765 0.9906526885589393
1131 -0.14371914540318126 0.9896185160174497
1398 0.15234622252690916 0.9883271869587427
713 -0.32179458113574616 0.946809509643661
433 0.06344802913739063 0.9979851439768934
25 -0.13182385368955568 0.9912731569040062
180 -0.12126267857857767 0.9926204525315547
1056 -0.04146099317556978 0.9991401233285025
160 -0.11783228056357149 0.9930335108430065
1533 -0.14148511020048216 0.9899403838573095
1747 -0.09995893586925193 0.9949915633511104
554 -0.15451714998793434 0.9879901064077545
1003 -0.25326254436997364 0.967397583012924
1593 0.1367455394782583 0.9906062070433438
1468 -0.07601863857007604 0.9971063968253098
1220 -0.24313853780057493 0.9699915728686503
690 -0.05795032717705939 0.9983194676956229
1508 0.03724772326463074 0.999306062781369
167 -0.12978339432329897 0.991542369522313
991 0.05411795700423872 0.9985345495923952
624 -0.22297562960208905 0.9748240192996641
1277 0.07645841486440523 0.997072771063588
1990 -0.13867922781833034 0.9903373525075744
251 -0.19369148891930155 0.9810624888967185
114 -0.14405952199444552 0.989569024435755
1810 0.0283848340348899 0.9995970694218805
915 -0.22703086978998863 0.9738875623820242
988 -0.11521465611247875 0.9933406178229516
755 -0.10587999492772548 0.994378915038983
65 -0.13324532887106008 0.9910830854847857
1104 -0.07885142643998928 0.9968863789561873
812 -0.14873073857058422 0.9888777312712873
1342 -0.2245508964793143 0.9744623619670162
380 -0.026916031966020732 0.9996376979802254
245 -0.2183208320982377 0.9758770487473989
1046 -0.13692899356079463 0.9905808653120792
1844 0.04125411440531314 0.9991486866551111
1793 -0.22565426121240895 0.9742074493641906
696 -0.13646490833738012 0.9906449054996802
487 -0.14130564055680564 0.98996601757173
807 0.08147164356430053 0.9966756600293455
475 -0.2290844362765374 0.9734065548658798
1318 -0.14141299190907192 0.9899506885291433
255 -0.17979441888437567 0.9837042070348331
1835 -0.1880087221854551 0.9821673586421983
1813 -0.23497190930968576 0.9720021614355397
532 -0.09982125502343744 0.9950053854354487
1702 0.017951581699859755 0.9998388573737635
1024 0.067109210382687 0.9977456358620729
311 -0.14799206049151556 0.9889885489890545
1196 0.06069754706374427 0.9981562040985592
1043 -0.12438219929641955 0.9922343818363611
520 0.045491471288774545 0.9989647271250286
996 -0.2946177738933896 0.9556151774151055
264 0.11139227259647277 0.9937765149196238
1525 -0.027737871428149815 0.9996152312208109
1527 -0.14914734175153496 0.9888149829206933
310 -0.11576371174237991 0.9932767806828201
1319 -0.1965188549552923 0.9805000457149713
894 -0.3000408695082118 0.9539263475891397
1023 0.0055619294227742585 0.999984532350924
623 0.18033208177000376 0.9836057849995072
1163 -0.046988374630207025 0.9988954362943158
830 -0.21272560183888645 0.977111978394638
1842 0.08254077941277035 0.9965876879301351
1260 -0.18480284311616496 0.9827756148664771
1745 -0.2513817035474817 0.9678880302605081
1911 -0.21824433859106387 0.9758941585402328
1279 0.19059053267758783 0.9816696230675946
985 -0.11514549699919374 0.9933486369451606
654 -0.1496073477459917 0.9887454887383355
1744 -0.13171414114436414 0.9912877407809512
815 -0.1412367830377027 0.9899758437038557
1611 -0.1352115866410296 0.9908167473544316
127 -0.13190297026489353 0.9912626324215488
1285 -0.2846797782224691 0.9586226702259893
1033 -0.03988446114920094 0.9992042983088283
903 -0.21430352197176095 0.9767671168044606
350 -0.12022349005348242 0.9927468521427607
760 0.016614055064237646 0.9998619770619955
1559 0.07226344169982533 0.99738557990062
378 -0.08236133805072963 0.9966025336083053
1942 -0.16435665748225675 0.9864009778691727
227 -0.08117733386081126 0.9966996741582945
504 0.14053721813722994 0.9900753962796209
1936 -0.09826874451052424 0.9951599137085082
893 0.08327585890848935 0.9965265331756368
297 -0.12910605725009947 0.9916307911623832
235 0.0008353997670692326 0.9999996510535537
292 -0.12705123718564684 0.9918961554162797
728 -0.04306964503083107 0.9990720723135635
322 -0.15569050820394859 0.9878058846024336
1497 -0.13362670078438763 0.9910317375530815
1929 -0.06749547249148519 0.9977195804398904
613 -0.09994342940413865 0.9949931210410149
1339 -0.18538638927062817 0.9826657044352363
898 -0.014405852672972988 0.999896230320309
181 -0.13168150361161848 0.9912920768404151
888 -0.23186988060368943 0.9727468110812961
387 -0.04179349389927209 0.999126270231992
1130 -0.2536702220717807 0.9672907620948592
1225 -0.12339423426139101 0.9923577293249874
1783 -0.22587313847780174 0.9741567252317196
450 0.08613896258251454 0.9962831320087719
1425 0.024700505314070635 0.9996948959743817
1085 -0.006528669424581133 0.9999786880106719
389 -0.056010731943763055 0.9984301667653697
1154 -0.2027088958186401 0.9792390431125527
1072 -0.09049004894861916 0.9958973596918893
1005 -0.03850233355266658 0.9992585102519763
1763 -0.059162995386195086 0.9982483358247752
415 -0.15555085216469852 0.9878278860159982
313 -0.13233413876845548 0.9912051632817552
141 -0.1501032292030414 0.9886703295754452
407 -0.12488640632041173 0.9921710465017476
1442 -0.14416732786106923 0.9895533242718145
104 -0.13240849971639246 0.9911952326372712
1778 -0.35396787717635547 0.9352575805238172
711 -0.18508386057439066 0.9827227302524755
1742 -0.1206200152178899 0.9926987518521598
424 -0.14512123093834886 0.9894138812099508
1716 0.10879050223574391 0.994064699415131
416 -0.1369749660471023 0.9905745094016881
608 -0.2807568972225398 0.9597789144703962
69 -0.1427050989854579 0.98976525233186
618 0.010726745505797552 0.999942466810393
682 -0.270875261319903 0.9626144569893359
572 -0.12373881074463706 0.9923148223802277
1574 -0.07908685853542892 0.9968677288421955
1774 -0.21181994838440807 0.9773087073521994
388 -0.27383208343391824 0.9617775158955629
857 -0.18075275612881284 0.9835285665154001
276 -0.13696414326989034 0.9905760058967433
1430 -0.13768094152131777 0.9904766319009265
352 -0.07306867297559456 0.9973269118145692
953 0.0615832107813098 0.9981019527833139
307 -0.15552884988891114 0.9878313504096905
169 -0.13247449791825452 0.991186414052022
861 0.022260920810889737 0.9997521949986662
1213 0.017639364853777477 0.9998444143003227
715 -0.09826733274398687 0.9951600531147653
1604 -0.3475995770952166 0.9376430738843148
1917 -0.3145284698931645 0.9492480400962988
1079 -0.07469294186701946 0.9972065806217135
1223 -0.14500325864953514 0.9894311774858401
674 -0.2374211624907887 0.9714068105595731
1519 -0.12278291071473152 0.9924335528570255
697 -0.11426154775904646 0.9934507027043199
1529 -0.1975120157546134 0.9803004659962932
583 -0.13782164127959945 0.9904570637816651
1066 -0.08474402511732901 0.9964027550177256
1317 -0.07590688821090023 0.997114910289751
694 -0.10952260233983058 0.9939843054981862
1868 -0.004290204323151922 0.9999907970310854
1877 -0.11210503710232735 0.9936963624046763
1807 0.009755234769825155 0.9999524165652012
885 -0.06682478881989327 0.997764725573708
508 -0.17543197812839048 0.9844915545853911
1862 -0.05747949602381729 0.9983466870465629
326 -0.13852932764128512 0.9903583318088729
803 -0.24229688551615203 0.9702021538159833
1080 -0.19739123683641246 0.980324792923341
748 -0.11949754549319569 0.9928344960873899
1069 -0.28345198195923055 0.9589864305209872
1310 0.024272820716865706 0.9997053716843013
164 -0.13462158510262434 0.9908970828620179
1657 -0.1475582023284233 0.9890533741540971
404 -0.17392419598954462 0.9847590436494557
1389 -0.2358816705780745 0.9717817849112508
295 -0.13789751584524018 0.9904465029085174
1696 -0.1719462191923216 0.9851063382729126
1843 -0.23175980346552782 0.9727730431594104
1388 0.3522862464066886 0.93589230181292
910 -0.1011624861768636 0.9948699168185334
905 -0.12697833455801333 0.9919054907363267
1462 -0.03647813865233161 0.9993344512226432
595 0.030961781482353092 0.9995205691167336
1227 -0.13177732568982428 0.9912793432902948
1765 -0.23726214806812063 0.9714456614212146
1281 -0.019370224455326022 0.9998123796015682
858 -0.174524812554884 0.9846527762631265
1102 -0.25630517612692577 0.9665959117907263
575 -0.13627588612033759 0.9906709256166332
1020 0.1381843116934378 0.9904065306740514
533 -0.11051560668928011 0.9938743887826572
1820 -0.14209395677672093 0.9898531746918505
1071 -0.2407775601946217 0.9705803246031343
320 -0.14864963479562923 0.9888899261672787
1746 -0.10264036545277633 0.9947185307310408
928 -0.1377082006997372 0.990472842363707
367 -0.12874121040185485 0.9916782243975438
1673 -0.10886750668656728 0.9940562690249735
479 -0.06654955541973584 0.9977831210606019
1560 -0.2495182813360579 0.9683700879721038
1676 -0.24118686127490316 0.9704786952573254
1539 -0.13506853696983412 0.9908362580774023
1785 -0.3073588733261585 0.9515936753613248
1178 -0.19742390960924594 0.9803182135993396
681 -0.27713075447563773 0.9608322147616428
545 -0.22015500216396103 0.9754649019940115
1203 -0.14570292544308291 0.9893283870976953
705 -0.24542169294090518 0.9694164185911132
1289 -0.13697139224441385 0.9905750035745031
30 -0.13064846104574618 0.9914287567073986
1222 -0.14744904066285663 0.9890696539716519
393 -0.0291290981163256 0.9995756577883085
212 -0.09032305642755957 0.9959125189882814
1371 -0.07647300466940606 0.9970716521679036
1878 -0.3289358048260946 0.9443522840039141
934 0.06292825845105869 0.9980180530873761
496 -0.16384006202241677 0.9864869153093165
517 -0.0026727922525684395 0.999996428084408
939 -0.19199146864037672 0.9813965946391455
1437 -0.14200233349337027 0.989866322935798
979 0.08079523638432967 0.9967307207955418
825 -0.033395994054129075 0.9994421982191549
1947 -0.014405852672972792 0.999896230320309
581 -0.13575428965943542 0.9907425361006068
958 -0.12735480484614256 0.9918572244444263
1901 -0.13509585642039493 0.990832533568635
663 -0.03393701722179204 0.9994239735277956
1267 -0.13294964098452114 0.9911227940886473
911 -0.09617742640223784 0.9953642060324663
1670 -0.296433418092117 0.9550535213474816
1150 -0.2928683177688195 0.9561527850962218
1432 -0.21553716581244456 0.9764956375496713
568 -0.14619692394498038 0.9892555076566548
1065 -0.1330030449844995 0.9911156289882886
746 -0.2964166091325243 0.9550587384189395
308 -0.15252059829392914 0.9883002919639667
510 -0.13955607658268848 0.9902141695051868
870 -0.012966784461114256 0.9999159277162951
1516 -0.3107760242984699 0.9504831732972641
994 0.009708963298767654 0.9999528669050672
1900 -0.06024797927483453 0.9981834405525365
773 -0.09429403662262041 0.9955443911033861
86 -0.12892350797016208 0.991654541205085
89 -0.131045149370795 0.9913764011849313
569 0.026070571713023624 0.999660104880932
1447 -0.2067795418881842 0.9783875617854678
1521 -0.24844761922848602 0.9686453326681017
754 -0.12239828622297724 0.9924810625546857
1651 -0.01524640375818348 0.9998837668311464
1249 0.08841898924216608 0.9960833711800402
948 -0.19692154520363767 0.9804192496246755
712 0.09753026117285112 0.9952325598349139
955 -0.0571656170432828 0.9983647090257451
175 -0.1437241093553021 0.9896177951057799
36 -0.11421349604684614 0.9934562281855991
1639 -0.12661619304019003 0.9919517829310099
1553 0.01760485406284682 0.9998450225477076
1208 -0.052732850656495016 0.9986086553107979
1151 -0.07590688821090023 0.997114910289751
999 -0.2238596735602028 0.9746213862590536
1133 -0.08332356283052979 0.9965225455940406
1301 -0.16759156093252012 0.9858565152719747
700 -0.3108287491985946 0.9504659324098035
1514 -0.152023771912481 0.9883768374327183
943 -0.16075352052391664 0.9869945823757933
895 -0.003849083125368693 0.9999925922521096
1866 -0.13999864706429954 0.9901516948529482
1345 -0.26580887552067495 0.9640257474229795
720 -0.29897047697718176 0.9542623611439554
101 -0.13112446279557255 0.9913659139069552
1474 0.016549765268152945 0.9998630432562097
1650 -0.26446489444133503 0.9643953129335157
1957 -0.145940993907655 0.9892932963976081
724 -0.3377858981070376 0.9412229741352587
1736 0.004029358888808598 0.9999918821005224
1871 0.011238218049784887 0.9999368492335231
536 -0.07562113425159213 0.9971366225620754
435 -0.266632984762883 0.963798138323807
338 -0.18472542541562273 0.9827901694690567
1959 -0.07052336995343184 0.9975101274124546
959 -0.02140066753867516 0.9997709794892524
505 -0.12235188582658782 0.9924867838085691
1274 -0.24021253736108214 0.9707203185751037
598 -0.2530539204741684 0.9674521762509263
324 -0.14230926570384553 0.9898222430794493
1735 -0.15794845380505895 0.9874473585668206
1996 -0.046930672378813085 0.9988981489571759
467 -0.21743129173780176 0.976075628920849
1693 -0.14858558001451325 0.9888995527412027
981 -0.13692490360836662 0.9905814306617299
822 -0.34825015904641576 0.9374016357592652
884 -0.19986871871611703 0.9798226856318331
265 -0.09062330533320198 0.9958852426512229
392 -0.09601748777838032 0.9953796471903215
737 -0.11915603556301348 0.9928755406338227
382 -0.08734026248805346 0.9961785374863875
1903 -0.18565495886095446 0.9826149989952003
1806 -0.27465634643907216 0.9615424542685259
1161 -0.043846003966615414 0.999038301536112
1064 -0.017881321519314777 0.9998401163889769
1946 -0.17804636037642466 0.9840221001363274
1738 -0.09981555594423355 0.9950059571638472
816 -0.1181488650864294 0.9929958940895922
1272 0.029430761464830507 0.9995668213179149
1358 -0.14113566849021944 0.9899902641338545
372 -0.09868624265146494 0.9951185987164223
1035 0.09514303978582143 0.9954636115802091
1458 0.16997586112249458 0.9854482262583186
1166 -0.08582746472476256 0.996310015155383
246 -0.09081713232896818 0.99586758581427
1998 -0.056678936112073953 0.9983924570033588
248 -0.18489604806832133 0.9827580838684142
1883 -0.028618003927922738 0.9995904210481318
764 -0.1521141001171722 0.9883629396864004
1926 -0.1295990661069249 0.9915664788929752
798 -0.19650289125152698 0.980503245139857
236 0.03561837113939217 0.9993654645010386
738 -0.19916676196566077 0.9799656121150956
395 -0.04840042369864884 0.9988280127157985
497 -0.1024903126356732 0.9947340025433141
1672 0.14353823600077517 0.9896447720297348
610 -0.03170514367926687 0.9994972655611805
198 -0.29411142442940014 0.9557711389344781
538 -0.17894337420457268 0.9838593745186769
810 -0.12719067483495125 0.9918782849901645
1294 -0.13878212827442454 0.990322937668123
1818 -0.0744067657763225 0.9972279745407804
1305 -0.207639929031386 0.9782053260291732
1256 -0.06168718550499314 0.9980955320731941
1704 -0.016559113697107074 0.9998628884769982
1201 -0.2325083942887143 0.9725943895505895
1607 0.013705662347723179 0.9999060729986643
356 -0.12816651508798937 0.9917526629206498
260 -0.03527282186259429 0.9993777204029765
1089 -0.13120046576184752 0.9913558582990641
666 -0.2725952104491984 0.9621288121868908
840 -0.19483530199351207 0.9808359725749749
1664 0.11897525895527415 0.9928972191302207
1505 0.04828675293411256 0.9988335144012139
163 -0.13186849296459696 0.9912672195544682
108 -0.11731063480620758 0.9930952698313312
865 0.06788521376982783 0.9976931380697297
625 -0.10152307021367493 0.9948331851191884
103 -0.13579223817558284 0.9907373355492693
397 -0.03550486991842782 0.9993695033430205
1078 -0.1587214910424994 0.9873233959960869
1419 -0.07019996874762136 0.9975329389989249
34 -0.14471243108147047 0.9894737552307745
106 -0.12512772113211867 0.9921406419476438
32 -0.14248386623449688 0.9897971245982027
1197 -0.0931510642394533 0.9956519870070352
1032 0.03436486969385836 0.9994093534337789
1789 0.026335113710670897 0.9996531707476579
278 -0.1335673344572834 0.9910397404574532
1895 -0.11838475194994882 0.992967799329741
1601 -0.1545089110591142 0.9879913949034813
495 -0.12058978391403641 0.9927024247051913
574 -0.12539923542113005 0.9921063611104387
426 -0.12201914733127521 0.9925277465565123
669 0.042265832126227004 0.9991064004572675
1520 0.0653032978286612 0.9978654615190873
965 0.0480082754616041 0.9988469379675761
1115 -0.26253796171828986 0.9649216645183203
993 -0.010362076280567643 0.9999463122463905
1897 -0.07428739213032265 0.9972368742532918
1710 -0.01980582310124204 0.9998038454473368
1466 0.027974796119392357 0.9996086288053332
593 0.005743200315558916 0.9999835076890695
99 -0.12898367241374054 0.9916467174607421
232 -0.13218528708199034 0.9912250248450408
1265 -0.1319714473492644 0.9912535180691872
1392 -0.09526412707203766 0.9954520310357514
1417 -0.15687914336289177 0.9876178078476133
547 0.004090669977556234 0.9999916331745654
616 -0.34087109510072006 0.9401100449015721
1045 -0.12204430533647767 0.9925246533638026
271 -0.015613075259837413 0.9998781085116979
702 0.09573423147411432 0.9954069303174761
1299 -0.14261608219472563 0.9897780827536177
1997 -0.18783596882243594 0.9822004117371042
316 -0.13939635095966968 0.9902366673372223
774 -0.07292856428980067 0.9973371669152957
1142 -0.15793039924988528 0.9874502463378962
29 -0.09238008228438666 0.995723817329449
1415 0.024310785959383064 0.9997044491678714
1584 -0.04483706586896555 0.9989943130590193
1018 -0.22153980143988328 0.9751513299883138
541 -0.08794075016616736 0.9961257071575915
937 -0.21526104031803733 0.9765565444566926
434 -0.13826344398426874 0.9903954866908516
1068 0.19750654898781486 0.9803015674306167
1971 0.08843943628620855 0.9960815559528133
1159 -0.18693461813741388 0.9823723573787179
489 -0.14191265577066906 0.9898791836037949
967 -0.12749274191008153 0.9918395035287965
1117 0.15044190656616474 0.9886188510992178
1537 -0.11938232134956957 0.9928483576806623
1986 -0.12630133124177254 0.9919919222083192
296 -0.12417016399688029 0.9922609386512138
115 -0.12300267837092975 0.9924063387109021
1599 -0.27635393188271434 0.9610559319482733
213 0.019692821136989076 0.9998060775948837
427 -0.1325095966941093 0.9911817223819074
298 -0.10761666689829316 0.994192462758445
22 -0.12527881930613413 0.9921215739178646
357 -0.13208455911147401 0.9912384522627881
1706 0.09669687785174738 0.9953138770326294
1293 -0.12672560507404879 0.9919378110640891
710 -0.037346328169033834 0.9993023825510929
252 -0.20457449897096716 0.9788509970219051
708 -0.2305223648535234 0.9730670271375651
827 -0.08682648045026813 0.9962234499812876
972 -0.026481123079908474 0.9996493135697272
12 -0.13949893675201858 0.9902222208398761
1758 -0.13403467580352438 0.9909766423494774
1217 -0.054268404598468954 0.9985263843596406
1892 -0.14822816767223942 0.9889531891391676
719 -0.20634051239163373 0.978480246579336
348 -0.10117502852780577 0.9948686413805583
1817 -0.06232698504241818 0.9980557834788205
1825 -0.13427509567183457 0.9909440946301257
459 0.1021310640066644 0.9947709514078438
1414 -0.08837859304294016 0.9960869561899454
1477 -0.1522803039482387 0.9883373457627876
762 0.04301117609325596 0.9990745911747906
1791 -0.049537180935425015 0.9987722802045373
1030 -0.18298914296364052 0.9831149340526937
872 -0.31447434245732303 0.9492659732319675
71 -0.1293158013753691 0.9916034608222412
1402 -0.09757521988020769 0.9952281529706286
1486 -0.08967242124057745 0.9959713132760664
577 -0.12052517099233888 0.9927102715078895
1360 -0.043524985196693886 0.9990523388009397
91 -0.15056574796727382 0.9885999977438071
684 -0.3065890220145086 0.9518419887671414
907 -0.18404601982289323 0.9829176275697529
1642 -0.04085011494284147 0.9991652856805808
947 -0.18413452853890658 0.9829010506657089
549 0.18709833655578187 0.982341189433722
317 -0.13942089383524425 0.9902332121082293
524 -0.05182476687259266 0.9986561938618321
820 -0.2786963292689033 0.9603792771879447
1829 -0.1363649340960517 0.9906586721716919
226 -0.14061568738211047 0.9900642547138326
1873 0.10159260948920222 0.9948260861563566
848 -0.14861506797776075 0.9888951216230999
1633 -0.03134130581462363 0.9995087406070216
969 -0.012141707010245983 0.9999262867586177
800 0.25215143527601785 0.9676877872993149
982 -0.11994014940737338 0.9927811241961326
105 -0.13232460587206152 0.9912064359561047
826 0.02392095956952354 0.9997138529065571
1775 -0.12175487738012707 0.9925601996020947
990 -0.08612915496453435 0.9962839799299672
431 -0.14609330191026296 0.989270815872457
342 -0.07076315361545403 0.9974931458864245
1967 -0.21356220885999996 0.9769294667205191
786 -0.12226876416653609 0.9924970273553407
81 -0.13496851504553758 0.9908498876956098
1608 -0.11483699633589817 0.9933843487153142
792 -0.023676865084402438 0.999719663735677
293 -0.12807058514149422 0.9917650554549274
896 0.13372138671457656 0.9910189658806389
855 0.2551592715372365 0.9668990361710921
381 -0.06005408557058116 0.998195124615564
1837 -0.18742473323073783 0.9822789671846724
1454 0.019837537949041244 0.9998032166822232
1309 -0.051587857443251894 0.9986684599827986
869 0.03660989661080773 0.9993296330391418
1870 -0.07951903628413076 0.9968333475904801
399 -0.19945288283459117 0.9799074178354662
1017 -0.131088287274928 0.9913706980435351
1711 0.019953568810031602 0.999800907727005
1769 -0.04774596433618602 0.9988595110873238
1423 -0.19962576570282822 0.9798722129275632
1555 -0.12762129442474296 0.9918229707005949
1136 -0.23025359174501703 0.9731306610566328
1632 -0.13314090723578148 0.991097118763057
837 -0.009134921047947024 0.9999582757382668
1181 -0.12828795034767418 0.9917369619992958
763 -0.2950637976554935 0.9554775535370351
984 -0.1304425260458263 0.9914558726432477
1467 0.020997340113720585 0.9997795315509057
1496 -0.14649858059391685 0.9892108803910155
1506 0.09058535266778912 0.9958886955287987
492 -0.14604526858913947 0.9892779081343757
1605 -0.21328821181924493 0.9769893237384679
1428 -0.2214693525083674 0.9751673322561234
1669 -0.045103094021736845 0.9989823376364901
288 -0.1292544715137216 0.9916114569697693
1013 -0.0722044078698849 0.9973898553144399
1668 -0.012604412533293826 0.9999205612370867
112 -0.10952763266797286 0.9939837512163615
1551 -0.13557624038112878 0.9907669166075936
408 -0.15903518869200753 0.9872729150329698
272 -0.1269717296210253 0.991906336242009
573 -0.13121334838434556 0.9913541532700453
262 -0.0903967354427899 0.9959058340130788
38 -0.11354212500770502 0.9935331830637237
438 -0.04567860339911163 0.9989561878238238
1503 -0.0684167093600795 0.9976568317213783
368 -0.03310832493934966 0.9994517691313126
1662 -0.19057014055402066 0.981673581965625
1863 -0.025060801784410114 0.9996859287865976
153 -0.1318647986741829 0.9912677109997164
1620 -0.005776282077547329 0.9999833171435214
1180 -0.10499720366911401 0.9944725170771018
1344 0.1951006090972877 0.9807832341194803
1284 -0.12060337424865195 0.9927007737076865
26 -0.11021877620761057 0.9939073504966631
162 -0.13429259714483766 0.9909417229848052
579 -0.12586885207343446 0.992046890059999
1759 -0.13762220872059613 0.9904847942633267
589 -0.24024858175141323 0.9707113983911153
887 -0.09727391105883096 0.9952576481631872
1541 -0.09225079461365321 0.9957358037617958
1083 0.018931041751674895 0.9998207917713036
1928 0.01686434358227436 0.9998577868454789
1380 0.008768105674649357 0.9999615594226001
1528 -0.221147088982498 0.9752404652364293
442 0.1480841804123103 0.9889747597950185
1707 0.0901118238399323 0.9959316538820527
270 0.04982236805966396 0.998758094656022
1465 -0.1812316682733774 0.9834404315538632
643 -0.12468614918187618 0.9921962327091325
1062 0.2578748342382122 0.9661783323313634
100 -0.1349188191279466 0.9908566557505281
641 -0.14893918822534935 0.9888463572318877
1436 -0.11301181888960517 0.9935936436950787
329 -0.13350854206238805 0.9910476624241519
1171 -0.05555757285387795 0.9984554852864428
473 -0.15984417764305314 0.9871422586808936
1655 -0.03787266340916407 0.9992825733326365
1532 0.20612407498271723 0.9785258635889595
223 -0.19924548991310653 0.9799496082703877
615 -0.11475550819517663 0.9933937655023142
1096 -0.12670790634058088 0.9919400720158383
740 0.11520493233037424 0.9933417456076
151 -0.13730061944473257 0.9905294240455923
1109 -0.0859572828522348 0.9962988234082487
1659 -0.1574475454919656 0.9875273517318675
1438 -0.13570959767769672 0.9907486588929393
68 -0.159771193015394 0.9871540740342603
657 -0.3107494640749141 0.9504918571861379
1328 -0.1618119973362556 0.9868216036944325
364 -0.327643581054528 0.9448013991277558
1202 -0.2581437612715391 0.9661065150989214
834 0.2914181823239395 0.9565957573661986
1754 -0.013420089940551844 0.9999099465381808
1993 -0.10298398960433358 0.9946830137713092
1252 -0.08096752383338175 0.996716740144506
1969 -0.1580504530537518 0.9874310377385875
1262 -0.053310062931055495 0.9985780075638991
605 -0.18068061262756996 0.9835418223037219
1372 -0.22795987803346307 0.9736705264138217
1090 -0.15349118173182016 0.9881500175229312
859 -0.062303604174972306 0.9980572433016097
1939 -0.28015790941445984 0.9599539289947822
277 -0.13365945881789618 0.991027320041434
1268 -0.20425054873532733 0.9789186449043239
507 -0.10054254914775275 0.9949327594419995
1603 -0.27475559854062925 0.9615140982172755
1972 -0.15186847497440903 0.9884007114065364
1838 0.13694887195446154 0.9905781172983786
1084 -0.23438161994257756 0.9721446683663358
1964 -0.1490664498317411 0.9888271808231007
601 -0.07606796932686657 0.9971026346582818
323 -0.12051405348980947 0.9927116212231301
1549 -0.10103834448673846 0.9948825322335191
772 -0.08945378060241697 0.9959909744249366
871 -0.11927578792809472 0.992861161700936
1507 -0.18069488479673082 0.9835392003414486
1973 -0.2709335241649185 0.9625980601910529
306 -0.14317400886358989 0.9896975311608738
10 -0.11603133735088496 0.9932455530998189
1194 -0.10162680558795917 0.9948225934235648
659 -0.036759463943386333 0.9993241425136264
302 -0.14834300702592035 0.9889359697505737
211 -0.34837331733094246 0.9373558725328575
1660 -0.23921880181787233 0.9709656867556244
687 -0.1757640588840506 0.984432321495289
1766 -0.13981927140845388 0.9901770404037903
980 -0.13921223673866184 0.9902625677779701
379 -0.1055378020108938 0.9944152916899004
1233 -0.07582928037949407 0.9971208152661984
1562 -0.08851977111982695 0.9960744199711654
1280 -0.22999461039786853 0.9731919025495088
1691 -0.2591657702916613 0.9658328548507397
940 -0.023090084281886657 0.9997333884630719
315 -0.12846124360767278 0.9917145299383137
218 -0.3350160678619725 0.94221241462544
1253 -0.13795829507729535 0.9904380388592544
289 -0.14347930832600728 0.989653317117813
920 0.028935413550846972 0.9995812832594664
689 -0.07013590957934994 0.9975374450051875
1412 -0.10270012294574989 0.9947123628199902
253 -0.025451910824474133 0.9996760476451273
1951 -0.06313208424797741 0.9980051803164682
1118 0.0998432168102306 0.9950031819330958
1232 0.17422602192655615 0.9847056886621743
997 -0.09194788259889222 0.9957638208358348
354 -0.11943394430450208 0.9928421490588869
704 -0.01241257027818388 0.9999229610820471
863 0.15621761133936052 0.9877226624449924
418 -0.11395530919915818 0.9934858768524717
480 -0.06829098790291212 0.9976654454130626
1027 0.11475956102625175 0.993393297316356
509 -0.10144620326263792 0.9948410264175856
580 -0.1352255397105952 0.9908148431518264
1974 -0.2868598359367566 0.9579725646000187
300 -0.1484087279035353 0.9889261092124397
483 -0.3244161102504906 0.9459144715088894
1266 -0.13681793198048509 0.9905962111216573
1823 -0.05619117219667175 0.9984200279277073
1800 -0.08733313938680515 0.996179161980838
1421 0.043475274501173264 0.999054503271492
1909 -0.18944718550360223 0.9818909124260005
588 0.1423054041623068 0.9898227982554264
1379 -0.044540915976042324 0.999007560934358
168 -0.14067351347440687 0.9900560401344793
196 0.16720486797041387 0.9859221734635025
1535 -0.17134461945015597 0.9852111557353994
637 -0.13861181740351838 0.9903467898045077
1169 -0.1385066826852461 0.9903614990757307
1103 -0.1425711700145591 0.989784553062271
122 -0.14285401922903587 0.9897437694626374
845 -0.08832660146264838 0.9960915678159605
1861 -0.20989292042038904 0.9777243793408243
1857 -0.04624756097404502 0.9989300091117255
506 -0.14662381453970083 0.9891923255918574
1040 -0.13570320300232677 0.9907495347941927
1902 -0.13321814172056118 0.9910867402586518
1231 -0.15829847418374776 0.98739130696553
1597 -0.16279700512207249 0.9866595842149833
9 -0.14991424717353904 0.9886990029803767
701 -0.17857221330429754 0.9839268085765345
1295 -0.14765648648053314 0.9890387060172235
799 0.03345795852206114 0.9994401257761949
1935 -0.14653335836258144 0.9892057293035577
117 -0.13616718822651022 0.9906858719344322
200 -0.0008564484467533363 0.9999996332479617
516 -0.10286892189989844 0.9946949205194286
1619 -0.007288884741499413 0.9999734357267822
1114 -0.035181398979735795 0.9993809429671093
1042 -0.13250085582668605 0.991182890896123
945 -0.07851667533408502 0.9969128004466999
722 -0.21660563890471796 0.976259185459824
1922 0.0008909347954697229 0.9999996031175165
1848 -0.13587580088699708 0.9907258787037498
1055 0.07157272120085674 0.9974353841627559
1618 -0.10260339612306277 0.9947223447294294
862 -0.018151391554926337 0.9998352499210156
1799 0.21740948749961406 0.9760804857926189
1567 -0.1376439904372286 0.9904817675740004
279 -0.1344365616877457 0.9909222022346542
1001 -0.16320947596610802 0.9865914387196294
856 -0.11290076992827656 0.9936062681714535
1179 -0.08027541018149417 0.9967727215971517
1896 -0.13670210222187434 0.99061220225077
224 -0.14200360559787126 0.9898661404438502
1944 -0.1222071641183758 0.9925046141142843
52 -0.145493458545135 0.9893592135926036
7 -0.12211426008150324 0.9925160489809456
750 -0.08348231791344893 0.9965092586603488
1453 -0.02559873547212539 0.9996722986770354
77 -0.15031804467932153 0.9886376916969053
957 -0.16444291888993684 0.986386600895895
1913 -0.18177556273812226 0.983340045351169
699 -0.022803149572806942 0.999739974378118
419 -0.12283594198970454 0.9924269904408596
1790 0.12233347364694641 0.9924890534537255
1492 -0.0024813388305072294 0.9999969214740655
202 -0.02815877593816432 0.9996034630480549
452 -0.28844396609318906 0.9574967772397102
345 -0.11070309831239009 0.9938535224186898
266 0.009802174187525832 0.9999519575365596
1070 -0.08590698758110822 0.9963031614346807
343 -0.11663219580649771 0.9931751763416939
1786 0.03932023897107061 0.9992266603765423
1387 -0.0737369770111821 0.9972777237165444
938 0.01747504532459508 0.9998472997367666
396 -0.02265698646094239 0.9997432975341762
351 -0.2065926072380405 0.9784270512585947
1255 -0.16989944638331403 0.9854614036676643
1898 -0.15527529385543307 0.9878712381267656
1172 -0.16769943790133499 0.9858381705572048
1945 -0.17051132183675538 0.9853557170511988
1426 -0.12042759918435594 0.9927221128567109
18 -0.143679671206401 0.989624247925454
662 -0.07213047567037509 0.9973952047606635
1815 -0.10832958510714753 0.9941150340833366
1609 -0.12661971238884723 0.9919513337027002
1411 -0.11393349896501336 0.9934883782982009
1869 -0.06440182957020239 0.9979240473843741
1091 -0.1474376551697388 0.9890713512371335
914 -0.2735158202819746 0.961867504418087
1654 -0.14624639041585633 0.9892481960005451
50 -0.1447022707031757 0.9894752411522709
974 -0.14336919753374003 0.9896692746562012
952 -0.17542496308858 0.9844928046082257
1314 -0.16301482252601032 0.9866236200480978
1764 -0.17029495729248081 0.9853931334856927
1073 -0.10201542993903091 0.994782816525474
1416 -0.04965019094962456 0.9987666687163053
546 -0.2327362055813784 0.9725399007812391
1296 -0.13537197182321847 0.990794847203342
133 -0.1290237701310944 0.9916415011188058
458 -0.1249625910729005 0.992161454014591
189 -0.14404303504297625 0.9895714244336321
1565 -0.12742166724718157 0.9918486369985838
1880 -0.13059236543809025 0.9914361472577466
1723 0.10955756645721511 0.9939804523389647
1678 -0.08047730013250148 0.99675644174662
913 -0.26040547802586994 0.9654993459418386
1937 -0.038829181781416935 0.999245862959755
1543 -0.021181389391262958 0.9997756492050882
747 -0.14811758489110863 0.9889697573970728
362 -0.1245375443653672 0.992214896100358
1827 -0.16100995745681304 0.9869527818491396
729 -0.07912530421598733 0.9968646779943241
67 -0.13351471233627707 0.9910468311789111
1111 0.10388805636018213 0.9945889963928334
733 0.14085613430825727 0.9900300750117312
1792 0.0008516918356585146 0.9999996373104427
1092 -0.12980447895876723 0.9915396095175638
992 0.023007839789132258 0.9997352846170019
1985 -0.03208724277502963 0.9994850718500483
1396 -0.30016408925138893 0.953887582225434
411 -0.13065579908611974 0.9914277896877652
1195 -0.1252873526340761 0.992120496346056
1585 -0.09401660077599104 0.9955706297287641
1385 -0.12793657679867673 0.9917823512833026
1219 -0.28762342114490486 0.9577435813457068
183 -0.16932581927306745 0.9855601285195665
571 -0.3744174486704899 0.9272602515642957
954 -0.034068795178679216 0.9994194901016656
136 -0.1458440301786607 0.9893075956755037
1449 0.014584653563638125 0.999893638283807
1120 -0.270562501782083 0.9627024112514835
604 -0.21447616317513665 0.976729223188122
1125 -0.10054277567590635 0.9949327365502576
518 -0.05992894683268277 0.9982026454240269
1039 -0.14358208917679355 0.9896384105660143
1199 -0.12996837127282113 0.9915181402620379
741 0.1854794670512222 0.9826481401307361
1577 -0.09195303422312372 0.995763345126321
333 -0.139567337928188 0.9902125823193922
1600 -0.16395415610194694 0.9864679592854998
1148 0.07726435634891533 0.9970106414868338
107 -0.13129311286073597 0.9913435925628096
821 -0.14805625049628615 0.9889789414790291
1580 -0.10880558495480784 0.9940630486456289
978 -0.2626420828082047 0.9648933289945414
1290 0.2055640834034575 0.9786436571165709
126 -0.11985966253254468 0.9927908446886408
1832 -0.002669199821212995 0.9999964376798122
854 -0.1398580034910305 0.9901715704157047
1121 -0.21356113173470473 0.9769297021854705
176 -0.14135761583264478 0.9899585973393585
906 -0.05611066315122266 0.998424555728038
644 -0.13638027748449957 0.9906565600213076
983 -0.13257633251990136 0.9911727982827074
46 -0.11803079509290343 0.9930099352019278
230 -0.07459898194629738 0.9972136139727414
1216 -0.14379314922683745 0.9896077658524253
1491 -0.32536958614003797 0.9455869248329635
1631 0.11913162396894536 0.9928784699904223
843 -0.05801203793291417 0.9983158836034165
961 -0.25217524829920146 0.9676815820016603
1059 -0.2134428449461585 0.976955552694845
1933 -0.2555492163457743 0.9667960477913946
1278 -0.11005781658162177 0.9939251868271002
1995 -0.053276257806793854 0.998579811709662
768 -0.08241745020627995 0.9965978947908206
552 -0.14288488982982195 0.9897393132832097
1595 -0.16328690038311672 0.9865786274612247
1904 -0.1334807864135121 0.9910514011182419
1353 -0.1353129692592866 0.990802906914506
259 -0.08898473826614663 0.9960329895920644
56 -0.11171420839317807 0.9937403763775957
1304 -0.0933579492757708 0.9956326096040761
299 -0.14129855176179562 0.9899670293853322
1992 -0.1637183876853281 0.9865071158049072
1373 -0.08676607160778965 0.9962287131064594
1174 0.0069351576587945276 0.9999759515049587
13 -0.13855845147026197 0.9903542575897593
471 -0.2363893005631669 0.9716584269069335
1602 -0.07299838611360232 0.9973320588574345
1209 -0.047268714680171214 0.9988822095785291
90 -0.1597494132093579 0.987157598856062
138 -0.09170800687898542 0.9957859415930134
1831 -0.06744431862419632 0.9977230396684833
85 -0.13909489710677322 0.9902790564274577
1755 -0.10647841531173462 0.9943150140034605
182 -0.1511126838073051 0.9885165435097955
1037 0.17701580854444532 0.984208008261138
207 -0.31369218056738263 0.9495247315635758
1743 -0.152533365923688 0.9882983215001381
778 -0.022585450732461314 0.9997449161737265
1182 -0.21303843894534402 0.9770438186344207
472 0.11169855684753373 0.993742135766708
707 -0.0953153741277527 0.9954471253938536
241 -0.24262734908955405 0.970119564524794
1048 -0.1579559880753336 0.9874461533831327
1283 -0.27570406610357284 0.9612425645662789
1127 -0.2003513261586227 0.979724117344511
1246 0.08337825558410177 0.9965179709848448
1771 -0.11035208292032202 0.9938925584765922
1564 -0.28187612734244044 0.9594508058438578
42 -0.12917997525970998 0.9916211645542368
145 -0.13544661182983656 0.9907846463000007
784 -0.3008930093236526 0.9536579035168514
462 -0.04539706419306173 0.9989690218233253
930 -0.13869507606353876 0.990335133111882
647 -0.12957050262065367 0.9915702117604336
361 -0.014132965508026975 0.9999001246554321
1248 -0.2876623743575727 0.957731882302643
1828 -0.05415359834781265 0.9985326172869786
726 -0.11736379224325662 0.9930889890993061
956 -0.18259367209616933 0.9831884615425653
833 -0.0065801186436949865 0.9999783507849732
161 -0.12593932511045014 0.9920379460437612
586 0.02995225899824213 0.9995513304382633
1340 -0.22883574387301844 0.973465049360316
137 -0.11394355738534373 0.9934872247444215
1921 -0.1976250913168419 0.9802776766212774
1407 -0.1349256281501704 0.9908557285842787
284 -0.13332949469345007 0.9910717662433882
1652 -0.23098144572956408 0.9729581551786698
1830 -0.048464166875180875 0.9988249218602301
1978 -0.2352637255542453 0.9719315713764713
1882 -0.23908922236949015 0.9709976023383131
335 -0.12042533247171605 0.9927223878300906
1193 -0.17110335325809475 0.9852530855084066
1718 -0.03766608758169742 0.9992903811436832
1558 -0.15148474326373518 0.9884595958147808
781 -0.13544319754231277 0.9907851130489972
1173 -0.11125899109444522 0.9937914453750576
128 -0.13527295838766706 0.9908083703365895
866 -0.07406741571902034 0.997253236609792
170 -0.13533780256836617 0.9907995151371268
900 -0.2136306158542757 0.9769145100620231
321 -0.13530254357357346 0.9908043306841777
950 -0.05209815024257466 0.9986419692468879
144 -0.11698504070782789 0.9931336769290364
199 -0.01843946853845684 0.9998299785463624
1221 -0.11004754422603505 0.9939263242362679
1170 0.19830714537214503 0.9801399267932874
1349 -0.19314206830411013 0.9811708013649869
841 0.0283347709657841 0.9995984897719267
642 -0.1375289722705404 0.9904977444629588
776 -0.3274786858120309 0.9448585663149937
578 -0.12772083190352465 0.9918101577912337
369 -0.011667783829444514 0.9999319290934305
129 -0.1643604656213493 0.9864003433397279
239 -0.20174827310373977 0.9794374070351095
1781 -0.24822612876192962 0.9687021157197221
562 0.028693298897130952 0.9995882625353301
839 -0.08343223811132254 0.9965134528162355
1377 -0.22056565397688765 0.9753721301563562
835 -0.019289144277858338 0.9998139471486821
1185 0.0719209252280113 0.9974103370801543
1617 -0.057050409472745374 0.9983712990561137
628 -0.18389585905920494 0.9829457324902922
1667 -0.20208847761576634 0.9793672688092766
1583 -0.05265162265000895 0.9986129413503115
456 -0.05566463173706315 0.9984495223963888
1576 -0.02761783540551641 0.9996185548335494
337 -0.07749186013978569 0.9969929847356379
1341 -0.03573694457477701 0.999361231383557
45 -0.1457750777987327 0.9893177582014655
1327 0.005762980903906854 0.9999833938876691
1424 0.0007341500449081193 0.9999997305118196
1630 -0.0275042980726552 0.9996216852327338
1459 -0.06087909058510777 0.9981451479266582
281 -0.13705484305989316 0.9905634608614575
744 -0.12989948033911392 0.9915271680633003
413 -0.1477025724421177 0.989031824611312
1689 -0.17758598916523533 0.9841052872798749
1431 -0.07379517896886227 0.9972734186575684
1653 -0.2894547681634109 0.9571916930205079
766 -0.2523795198201279 0.9676283263605719
1809 -0.12053370393451689 0.9927092354843013
1681 -0.13747499309130776 0.9905052378834474
1958 -0.15272074992610954 0.9882693825784581
587 0.000782110906811176 0.999999694151218
1434 -0.15396323575750157 0.9880765770096364
1568 -0.138634744042266 0.9903435806548833
375 -0.0996712017480058 0.9950204277009133
190 -0.1309930120894069 0.9913832915596996
385 -0.1516575252933609 0.9884331009339447
931 -0.1347489407484359 0.9908797722060809
1812 -0.13671489698921868 0.9906104365194358
1352 -0.1263226069387926 0.9919892131349954
499 -0.22353898437906936 0.9746949894519691
975 -0.037778547511953045 0.9992861358729476
398 -0.30773679117794017 0.9514715273488245
1189 -0.11722765117956345 0.9931050688617609
941 -0.2923170917724039 0.9563214511123986
1063 -0.2367713879195048 0.9715653914496292
753 -0.048286752934111894 0.9988335144012139
1366 0.06451109069549316 0.9979169901235663
485 -0.1370868850768815 0.9905590269842165
1968 -0.17352876643608975 0.9848288009695741
88 -0.13047966627834265 0.9914509855196536
1500 -0.13687260493928038 0.9905886583325774
1107 -0.24805062993661753 0.9687470696668182
521 -0.07216710924877502 0.9973925547860658
1113 0.008638693149528904 0.999962685794159
35 -0.13580221719243452 0.9907359677561013
667 -0.11117328135015642 0.9938010371869406
501 -0.16969564617118346 0.985496518345217
1661 -0.18368530047993054 0.9829851018136528
1034 -0.17119672486684337 0.9852368656292082
76 -0.135380937515152 0.9907936221824999
96 -0.14656781569032298 0.9892006244457023
1854 -0.24788766865647877 0.968788781793047
1726 -0.11904609829706464 0.992888728146435
256 0.13015883899127284 0.9914931551112411
130 -0.15066762984194318 0.9885844755597829
290 -0.15875219363587503 0.9873184597766809
231 -0.20945785722208624 0.9778176752584973
303 -0.14590180263170513 0.9892990771191587
194 -0.21910896542451583 0.975700395239542
685 -0.13025243208858062 0.991480864129515
1666 -0.14188055664286017 0.9898837849195795
1443 -0.1368139269750727 0.9905967642717493
33 -0.13627278722331726 0.9906713518934462
794 0.03587655877009063 0.9993562290448869
964 -0.07156771023579139 0.9974357437206698
1124 0.06595626197227296 0.9978225150329316
1282 0.05491669316914276 0.9984909397743008
1483 -0.1835610274500503 0.983008315937094
1740 -0.0810707766133197 0.9967083471002505
709 -0.0854483852288339 0.9963425984377988
670 -0.2626880643482665 0.9648808117321853
1590 0.15112308156516327 0.9885149539679452
935 -0.23645375821224698 0.9716427431043285
596 -0.002325895141110654 0.9999972951022381
1715 -0.21351908500194197 0.9769388928382028
494 -0.12891147882620302 0.9916561050217164
537 -0.141610366352088 0.989922473803695
478 -0.26353292250008675 0.9646504023523566
1908 0.022324081154660513 0.9997507866466523
619 -0.10138763467866882 0.9948469970474177
1675 -0.025159488192529198 0.9996834499749858
305 -0.1442772114588743 0.9895373091771988
563 -0.1410057093897821 0.9900087827486604
919 0.09030579133039944 0.9959140846740698
525 -0.17905312988597125 0.9838394059388135
1460 -0.10604932486453217 0.9943608704568864
158 -0.1241107140437702 0.9922683763274659
609 0.009092462165597472 0.9999586627114978
1287 0.029117286614910705 0.9995760019229079
1302 -0.24296851890469814 0.9700341740481401
1258 -0.04338686901847378 0.999058346442676
41 -0.14461945058649228 0.9894873493441243
1471 -0.14447991149206532 0.9895077337622201
1987 -0.1372627462431733 0.9905346730396579
614 0.01715787348774536 0.9998527928537173
1536 -0.28183245700651827 0.959463634630135
1695 -0.2610620763887285 0.9653220148072901
936 -0.3098961425840322 0.9507704143543473
83 -0.13466100783795223 0.9908917261578416
1930 -0.24661766837043442 0.9691128549593852
463 0.0273447334454641 0.9996260628619066
1158 -0.08745238450854313 0.9961687007950862
429 -0.2293561071832596 0.973342579001731
1094 -0.11394216455964923 0.993487384487323
1264 -0.12170388636582814 0.992566453212808
793 -0.21041069587853678 0.9776130824922045
1359 -0.13264172004869845 0.9911640500454618
649 -0.1794860258297365 0.983760522958635
204 -0.03622999204240376 0.9993434783279507
414 -0.13085582618515917 0.9914014084887107
927 -0.14660924496309777 0.9891944850692155
1413 -0.11528155317274245 0.9933328563467938
811 -0.1307576622251101 0.9914143602800113
1573 0.04371408643843329 0.9990440824342303
410 -0.14372738891759324 0.9896173188030467
1847 -0.12830686637643174 0.9917345148983473
1561 0.0024502504640202503 0.9999969981318261
120 -0.13866155432220195 0.9903398272072831
1081 0.02742579307505501 0.999623842189753
534 0.05943963446731086 0.9982319018416476
739 0.06042156404960504 0.9981729482398325
282 -0.12041220645554469 0.992723980034988
165 -0.12537527596613887 0.9921093892189583
240 -0.0318125042993267 0.9994938541933139
1805 -0.29557049403696184 0.955320931967235
1395 -0.05811541491953427 0.9983098710063576
1329 -0.1451139809264568 0.9894149445706163
519 -0.17995463619870605 0.9836749101764217
881 -0.1164557584543793 0.9931958801378585
1641 -0.2851067539989067 0.9584957688087136
1636 -0.18281677836487073 0.9831470009862664
1855 -0.007201261743030735 0.9999740705784866
693 -0.11158421848948438 0.9937549809606444
373 -0.12560623947634414 0.9920801744842053
1694 -0.1990954857567779 0.9799800954872872
1596 -0.27345396491816865 0.9618850914067298
1444 -0.2026940679234942 0.9792421124668943
1050 -0.00886418729990289 0.9999607123199952
1513 -0.026421708741678464 0.9996508857131925
1811 -0.2831866742254146 0.9590648088326195
1949 -0.14009303634663706 0.9901383444585812
15 -0.13278629628566846 0.9911446915151867
1954 -0.0175498881657298 0.9998459888529685
1798 -0.009927440488814101 0.9999507217484975
74 -0.1284007682915391 0.9917223617031848
179 -0.1508502120747791 0.988556631416225
1088 -0.13564734306456405 0.9907571843390914
1002 -0.20238773961317574 0.9793054696335916
1433 -0.11451506208368635 0.9934215120259725
1512 0.00630033493732791 0.999980152692881
970 -0.1493894781998689 0.9887784300859173
75 -0.15081431969505735 0.9885621077984513
782 0.14453755612973698 0.9894993152438475
917 -0.21755060421424718 0.9760490431356489
118 -0.12955576618784198 0.9915721372888012
1112 -0.24413256325974783 0.9697418685177129
440 -0.040475081453371524 0.999180548139996
752 -0.35000938743268434 0.9367461922575383
1153 -0.20951324180932893 0.9778058097120029
543 -0.23057038366122679 0.9730556500932075
1739 -0.2942100402979595 0.9557407871320932
1515 -0.05868167946235397 0.9982767454446075
1721 0.05179683985405295 0.9986576427290454
512 -0.03408162982950547 0.9994190525040858
1450 0.0259155262852302 0.999664136346483
780 -0.244619629308704 0.9696191195293502
832 0.08467011150495034 0.9964090386070066
78 -0.13898421820053233 0.9902945961132914
1762 -0.2857365362811243 0.9583082133813035
274 -0.11941774486164393 0.9928440976367635
44 -0.12988857878659713 0.9915285962093066
585 -0.1269805640666033 0.9919052053242423
1237 -0.1579333454961916 0.9874497751178947
1822 -0.14940290650191132 0.9887764011791447
391 0.08313898238033336 0.9965379619506537
1384 -0.1249799184567876 0.9921592714794005
27 -0.14306054805321602 0.9897139382623211
1330 -0.05581246174693338 0.9984412697368569
612 -0.14235120936770276 0.9898162118249794
1321 0.1971897608330466 0.9803653391581149
558 -0.09739236301129828 0.9952460638591221
630 0.12763981350563045 0.991820587610606
1788 -0.1574270374424933 0.9875306212376809
1885 -0.1702226459205922 0.9854056275543552
444 -0.23565263556071891 0.9718373502563518
476 -0.025598735472125406 0.9996722986770356
883 -0.14982575616245578 0.9887124166259612
1802 -0.08067737878296737 0.9967402673478731
611 -0.29021613736370694 0.9569611244004065
1905 -0.13993402807991903 0.9901608292521616
599 -0.2867732167550922 0.9579984979904389
1665 -0.15317782173299974 0.9881986414325479
638 -0.15023198138728514 0.988650773412154
205 -0.15602218257891112 0.987753551521488
221 -0.24879700404938876 0.968555651873473
769 -0.2614955884192664 0.9652046711642364
244 -0.2226890343950111 0.9748895291058457
717 -0.010522094247078763 0.9999446412340313
1451 -0.3454616286304221 0.938432876205867
1160 -0.322218300011621 0.9466653934403755
19 -0.138095998014142 0.9904188484335696
229 -0.07993146144097324 0.9968003618939503
1190 -0.12604640802868558 0.992024345983034
1093 -0.15272140586773833 0.988269281213264
222 -0.0468843499231995 0.998900324222732
877 -0.1448645662867942 0.9894514932196217
331 -0.1448274673367307 0.9894569241279927
1326 -0.07648541595254675 0.9970707001745491
344 0.03762338515797209 0.9992919898054097
493 -0.13734258373744157 0.9905236063276451
1351 -0.16821777636378782 0.9857498565636329
1924 -0.13206534843273618 0.9912410119357148
1286 -0.054456523306318186 0.9985161426183298
154 -0.12344460037745206 0.992351465277122
1137 -0.11178543374502156 0.9937323667881798
923 -0.13820067293249083 0.9904042477700743
655 -0.13684184499844249 0.9905929080391309
1640 -0.12908536559453518 0.9916334849072641
1977 -0.004114098451651654 0.9999915370611545
1606 -0.26536403725305663 0.9641482913601821
1356 -0.14841394376577108 0.988925326450835
1336 -0.009129581139728815 0.9999583245056831
679 0.04785160756909292 0.9988544556906443
882 -0.11167227187312032 0.9937450898971506
1852 -0.030406813781362653 0.9995376059336966
1708 -0.1573880624701523 0.9875368336380631
1472 -0.13902914955914394 0.990288289122345
530 -0.05081522254900239 0.9987080720397203
553 -0.21692727632402373 0.9761877671773196
1234 0.13420995234853425 0.9909529195126295
1881 -0.10304912740972888 0.9946762676067493
788 -0.02332278175796219 0.9997279869299801
347 -0.10618161890426354 0.9943467522986484
1292 0.09070640170293044 0.9958776775739612
1874 -0.1639154251147346 0.9864743957191467
498 -0.09419799433254909 0.9955534831759292
1410 -0.10596937414079236 0.9943693940101982
1899 -0.037609529465927806 0.9992925113765997
1940 0.11873738853904346 0.9929256933743472
477 -0.03457731504261757 0.9994020258556832
736 -0.0008176793441010068 0.9999996657001893
1779 0.014766073880816504 0.9998909755879121
1575 0.16310292313555275 0.986609059589784
1713 -0.1262650568537134 0.991996540023063
1952 -0.06821173407529312 0.9976708672375081
1011 -0.24293748288302597 0.9700419472427259
626 0.04905961786327074 0.9987958519613054
428 0.06889587027590592 0.9976238565004977
1814 -0.07607016596788214 0.9971024670762875
1291 -0.08491451820650217 0.9963882398933447
850 -0.11625500184120224 0.9932193989984801
1637 -0.03848984250371087 0.9992589914651954
1509 -0.04222656234143179 0.999108060938768
1101 -0.15166999758034436 0.9884311872022141
901 -0.15619415213121862 0.987726372453429
1919 -0.17046458971389855 0.9853638026910022
1965 -0.11421349604684614 0.9934562281855991
1409 -0.11245030299931369 0.9936573500736371
1439 -0.14646928925485533 0.9892152178900088
1331 -0.20838801905996984 0.9780462328091968
1875 -0.03304775550270809 0.9994537737465566
20 -0.14856663991819066 0.9889023983707486
673 0.26278440671758235 0.9648545774292042
1688 0.036801160772327354 0.9993226078528441
1550 -0.21320692219344686 0.9770070666729067
334 -0.13804971953883902 0.9904253000278456
142 -0.14111591927469014 0.9899930794340227
1582 -0.2079337782228329 0.9781429056502826
1841 -0.23903392091366618 0.9710112175730202
1177 -0.14863915741573203 0.9888915010670994
878 -0.15556131333217282 0.9878262386646598
280 -0.12846977408550278 0.9917134249098475
1777 -0.1281593791290215 0.9917535850912079
98 -0.14648233307488928 0.9892132864539059
482 0.25143464479658795 0.9678742787139316
1086 -0.049350122400613726 0.9987815403876086
899 -0.18304718947314508 0.9831041279671154
237 0.17334936224847983 0.9848603954916886
1687 -0.03744769033710146 0.9992985892556923
867 -0.1224482757572381 0.9924748962891099
1761 -0.11104412713850124 0.99381547675011
148 -0.135032098922977 0.9908412245463222
1110 -0.12323825364828997 0.9923771122097285
1261 -0.131228982598888 0.991352083836041
206 0.0473132642741867 0.9988801004243308
771 0.052294000710082 0.9986317326671199
831 -0.20509924281651612 0.9787411816185584
1452 -0.12552218670976056 0.9920908126999262
157 -0.12958532852480512 0.9915682743165588
749 -0.12720520993635853 0.9918764210147587
197 -0.024568523647140548 0.9996981482656652
1406 -0.15120880247635404 0.9885018452454537
775 -0.29717033730323994 0.9548244815813421
191 -0.15006639062036328 0.988675921829887
1338 -0.07895501528243228 0.9968781799005085
1022 -0.07099170195863529 0.9974769061251576
656 -0.007409430310115696 0.9999725497944829
1915 -0.2783474579224187 0.9604804488734413
1931 -0.21669386009666572 0.976239607369219
1685 -0.16587431679323275 0.9861469013429887
1918 -0.2585714293753666 0.9659921407085981
1239 -0.23386000899489617 0.9722702793940103
1469 -0.004140340559675651 0.9999914287532918
1229 -0.18991420889842817 0.9818006891719337
1864 -0.2127432692847878 0.9771081318738578
488 -0.13424193546311847 0.9909485873460419
1157 -0.17779659690424443 0.9840672589458861
1390 -0.10215637113330098 0.9947683528524996
925 -0.1347140171228076 0.9908845208149313
1522 -0.3178659857032386 0.9481356522844759
94 -0.13163003630483364 0.9912989123076794
1429 -0.07144896442360035 0.9974442568298216
664 -0.10421524055379824 0.9945547665344096
1644 -0.09419799433254909 0.9955534831759292
102 -0.13017509431828908 0.9914910210482113
60 -0.1428022185629411 0.9897512446940908
678 -0.10138763467866856 0.9948469970474177
217 -0.2766994173054151 0.96095651954854
566 -0.06578959042255518 0.9978335180740484
860 -0.08669673025419317 0.9962347499275619
63 -0.14468945671118275 0.9894771150039918
441 -0.28191735331631607 0.9594386931425704
1490 -0.08824528312834169 0.9960987752254287
314 -0.14721374214793845 0.9891047033164894
817 -0.1296255228366535 0.9915630206039979
1741 0.08435165482875298 0.9964360482879224
1363 -0.045214599797048234 0.9989772970219056
1167 0.07109561973443797 0.9974695047241176
846 0.17656273381899837 0.9842893888620163
757 0.019377206460290817 0.9998122443087979
360 0.02833879981997744 0.9995983755612867
675 -0.3071944969136595 0.9516467522489443
560 -0.09535179299131503 0.995443637567362
646 -0.12945923230967363 0.9915847453293086
109 -0.12192781548736993 0.9925389704240726
1578 -0.18857230126923205 0.9820593094075459
1674 0.05760648695330064 0.9983393674802669
842 -0.19687315383461673 0.9804289680028897
1544 -0.301777730105523 0.9533783098079995
1989 0.09259535466741144 0.9957038215724675
570 -0.22416459611501985 0.974551298726029
652 -0.04262830669937879 0.9990910005940119
1028 -0.04155514326916943 0.9991362119690581
1732 -0.0042375953104991275 0.9999910213526843
1679 0.14799372444067424 0.9889882999945842
420 -0.1267618682135326 0.9919331775714608
648 -0.0634206686707837 0.9979868830727939
1183 -0.20302239234510605 0.979174094942503
1097 -0.14693799447817998 0.9891457050297141
172 -0.13311657006040475 0.9911003878393719
1858 -0.02764116036031776 0.9996179101306335
1943 -0.03871604657817286 0.9992502528082526
110 -0.13654283715287976 0.9906341674009848
946 -0.08653716288082187 0.9962486233067216
62 -0.1220651175920432 0.9925220939945069
93 -0.11807467609454736 0.9930047184506062
2 -0.13688989830303322 0.990586268702825
1401 0.019087546042744423 0.9998178161975642
386 -0.034718266417323375 0.9993971392679567
234 -0.14388699075768707 0.9895941258367985
1976 -0.0774917436492156 0.9969929937899284
51 -0.1410314547664674 0.9900051155253966
1333 -0.19170379731161477 0.9814528282583465
156 -0.12478379493452013 0.9921839569967555
166 -0.12873710142677627 0.991678757822427
1226 -0.11780188846650391 0.9930371166646922
1916 -0.14624820490928092 0.9892479277515891
1146 0.08291770958611938 0.996556397519474
620 -0.13164307366494257 0.9912971810491779
1485 -0.169344677037064 0.9855568884438952
1546 -0.09662848690060129 0.9953205189883811
301 -0.12264140154393463 0.9924510499905471
564 -0.10002192626487354 0.994985233190053
600 -0.2145258223205076 0.9767183174066667
1983 0.02820505337255083 0.9996021583431339
1826 -0.1332309518496343 0.991085018285132
650 -0.06996951396704677 0.997549130176161
1361 -0.34487410653921163 0.9386489496285503
1116 -0.15689846403857763 0.9876147386417109
1155 -0.2476057147850675 0.9688608826894478
671 -0.3101589473795119 0.9506847150135703
1008 -0.3284685046548285 0.9445149238894116
1752 0.35918663138678625 0.9332657519876174
823 -0.16909717155574408 0.9855993844214024
1530 -0.11344604311021157 0.9935441587079238
254 0.033440769513460776 0.9994407010595214
951 0.04036735605735538 0.9991849060934311
635 -0.11451857367501421 0.9934211072266587
1628 -0.18196050190003038 0.9833058403916297
54 -0.12365443900963445 0.9923253396508691
250 0.06764083278529368 0.9977097362159557
152 -0.15092069455587787 0.9885458734701043
933 0.057344388567103464 0.9983544566434635
406 -0.14049669754951144 0.9900811471680899
1557 -0.05197315596072273 0.9986484822295993
1076 -0.10325196458537839 0.9946552326355399
1275 -0.1679351452808955 0.9857980457373023
24 -0.13081615968344076 0.9914066432930922
447 -0.1569604819414556 0.9876048841053319
1123 -0.05251105816203568 0.9986203426581611
432 -0.0892322346609933 0.996010847479788
1824 0.027969747281820258 0.9996087700880736
791 -0.11727018093562279 0.9931000476605196
1165 -0.08265322472574582 0.9965783684399513
1845 -0.14795130232819834 0.9889946471742858
400 -0.1179761962026363 0.9930164233936702
1176 -0.16208858974706322 0.9867762102289497
929 -0.1380215928779666 0.9904292200351466
228 -0.23665574849610058 0.9715935655940454
1663 -0.04103076327418054 0.9991578836525977
602 -0.10421524055379824 0.9945547665344096
287 -0.1146617113049616 0.9934045963053613
1224 -0.1343388028863244 0.9909354600775316
1950 -0.13406196268430098 0.9909729512762864
1833 -0.06384080061682121 0.9979600954830825
818 -0.13322563103553312 0.991085733544371
135 -0.12737059499520342 0.991855196856158
1684 -0.2155470808061928 0.9764934490081992
1481 -0.24283657516926638 0.9700672130115836
1383 -0.1543651358282587 0.9880138687491807
779 -0.1617065457554707 0.9868388891099874
466 -0.02486172689814668 0.9996908994962603
1592 -0.1274171954159272 0.9918492114794161
540 -0.19991543067234763 0.9798131559532612
28 -0.13353025871610133 0.9910447366326159
1464 -0.22213402909218632 0.9750161399275766
824 -0.24658111181408052 0.9691221570558234
1649 0.09403061437087654 0.9955693062569957
1186 -0.22121359741678442 0.9752253812929219
556 -0.19468554866529045 0.9808657080053796
119 -0.1373224705752502 0.9905263949411492
551 -0.3676654255447074 0.9299581360787318
319 -0.14086637172499977 0.9900286184333431
976 -0.10463328942908273 0.9945108721091237
732 -0.09010707190866366 0.9959320838250201
1343 0.08461389423800507 0.9964138140862359
1920 0.052743276388204294 0.9986081047116719
767 -0.20580217200524606 0.9785936163688802
502 0.08668192075951395 0.9962360386040254
1054 0.03647150225229699 0.9993346934453244
1616 0.10535510442661677 0.9944346645060481
1510 -0.06352758939357661 0.9979800826598901
383 -0.0548387181388671 0.9984952253230288
1803 0.1280127042934564 0.9917725281229944
92 -0.12270585646643146 0.9924430828963641
806 -0.07681383517134198 0.9970454526882262
522 -0.11870305040050828 0.9929297990420141
446 0.09774066842372434 0.9952119180034389
1244 -0.20712595504538941 0.9783142842392395
1060 -0.17689524860526787 0.9842296840783052
1963 -0.238499400008788 0.9711426446178996
783 -0.24401968128680507 0.9697702795738206
6 -0.13634072977876371 0.9906620036134394
1300 -0.127761263717863 0.9918049503270361
1047 -0.13846852053499678 0.9903668354811005
486 -0.14533957674716017 0.9893818309585821
1128 -0.2479817650868765 0.9687647001126729
1236 -0.16675037137512255 0.9859991448506731
926 -0.1577263978788252 0.9874828522117082
1004 -0.19634647367060493 0.9805345798477065
809 0.37755614323133013 0.9259866946713022
1143 -0.12777599535707668 0.9918030525313523
1534 0.043035260146573905 0.999073554041001
1210 -0.2012650094699591 0.9795368272622818
275 -0.12693039636081918 0.9919116263456565
1570 -0.1159626908107854 0.9932535700111639
1021 -0.16426344903562679 0.9864165039733064
1887 -0.09199629370837616 0.9957593494132617
1872 -0.12376323626890519 0.9923117762821557
330 -0.1284029481124962 0.9917220794738915
836 0.014966816574899294 0.9998879909277906
1139 -0.14665482703576124 0.989187728243285
680 -0.07141726642893598 0.9974465269155126
491 -0.1281993642047119 0.9917484171993963
1374 -0.13918850755942888 0.9902659033630204
1348 -0.1989230932344024 0.9800151034438486
1019 -0.15554496090578238 0.9878288136801936
159 -0.1456586878551447 0.98933490115952
1240 -0.13722852994903836 0.990539413939711
21 -0.13792268691867773 0.9904429980736562
1082 -0.07083691895165505 0.9974879101590337
565 0.011773325881004689 0.9999306919970502
1773 -0.03738319783573706 0.9993010039620566
514 -0.16227573999618183 0.9867454505639698
214 -0.05390941801209573 0.9985458300196328
1405 0.1255341454324835 0.9920892995746583
886 -0.09985605560541747 0.9950018935453981
606 -0.04883174474983148 0.9988070187502124
1545 0.054117957004238736 0.9985345495923951
1724 0.14038478273897295 0.9900970219000416
1320 0.034655292182130856 0.9993993249566316
891 -0.15545461131199226 0.9878430360243663
412 -0.14071974717396118 0.9900494698525405
1622 -0.13379985631919153 0.9910083745604593
366 -0.12804966968636805 0.9917677561270138
131 -0.14050810364922642 0.9900795285273291
1494 -0.04265510266919587 0.9990898569279344
1948 -0.18861457799426043 0.9820511906046686
721 -0.13131501393210285 0.991340691748307
805 0.02658040263933856 0.9996466786797876
1686 -0.24103355206162133 0.9705167833585145
318 -0.11913290121560978 0.9928783167377319
902 -0.10884715875219747 0.994058497288552
23 -0.13657548876429484 0.990629666358117
1698 -0.15826344333461928 0.9873969224703255
59 -0.14749596838297763 0.9890626569185431
1487 -0.15322987456759574 0.9881905714688837
528 -0.11936434337633936 0.9928505192275096
658 -0.4174995280501447 0.9086771396254593
1846 0.04008983161422558 0.9991960795565317
1238 0.030544996633802918 0.999533392729148
1729 -0.031166136240233833 0.9995142179838439
268 0.26147289366005577 0.9652108193970047
853 -0.060784955475436435 0.9981508849807473
1612 0.18891962371863122 0.9819925538281901
150 -0.1339748907800497 0.9909847267442995
177 -0.14948916451971364 0.9887633638496109
706 -0.1187422836598911 0.9929251079871199
490 -0.12615610155044807 0.9920104021841673
621 -0.07594709715373495 0.9971118485074385
1635 0.08504761130732033 0.9963768884367596
84 -0.12419200665893454 0.9922582050464623
789 -0.03806790246530341 0.999275154700592
201 -0.05139222592843517 0.9986785464373013
968 -0.02297145469897414 0.9997361213185273
1038 0.07017006240495968 0.9975350431649426
550 0.12188265703612916 0.9925445168423497
1834 0.003670715190684691 0.9999932629023003
1108 -0.23276764023987193 0.9725323776909236
1187 -0.06300349337552875 0.9980133064355803
47 -0.11908925354773177 0.9928835529353097
325 -0.14757831381432074 0.989050373485457
1690 -0.08652427636941583 0.9962497425840315
1456 -0.30999207085833125 0.9507391419337712
1853 0.2584108070849484 0.9660351208841765
1725 -0.1878973228835916 0.9821886764024412
443 -0.15841734865728044 0.9873722416821317
688 -0.10959000707790571 0.9939768761639601
603 -0.20383440443823314 0.9790053807652495
1645 -0.14896167539086913 0.9888429699728594
1658 0.08241275312014218 0.996598283223064
1495 -0.1272441071935147 0.9918714317816223
1445 -0.05698794459754689 0.9983748665559179
1075 0.06456520546344979 0.9979134903604934
1966 0.09260803930326209 0.9957026418848176
1734 -0.13795485726612275 0.9904385177065176
233 -0.035148829897518 0.9993820889713981
11 -0.12229414809613534 0.992493899901375
527 -0.017415442631810784 0.9998483396785425
1206 0.13634254155200362 0.9906617542648652
1705 -0.017256688186624042 0.9998510922696586
423 -0.13763717664105818 0.9904827144409325
868 -0.14177313135773847 0.9898991762927281
1370 -0.30415063262210235 0.9526239513446924
139 -0.1366729567529334 0.9906162238184931
1386 -0.2477594956733199 0.9688215688679221
503 0.03473394745927019 0.9993965943977879
924 -0.13683078789904568 0.9905944354189187
336 -0.12487402018353576 0.9921726054891871
1397 0.041983048593995154 0.9991183231383328
1819 0.08168597949637792 0.9966581162834712
1192 0.04893330209723367 0.9988020484289472
1808 -0.20734748378249154 0.9782673565897358
1362 -0.13967227802100773 0.9901977856733585
209 -0.14708422026346857 0.9891239720831193
1984 -0.04547600522099652 0.9989654313083811
916 -0.24079263932901337 0.9705765837093783
1074 -0.2503455906576821 0.9681565396351234
286 -0.14176608778984234 0.989900185045322
53 -0.12905534950242964 0.991637391774234
66 -0.1408616082763073 0.9900292961896694
1152 -0.27257776575976683 0.9621337545338556
814 -0.1300510092297361 0.9915073045612558
437 0.12782903484620492 0.9917962179048112
1334 -0.18590026213088148 0.9825686197613221
1188 -0.13640713862793014 0.9906528617691167
1357 -0.15394403683057215 0.9880795684175984
340 -0.3865864801212544 0.9222531612238902
445 -0.08450739889896451 0.9964228517709394
1720 -0.20385813841584582 0.9790004389179946
1399 -0.04384021019206981 0.9990385557976804
425 -0.12714078088191114 0.9918846817230004
97 -0.13798859453049592 0.9904338179704378
725 -0.12463051434376231 0.9922032225781215
1308 0.03836191044565141 0.9992639109999719
1297 -0.12707384245708087 0.9918932596621438
1891 -0.1421085870019381 0.9898510744047878
1709 -0.23552893176676204 0.9718673378094399
1378 -0.08926390493365195 0.9960080096444988
1498 -0.12680036227220484 0.9919282575507351
403 -0.19152967636257182 0.9814868226687755
1821 0.03578312138263318 0.9993595790425566
962 -0.19497759097557257 0.9808076972665755
1461 -0.058481088638589473 0.9982885165480195
723 -0.004773898320804791 0.9999886048824869
353 -0.18215914264454997 0.9832690612192588
1680 -0.2337503658569247 0.9722966453000615
371 0.02748810190015294 0.9996221307343724
636 -0.27361902099674174 0.9618381523670105
1587 -0.08172149626117933 0.9966552046966063
283 -0.12658433647829967 0.991955848694058
526 -0.32841956959216717 0.9445319403328273
1538 -0.13109750954784818 0.9913694785448823
149 -0.12970641180889092 0.9915524427561369
1322 -0.22764108040568426 0.9737451096214721
727 -0.15036276972064885 0.988630890414585
1925 0.009322245769011264 0.999956546922826
1164 0.01433894182249209 0.9998971920889724
1629 -0.013978841285162743 0.9999022912246598
1420 -0.23936582184059887 0.9709294533253044
1403 -0.14890860587909638 0.988850963034948
58 -0.14892823537438843 0.9888480068788483
1975 0.19506375932695472 0.9807905636766883
890 -0.07778254766598688 0.9969703482444142
70 -0.12762139986916013 0.991822957132691
1067 -0.218188272746701 0.9759066951485738
238 -0.0478904275886821 0.9988525952038033
1049 0.0642535855927738 0.9979336033717234
370 -0.06392923661402275 0.9979544341832188
484 -0.11156318470436682 0.993757342523123
1448 -0.23076568942019204 0.9730093507189042
1061 0.010878612552680484 0.9999408261436917
1994 -0.1518154161010247 0.9884088624825623
627 -0.1352272976912878 0.9908146032225766
921 -0.12388370609552112 0.9922967436024561
468 -0.09340742644442737 0.9956279690150477
79 -0.11842943812961487 0.9929624706827059
1571 -0.17385833993649552 0.9847706726109008
1647 -0.06689152940955963 0.9977602534142409
998 -0.021896459989534364 0.9997602437784405
1218 -0.1223963725036608 0.9924812985633257
1140 -0.13004566155712252 0.9915080059738147
1542 -0.10360935999119246 0.9946180676632691
1614 -0.03400198222656324 0.9994217654247202
1134 -0.17293767339964713 0.9849327698473217
922 -0.11315760946572974 0.9935770505703125
879 -0.13847802004994356 0.9903655072563096
555 -0.07919905332104706 0.9968588214752628
1504 -0.2952274767843732 0.9554269919525679
909 -0.045344664734427956 0.9989714016828122
1369 -0.07672438757918602 0.997052339825046
1615 0.06854224755759215 0.9976482147028348
515 0.03622999204240452 0.9993434783279507
1889 -0.03937853902796722 0.9992243645268178
1175 -0.15650284588688596 0.987677507706491
1961 -0.1609903197721179 0.9869559853102221
327 -0.12806631792132922 0.9917656064887879
949 0.04003082147553201 0.9991984454211256
263 -0.08886872100061456 0.9960433476650075
633 -0.17477539764698924 0.9846083284115247
384 -0.05268065604706791 0.9986114101483372
511 0.13034856220464414 0.9914682306212246
192 -0.19859367605604497 0.9800819107761078
1613 -0.032075737151938385 0.9994854411576788
346 0.05783159948512139 0.9983263525025233
523 -0.021490468886058236 0.9997690532053176
695 -0.13076372570425226 0.9914135605487465
174 -0.14044592810619222 0.9900883502386999
1502 -0.2332594052451004 0.9724145463045594
1523 -0.2866369129268457 0.9580392894593456
143 -0.13531453983209152 0.9908026924216695
304 -0.16357226132701222 0.9865313554694385
291 -0.15271498480221538 0.9882702734661502
1894 -0.1374031942857988 0.9905152003881915
1589 0.09757648972714118 0.9952280284701236
1242 -0.04876425456616786 0.9988103160643697
