500 2
322 -0.11363040771537876 0.9935230900399027
433 -0.5179778195171417 0.8553940486631101
72 -0.124931461343665 0.992165374303365
282 -0.07807313225425139 0.9969476345425622
156 -0.2492770807471517 0.968432205688234
484 -0.016450273245594053 0.9998646851000117
386 0.0009484316287030957 0.9999995502386216
368 -0.06264703537153055 0.9980357453313775
147 -0.04091376449326145 0.9991626813862645
169 -0.13038325605276352 0.9914636687953218
381 -0.112441054480662 0.9936583966672231
132 -0.15393530962185165 0.9880809280881929
291 -0.0407615583784966 0.9991689023175995
6 -0.10781057491232533 0.9941714539942665
67 0.0017944716468747907 0.9999983899344581
141 -0.08379610154175941 0.9964829217635409
477 -0.07498306039073972 0.9971848076733013
410 -0.505256065848878 0.8629694710260117
278 0.1404707132377978 0.9900848341038581
114 -0.024999824787158415 0.9996874555382855
429 -0.15427086737257176 0.9880285924405803
417 -0.048466757162352284 0.9988247961730653
253 -0.23791221656293426 0.9712866606775322
8 -0.09746131726509184 0.9952393137516992
305 -0.09394010312998452 0.9955778508102358
289 0.11746088397804147 0.993077509933186
481 0.005802506217042958 0.9999831653190974
490 -0.07636071824259051 0.9970802579077954
84 0.11088523197938055 0.9938332180647207
393 -0.01251593718294557 0.9999216725906247
27 -0.133847309085221 0.9910019666229959
333 -0.09504052097176532 0.9954734046539945
88 -0.4099252355584042 0.9121191266783012
314 -0.18898541476109448 0.9819798944008868
2 0.44178537305032534 0.8971207745664933
90 -0.12722115822238536 0.9918743755640402
444 -0.06178188870903115 0.9980896744419034
237 -0.0046262489831613044 0.9999892988529157
134 -0.08516741253144651 0.996366655324584
79 -0.00980243032020238 0.999951955025749
321 0.001841276914189173 0.9999983048482258
467 -0.19028383791100653 0.9817291179494767
57 -0.062368796255536256 0.9980531715563232
279 -0.5568488243549976 0.8306138614389101
488 0.010418018488379383 0.9999457309728242
158 -0.0832895136139896 0.9965253920106326
391 -0.02018166246227874 0.999796329509295
474 -0.18921114055671345 0.9819364257879568
22 -0.24030426281956865 0.970697615774729
313 0.062078817140562535 0.9980712501933059
310 -0.1397090047666739 0.9901926044902101
186 -0.36560748904866347 0.9307691249453495
19 -0.26012169234076654 0.9655758412334972
98 -0.08709678870412994 0.9961998541444524
213 0.04990507122637883 0.9987539656321222
423 -0.11927524760061194 0.9928612266121649
408 -0.03397712763875218 0.9994226107095135
83 -0.09506189714022067 0.9954713635821486
460 0.3104054998739246 0.9506042423890286
204 -0.05550809268979771 0.9984582373068696
157 -0.17544417165340692 0.984489381676029
360 -0.061791816656255195 0.9980890598510335
329 -0.09272264603072332 0.9956919759207972
294 -0.012193030940088688 0.9999256622351954
250 -0.03567194200676812 0.999363553744815
400 -0.13198285388763475 0.9912519993824351
223 -0.10252775453040261 0.9947301440847933
453 -0.20835902713449989 0.9780524095423337
197 -0.15663947221153832 0.9876558488386988
113 -0.11620956980346847 0.9932247157044033
165 -0.06758685493835845 0.9977133942368125
101 0.2791057234514692 0.9602603788226566
371 -0.17337412754753365 0.9848560361276827
129 0.0633476808592073 0.9979915186662459
118 -0.1107894551895927 0.9938438995228541
148 -0.04786378984870366 0.9988538720059702
234 -0.1840811807239746 0.9829110432298884
199 0.004102143124645423 0.9999915861754962
407 -0.038533135619527994 0.9992573229450595
167 -0.13482951442538552 0.9908688117202069
215 -0.2658792959961852 0.9640063277596123
1 -0.16535203815130664 0.9862346087413527
159 -0.14558483822735876 0.9893457711428871
24 -0.3468219966479285 0.9379309690169869
31 0.06487471325226936 0.9978934169441324
210 -0.005955477640735888 0.9999822659857878
449 -0.18851857787590978 0.982069623700705
105 -0.0798559399241894 0.9968064149366337
170 -0.45280180174625545 0.891611197964306
280 -0.4645427330158607 0.8855507039137596
75 -0.4694538519166745 0.8829570096672867
181 -0.050937348131690555 0.9987018506868358
222 -0.07604368978584033 0.9971044866230193
427 -0.060263482633039635 0.9981825046858601
38 -0.1800034167989591 0.9836659849464656
496 -0.0032894373960472433 0.9999945897861735
97 -0.04418279846138619 0.9990234633481441
207 -0.01694845872671134 0.9998563645578243
450 -0.30897925807664123 0.951068776734053
200 -0.26012867270410167 0.9655739607286448
226 0.09912530612149989 0.995074958827886
341 -0.0844143351429728 0.9964307402034374
39 -0.14387328999859783 0.9895961178303901
224 -0.5056555285170713 0.8627354672668335
380 -0.028785580408204402 0.9995856093204638
194 -0.15699035095930844 0.9876001365459975
30 0.2985531592854132 0.9543930066176609
130 -0.15337643917919275 0.9881678338747479
269 -0.08253115074068006 0.9965884853626491
452 -0.17944183986241474 0.9837685836144554
422 0.007151245172368071 0.9999744295193176
339 -0.06465221912965485 0.9979078567491144
121 0.041563397131703074 0.9991358686479394
12 -0.23758377810014555 0.9713670513166796
108 -0.05009800073513781 0.9987443067784377
430 -0.12348224536750818 0.9923467816640503
416 -0.03984087243758994 0.9992060372532843
139 -0.17798084949758308 0.9840339512497109
49 -0.1418764410657879 0.989884374798646
277 -0.17201121103712086 0.9850949920071379
448 -0.5385900038088047 0.842567984080354
104 0.009214776693197502 0.9999575430439508
412 -0.04875784545885713 0.9988106289513594
260 -0.07184369315596276 0.9974159030984576
254 -0.19614415284232087 0.9805750717338109
385 -0.14329686439008898 0.9896797505536671
146 -0.2126434974313496 0.9771298496106663
382 0.1463743610634434 0.9892292688872831
309 -0.2309591335611543 0.9729634518442514
245 -0.18231522369941988 0.9832401330333453
354 0.006766908906941519 0.999977104209814
230 -0.045782164246871496 0.9989514469867254
54 -0.22479467399702652 0.9744061548156243
124 -0.18949653526798768 0.9818813895381806
298 -0.1604810443328345 0.9870389224391523
248 0.0651548250466746 0.9978751669287783
115 0.0542245157313697 0.9985287686860597
352 -0.18718670972426427 0.9823243536137155
418 -0.14977496977908594 0.9887201112689445
332 -0.21865448821353087 0.9758023441169216
370 -0.14471039889486145 0.9894740524398252
283 -0.1335883471939219 0.9910369082400494
65 0.054553430152287356 0.9985108528496922
18 -0.25401750657826705 0.9671996207359471
89 -0.13718701437196312 0.9905451645875148
20 -0.14884416603954018 0.9888606647227879
355 -0.1772003608124622 0.9841747975476375
301 -0.2852971377344766 0.9584391181501907
366 0.24003119000930612 0.97076517645758
415 -0.002995950061300494 0.9999955121315445
413 -0.13098601837243148 0.9913842156252726
13 -0.18073046574166354 0.9835326627788227
459 -0.10060596850056563 0.9949263485816743
14 -0.05505396500568295 0.9984833804010725
378 -0.20542942229491515 0.9786719330069589
438 0.0816548677378291 0.9966606657106106
208 -0.15039375987486825 0.9886261765655917
436 -0.09860509301976987 0.9951266430111108
17 -0.2250721194121498 0.9743421067896652
127 -0.0801559817611783 0.9967823326022095
246 -0.0025129673814038894 0.999996842492485
77 -0.13676667671276904 0.9906032889814897
33 0.041549758253244765 0.999136435923091
184 -0.11441675418677522 0.9934328393813863
87 -0.17563070762706637 0.9844561211848987
85 -0.21493686783525226 0.9766279449438109
195 -0.23645922820442478 0.9716414119401086
344 -0.1445381222151979 0.9894992325547829
396 -0.553788725489501 0.8326572209022834
135 -0.11662828978846373 0.9931756350319002
261 -0.04534362397238542 0.9989714489238672
331 -0.15885300643930098 0.9873022446774824
264 0.06781035458245684 0.9976982288304422
193 -0.04137125635617787 0.9991438430714126
462 0.057786733248161075 0.9983289505270824
323 0.4377413054156244 0.8991009673740903
43 -0.13800194134800878 0.9904319583818874
45 -0.34333527481916054 0.9392129093367763
365 -0.1411479716738315 0.9899885100809822
190 -0.1737789705042105 0.9847846817505321
188 0.018897779826537738 0.9998214210135866
173 -0.14282438961097282 0.9897480455814263
275 0.15407310262041507 0.9880594511712942
247 -0.06438989760347252 0.9979248173517953
80 -0.17483000682365443 0.9845986333090458
317 -0.030979184293529922 0.9995200298845979
71 0.32103575369837256 0.9470670751574662
103 -0.105383373466763 0.9944316691441222
263 0.08442908493603639 0.996429490539528
111 -0.5213532113210623 0.8533409805260824
96 -0.08979899454397515 0.9959599091222956
177 -0.1017252132025603 0.9948125356060274
244 -0.026330417349554266 0.999653294458733
205 0.004932165678862409 0.9999878367968864
235 -0.08197776493033929 0.996634158584295
60 -0.5275015944043527 0.8495540406006352
319 -0.08229425400223192 0.9966080753025315
492 0.04592313150373894 0.9989449764591093
299 -0.058088916552989804 0.9983114132242001
142 -0.1310098173321114 0.9913810709119915
189 -0.11024708922271628 0.9939042103331279
166 0.06149171819754487 0.9981075936957466
286 -0.1430981614020198 0.9897085006219566
112 -0.03985505746295557 0.9992054715595909
221 -0.15225380636665117 0.9883414280737535
431 -0.19466482440006525 0.9808698212001895
202 -0.03671680947297084 0.9993257106179775
446 -0.06515709409771554 0.9978750187717605
293 -0.048621569972082536 0.9988172720440162
82 -0.6178390390059645 0.7863045986640206
152 -0.15273612903724437 0.9882670058677049
441 -0.11538865970331182 0.9933204202128703
324 -0.24975404419827546 0.9683093087472648
330 -0.14390643410520224 0.9895912985789259
74 0.09832181759378802 0.995154671488334
11 -0.1450344995695843 0.9894265985582761
348 -0.1464782480632062 0.9892138913522868
363 -0.46713320134440606 0.884186955457796
307 -0.4227342530298515 0.9062536903733378
493 -0.21477588104810594 0.9766633611024886
274 -0.07438489509614106 0.9972296061497251
374 -0.019576300471717184 0.9998083658681003
425 -0.14784393431419748 0.9890107032214055
110 0.016382184755071097 0.9998658030069089
145 -0.13886758606264687 0.9903109580031584
37 -0.15836080377656278 0.987381312273653
308 -0.03832328714029283 0.9992653930076648
373 -0.3147544663092158 0.9491731274843388
377 -0.12562118069468745 0.9920782826777695
443 0.03254013990715765 0.9994704294249144
171 -0.2857071677564145 0.9583169696361471
464 -0.06219529980178914 0.9980639982899724
454 -0.04196974723746499 0.9991188819739237
358 -0.05770615983190329 0.9983336111327991
437 -0.028236740135338598 0.9996012637579692
388 -0.13776591921687634 0.9904648158830929
390 0.16154451476372875 0.9868654263625569
185 -0.037008084886530034 0.9993149661908558
214 -0.003241738755368836 0.9999947455511164
42 -0.11707938798453339 0.9931225588562407
432 -0.05667558261977022 0.9983926473761261
240 -0.21964593020984582 0.9755796560723535
265 0.003824497617344846 0.9999926865822444
64 -0.014368665778369101 0.9998967653931828
281 0.047968687345827855 0.9988488399324085
335 -0.12657399995421773 0.9919571676920278
495 -0.0945238535873343 0.99552259698261
445 -0.11927061649484283 0.9928617829491375
26 0.010994571551381312 0.9999395578715753
327 -0.20485235154885648 0.9787928861944717
5 0.3429761288472447 0.939344119607377
311 -0.10496693150280147 0.9944757127707474
225 -0.007920266599386052 0.9999686341965905
345 -0.049362032554070887 0.9987809518318475
399 -0.14355981485250444 0.9896416419894196
343 -0.07363850304751057 0.9972849998214762
133 -0.08907426622443489 0.996024987184849
143 -0.2415225706758482 0.9703952018915438
405 -0.18597100517120352 0.9825552326641044
316 -0.032935415043124666 0.9994574820551083
337 -0.1155747594829306 0.9932987843395675
211 0.11480613355122622 0.9933879160222446
303 -0.06535419910435025 0.997862129083687
463 -0.10790635818420309 0.9941610623351844
106 0.00478906730313927 0.9999885323514296
461 -0.1381262532633796 0.9904146294150855
163 -0.4680921255865785 0.8836796715800579
178 -0.17844774081851764 0.9839493908716886
252 -0.10074402647989576 0.9949123786186491
414 -0.40751083263713944 0.9132003730197362
357 -0.18961601280679605 0.9818583236329227
367 -0.14067960833744672 0.9900551741181006
256 -0.06118204816328537 0.9981266237219332
285 -0.24482241690748505 0.9695679368561946
243 -0.046396062731895595 0.9989231228492901
23 0.01314058730839908 0.9999136587551899
232 -0.10619444890497057 0.9943453821594234
455 0.2251576860209334 0.9743223370249184
259 -0.21834206046149668 0.9758722993473214
34 -0.10635155096650242 0.9943285913655603
93 -0.026527646935995634 0.999648080050194
216 0.029724469144373895 0.9995581303426455
426 0.2844263375081711 0.9586978974273845
36 -0.009280087206226358 0.9999569390636003
136 -0.24007903782879425 0.9707533443646744
295 0.017374373533270194 0.9998490541798429
290 -0.07167268756198024 0.9974282058662883
458 -0.11780157704531119 0.9930371536078788
162 -0.08396299216829663 0.9964688735460564
255 -0.10747086839049771 0.994208233946688
228 -0.22607871748708358 0.9741090357343963
470 -0.22693628394360457 0.9739096072171523
302 -0.19972230421010898 0.9798525405391388
489 -0.10229618585423238 0.9947539848423209
389 0.004259659436819865 0.999990927609587
56 0.024583625767733673 0.999697777002686
466 -0.10392788677528395 0.9945848351701446
21 -0.30006556118347144 0.9539185809028191
242 -0.12398697680275214 0.9922838452697462
288 -0.06370260555030467 0.9979689263930527
375 -0.17117236411928982 0.9852410982910799
394 -0.32355285804438216 0.9462100972042689
456 -0.0173640179822589 0.9998492340745737
120 -0.0902618044642372 0.9959180722603943
338 0.07591304163264362 0.99711444183207
362 -0.16218746112979662 0.9867599644555258
297 -0.13216748217542196 0.9912273990641145
40 -0.10209434952678119 0.9947747201224524
63 0.07495660589995011 0.9971867965591801
44 -0.0618388629739014 0.9980861460946621
304 -0.007410216948096031 0.9999725439654741
219 -0.09112553330960016 0.9958394133488798
66 -0.5023160415448151 0.8646841009332527
172 -0.18573042132070255 0.9826007381414052
109 -0.060297914294149026 0.998180425339916
151 -0.08371435032043169 0.9964897929986177
16 -0.17066169640012344 0.9853296835992671
306 0.3891624270122074 0.9211691513516768
428 -0.1010960014299895 0.9948766750179983
48 -0.13936690996374249 0.9902408113217502
272 -0.47433099310235893 0.8803465845804879
284 -0.12979470209668334 0.9915408893775552
15 0.005367584548321256 0.9999855944142979
372 -0.19805039490097662 0.9801918389170394
334 -0.16459110549258985 0.9863618849046872
4 -0.19148709024901894 0.9814951320653424
160 -0.11930825186388902 0.9928572611595197
183 -0.11711712330759408 0.9931181095056891
61 -0.5278295578050756 0.8493503151864361
179 -0.4695299723387821 0.8829165334704874
435 -0.038281443570608295 0.9992669968922973
349 -0.22560420794567476 0.9742190417751057
420 -0.03669170939439621 0.9993266325189764
220 -0.20810758540671687 0.9781059415503957
447 -0.21038347996274673 0.977618939750435
102 -0.0621588691392847 0.998066267833617
369 0.059935471714250926 0.9982022536692603
47 -0.07322179052064395 0.9973156819146839
475 -0.0585254618624657 0.9982859161151103
421 -0.11341149438838011 0.9935481029827365
439 -0.19233197538628813 0.9813299196722824
218 -0.0694661634069218 0.9975843082875365
191 -0.12074351303831828 0.9926837381861182
472 -0.22473371232381006 0.9744202166135301
336 -0.2317311515364558 0.9727798689362296
270 -0.3241975138310098 0.9459894143307273
342 0.3152677460483417 0.9490027651706807
491 -0.08263746853476116 0.9965796750858238
424 -0.14021827119416103 0.990120617108502
318 -0.06747276195751903 0.9977211165420043
361 0.26372117770934905 0.9645989531549336
451 -0.00934840073036773 0.9999563027471673
149 -0.4873600676886203 0.873201101936171
91 0.6178390390059646 0.7863045986640205
440 -0.0012888910965049424 0.9999991693795257
376 -0.10825980148964973 0.9941226359868391
340 -0.11468411609714999 0.9934020100216304
486 -0.1912967957322394 0.981532238870725
168 0.006947780646292021 0.9999758638807694
7 -0.312598292570792 0.9498854180804259
296 0.06862100801883973 0.997642800434343
325 -0.05475761966378973 0.998499676058413
182 -0.23855311689394157 0.9711294509076457
236 -0.05603281477370747 0.998428927700182
483 -0.06696746613705032 0.9977551595853479
53 0.17053762560126973 0.9853511649428751
251 -0.1902051988482923 0.981744356913286
471 -0.04275762102969031 0.9990854747437184
397 -0.21670759384093674 0.9762365588174167
387 -0.20015694184141286 0.979763848400569
196 -0.4972497824214911 0.8676074307437551
117 -0.02817531698049153 0.9996029969508139
154 -0.06579659299602882 0.9978330563526722
409 -0.14991202845566776 0.988699339397123
164 -0.0885016162269954 0.9960760332049003
276 -0.06775487071653277 0.9977019983412811
356 -0.14853250325041129 0.98890752625216
487 -0.01789259517703826 0.9998399147052646
499 -0.10445570251123033 0.9945295401409077
266 -0.05066650537167937 0.9987156278107505
482 -0.07702886026172102 0.9970288635173911
73 -0.06181418188950858 0.9980876749651458
126 -0.037274237222625864 0.9993050741587732
217 -0.035311454373707946 0.9993763561291681
465 -0.14744149844931942 0.9890707783242912
384 0.06733115715737334 0.9977306827375056
187 0.03849585590618759 0.9992587598205231
150 -0.12494526845947566 0.9921636356416161
140 -0.12585445639016687 0.9920487164483082
476 0.14870454283490134 0.9888816708485718
203 -0.11345649397366801 0.9935429653392968
292 -0.22114873473881883 0.9752400920406316
326 0.0016159012172594386 0.9999986944307757
419 -0.46473910601504154 0.8854476626771002
198 0.3307714239647217 0.9437109012236482
35 -0.15236493909484747 0.988324301701938
258 -0.07976842372617898 0.9968134221489199
155 0.39890410690706185 0.9169926463678318
180 0.04523257861019014 0.9989764831227375
231 0.01113289586136967 0.9999380273945679
59 0.04506727512442706 0.9989839541818774
46 -0.050062393838084626 0.9987460922192389
457 -0.2451743763312568 0.9694789967764021
95 -0.13791573950529554 0.9904439655006776
122 -0.24626094489702352 0.9692035632509949
128 0.017070743203391664 0.9998542842467015
328 -0.07169704412910764 0.9974264553655817
347 -0.41604147949119774 0.9093456368965408
81 -0.17281446818569055 0.9849543946730209
25 -0.5087713919470924 0.86090166147837
497 -0.1246590457315166 0.9921996383376219
320 -0.1443341089062813 0.9895290117051797
209 -0.054482925148396186 0.9985147023791259
239 -0.2842970881287276 0.9587362336333839
398 -0.06018676314601698 0.998187133528581
32 -0.1658912610301249 0.986144051096915
94 0.16692153551582134 0.9859701826024154
479 -0.13898942757158816 0.9902938649831787
201 -0.17969237758654003 0.9837228519442335
241 -0.19900729321772212 0.9799980087970361
175 -0.17257504433860144 0.9849963726184628
383 0.18116897905390533 0.9834519820655026
55 -0.41443113229963985 0.91008067586387
70 -0.1665267017101026 0.9860369453613563
402 -0.11928408647407548 0.9928601647332042
498 -0.1597460564429393 0.9871581420678903
9 -0.08688487018423932 0.9962183592632029
229 -0.425746936753872 0.9048422767779446
262 -0.07894850504568929 0.996878695504649
29 -0.1316484403234917 0.9912964683485925
52 -0.06088681951271546 0.9981446764921537
131 -0.15261687773142715 0.9882854287256847
351 -0.060011305632377256 0.9981976974509096
315 -0.4843698645026127 0.8748633232463919
62 -0.19983682166222347 0.9798291915981788
51 -0.33206830026934675 0.9432553439849821
395 0.06863308335762959 0.9976419697811558
300 -0.22358069444288542 0.9746854226223132
468 0.0005391483121389829 0.9999998546595381
76 -0.41945662995591404 0.9077753772745917
50 -0.19731499030370267 0.9803401422982994
99 0.15951179334433502 0.9871960229782503
480 -0.015729438494231127 0.9998762847295941
469 -0.37818662270578984 0.9257293764412948
404 -0.010347786703211148 0.9999464602219186
271 -0.2873461837564453 0.9578267957624735
249 -0.07111528592334422 0.9974681028023107
401 -0.22412800741629654 0.9745597140717445
434 -0.5356026957057827 0.844470101514967
392 -0.08631012568241499 0.9962683183784806
379 0.12157494614002547 0.992582254763327
346 0.06382956452728551 0.9979608142067788
287 0.0824102613996416 0.9965984892703995
206 -0.21542168532054473 0.9765211198400454
227 -0.1976409171708409 0.9802744859782226
137 -0.4550538889847112 0.8904639005147206
364 -0.03035165590652023 0.9995392823614949
78 -0.16939218744533802 0.985548723723228
411 -0.4922801199925366 0.8704368348479594
273 0.08450606171514483 0.9964229651776378
312 -0.08953402875581054 0.9959837637706519
176 -0.302790699123842 0.9530570772645754
268 -0.13272873300597196 0.9911524017196496
58 -0.4569194675048343 0.8895080664137334
138 -0.12857978353526844 0.991699167724781
153 -0.17746488115576403 0.9841271340413141
353 -0.11531755700229694 0.9933286772498929
123 -0.04052947821496808 0.9991783431378116
478 -0.051669723484995614 0.9986642276936649
41 0.06541765686157579 0.9978579709411259
68 -0.4588331045171837 0.888522471409206
267 0.0127613272195481 0.9999185709484527
238 0.15410584269988073 0.9880543452896504
69 -0.040004771359821 0.9991994887250736
350 -0.002171844284655505 0.9999976415434205
212 -0.08385581672628623 0.996477898400746
494 -0.040479063235729605 0.9991803868369105
107 -0.1333033375259671 0.9910752848318023
92 -0.05403980548920714 0.9985387821325161
0 -0.04580705730076102 0.9989503058217886
10 -0.1495685563961463 0.9887513574896233
403 -0.01983642949078686 0.999803238675019
174 -0.08118655002041712 0.9966989234948447
119 -0.23906070208278107 0.9710046244584458
257 -0.11157804746220355 0.9937556738577759
473 -0.032164686925322816 0.9994825825971136
100 0.08768767328165708 0.9961480170910593
28 -0.20096704744574137 0.9795980021625917
144 -0.3749780069903049 0.9270337071938534
125 0.4356391213700637 0.9001214117728336
192 0.048905530375914344 0.9988034086338766
3 0.2658140235912932 0.9640243279410573
86 0.017000075837810918 0.9998554882689341
406 -0.06297736536020063 0.9980149555253607
233 -0.09745042434759812 0.9952403804079057
485 -0.07127719568532309 0.9974565461087697
442 -0.22598144324144986 0.9741316067711341
161 -0.04213573756588349 0.9991118954450393
116 0.07714435483556807 0.9970199338614067
359 0.0061828479891899105 0.999980886012699
