500 2
24 -0.6636492717881587 0.748043878428964
38 -0.6661556744385142 0.7458127227483908
311 0.6360693031512888 0.7716319340129941
301 0.6758232948999163 0.7370636838636269
131 -0.6646831379874583 0.7471253750711092
444 0.6772582356091302 0.7357453923060667
381 0.6694559286351792 0.7428517749963379
116 0.6657784213272049 0.7461495116228748
84 -0.6582317428650551 0.7528153642725632
107 -0.6645560415837576 0.7472384275413885
147 0.6478181502747704 0.7617950145377528
330 0.6661888722107646 0.7457830693590124
153 0.6692551578202605 0.7430326599356035
204 0.6860482531079156 0.7275560421078073
344 0.6573110596491493 0.7536193806311728
409 -0.6738343044004697 0.738882487418084
438 0.6523461183566666 0.7579211976617292
211 -0.6814119016902173 0.7319001436226952
134 -0.6675684067594356 0.7445484687356954
30 -0.6634857868129992 0.7481888870446655
308 0.6773511294156613 0.7356598721415543
345 0.6595222456183343 0.7516850454376152
220 0.6740014759468843 0.7387299983224056
202 0.6731286862063485 0.7395253692782386
205 0.6651786049729549 0.746684286352829
19 -0.6685434446911205 0.7436730885009425
156 0.6688128712733152 0.7434307924878709
240 0.6686143239812601 0.7436093636897552
393 0.6724346363284395 0.740156510385364
443 0.6706616832623258 0.7417633764238726
368 0.628445456698432 0.7778536545874802
244 -0.6795332530650321 0.7336447082742811
11 -0.6694163499625042 0.7428874412741665
333 0.6650317705163352 0.7468150669368613
386 0.6731619466172594 0.7394950937135838
354 0.6720058951410997 0.7405457966227406
89 -0.6649927248234326 0.7468498349279501
300 0.6657392423945394 0.7461844685705705
99 -0.6647062751199216 0.7471047903849894
96 -0.6771065120221829 0.7358850259226326
247 -0.6810425949887815 0.7322438008006259
310 0.66906955451181 0.7431997922667687
294 0.6729859531406474 0.7396552621832514
402 0.6460875536252554 0.7632633051906351
263 0.6722142239745638 0.7403566958475319
415 0.6487899789147006 0.7609675178743588
245 -0.6802768252382886 0.7329552790202927
112 0.6705413236630225 0.7418721812146899
486 0.6679336083094761 0.7442208643209914
348 -0.676973543093454 0.736007351832504
280 0.6576819700714254 0.7532957096937223
295 0.6918640826595345 0.7220277634036527
97 -0.6705771232870767 0.7418398221476309
66 -0.6807025499426407 0.7325599214409608
35 -0.6604511749608917 0.7508689935619779
324 0.6489438342980235 0.760836316119689
326 -0.6796491848558062 0.7335373102472963
489 0.6630132687566133 0.7486076445326155
56 -0.6568280170661486 0.7540404206651997
302 0.6757127552281216 0.7371650238732308
44 -0.6542296852933438 0.7562959201800393
232 0.6646176776197001 0.747183607017309
81 0.6664817158484769 0.7455213762459599
254 0.6581011128440635 0.7529295619600849
165 0.6714750610148328 0.7410271536422444
317 0.6388638356429174 0.7693198291397533
467 0.6729888965166768 0.7396525840996336
313 -0.6802293391962789 0.7329993493152595
234 0.6592684612736781 0.7519076379249228
117 0.6517959459512358 0.7583943860825537
347 -0.6761465439283275 0.7367671620897462
357 0.6686228664684113 0.7436016826470776
195 0.6611844123750338 0.7502234152785963
257 -0.6791490234150268 0.7340004114402222
95 -0.6625367479169008 0.7490294104103637
182 0.68231903394825 0.7310545368930602
460 0.6279298825868497 0.7782699162594331
189 -0.679258751203502 0.7338988683146058
90 -0.66162489735363 0.749834978646501
8 -0.6469948219033146 0.7624943937041756
130 -0.6699850388704973 0.7423746006496305
31 -0.6689988075488219 0.7432634764995886
136 -0.684892444065089 0.7286441793238653
242 -0.6818024675222136 0.7315363253322563
222 -0.6735777673981959 0.739116358408378
78 0.6639207482984241 0.7478029419431703
432 0.690133696141988 0.7236818924426657
230 0.6542771386452807 0.7562548683123596
77 0.6717796725861432 0.7407510185616043
264 0.6751820884549627 0.7376511014223425
10 -0.6600949606880109 0.7511821635757158
125 0.6600278410564493 0.7512411390694484
399 0.6794425894176773 0.7337286744331324
404 0.6779223126687398 0.7351335511224251
457 0.6654997156062543 0.7463981032451747
296 0.6661992517192671 0.7457737974806361
374 -0.6812958547384854 0.7320081682031674
378 0.6763169582774043 0.7366107329834393
445 0.6684931563061661 0.7437182934228657
2 -0.6586418614848141 0.7524565756904641
155 0.6765488877623269 0.7363977203030698
260 0.6638143813800783 0.7478973639965474
358 0.660740212641437 0.7506146623924614
305 -0.6765940719080912 0.7363562058262486
359 0.6721608028054566 0.7404051966132625
181 0.6744777752378316 0.7382951514876859
63 -0.6637810555805932 0.7479269417879751
217 0.6540333625467983 0.7564657035687264
226 -0.695634941766993 0.7183954536276189
233 0.6692851456378636 0.7430056485845203
161 -0.6759137463906894 0.7369807374959694
315 0.6894099107660907 0.7243714343743071
441 0.6742940296759641 0.7384629723576871
33 -0.6578751118176238 0.7531270392509813
32 -0.6612230073312089 0.750189399135893
281 0.6492797988846312 0.7605496320164338
76 0.6285439928862855 0.7777740346698165
250 0.6767359004130442 0.7362258628248171
259 0.6932123210084594 0.7207334306122233
88 -0.6706072744094385 0.741812566292284
241 0.656531893056376 0.754298265542094
145 0.6772147834289659 0.7357853879394853
454 -0.680041765180736 0.7331733748642736
367 0.6362203709158692 0.7715073814498951
46 -0.6610828834567374 0.7503128822035018
265 0.6668365573498117 0.745204002795108
493 0.6703628630656759 0.7420334438705508
221 0.6514750629838705 0.7586700483808242
403 0.6491211247830456 0.7606850631900129
416 0.6687359237729903 0.7435000095867418
68 -0.6752860117402038 0.7375559655700775
83 -0.6770252194115982 0.735959817028537
9 -0.6587027069631648 0.7524033119540338
36 -0.672292200523159 0.740285888772526
366 0.6809657733552034 0.7323152432653234
323 0.6887500842627409 0.7249988423632603
114 0.6647703782679778 0.7470477522738755
243 -0.6831819836899946 0.7302481613543468
106 -0.6710946860813768 0.7413716492511286
273 -0.6751037669044211 0.7377227825622988
299 0.6716126369875813 0.7409024671564992
377 0.6605869965389876 0.7507495054967399
104 -0.6603362559467244 0.750970058712238
391 0.6552269375493122 0.7554321017204324
490 0.6757338129829651 0.7371457210019625
322 0.6935921518344638 0.7203679108022777
80 0.6551681020679997 0.755483128886817
338 0.6790096807787894 0.7341293165435409
390 -0.682722810131942 0.7306774695620114
256 0.6473089781707194 0.762227713206217
337 0.6698970311328458 0.7424540172154764
318 0.6299674564715846 0.7766215318845611
207 -0.6793672575784352 0.7337984255436611
132 -0.6702914067550373 0.7420979922020764
435 0.677928477238742 0.7351278662578099
62 -0.6582033073570173 0.7528402261996127
51 -0.6656980565721544 0.7462212121590062
303 -0.677972589311658 0.735087184041489
39 -0.6787779343277305 0.7343435952398436
497 0.6518088869293254 0.7583832638712131
163 0.6691486996022816 0.7431285338490075
469 0.6800370272103842 0.7331777694549004
13 -0.6603984761573507 0.7509153432238879
55 -0.6640784803976507 0.7476628731405266
166 0.6674413332472873 0.7446623843548722
71 0.676362150769893 0.7365692370754595
328 -0.6821025992812066 0.7312564830849855
98 -0.6622263714572281 0.7493038321979899
157 0.6588074757929822 0.7523115776320867
75 0.6452933663658504 0.7639348606551662
266 0.675587611998188 0.7372797152469244
481 0.6709000110077363 0.7415478239667481
27 -0.649858139557605 0.7600555232683521
495 0.6686705006326055 0.743558848769713
140 -0.6790520379890341 0.7340901373148526
58 -0.6710711153427792 0.7413929849631695
360 0.6453331951527655 0.763901215625373
203 0.666097240354412 0.745864911624241
28 -0.6722319271881745 0.7403406216525424
50 -0.6619900361871361 0.7495126363103921
196 0.6567128471282186 0.7541407271966878
408 0.652170167076475 0.7580726041583634
397 0.6548653019602066 0.7557456161226259
173 0.6600142740142899 0.7512530586276436
380 -0.6812610147927329 0.7320405929479428
223 -0.671960945128579 0.7405865838792294
483 -0.6813114003629599 0.7319936992457398
126 -0.6502300464367768 0.7597373800931654
275 0.6734694842511229 0.7392150254036551
22 -0.6598049783985293 0.7514368838967889
321 0.6532520119528723 0.7571405476392903
160 -0.6609770817791456 0.750406088303343
237 0.6798162336258999 0.7333824980858868
276 0.6722164335748483 0.7403546896129662
37 -0.6702994779396275 0.7420907019184803
319 0.6894380230890319 0.7243446778427294
316 0.6636546976016154 0.7480390647227646
480 -0.6790403668682907 0.7341009332260635
100 -0.6653488269329088 0.7465326104725782
108 -0.6718742066789049 0.7406652755459732
69 -0.6787246805766822 0.7343928158527157
18 -0.6710514327043404 0.7414108002082597
427 0.6937639529037047 0.7202024560159639
405 0.6640875584546836 0.7476548098592672
267 0.6863894154292679 0.7272341922562965
417 0.6618313835825163 0.7496527327404684
176 0.6554827275057006 0.7552101654120443
74 0.6737104749450155 0.738995396433132
7 -0.6523398130488829 0.757926624622297
298 0.6779846623452491 0.7350760488715428
178 -0.6795825016781675 0.7335990890212742
124 0.6687388760678956 0.7434973541549748
252 0.6569447421205756 0.7539387281471421
382 0.672079873936002 0.7404786580652866
331 0.6757153693201772 0.7371626276911334
231 0.7038861056929896 0.7103128537569607
290 -0.6779742299451063 0.7350856708781229
135 -0.6760263609361797 0.7368774384654385
118 0.6759011085192823 0.7369923279806957
434 0.6771727122031747 0.7358241079547451
61 -0.6628843451809613 0.7487218074251666
188 0.6772826448118949 0.7357229227342346
306 0.6594417307768713 0.7517556808631408
448 0.666089209040425 0.7458720839392643
491 0.6551684563030806 0.7554828216878516
431 -0.6794419000644908 0.7337293127828235
400 0.652919443523381 0.757427356430383
461 0.6947804176719558 0.7192219207029098
430 0.6889056348206385 0.7248510373258584
70 0.6349803834677669 0.7725282600728131
87 -0.6674239178892691 0.744677993383273
0 -0.6614491926404328 0.7499899769699057
498 0.6881108036321465 0.7256056242372446
186 0.6285781312917028 0.7777464450975208
184 0.6623717036424228 0.7491753641263402
111 -0.6795408835524119 0.7336376405152664
312 0.6724168542976294 0.7401726650292352
375 0.6567573853583509 0.7541019405738607
385 0.6774614869398226 0.735558246309077
93 -0.6693128178508747 0.7429807210557497
164 0.6519099989474891 0.758296349241037
475 0.6841111363296154 0.7293777849302804
365 0.6658743160643986 0.7460639350657352
41 -0.6730051074769277 0.739637833882211
433 0.681203623808732 0.7320939986844939
115 0.6745732095769776 0.7382079550648416
389 -0.6773368965643674 0.7356729766360535
476 -0.6714241956700318 0.741073241635974
362 -0.6837814123940316 0.7296869055042877
361 -0.6745645174552192 0.7382158978174388
340 0.6528249812238249 0.7575087747941357
383 0.662565072656587 0.7490043554583455
239 0.6681735904835813 0.744005411929429
34 -0.663507606429887 0.7481695370767792
210 -0.6844443614584363 0.7290650972771591
25 -0.6650177673467168 0.7468275363918954
92 -0.6684892469174412 0.743721807368691
16 -0.657919717585923 0.7530880726791916
129 -0.6610108466215774 0.750376346008205
6 -0.6695055363388127 0.7428070656716176
336 0.6679941429655518 0.7441665303974091
82 0.6559994656074346 0.7547613537554504
327 -0.6697032349462765 0.7426288286233524
144 0.6552508976617809 0.755411319158927
395 0.6663890205445927 0.7456042336907821
21 -0.6586394904902124 0.7524586510678132
291 -0.6829509138056585 0.7304642697161963
148 0.6906517690943867 0.7231874818100726
436 0.6628384258433715 0.7487624598131781
384 0.665587354203708 0.7463199541243071
268 0.6715260294386932 0.740980965873148
494 0.6589386021137796 0.7521967286849485
158 0.6702684701790885 0.7421187087547277
110 -0.6838399110749062 0.7296320826423851
485 0.6674927875109825 0.744616262662063
401 -0.677647482740823 0.7353868975818282
143 0.6509037401540158 0.7591602736270605
284 0.6821424334658873 0.731219324461025
54 -0.6563356600594774 0.7544690194662005
227 -0.6792508629871453 0.7339061691600762
453 0.6758174637610098 0.737069030468406
185 0.6615765383721797 0.7498776459366447
121 0.6446509625010082 0.7644770346756818
122 0.6717975603609625 0.7407347959243302
248 -0.6807082087411076 0.732554663183897
437 -0.6877488113106054 0.7259487396096568
372 0.6637810569693334 0.747926940555476
449 0.6471320993685753 0.762377889216903
376 0.6680930364749986 0.7440777476941614
128 -0.6649047668502828 0.7469281431434828
86 -0.6636546976016192 0.7480390647227613
154 0.6763699725127293 0.7365620546044507
283 0.6535233129312021 0.7569063875113131
370 0.6698119099061809 0.7425308110427703
177 -0.6874523629712286 0.7262294738202755
482 -0.6805803975948522 0.732673407740197
4 -0.675461562355644 0.7373951978281879
146 0.6608565751495535 0.7505122164772553
422 0.6593706651939149 0.751818013805026
169 0.6810343132929483 0.7322515033221868
60 -0.6673514953292582 0.7447428963620955
451 -0.6737278494104939 0.7389795565025535
42 -0.6867168202452177 0.7269250365700011
262 0.6492952223141347 0.7605364647931343
388 -0.6753794066806246 0.737470444853031
346 -0.6771086180666281 0.7358830880920563
271 -0.6803887195964846 0.7328514107551791
193 0.6702819757787613 0.7421065105132283
45 -0.6760180126494147 0.7368850972665519
418 0.6700828679879859 0.7422862992329815
94 -0.6685298663797747 0.7436852948379714
472 0.6724160807248815 0.7401733677879727
43 -0.6583724788880764 0.7526922870886676
159 -0.6748982543144105 0.7379107983512379
473 0.6633531125365828 0.7483065201426671
225 -0.6806339131335306 0.7326236935102068
190 0.6674972634285927 0.7446122503124293
488 0.672265008550891 0.7403105823085812
325 0.6702569461952652 0.742129116850294
487 0.6544112674600793 0.7561388053930922
253 0.6716876579346476 0.7408344553125669
102 -0.6610808545680292 0.7503146698043456
309 0.6745014029431912 0.7382735654401198
197 0.6750731156105633 0.7377508309584253
447 -0.6796382052084331 0.7335474831400212
307 0.6677906234263984 0.7443491675710951
224 -0.6758692353927284 0.7370215577916625
149 0.667312787371134 0.7447775800941967
72 0.6682167782342546 0.7439666237716803
279 0.6686455974030799 0.7435812430887954
478 -0.6706346305682355 0.7417878350866955
23 -0.6626699719924051 0.748911548995998
206 -0.6782005660869452 0.7348768550984218
238 0.6631663368207262 0.7484720500511554
352 0.6713950422604253 0.7410996540466888
470 0.6477738688557438 0.7618326685222034
355 0.6748065239331914 0.7379946851144682
228 0.6713331749730608 0.7411556976645257
65 -0.6829337672683914 0.7304803005725772
349 0.6463241204643015 0.7630629930130586
52 -0.6646608425698306 0.7471452096844113
29 -0.6672575157396285 0.7448270991907984
406 0.6704501532436375 0.7419545754394826
142 0.6685251628374509 0.743689523022316
172 0.665131680631777 0.7467260859377739
101 -0.6668070644429923 0.7452303931059974
168 0.664678974269006 0.747129079319432
320 0.6701385231846011 0.7422360539235223
474 0.6676892770215604 0.7444400777432836
477 -0.6753782709796965 0.7374714849324518
286 0.6683601394256934 0.7438378344954414
419 0.6942188502658561 0.7197639807155906
229 0.6658880132321005 0.7460517098926897
426 0.6430184228280627 0.7658507086264992
57 -0.6623815826839745 0.7491666296099105
85 -0.6539242064963333 0.756560065135704
329 -0.680472260760505 0.7327738411921426
456 0.6583062528832285 0.7527502091762198
137 -0.6786336340729191 0.7344769504245748
379 0.680566932289958 0.7326859154326878
363 -0.6820245683669552 0.731329261101912
341 0.6703565913710081 0.7420391097546296
261 0.6418171138711461 0.7668577393116095
455 0.6660961206214192 0.745865911604154
213 -0.6799392664051546 0.733268432431412
496 0.6715597515253159 0.7409504032870593
392 0.6696705309832135 0.7426583197761005
396 -0.6776346191417212 0.7353987509784434
150 0.6434028381112034 0.7655277838919035
15 -0.6631005717149834 0.7485303145439484
288 0.6761147766725036 0.7367963142993393
278 0.6678580601245511 0.7442886614255733
215 0.6883839609248793 0.7253464843379156
5 -0.6676423050253092 0.7444822043141744
414 0.6692802728708571 0.7430100378500355
272 -0.6792250398143209 0.7339300683915562
209 -0.679583075266173 0.7335985576674555
462 0.6739295319589979 0.7387956320617537
1 -0.6672528419804353 0.7448312861776365
420 0.6713211133455984 0.7411666228159672
410 -0.6770397097709733 0.7359464867728062
471 0.6718599379473583 0.7406782187842246
351 0.6444833294498151 0.764618361054246
423 0.6740389179642755 0.7386958352864518
277 0.6740683365508559 0.7386689905902116
152 0.6592455074464801 0.7519277630940575
49 -0.6602463736942251 0.75104908363144
187 0.6575817613211609 0.7533831874801559
424 0.6690523089302495 0.7432153173307867
162 -0.6846321527588183 0.7288887537949985
458 0.6781671782162911 0.7349076665746204
429 0.6621647535765476 0.7493582848817448
194 0.6694079105240671 0.7428950459706961
407 0.6372474307732887 0.7706592709964908
425 -0.6800169991622864 0.7331963453607219
103 -0.6581071548642827 0.7529242808652401
79 0.682021210316421 0.7313323927452716
120 0.6749860558387835 0.7378304848833523
292 0.6684362119600769 0.743769474057966
192 0.6662593552189168 0.7457201027082972
59 -0.6611289965033234 0.7502722505747554
335 -0.680795125610826 0.7324738882339354
53 -0.6649300891720178 0.7469056008048758
373 0.6909952497182779 0.7228592981118627
287 0.6783707071053436 0.7347197994755524
285 0.6694058694050333 0.742896885177271
387 0.6743588562606215 0.738403773678647
413 0.6666228070271245 0.7453952194314619
133 -0.6607862358468048 0.7505741472468999
191 0.6686848777006719 0.7435459194524824
170 0.6720512432010985 0.7405046431399723
314 -0.6779283304857201 0.7351280015921338
412 0.6592200214724057 0.7519501069152934
468 0.6705755350667292 0.7418412577970909
343 -0.6795539161860926 0.7336255686630238
249 -0.6841523348949875 0.7293391410432715
201 0.6738058827932968 0.7389084059023459
73 0.6673293046750198 0.7447627804354584
26 -0.6697572729416916 0.7425800935533543
394 0.630578872257585 0.7761251740939423
179 -0.6771675040077069 0.7358289009790063
465 0.6721220653010769 0.7404403617681946
174 0.6700901543909037 0.7422797215257702
141 0.6608437682279263 0.750523493299387
484 0.6582322580591893 0.7528149138070398
17 -0.6710647990179922 0.7413987021292536
350 0.6582529604524412 0.7527968119324078
297 0.6577441449942903 0.7532414219396923
282 -0.678519795994527 0.7345821168824799
91 -0.6673525544260697 0.7447419473220236
127 -0.6677379033391877 0.744396461869739
218 0.6266839168999678 0.7792735516485302
175 0.6831531885704157 0.7302750994974934
40 -0.6711632925196229 0.7413095404581133
113 0.6731534651658293 0.7395028142848656
466 0.6690814340080585 0.7431890975153767
119 0.6748109563656713 0.7379906321687614
421 0.6732684531928689 0.739398126813479
12 -0.6541365808751419 0.7563764496340293
151 0.6687786362528361 0.7434615899236469
411 -0.6763631629970401 0.7365683075863632
48 -0.6718752424435579 0.7406643359791332
450 -0.6860908821712612 0.7275158427150991
251 0.6755153852537926 0.7373458918888884
342 -0.6774503925374463 0.7355684642851812
289 0.6701736103136534 0.7422043734977337
183 0.6697182141492667 0.7426153200929246
371 0.6756964047574661 0.7371800109863497
452 0.6491934276791477 0.7606233584752701
208 -0.6793670746909457 0.7337985948650125
492 -0.6807942805040186 0.7324746737143993
428 0.6243170787233748 0.7811710345464118
339 0.6691971913425496 0.7430848666870042
270 -0.6746214362183506 0.7381638827487362
464 0.6718333138373201 0.7407023683088673
499 0.6622369833309331 0.7492944534085018
219 0.6644156711052179 0.7473632423325373
200 0.67072892232563 0.7417025770185101
356 -0.6791089214610918 0.7340375145671728
236 0.6476045505705776 0.7619766046804062
353 0.668522956181746 0.743691506646418
105 -0.6708150376113302 0.7416246930317988
47 -0.659472802376321 0.7517284236517346
171 0.6437142491220496 0.7652659442816178
214 0.6595266106880596 0.7516812155390877
459 -0.6765759549849822 0.7363728519820372
479 0.6927569386901228 0.721171147437756
446 -0.6798525508710608 0.7333488317806962
258 -0.6843540356082116 0.7291498844179807
20 -0.6611269879113052 0.7502740205120558
199 0.6731789346109743 0.7394796291961218
180 -0.6722729303128048 0.7403033885972932
138 -0.6751347336867939 0.7376944430925733
246 -0.6774504208356633 0.7355684382228365
334 0.6865620443638292 0.727071220197141
212 -0.7038861056929931 0.7103128537569574
332 0.6556676369971217 0.755049633994091
109 -0.6925201085965265 0.721398571657482
274 0.674284090234568 0.7384720479859349
369 -0.678283119460268 0.7348006599447553
67 -0.680930690051943 0.7323478649831546
269 0.6848366806672278 0.7286965903671386
293 0.6743995189430699 0.7383666357910248
255 0.6394834633903297 0.7688048517343715
123 0.6664832077680399 0.7455200424959906
398 0.6734729400409815 0.7392118769558269
440 0.6768111531835218 0.7361566836797663
235 0.6476128217191031 0.7619695749470717
198 0.663782444973146 0.7479257087074039
216 0.6607593032828081 0.7505978571280482
167 0.6805023163706705 0.7327459296469356
442 0.6478723893073082 0.7617488872149664
364 0.6792230373513827 0.7339319215916162
439 0.6753924359307362 0.7374585123839486
304 -0.6802274167278197 0.7330011333768843
139 -0.6824853348454862 0.7308992869888742
64 -0.6726121996033624 0.73999515467652
463 0.675289463213886 0.7375528054805986
3 -0.6518280848271455 0.7583667634005172
14 -0.6752556389917992 0.7375837728758524
