2000 2
763 -0.17279063162007052 0.9849585766032686
796 -0.2148779094711587 0.9766409186703701
1400 -0.05602413752212523 0.9984294146382616
744 -0.09625787627061339 0.9953564292532959
1381 -0.0433442009305635 0.9990601985094247
1604 -0.07323225983508673 0.9973149132141995
928 -0.06300265799374453 0.9980133591719718
850 0.07776460191280653 0.9969717481901595
1207 0.15477074293738968 0.9879504122832322
319 0.4853259063408175 0.8743333258171417
1334 -0.05934729191463485 0.9982373960849188
679 0.23851943126815733 0.9711377249945111
39 0.07866693305218432 0.9969009547814482
551 0.10365202423653183 0.9946136224040316
1498 0.013595906396686388 0.9999075713931025
1499 0.07246943619559404 0.9973706336249794
1123 -0.21301946894081017 0.9770479547351683
800 0.2530428272455697 0.9674550778095946
1087 -0.12008601147402276 0.9927634913957407
398 0.124417617922531 0.9922299412688993
1203 -0.08666723592652469 0.9962373162137905
24 0.14647127118487124 0.9892149244312318
1677 -0.07850562212261056 0.9969136709340192
332 0.1499823611979685 0.9886886726009771
1888 -0.04417456240265541 0.9990238275619525
1687 -0.09925724224375164 0.995061807056308
17 -0.09975034758948148 0.9950124964822189
1547 -0.1470953122795802 0.9891223226200958
425 -0.06878527073788558 0.9976314883410186
1703 0.018675494082965084 0.9998255977523066
70 0.044085303197184296 0.9990277704058144
1918 0.04382058103581236 0.9990394169789718
1051 0.4042733938204367 0.9146381924285176
1882 -0.08631006087324176 0.9962683239931185
927 0.007583276136840065 0.9999712465481356
562 0.07818324045845712 0.996939005612387
1468 0.03898717513389324 0.9992397110679094
834 -0.1770669147302357 0.9841988151323469
129 0.0012412473793448583 0.9999992296521749
869 -0.016651851709543607 0.9998613483051755
163 0.11024246518027198 0.9939047232360739
626 0.11943308444492431 0.9928422524953154
1417 -0.04166616296631678 0.9991315883624461
245 0.02256915394995995 0.9997452842049234
90 0.013578597715146357 0.9999078065922329
1692 -0.10982548098535577 0.9939508859729113
1624 0.06855442861653872 0.9976473777427874
1605 -0.10558397745568521 0.9944103899822434
1849 -0.2158376809089041 0.9764292578061485
530 -0.001158645859882136 0.9999993287696604
279 -0.027264993426572435 0.9996282409643341
1834 0.00624691777101056 0.9999804878188185
695 0.08606945491307111 0.9962891392216251
1175 -0.01524883677982675 0.9998837297290432
328 -0.13748967421069205 0.9905032001389181
224 -0.09662956151361128 0.9953204146613728
1933 0.023348385928216347 0.999727389278971
1645 0.24318922279695485 0.969978866736494
943 0.021294391812130907 0.9997732487306067
1916 0.050558537598818676 0.9987210993444912
334 -0.05753104909395397 0.9983437175593128
72 0.08428693922197185 0.9964415245645836
797 -0.09777437805643678 0.9952086067733121
667 0.111628436418528 0.9937500149347194
46 -0.08823823868566254 0.9960993992738133
1024 0.02189087251729848 0.9997603661380219
1035 -0.2151646050091417 0.9765777965688449
508 -0.03852772286336052 0.9992575316558611
291 -0.20278363659426596 0.9792235683078736
417 -0.020608888008310056 0.9997876143136906
592 0.10330537351256663 0.9946496869769923
1231 0.18078533336117228 0.9835225789179879
1056 -0.11306053758413219 0.9935881011974667
995 0.042263498782688674 0.9991064991634504
380 0.04166616296631686 0.9991315883624461
233 -0.14191619929623694 0.9898786755846954
1762 0.23102528436788536 0.972947746789486
198 0.003608042765743687 0.9999934909925167
62 0.04172957909292233 0.9991289417431203
559 -0.00579859542448229 0.99998318800423
1626 0.09832676503864571 0.9951541826656988
175 0.3032409967155372 0.9529138984771748
494 -0.06958535446256876 0.9975760013374012
1974 -0.0012691126967349694 0.9999991946761572
1447 0.0012051494280416368 0.9999992738071642
1458 0.2880087652113767 0.957627772760073
217 -0.1276213242166072 0.991822966867172
1625 0.029837735272801744 0.999554755655632
1737 0.049306771868543216 0.9987836814084937
599 -0.16073584485202683 0.9869974610806782
166 -0.04974109083497029 0.998762145799763
1140 -0.12055562079275928 0.9927065741170814
466 -0.014038402653180976 0.9999014567700895
1064 0.02919973206684033 0.9995735969138163
1180 -0.0807350987874252 0.99673559373777
111 -0.012538057558620032 0.999921395466992
1454 -0.3084042942330087 0.9512553764886903
1520 0.008688319032891254 0.9999622558438807
1285 0.1843572171275144 0.9828593065607093
886 0.15679823388255484 0.9876306565975519
1159 0.09854022231270727 0.9951330687835482
547 -0.08479318768050784 0.9963985725215478
318 0.19058524327546464 0.9816706499868639
25 0.1539563891334078 0.9880776438342296
199 -0.07684331900714017 0.9970431807720099
121 -0.04492648688913778 0.9989902956364491
856 -0.14227859886848188 0.9898266516436207
324 -0.015715323217209178 0.9998765066827896
1387 -0.04237797851214071 0.9991016499522081
1594 0.03341845115536004 0.9994414475707804
977 0.037850388265235596 0.9992834173087087
241 0.049006849832890984 0.9987984424644726
1421 -0.020194787525579724 0.999796064483551
479 -0.07154069780775575 0.9974376815406462
1830 0.09842595043183784 0.9951443776063801
785 -0.09600777641389686 0.9953805839316232
168 -0.037239774761327754 0.9993063590189574
1209 0.047321972597732694 0.9988796879051348
102 -0.10850235199957071 0.9940961923327949
1097 0.07503400660241656 0.9971809754769635
1179 0.0077451113964744295 0.9999700061749134
200 -0.07071409503078604 0.9974966249386396
748 -0.023298843591691928 0.9997285450997636
772 0.04914090926607722 0.9987918557119412
1867 0.05446853341894464 0.9985154875449801
1696 0.017025492988257625 0.9998550557898412
1935 0.11157502785691825 0.9937560128918607
201 -0.22517194914325167 0.9743190408275048
1843 0.12317657793189903 0.9923847694563771
206 0.06156435927999605 0.9981031157482896
1044 0.07668116571880965 0.9970556648572859
1200 0.22873634306502263 0.9734884104914863
1706 0.2374756105433816 0.9713935013150171
936 0.06714566010768985 0.9977431835541162
1372 0.29720997961905204 0.9548121427877019
1557 -0.08492865919168167 0.9963870346646945
471 -0.12055562079275935 0.9927065741170814
1346 0.01380275923904948 0.9999047373812112
203 -0.053371566116671924 0.9985747222568041
194 0.09438088648900304 0.9955361612043784
1920 -0.0901603438155357 0.9959272626065945
1152 -0.0032156840538090235 0.999994829674667
1666 -0.13637233441895183 0.9906576534833442
349 0.030141902173554495 0.9995456296404681
1307 -0.00579310713827161 0.9999832198140549
818 0.1462924625545377 0.9892413837884712
1797 -0.1654752967565866 0.9862139352915874
1469 0.275842684448204 0.9612027951667685
374 -0.08880913485243126 0.9960486622483675
1323 0.012341719553833513 0.9999238380789082
1570 -0.10054475024478163 0.9949325370085222
676 -0.17857234887042403 0.9839267839727199
1754 -0.16729715505739437 0.9859065178350848
950 -0.12437603868416991 0.9922351540845717
1186 0.06026781182802626 0.998182243309037
574 0.06376987725270386 0.9979646300120937
1220 -0.1265708352617754 0.9919575715024995
1599 0.029600923390786675 0.999561796656121
1786 -0.006281563909408515 0.9999802707828049
1618 0.005452928423474802 0.9999851326752857
6 0.15354631483523073 0.9881414520201652
92 -0.05566613756150918 0.998449438443922
1962 0.1099292820490017 0.9939394111052198
89 -0.20727630904391742 0.9782824396405827
871 -0.006069251153557872 0.9999815819256048
1006 -0.02461201038459976 0.9996970785917244
1202 0.07684924968565174 0.9970427236697293
1384 0.1092743711857108 0.9940116255869282
85 0.23132076365632606 0.972877538183226
1145 -0.2240548226274576 0.9745765421234899
1474 -0.10756063274688517 0.9941985265947086
1197 0.0011823748216491657 0.9999993009946462
1177 -0.17053987071949317 0.9853507763710235
1987 0.003288378351813503 0.9999945932692913
1922 -0.07487551671068637 0.9971928885613393
86 -0.06434954701778794 0.9979274201055933
1337 0.04797368919422749 0.9988485997112354
1660 0.07463789146498236 0.9972107024885271
1326 0.029168760130762396 0.9995745011915991
424 0.1269661328767945 0.9919070526527736
386 -0.21011433584744166 0.9776768207702321
249 -0.02189385617304991 0.9997603008030843
125 0.1461898580705995 0.9892565518596772
1172 -0.1684151132229022 0.9857161607877377
78 0.10265962808011059 0.9947165429218785
285 0.22078552059141338 0.9753223845976153
1446 0.005760501514044504 0.9999834081735091
358 -0.00121895167080968 0.9999992570781362
401 -0.19556196107686624 0.9806913476623368
1089 -0.05347288568214806 0.9985693017997418
510 0.010062459218004357 0.9999493721756548
1606 -0.21202189707769947 0.9772649155472499
1779 -0.08076021846875722 0.9967335587371775
1390 -0.007640361671623032 0.9999708120107941
654 -0.012683913600637023 0.9999195559322619
1793 -0.129670873945241 0.9915570908678317
1293 -0.10985107108660136 0.9939480580901229
1073 -0.0031723135894149504 0.9999949682005858
732 -0.02753623324122289 0.9996208060354111
1058 0.25886748661348835 0.9659128451234177
854 0.09605870377993607 0.9953756705024082
575 -0.1461288239693488 0.9892655694025417
1951 0.10635032807990984 0.9943287221624927
55 0.05515102820528372 0.9984780238382314
254 0.0751959149850645 0.9971687792793952
1541 0.10351697109954076 0.9946276874762622
609 -0.054576027382716746 0.998509617998305
770 0.18561402362713714 0.982622732401884
474 0.06548629096161014 0.9978534690504871
678 -0.03791162638255012 0.9992810958809487
1055 -0.06448602185669056 0.9979186104012182
165 -0.2856373323904042 0.9583377871840878
1354 -0.013461677554885466 0.9999093875133929
1676 0.008452985445977558 0.9999642728803114
1517 0.18771961607897172 0.9822226558877388
68 -0.3292698748749207 0.944235854805278
1809 0.09323341976604742 0.9956442785647532
484 -0.06741300004699821 0.9977251562553002
632 -0.07598974994235023 0.997108598851549
981 -0.10034033344553969 0.9949531735132251
862 0.1276262372488588 0.9918223346777879
1755 0.008148814576702525 0.9999667978593061
1088 -0.06331894953809211 0.9979933419764846
1125 -0.06536471397784954 0.99786144036464
523 -0.13403438869868364 0.9909766811818381
1282 -0.0764489469319627 0.9970734970467292
513 0.11416272445844783 0.9934620638676772
1751 0.13144888930932436 0.9913229491438927
1456 0.03592736124982611 0.9993544039596886
1168 0.3021795603878708 0.953251023227247
273 -0.0211181259561064 0.9997769875107657
1116 0.020316387753591538 0.9997936008940274
781 0.010517001895337389 0.9999446948062344
1609 -0.1698960278966866 0.9854619930291214
1767 0.20444314251462192 0.9788784406037074
1314 -0.07444100916806771 0.9972254189269543
1208 -0.017945362694047902 0.9998389690134002
1777 0.22097742875484258 0.9752789221453002
1744 -0.1728169167561824 0.9849539650577009
1560 0.18404451427213225 0.9829179094748121
813 -0.005952940660125643 0.9999822810917687
1229 0.008087259747744295 0.999967297580162
1505 -0.014810142697942489 0.9998903238222012
145 -0.08570981190527163 0.9963201433992805
444 -0.08148047186121433 0.9966749383350993
495 -0.2728790191353186 0.9620483568489405
1941 -0.1266231238616824 0.9919508982321198
37 0.0011132315094743057 0.9999993803576112
468 0.05114006821463853 0.9986914906130933
1280 0.16353905209371888 0.9865368611665193
1985 -0.049484994926218474 0.9987748671633423
889 0.08431113927227403 0.9964394772361296
1132 0.0030127294560209675 0.9999954617203144
1790 0.041459577402931554 0.999140182077355
894 0.12411793473304135 0.9922674731530832
190 0.01532331105147405 0.999882591176794
1894 0.032125053439873194 0.9994838572690833
1619 -0.17182117802930316 0.9851281555110596
814 -0.11313514244697541 0.993579609061852
786 0.1030417042835481 0.9946770366195963
330 -0.12772258680048845 0.9918099318019514
392 0.036263913899133866 0.9993422479554821
1275 -0.2534940472337566 0.9673369464757614
980 -0.11828850234413045 0.9929792697801816
1928 0.18965074916786256 0.9818516147260077
222 -0.018534293605108887 0.9998282252269934
88 0.0499296334744357 0.9987527380193301
1852 -0.11247966390109627 0.9936540269171641
1401 -0.13985771987036388 0.9901716104760138
979 -0.0769015692921446 0.9970386896406807
1799 -0.08857430342333565 0.9960695722554076
867 -0.0012591475693169629 0.9999992072733852
683 -0.2506724764363108 0.9680719547416334
209 0.008300831120224696 0.9999655475078695
452 0.17994268060377813 0.9836770972718266
1171 -0.04753862967925442 0.9988694002161738
1997 0.6453003507933822 0.7639289608765581
1923 0.12613958015412527 0.9920125031059543
1535 0.02591465074147667 0.9996641590438997
961 0.18040913495132513 0.9835916551222437
1552 0.16729223546038235 0.9859073526222777
394 0.03637202948016519 0.9993383188247582
866 0.007932087683620536 0.9999685404976395
130 0.10279432642899812 0.9947026321740627
1901 -0.062272325940632464 0.9980591953496263
1674 -0.21497517531259855 0.9766195134233789
1846 -0.06154523770782425 0.9981042950090373
1039 -0.14675560962750667 0.989172781187826
774 -0.04109670566352182 0.9991551735259174
58 0.07765218659006247 0.9969805102998665
1661 -0.02673779389720852 0.9996424812789373
133 0.08788499333084651 0.9961306279536019
1853 0.028557961360570833 0.9995921382458588
926 0.0030929038558543537 0.9999952169614306
737 -0.06424255134497342 0.9979343137685407
1945 -0.059740951589173814 0.998213914300547
746 0.06367691398762612 0.997970566011349
1627 -0.1568477827713048 0.9876227888418359
1709 -0.0915438510353178 0.9958010460617239
1686 0.07936471164634722 0.9968456462990105
244 0.04960586545973318 0.9987688712169552
430 0.05710321620304276 0.9983682800947096
1654 0.0011586458598819682 0.9999993287696604
1792 0.08077241531053016 0.9967325704144031
865 -0.08766675530838224 0.9961498582109521
791 0.010693399108412218 0.9999428239732051
1879 0.0720231163640678 0.997402963054155
1335 -0.11545178962093017 0.9933130847186724
1831 0.13409797932260586 0.9909680781647783
714 0.03330944130765209 0.9994450865954428
586 0.1560361648392677 0.9877513428298909
51 -0.20385078270566784 0.9790019705752826
507 -0.0667038286380584 0.9977728194559243
1476 0.20399308857342163 0.9789723284211235
1306 -0.17401057800664388 0.98474378329685
214 0.025694958598162176 0.9996698300452197
1673 -0.060295260813501436 0.9981805856273863
312 -0.05722562101191742 0.998361271434244
1114 0.1290000891927226 0.9916445819890661
613 -0.01791369719222784 0.9998395368522417
1655 0.13345871593499042 0.9910543734533356
1721 0.055504883555725415 0.9984584157096705
1108 -0.011773777036277949 0.9999306866849822
450 -0.12339945058674116 0.992357080689653
1057 -0.12455024770588932 0.992213301561918
1966 0.2944716613906286 0.9556602119152199
1420 0.10527295965468719 0.9944433638802879
453 -0.24364779790074695 0.969863779392816
994 -0.07764413110611891 0.9969811376875571
257 -0.027256560222744336 0.9996284709454928
598 -0.13731310735834482 0.9905276929735966
884 -0.10847741921450842 0.9940989133484452
15 -0.09539180356663059 0.9954398042133464
1794 -0.1016569306325676 0.9948195155174457
1601 -0.00118588509048003 0.9999992968380288
504 -0.02021490263824182 0.9997956579778322
1252 0.003589792822529339 0.9999935566729875
1748 0.2569678690178998 0.9664199471722422
1750 -0.013214640370341162 0.9999126828277969
281 0.09951162446107813 0.9950363996342633
1632 0.02154377294639135 0.9997679059898024
1031 -0.023249615332793582 0.9997296911600041
1701 0.15282112330831008 0.9882538663070266
77 -0.12684461045597994 0.9919226002054145
28 -0.0010906063563518875 0.9999994052887109
141 0.009292164360480087 0.999956826908791
1182 0.04441352813906744 0.9990132324039759
107 0.1944602938316578 0.9809103904653601
1061 0.04851482832888604 0.9988224624187318
590 -0.044831724309262126 0.9989945527856787
764 0.15793632122572965 0.9874492991732199
114 0.10519045837092612 0.9944520941039414
1926 0.04576507072954606 0.9989522302398246
1496 -0.08167024545777232 0.9966594057183563
1992 0.019329804895273694 0.9998131618671114
505 -0.11317263397076989 0.9935753393276818
1839 -0.06918948386762913 0.9976035361415531
735 -0.05037232649512278 0.998730508557473
1710 0.16399335847464463 0.9864614429242569
1083 -0.06141818665442808 0.9981121211307284
158 -0.06657182766956021 0.9977816353094169
918 -0.027934161433065957 0.9996097651709047
325 0.18691085002936866 0.9823768798894338
1732 0.1648840424370292 0.9863129587253856
457 0.1007345734627964 0.9949133357781814
128 -0.07514483915191546 0.9971726295626213
1289 -0.15282049599985648 0.9882539633122439
159 0.011703411351812512 0.9999315127361125
1034 0.04617608380250224 0.9989333157346713
836 -0.11652219189375268 0.993188088327823
306 0.1213701851343631 0.992607313170949
421 0.1198659331328463 0.9927900876188239
938 -0.04763099844163109 0.9988649998810918
973 0.09286851535900328 0.995678381233124
1036 0.08062531966132984 0.9967444797085704
1863 0.0368397224894477 0.999321187029926
1929 0.0036491927596820515 0.9999933416739346
1903 0.13497908412417883 0.9908484479722406
1277 0.0359591235294809 0.9993532615822052
1546 0.15702301575545202 0.9875949435487522
1151 -0.0881047360747182 0.9961112164217428
1769 0.009375069004899731 0.9999560530749105
1419 -0.005655664959687609 0.9999840065990374
1664 0.1984093786761334 0.9801192368550629
1519 0.13950091231407433 0.9902219425278057
1820 0.0902770377570056 0.9959166915228502
1841 0.11949974553410278 0.9928342312880256
931 -0.03510077507293438 0.9993837779298198
1142 -0.008004855298407255 0.9999679606325652
941 -0.017873390808115792 0.9998402581917875
404 -0.033559202722021134 0.9994367313205286
1253 -0.09140984747993298 0.9958133558974268
807 -0.18333837738199021 0.9830498661710599
277 -0.035989904947238395 0.9993521535184126
1653 -0.03867665827350873 0.9992517781344171
1355 -0.10098521393431002 0.9948879266362828
223 -0.003634066729124502 0.9999933967577027
1269 -0.11278351358743342 0.9936195846816192
1278 -0.02776151959126189 0.999614574738676
588 -0.035888554641636615 0.9993557983249681
1320 0.020450527002653575 0.9997908661041638
758 -0.09735095065558812 0.9952501155018538
1803 -0.0034531203400691786 0.9999940379621856
315 -0.17449082050394532 0.9846588005801095
1739 0.10597295448939979 0.9943690124479884
1260 -0.08473375347921187 0.9964036285669199
1663 -0.10058171785058316 0.9949288004848515
1994 0.24085565325138153 0.970560948264894
1183 -0.15458768176306215 0.9879790729803554
1556 0.2082866610985867 0.9780678232149356
1065 -0.1416078783247032 0.9899228297177392
962 -0.16849321450579016 0.985702813562742
1558 -0.0609413911710431 0.9981413461239534
956 -0.027889677683605583 0.9996110072816848
1322 0.13752941805280333 0.9904976825667273
1093 -0.09840522514113682 0.9951464272482328
491 0.016783770977246686 0.9998591425954875
1717 -0.04523000028151434 0.9989765998633473
955 0.0035228864175386753 0.999993794616391
493 -0.06860096048674903 0.9976441791642426
1368 0.2015784689377258 0.9794723686050171
749 0.1116312986719735 0.9937496934121834
1932 -0.05108406077824985 0.9986943570154004
485 -0.0010524796384924512 0.9999994461431518
153 -0.0817501716425644 0.9966528530217587
1612 0.12676564119066594 0.9919326954050458
1775 -0.006007194246936198 0.9999819566458584
284 -0.09543162990448169 0.9954359868990944
416 -0.0035789748937928734 0.9999935954488457
1554 0.05732930107257613 0.9983553231382752
1294 0.17643822837969142 0.9843117146342594
1899 0.052696713079049995 0.9986105629476709
50 0.018618719697384326 0.9998266566144505
309 -0.19471012810793445 0.9808608290742329
1068 -0.09261089691200948 0.9957023761009879
1082 0.011408135704719288 0.9999349251025003
1237 0.014768439638511393 0.9998909406483507
1431 0.007997488278337187 0.9999680195792453
963 0.0967032165484923 0.9953132611942711
63 -0.05340275061574707 0.9985730550273586
587 -0.02529766943156977 0.9996799627487444
580 -0.06239264713579855 0.9980516808178761
1296 0.2222181179091071 0.9749969784942589
377 -0.11515696270519053 0.9933473078135941
584 -0.18343734316749205 0.983031403939697
1491 -0.0032027437813077556 0.9999948712029834
564 -0.09461436558493823 0.9955139988091376
990 -0.06295339489858859 0.9980164678354473
1457 -0.0061463208995211184 0.9999811111913065
1095 -0.04362815012120453 0.9990478389531712
1977 0.08666971693108605 0.9962371003767553
1847 -0.07800686758765611 0.9969528216566528
966 0.05725103419068368 0.9983598144377092
1111 -0.21588951013205468 0.9764177996200916
1339 0.007698756129646042 0.9999703641378859
1022 0.11099315112771826 0.9938211712389405
23 0.03495750012310493 0.9993887998097352
1304 0.15851555778753965 0.9873564796664399
1588 0.08425312167789142 0.9964443845431267
1188 -0.09002810016747875 0.99593922564594
1217 -0.030385952033456096 0.9995382403485223
736 0.13650807427267353 0.9906389582781238
1377 0.10206592824754646 0.9947776366057727
54 0.16798546899174926 0.985789471544316
1009 -0.03463964454377748 0.9993998674333916
787 -0.060031503973461055 0.9981964829284284
1656 0.08727287554674412 0.9961844433606674
652 0.1059008140713623 0.9943766980269714
109 0.1614388572616673 0.9868827161147604
280 0.11136847251775887 0.9937791823785912
849 -0.14356854816352344 0.9896403750748138
1873 0.08881588093602803 0.9960480607348007
1358 0.2900543474868169 0.9570101752353508
922 0.023079742506958243 0.9997336272656895
1768 0.008913753398019223 0.9999602717110111
1824 0.027620071255188918 0.9996184930581558
795 0.24225146183805743 0.9702134967301395
726 -0.05369232687776431 0.9985575266525466
1868 0.09063704490670915 0.9958839922855368
903 0.09974143498552737 0.9950133899335364
266 -0.16834413826200303 0.9857282846265616
1497 -0.05351783926575756 0.998566893543104
407 -0.12230538849321045 0.9924925148057918
550 -0.08030708598129714 0.9967701700699076
933 -0.0712818422006127 0.9974562140627964
988 -0.05000120689468521 0.998749157350871
1814 0.0011332013502689236 0.9999993579271437
828 -0.12506837425045633 0.9921481249099591
1461 -0.0336357880061476 0.9994341567933355
1524 0.006113853335092957 0.9999813102240447
689 -0.020993618472168445 0.9997796097057816
1070 0.05254452143152338 0.9986185824765791
1396 0.052300417443070346 0.9986313966300482
1490 0.05279891242575978 0.9986051646404883
1214 -0.04557981546486768 0.9989607001389937
1150 -0.12403853305880486 0.9922774018975841
393 0.11289420697871073 0.9936070138795559
1072 -0.08129367184787581 0.9966901920443935
410 -0.07755947823469557 0.9969877267729838
657 0.1942013963470567 0.9809616800144914
248 0.18803078827515846 0.9821631344438776
409 -0.1577178959110304 0.9874842101570016
1192 0.22310825973338327 0.9747936727527222
690 -0.06520691455697843 0.9978717644537092
1742 0.001230604136272601 0.9999992428064433
712 -0.08723461215415275 0.9961877947667873
1301 -0.09608770847530906 0.9953728709784911
131 0.05886603507469366 0.9982658913909584
1576 -0.0719825563967974 0.9974058910867641
1156 0.1368590706236509 0.9905905283153229
531 -0.12400768976785399 0.9922812569420223
532 0.05812026125394657 0.998309588870994
1389 -0.021863078633514384 0.9997609743296968
400 -0.057306223162292384 0.9983566480906878
1311 0.1823870575386276 0.9832268106812392
1028 -0.2962075817648367 0.9551235880790651
1250 0.11276631273096911 0.9936215369611617
768 0.0771078938596854 0.9970227543564508
752 -0.021446823893054107 0.9997699904202468
895 0.03292894398903309 0.9994576952766772
565 0.17341166668278465 0.984849426998005
341 -0.1483502759265419 0.9889348793689698
972 0.11776464717894106 0.9930415338115619
680 -0.012934799303949604 0.9999163419841514
118 0.23303924360598782 0.972467331553893
1437 0.018725324277724553 0.9998246657442963
1571 0.12860225224243566 0.9916962542624495
182 0.031352458989358116 0.9995083908178664
1939 -0.11229487627263696 0.9936749271079114
1598 -0.25752388431355133 0.9662719332610571
844 0.006050432491372611 0.9999816959658148
1665 0.12247409844149122 0.9924717100305399
1388 0.011539551520649859 0.9999334171587138
1733 0.27004025439032214 0.9628490333426161
1144 0.0800814230319073 0.9967883254157749
512 0.05419792209357641 0.9985302124826962
1854 0.07655530022964531 0.9970653368795592
162 0.017129339459110878 0.9998532821017765
103 0.03354427821031697 0.9994372323459583
1062 0.14386930653580088 0.9895966969613973
1412 0.11986206641398281 0.9927905544650241
427 0.03956790738957286 0.9992168837168487
1770 -0.028761487443797897 0.9995863028473431
1129 -0.3546759604563492 0.9349892850051097
0 0.0037648138586388984 0.9999929130631927
775 -0.01938286157785922 0.9998121346918398
937 -0.05136595565642557 0.9986798979650597
372 0.0252004600703671 0.9996824179769501
35 -0.11685375176069496 0.9931491331615054
456 0.17775453405449385 0.9840748577334296
1030 0.012804463357486676 0.9999180194986622
1800 0.0010860640424292982 0.999999410232274
303 -0.09236717045191865 0.9957250151636778
1507 0.0034628336446686212 0.9999940043736009
247 -0.08793403462498092 0.996126300001447
1067 -0.10378674610798133 0.9945995733622237
1749 -0.055159382415768246 0.998477562357568
52 -0.04708042851131533 0.9988911017979842
441 -0.09957483711533774 0.9950300758336171
1166 0.03673019259382686 0.9993252188111839
167 -0.09027882225431184 0.9959165297615932
1329 -0.04047086348365389 0.9991807189937602
1759 -0.01418789661634936 0.9998993467292615
602 0.007539750279967843 0.9999715756788868
1366 -0.21933838705851502 0.9756488466464607
1050 0.09582526464628219 0.9953981709122587
1352 0.2024547236493567 0.9792916240181281
1480 -0.009898146821048894 0.9999510121448494
1597 -0.13383591185553284 0.9910035058958157
155 -0.07806194676966668 0.9969485104389944
766 0.003597059511911444 0.9999935305605072
840 -0.0606882567109509 0.9981567689984304
780 -0.1535403126403621 0.9881423846765707
1678 0.020847788344311977 0.9997826612425075
1439 0.1081047844114701 0.9941395050933997
821 0.1665686141030886 0.9860298660769746
408 -0.05693266338349469 0.9983780205113
917 0.24192483043399712 0.9702949945349001
1423 -0.0678304076715734 0.9976968656837147
134 0.18959222995534283 0.9818629162671133
428 0.11141420207622958 0.9937740566022626
1409 0.2212409611566867 0.9752191738816794
1671 0.1372261659880708 0.9905397414380779
982 -0.06348670428707108 0.9979826844082847
1788 -0.0962704983883548 0.9953552085261109
742 -0.12903297656672338 0.9916403032139888
888 0.005941082671911 0.99998235161261
892 -0.08865372219702385 0.9960625068441301
1891 0.11587846097800805 0.9932634002526058
1968 -0.13319198714097988 0.9910902555072556
293 0.21706772614457612 0.9761565459834931
783 0.01455927924479679 0.9998940080767921
859 0.010578258746786747 0.9999440486556666
882 0.061002750158217545 0.9981375979658987
368 0.02725173178743189 0.9996286025892746
1538 0.11037447051047834 0.9938900725228779
1016 0.08197895117334643 0.9966340610096156
1201 -0.14632707427490696 0.9892362646679234
855 -0.18451612602394488 0.9828294863490389
1292 -0.1438622751877068 0.9895977191656299
640 -0.13003557735353177 0.9915093285604194
1959 -0.09810278192379616 0.9951762879906314
489 0.0386946718542665 0.9992510807450201
815 -0.1095320804962462 0.993983261097572
1931 0.1994681135007985 0.97990431762312
1753 -0.006253801136396408 0.9999804447944701
287 0.03126813199164622 0.9995110324162276
1287 -0.16630830491891666 0.9860738043954909
172 -0.04441352813906772 0.9990132324039759
1906 -0.0032314213952511586 0.9999947789442535
857 -0.06616346432429955 0.9978087973096885
275 0.22850101681136958 0.9735436740671525
1391 -0.03640308410234468 0.9993371880740943
1361 -0.037249882608250774 0.9993059822925465
41 0.12715255173444995 0.9918831728522357
653 -0.1125498909917786 0.9936460748363769
1405 0.016458308662393444 0.9998645528650236
1494 -0.0199774125732701 0.9998004315796615
253 -0.07058423975786414 0.9975058220871718
435 -0.11220217204769505 0.9936853992022724
351 0.02457912296424354 0.9996978877212398
48 -0.13285430788161293 0.9911355774450322
1270 0.1588471510278687 0.9873031867720926
1157 -0.1038761770812667 0.9945902371504466
916 0.03386517290345656 0.9994264105296693
451 0.17216957580651823 0.9850673262100431
286 -0.008813604117020968 0.9999611594369396
1113 0.04761940197905732 0.998865552792345
1136 -0.09901348794865414 0.9950860913530255
645 -0.028080517132921357 0.9996056645285418
527 -0.20129553343836118 0.9795305550199879
1308 -0.01942414774730786 0.9998113334446109
625 0.01824786707705863 0.9998334938114136
1102 0.15500229889038147 0.9879141092922485
509 0.09352247732911752 0.9956171685111828
364 -0.1885337346071401 0.9820667140857002
799 0.07130900523654646 0.9974542725218907
1802 0.019581208294195396 0.9998082697606273
1821 -0.06188923018341402 0.9980830241955346
909 -0.13045444368931863 0.9914543046059715
1011 -0.33743235311271785 0.941349779344965
1684 -0.14305547955582804 0.9897146708870451
383 -0.1132551713028582 0.9935659344870678
885 -0.06394153895324418 0.9979536460158311
439 -0.011770786919427394 0.9999307218879203
1699 -0.14106235173434653 0.9900007135973062
723 0.06518361267047663 0.9978732868652338
164 0.07341616406181643 0.997301392185155
1365 -0.05722950821189065 0.9983610486140899
583 -0.06933702899801979 0.9975932920833659
1702 0.10842838230424122 0.9941042630986378
1402 -0.11992888130035685 0.9927824854569328
518 0.043979631221087466 0.9990324279209646
986 -0.017611011056040033 0.9998449141189768
1963 -0.07357474552260568 0.9972897055626733
1805 -0.009583273890628073 0.9999540793764168
623 0.15499741963865385 0.9879148748274617
1837 -0.04343823345497484 0.9990561144772154
447 0.10528719465529557 0.9944418568431329
908 0.13907164715520826 0.9902823218444007
193 -0.02631507836426859 0.9996536983629294
1501 0.19432320399506597 0.980937557844072
1162 -0.04433881906784027 0.9990165509758431
1566 -0.10674624952296843 0.9942862958991139
1844 0.027366568728658437 0.9996254653198965
853 -0.024844405600618128 0.9996913301166275
1225 -0.03604454102482708 0.9993501844009984
536 -0.008784211485419368 0.999961418070007
490 0.35703272661264773 0.9340918756351211
618 -0.01898689127064605 0.9998197327317944
1473 0.32074116848193013 0.9471668822550998
29 -0.07198611840762056 0.9974056340108591
669 -0.12585388496911612 0.9920487889404335
34 0.00624691777101056 0.9999804878188185
1148 -0.1029241329437172 0.9946892091793214
1259 0.045980270830673776 0.9989423480333277
806 0.1362992951414249 0.9906677052089418
989 -0.09010667841745416 0.995932119426105
715 0.12735791943252067 0.9918568245255056
719 -0.17812434483070974 0.9840079866437216
1504 0.08540699004801611 0.9963461477071802
802 0.11362319648339363 0.9935239147704982
1913 0.04822015337816383 0.9988367318076495
1773 -0.06108489179390872 0.998132574357999
1947 -0.03514300709656716 0.999382293745597
1682 -0.04896043540294389 0.9988007187448126
1100 -0.057251308871473686 0.9983597986860764
697 0.3148558370156275 0.9491395060248986
256 -0.025194801439077086 0.9996825606063384
272 0.20603009139651282 0.9785456562875053
185 -0.10305411165173664 0.9946757512233178
356 0.044163554471181754 0.9990243142468911
1336 0.10593407926303655 0.9943731547315087
910 0.022636788807419914 0.9997437550655109
1452 0.16761476275220852 0.9858525707769499
1189 -0.04729069512239074 0.9988811691862257
431 0.06848459148207459 0.9976521742218243
1475 -0.07444358308136236 0.9972252267858089
792 -0.029603490046917105 0.9995617206441242
32 -0.05676287419656651 0.9983876882819344
946 0.14498095119026888 0.9894344464349142
935 0.0848942997732968 0.9963899627485222
1636 -0.03785038826523579 0.9992834173087087
739 -0.22728629284050444 0.973827983314723
1027 0.2763459906342812 0.9610582154377318
93 -0.05954319443197317 0.9982257299813687
1927 -0.02046010603854759 0.9997906701209467
1766 0.008985924507882893 0.9999596257653299
1596 -0.1207285580600088 0.9926855570968841
1728 0.13054950871287904 0.9914417914203668
1955 -0.04435986773774314 0.9990156165617683
1255 0.0720231163640677 0.997402963054155
1623 0.05964946267507871 0.9982193855073014
1020 0.021642048889238912 0.9997657834312375
1948 -0.1542680086375464 0.9880290387994707
1052 -0.015650792337304608 0.999877518848791
585 -0.049043427391268324 0.9987966470857406
1756 -0.028671220753260288 0.9995888960470289
1283 -0.15373016936680928 0.9881128655302754
422 0.06192593945947234 0.998080747245463
1565 0.09423271916786896 0.9955501969455028
900 0.1502120679952045 0.9886537991777526
877 -0.05562434846491737 0.9984517674168609
1467 0.13593400441471915 0.9907178944804516
525 0.08954919788791194 0.9959824000240324
1239 -0.04876031879763729 0.9988105082100172
1008 0.10958466929284319 0.9939774646620407
870 -0.1552631164923716 0.9878731521086482
1545 -0.17290768582447724 0.9849380346919414
644 -0.028021699233013005 0.9996073150853262
710 -0.022520576885276724 0.9997463796467355
483 -0.12881176583472687 0.9916690622291993
601 -0.001189426810277709 0.9999992926316812
740 0.0846487213450571 0.9964108560100331
1942 0.05105865531466924 0.9986956562023576
1936 0.044581148370699625 0.9990057663547043
630 0.003915463094112798 0.9999923345449998
540 0.11982913062207347 0.9927945303306006
1342 -0.017198272117206644 0.9998520987807059
251 0.19780967049151885 0.9802404471659169
1877 -0.028950278035867485 0.9995808528586599
1424 0.011579870472765786 0.9999329510521363
1819 0.01455927924479706 0.9998940080767922
957 0.06416415983330404 0.9979393571720108
108 0.15883165120799825 0.987305680412374
204 0.08099457839318855 0.9967145420183803
945 -0.1383550671783611 0.9903826913804943
1787 0.03947868973887716 0.9992204126500327
276 0.27061864992239676 0.9626866293421652
656 0.11315635374338556 0.9935771935826132
788 -0.2419848639682373 0.9702800243281697
1254 0.06285060552215008 0.9980229463221268
1765 -0.11196786941172357 0.9937118275533401
713 0.056012938386833175 0.9984300429841205
698 0.10453240969371361 0.9945214805742637
378 -0.11341977723150565 0.9935471574780715
73 -0.2195012355039901 0.9756122219469279
1897 -0.10083826223319521 0.9949028318734394
1585 0.07931555078791085 0.996849559062555
65 -0.08631006087324176 0.9962683239931185
1356 -0.03017124611156154 0.999544744325173
571 0.07589499611925794 0.9971158155219774
1707 0.1302521097288455 0.9914809064783773
1646 0.008079663076061247 0.9999673589895709
16 -0.03942812752744097 0.9992224090560018
1510 0.19786969786381098 0.9802283319039926
1829 -0.03867665827350873 0.9992517781344171
1154 0.17421830254655923 0.9847070544368998
143 0.14365459243544149 0.9896278886895857
1804 0.010071335506205521 0.9999492828144442
305 -0.16331008270361 0.9865747903161423
104 -0.014919719492877065 0.9998886947907022
1975 0.1268262393531625 0.9919249492837321
1961 0.1573820076065231 0.9875377986091167
56 -0.1995849820058251 0.9798805207563493
502 -0.2166558483609227 0.9762480439780706
633 0.03307959742386249 0.9994527203596353
612 0.08008737659348072 0.9967878470920349
1885 -0.07080016363621863 0.9974905196687758
1856 -0.00569170371937773 0.9999838021231999
1371 0.14725190022265697 0.989099023293834
925 -0.24547994942350135 0.969401668262973
218 0.02778028496214641 0.9996140534063244
1584 -0.05528784089659487 0.9984704575744807
1969 0.12773431790995898 0.9918084210310365
4 0.12917308710323577 0.9916220618603742
1212 -0.23733689015383494 0.9714274036551092
1540 0.09514645677568022 0.9954632849899757
1957 -0.006246917771010561 0.9999804878188185
1245 -0.014105255995469813 0.999900515928111
635 -0.08657898239568076 0.9962449898530623
1533 -0.03209304560618846 0.9994848855404064
1121 0.012578280665785372 0.9999208902985739
140 -0.08481765990466673 0.9963964896406934
99 -0.12844395431064112 0.991716769345485
1851 -0.11856991036214129 0.9929457066510302
106 0.024185192461881076 0.9997074954533359
1241 -0.17828890694000593 0.9839781835295627
779 -0.10397620659116472 0.994579784865403
1193 -0.008117862134347157 0.99996704961432
1394 0.06664072430216256 0.9977770361480982
252 -0.13652369106259005 0.9906368061901629
347 0.1821854768847254 0.9832641822075516
1555 0.048651731928930374 0.9988158033292802
1836 0.07022215209090328 0.9975313776296574
1479 0.02524321320569276 0.999681339321212
1426 0.0346955423090261 0.9993979284268517
1713 0.1363723344189515 0.9906576534833442
919 0.09304104766083941 0.9956622737907536
1757 -0.05450540768773686 0.9985134753886867
370 0.22533932748066005 0.9742803433768762
1310 -0.047111593886142944 0.9988896324026529
1591 0.30813383035054837 0.9513430204681692
413 0.11554655870239713 0.993302065220864
1971 0.24246766391281194 0.9701594878970486
45 -0.020075345135752605 0.99979846995166
1453 -0.0696654870505376 0.9975704084995762
1976 0.17114176698163996 0.9852464136419894
487 0.05297057486236631 0.9985960735946994
1383 -0.05080675969250781 0.9987085026020094
1124 -0.13304626222042004 0.9911098284797579
921 -0.07101689950679115 0.9974751124636856
638 0.17769587909328927 0.9840854508391348
1436 0.18042168984979726 0.9835893522358522
79 0.025981620886338864 0.9996624207081702
605 0.02951356192246963 0.9995643799489098
1580 -0.1991961125339618 0.9799596464913019
1668 0.10550566818227405 0.9944187015444813
1441 0.1389419251602269 0.9903005308656407
1989 0.032073245613324725 0.9994855211136514
705 -0.12504977175645618 0.9921504697290922
576 0.11982913062207347 0.9927945303306006
363 0.17113266707657426 0.9852479942934461
1263 -0.18746948444830938 0.9822704273267546
1106 0.10462365124272839 0.994511886103248
760 0.20912204193667694 0.9778895497837344
692 0.023888417871024633 0.9997146310280847
1880 0.011256210236214204 0.9999366468587488
1003 -0.1577148675480224 0.987484693832927
727 0.06362470321429152 0.9979738960217814
1489 0.02226135197646426 0.9997521853980516
300 0.03860197501157787 0.9992546660012179
700 -0.0357296784511082 0.9993614911921413
461 -0.16745798850723986 0.9858792127259348
595 0.0650446729145044 0.9978823530484168
883 0.06441175888684372 0.9979234065383491
816 0.10690223863890273 0.9942695365815001
5 0.22046229415732896 0.9753954976597377
1693 -0.0332027524892483 0.9994486366127766
1909 -0.10004257400508952 0.9949831573380707
1290 0.058096032414712936 0.9983109991468934
978 -0.02532937643317041 0.9996791598755607
339 -0.0855935542331306 0.9963301377925593
860 0.05852902692128965 0.9982857071037564
61 -0.05814872473122842 0.9983079313579213
810 -0.0013691156780784586 0.9999990627606908
1981 0.15433913081158396 0.988017931365785
1583 -0.09348928068149827 0.9956202862525734
1463 0.10714384604948551 0.994243529651425
572 0.017246273346509307 0.9998512719678149
1146 -0.015103089052166285 0.9998859418459098
1086 -0.1461853873750225 0.9892572125175609
1689 0.22196512632623397 0.9750546049811667
1582 -0.031000891750752144 0.9995193568464086
949 -0.1278302588420366 0.9917960601476385
1747 -0.08052757719674587 0.9967523811412853
1946 -0.050510238191577427 0.9987235432479952
663 -0.11525949478750394 0.9933354160913268
1857 0.07983125057323691 0.9968083925368572
1236 0.09985468568084906 0.9950020310268612
1331 0.18284367273973956 0.9831419995804488
1694 -0.09541231187829806 0.9954378387132159
845 -0.07709054818425279 0.9970240956870859
729 -0.04705142878384579 0.998892468211368
1398 0.04062431041076607 0.9991744919700711
1862 0.10313335015747496 0.9946675384696616
1414 0.005561193491803775 0.9999845364439125
472 0.11162975649791677 0.9937498666486531
642 0.20994334952325205 0.9777135521158318
1274 -0.08945923568681867 0.9959904844677635
699 -0.04309996071815711 0.9990707649541616
1399 -0.13002941776380655 0.9915101363657386
1066 -0.10014055640970154 0.9949733006276879
1991 0.03641024717428255 0.9993369271175302
1680 -0.1018681464499024 0.9947979094966279
1900 0.14814698158564915 0.9889653542197833
317 -0.04771361466520802 0.9988610568920885
13 -0.05009990691700893 0.9987442111606489
268 -0.01026333869375131 0.9999473305523933
1227 -0.08379567900029036 0.9964829572957483
539 0.0010762674601414914 0.9999994208240094
1076 -0.03895807867548592 0.9992408458954801
462 0.0691209350617416 0.9976082880250097
1952 -0.04980308130384713 0.9987590565760305
1735 -0.14922407189364356 0.9888034063288217
1418 -0.25653075189185903 0.9665360693392655
147 -0.22739299363090967 0.9738030737513479
1247 -0.03575291680653836 0.9993606600921535
1714 -0.0334607386677223 0.9994400327022178
1021 0.022535232464038848 0.9997460494034431
1395 -0.18020306876800238 0.9836294292092905
342 -0.17301275191240348 0.9849195843700629
864 -0.011761299738475787 0.9999308335222301
1213 0.23714175594462053 0.9714750576250025
379 -0.021742187679240722 0.9997636106975091
1502 0.0776453967961992 0.9969810391157701
1872 0.07674320139877017 0.9970508919002419
396 -0.22375366225116067 0.9746457298060632
1133 -0.0798403628209171 0.9968076627236692
1194 0.10482921902281415 0.9944902386846572
1806 0.018435374819605655 0.9998300540368151
1698 0.11422304291479983 0.9934551305757516
177 -0.03582014940676031 0.99935825252833
1953 -0.0170411162449858 0.9998547896355374
1264 0.19896809023199288 0.980005968894799
776 0.05237695845506671 0.9986273850756326
20 0.1252160501382364 0.992129497992968
822 0.13300037483617794 0.991115987305944
1569 0.259373761310057 0.9657770197845222
95 -0.09513607475758142 0.995464277249425
906 0.22513042112183937 0.9743286373116122
923 -0.15246603633422381 0.9883087107602215
1883 -0.026170603332997016 0.9996574911044217
1451 -0.1538613800107581 0.9880924429126988
911 -0.026299830636021152 0.9996540996307255
197 0.0012345631880421668 0.999999237926577
1196 0.11844124255607962 0.9929610627118124
1460 -0.05816553036382022 0.9983069523335474
260 0.039292821336131926 0.9992277389021218
53 0.03203872104750044 0.9994866284016212
1053 -0.052273039695801146 0.9986328300836906
1778 0.04364539655824163 0.9990470856567641
570 -0.06390591819944844 0.9979559276937461
1332 -0.10714384604948575 0.994243529651425
1060 0.20225321853369843 0.9793332607405715
389 -0.08252411335026813 0.9965890681297643
1559 -0.17170817127816182 0.9851478589106862
1382 0.11863216575459162 0.9929382706132215
1723 0.0708777043987252 0.9974850129296013
481 -0.1725450694789794 0.9850016238557651
614 0.001329322435816341 0.9999991164505405
1481 -0.3103722243747886 0.950615107357676
1752 0.14444063619036793 0.989513467627865
1514 -0.11604755720820938 0.9932436581554435
696 -0.1445256050733182 0.9895010608777494
1543 0.14365430614829758 0.9896279302470455
675 -0.0967032165484925 0.9953132611942711
91 -0.27086510437414596 0.9626173150491232
548 -0.016565748617636836 0.9998627785715084
1184 0.012497921963732514 0.9999218979233271
1910 -0.08666324448998013 0.9962376634390361
420 0.1515412752412543 0.988450930445338
373 -0.01111019735743224 0.9999382798526513
283 0.14157534812457004 0.9899274825982995
1143 -0.07780832953169944 0.9969683364357599
186 0.1495511079044011 0.9887539967679353
1376 -0.06696523817997353 0.9977553091191744
1651 0.0769985689723176 0.997031203311218
581 0.1263555978945195 0.9919850114193854
577 -0.030049676846272095 0.9995484064923692
1367 -0.1978096704915191 0.980240447165917
1047 0.03199759324737498 0.999487945913494
1539 0.12413948908682058 0.9922647767855428
709 -0.015910581350301052 0.9998734186891337
1104 -0.05781598463039961 0.9983272569259127
137 -0.05705084561395597 0.9983712741333921
887 -0.08969109868276205 0.9959696314733091
987 -0.03209304560618855 0.9994848855404064
578 -0.06947215603078201 0.9975838909768113
501 -0.0763367714407021 0.9970820915681968
793 0.2272433822418331 0.9738379974242596
569 0.06954956965037981 0.9975784968419513
948 -0.08235418040081409 0.9966031251057315
1312 -0.0013036016003366842 0.9999991503110728
1528 -0.21055025526334797 0.977583034840795
1633 0.009940605192694458 0.9999505909635751
897 0.039528353137808454 0.9992184492383098
685 0.06484632159798914 0.9978952623272695
1449 -0.053161352545826726 0.9985859355085561
1639 0.06699413784209701 0.9977533690721341
1716 -0.05254211774956962 0.998618708948711
1982 0.08174859988984255 0.9966529819430886
603 -0.0158604304549679 0.9998742154620166
344 0.019364743037796252 0.9998124857827492
1593 -0.052595105280677186 0.9986159196109957
558 -0.24643639419967392 0.9691589671534092
1861 0.014998857831915288 0.9998875108049595
1608 0.09112140353378251 0.9958397912405557
542 0.14352779694299062 0.98964628605613
366 -0.12364260652904478 0.9923268140339169
1099 0.04988244789577999 0.9987550958027323
506 0.041583158629944425 0.999135046386802
1628 0.3034284449505028 0.9528542274634245
1110 -0.01927439447422748 0.9998142316038774
969 -0.14014863664755653 0.9901304760716293
1511 -0.052180812367952516 0.9986376534162031
619 0.07481032608401741 0.9971977813408948
873 -0.05957719430259913 0.9982237013410522
847 0.3083713765524528 0.9512660480239717
879 -0.089123493409797 0.9960205835837098
1109 -0.023008071205532884 0.9997352792911737
154 0.1842441216690131 0.9828805134045612
388 0.042917378195024336 0.9990786248583569
183 -0.6453003507933824 0.7639289608765579
473 -0.08908875381059406 0.9960236914574249
1542 -0.06915839693939435 0.9976056917102935
1153 -0.06995267201811203 0.997550311351526
1459 0.10668831258555503 0.9942925142822141
1074 0.14559084971008185 0.9893448865186986
210 0.08244544234117526 0.9965955794790422
1898 0.04081022347722786 0.9991669158152399
1318 0.04958695751844343 0.9987698101384843
1536 -0.10103549246654284 0.9948828218750404
1648 -0.020461069856284687 0.9997906503965399
1688 -0.017981676241416177 0.9998383165890118
651 0.061409439443476765 0.9981126593462474
717 -0.005590513508104057 0.9999843729572555
338 0.007875281112469306 0.999968989492874
985 -0.09339846813054052 0.9956288094218991
751 0.15679823388255484 0.9876306565975519
357 0.044114064599876504 0.9990265008018946
83 -0.051756328579839125 0.9986597430816643
1488 0.07128184220061225 0.9974562140627964
1054 -0.015278495965111152 0.999883276968389
1445 -0.12875428118673315 0.991676527440318
670 0.0479736891942277 0.9988485997112354
243 0.07011968019653539 0.9975385859449926
1059 -0.13430599960634731 0.990939906588558
381 -0.09194624384342576 0.9957639721555933
1258 -0.04132218869308537 0.9991458735948485
1884 0.029807822592242655 0.9995556481318634
896 -0.03238461232661064 0.9994754808820749
1014 -0.0856863743640139 0.996322159368319
3 -0.037160399746130626 0.9993093138216554
769 0.13541508701997804 0.9907889554326753
40 -0.11440084952151053 0.9934346710422165
1484 -0.09785137302873241 0.995201039386712
549 0.058657463666592725 0.9982781686264618
1828 0.06907207525778579 0.9976116721548434
1506 0.2288649709369245 0.9734581783918818
563 -0.10636057942088897 0.9943276256572845
1351 -0.04556616291059414 0.9989613229738202
18 0.05576772496112653 0.9984437694996451
1890 -0.023249615332793655 0.9997296911600041
1998 -0.07432455364580565 0.9972341052758634
1642 0.05999100639031387 0.998198917627282
1950 0.029374325285985138 0.9995684814028467
1422 0.044873546002210114 0.9989926750828495
1135 0.16744363151784258 0.9858816512462929
117 -0.02029596844217428 0.9997940156177142
600 0.013095311475864492 0.9999142527323781
1256 -0.15508113049864705 0.9879017375039186
920 0.14687310034137394 0.9891553429042946
21 0.061494706275067874 0.9981074096008621
1300 0.174695247638547 0.9846225522770169
119 0.11986206641398311 0.9927905544650241
1199 -0.029256047508109614 0.9995719502287983
1374 -0.20000040032826338 0.9797958153965215
1720 -0.06680525817492684 0.9977660334367879
1357 0.09519314878243225 0.9954588210593575
868 -0.0011499748747904408 0.9999993387786751
329 -0.2149691194255646 0.9766208464360144
1613 0.04962516278600456 0.9987679125895379
998 -0.24207713771576936 0.9702570068777348
288 -0.017542024058754362 0.9998461268574891
905 0.04946188501850252 0.9987760118917636
1219 -0.09904227653023495 0.9950832263985302
1440 0.15282049599985637 0.9882539633122439
762 -0.07983125057323706 0.9968083925368572
232 -0.017655676980859986 0.9998441263868821
1644 -0.02279948187366773 0.9997400580282318
60 0.03182047128721755 0.9994936005833452
1448 -0.0036154210765133323 0.9999934643438624
944 -0.007917770863952324 0.9999686539609859
1223 0.05036467320898975 0.9987308945319313
216 0.08552234882257959 0.9963362524027062
688 -0.03517308993303338 0.9993812354374894
1629 0.20712477184671757 0.9783145347419946
1589 -0.011272402234815298 0.9999364644555455
711 -0.04039515852688498 0.9991837824782726
1904 -0.03167160680815092 0.9994983288241106
1704 -0.035619579891196754 0.9993654214191997
310 -0.2431278518877436 0.9699942513419609
460 -0.030080324476895633 0.9995474846546134
846 0.08542338091782252 0.9963447425427449
397 0.013833494020783231 0.9999043126435534
169 0.025246078232432394 0.9996812669715692
1410 -0.10135413661818576 0.9948504103584529
67 0.06526776532593498 0.9978677862369134
101 0.00495127582360811 0.9999877423587344
1826 0.05719600448166144 0.9983629685997643
1924 0.26797764246066785 0.963425131051304
1527 0.0913118756031452 0.9958223442832741
1972 -0.0981293418990102 0.9951736693956825
1530 0.02637149159921375 0.9996522117370785
350 -0.01643906234348396 0.9998648694845055
621 0.17568326104864218 0.9844467440076758
971 -0.06654338856317284 0.9977835323548543
1817 -0.10378706167879373 0.9945995404322698
440 -0.021642320943971886 0.9997657775419991
98 0.1440713314959697 0.9895673051596735
333 0.158439852956946 0.9873686307529631
1210 -0.060025935631877206 0.9981968177927226
1658 0.17911741677322868 0.9838277039240588
387 -0.13296318035396942 0.9911209778176213
991 -0.04027522653610843 0.9991886238981433
1428 -0.16091876946007297 0.9869676537939103
1369 0.09194624384342558 0.9957639721555933
761 -0.04870666786069094 0.9988131259179107
1871 -0.11187926688061957 0.9937218069672494
1970 -0.03320162076524728 0.9994486742092165
771 -0.02279699877729425 0.9997401146531772
1715 0.11835366538855956 0.9929715050740846
666 0.1923209327806486 0.9813320838606986
801 -0.033097082587248 0.9994521414876316
1641 0.009790251528191955 0.9999520743390728
875 -0.06242371405959146 0.9980497382009608
1562 -0.1300477705165863 0.9915077293615342
475 -0.12309032445403637 0.9923954715867057
582 0.18045698787497735 0.9835828767964041
1550 0.06091395466080333 0.9981430208780611
500 0.09672678594103934 0.9953109709440143
359 0.0904773039149027 0.9958985176594501
668 -0.09340150610605145 0.9956285244292277
1363 0.012244343204947699 0.9999250352198805
1273 -0.05866228526578942 0.9982778853041848
721 0.14092695715897327 0.9900199961343776
1131 -0.10202848789397648 0.994781477339656
176 0.0695453384530804 0.9975787918252104
12 0.22244115474726006 0.9749461178314962
1532 -0.047888564281886314 0.9988526845391265
1317 0.14819059416131078 0.9889588200739795
1895 -0.005860014634391404 0.9999828299668374
1265 0.019777329090943683 0.9998044094991924
827 0.032082638964387476 0.9994852196391305
974 -0.13442408174477097 0.99092389528514
658 0.04213174746960058 0.9991120637121532
1587 -0.08456394513624191 0.9964180544244442
1796 0.03156314777094059 0.9995017597297113
1244 -0.018147859448054457 0.9998353140379939
1978 0.04261358237633536 0.9990916287293449
391 0.22367321262340423 0.9746641954820776
912 -0.14812930351415524 0.9889680022328383
1887 0.16745798850723972 0.9858792127259348
823 0.0783690791567443 0.9969244141017533
1930 -0.060041208622587994 0.9981958992438003
1649 -0.07939286053460552 0.9968434048014425
1764 0.028912647574870522 0.9995819420188679
497 -0.07306164299649044 0.9973274268376727
636 0.07215716895721282 0.9973932739737521
1954 0.06890624527164964 0.9976231399494316
861 0.19698877573313656 0.9804057436771574
1211 -0.07346262944445688 0.997297970555995
375 0.07153860995814922 0.9974378312883746
1010 -0.04024163006945152 0.9991899775364811
842 0.14935369116423275 0.9887838363037793
529 0.022856516806995242 0.9997387556954325
234 -0.02588688067457748 0.9996648785512773
1815 -0.05047988862159584 0.9987250777089516
1876 -0.05326628636800244 0.9985803436562136
74 0.15203951057246928 0.9883744165167794
1838 -0.1858856869271636 0.9825713772523686
1610 0.03001912272228297 0.9995493245813257
1343 0.031685465459005725 0.9994978895818871
639 0.19013685522343884 0.9817575954815634
22 0.0628151452520724 0.9980251788041026
202 -0.21783813450569697 0.9759849113357633
533 0.10775240001396981 0.9941777609116135
1859 0.11448018010570292 0.9934255323691685
1483 -0.0013098916211955881 0.9999991420916023
992 -0.06125044795081863 0.9981224286758734
1896 -0.09649851157342346 0.9953331287886051
1266 0.023704264702906635 0.9997190144410051
458 0.03871416287909753 0.9992503257905752
298 0.044258238916560236 0.9990201240655788
57 0.04441984114870858 0.9990129517240122
1870 -0.08542818527923608 0.9963443306206426
231 0.0941965090447367 0.99555362371084
238 -0.22048487679261067 0.97539039317893
544 -0.16342555510843665 0.9865556689500594
745 0.2676113232970554 0.9635269480627924
959 0.13730961101691605 0.9905281776518946
1512 -0.007705327380744355 0.9999703135243343
1338 -0.0846545224323817 0.9964103631695855
191 -0.03741580562869949 0.9992997835930694
160 -0.01785553274613616 0.999840577267372
1956 -0.17938722142961372 0.9837785445860073
773 0.001237223883193969 0.9999992346382385
465 0.01511818657205207 0.9998857136867056
756 -0.05655595248441376 0.998399431209063
552 0.08370140745646235 0.996490880234138
1482 -0.08003333222643788 0.9967921878369295
1515 -0.05923616382181297 0.9982439966739972
907 -0.08531654818257545 0.9963538962668887
100 -0.0684359143098419 0.9976555145101821
1455 0.0962704983883547 0.9953552085261109
703 -0.13719279166178922 0.9905443644360635
1408 0.06911865846300055 0.9976084457602968
1865 0.20373225568605255 0.9790266431477098
1785 -0.04742044510868375 0.9988750179004852
1344 0.11595565663119067 0.9932543912287675
1164 0.08892151897851765 0.9960386355270328
448 -0.16961774633837826 0.985509928984528
180 0.06632477606477963 0.9977980878313792
1107 -0.07407711543551058 0.9972525161506257
607 0.06040963372676972 0.9981736703364789
236 -0.16513467122664258 0.9862710278411654
36 0.0013951609230394267 0.9999990267625257
914 -0.13559104665626578 0.9907648904087479
43 -0.001099864627782885 0.9999993951487174
835 -0.12202648685600526 0.9925268442241655
517 0.11537912324694985 0.9933215279650215
664 -0.15043771626074476 0.9886194887449121
242 0.04058143169664646 0.9991762344058481
11 -0.0785185180099256 0.996912655316164
1774 -0.032260932245414334 0.9994794806551343
1299 0.027101642471114882 0.9996326830268044
170 0.027289227755405925 0.9996275796758078
546 -0.1099344223342861 0.9939388425783685
681 0.15214552582161073 0.9883581025986814
543 0.032106886160065226 0.9994844410300266
647 0.04949801317494227 0.9987742220801122
258 -0.19336757877022376 0.9811263830315344
212 0.13057477447237587 0.9914384641880141
765 -0.059231163229847124 0.998244293398384
671 -0.18469583506936327 0.9827957308149189
1105 0.1647791598745949 0.9863304864349589
189 0.010661624808580284 0.9999431632630132
691 0.0804506099070705 0.9967585963339269
1643 -0.0877999584134992 0.9961381266182857
1616 0.02171686936374743 0.999764160982498
524 -0.03563257394693683 0.9993649581979127
1874 0.21957327834404847 0.975596010363535
259 -0.1360686905219621 0.9906994051979835
1302 -0.06650314451583568 0.9977862154637664
270 0.03360772720821047 0.9994351007803851
1315 -0.18578492591435697 0.9825904341601321
1228 0.1892548550652277 0.9819280013495081
69 -0.08235368729491065 0.9966031658533563
1435 -0.05607792150236857 0.9984263952440231
1327 0.030716784156162403 0.9995281282540796
629 0.008726297786710357 0.9999619251386211
1386 -0.08696298889738625 0.996211543078092
1964 -0.1400637988683203 0.990142480780708
1005 0.09819375392113522 0.9951673159277667
1784 0.07352890617069122 0.997293086287748
535 -0.05209163960473895 0.998642308879055
464 -0.07756031626132433 0.9969876615793413
1243 0.01166767260926928 0.9999319303912055
1176 0.009050618249642026 0.9999590423158837
1251 0.10806014457124084 0.9941443583078076
708 0.030455567057986632 0.9995361216260154
1789 -0.17914722251404458 0.9838222769715593
1812 0.06436406641811247 0.9979264837422268
1523 -0.009017396224896952 0.9999593424561436
110 -0.038277221148498804 0.9992671586423467
434 0.16035275567296853 0.9870597721253183
1079 -0.04618908054828518 0.9989327148702779
1432 -0.10995930808449804 0.9939360897792063
418 0.09384287502755163 0.9955870202079592
965 0.02813950476615111 0.9996040057300271
227 -0.008235794326961218 0.9999660852707976
567 0.04028147878673288 0.9991883718632609
1048 0.05917568299382548 0.9982475837898203
211 0.040131871152497826 0.99919439195674
59 0.05740986130254861 0.9983506938071521
1232 -0.04915675531436723 0.9987910759548082
1866 -0.06904935202146549 0.9976132451934545
1700 -0.0011122605281299006 0.9999993814380675
1590 0.13459572766669928 0.9909005954654945
1937 0.18472837340161438 0.9827896153604767
1600 -0.11919719182124443 0.9928706005627971
725 -0.08797027624968146 0.9961231000717505
1652 0.027648211720158366 0.9996177151234752
2 -0.059692187841773756 0.9982168315104001
1120 -0.055569493693690575 0.9984548218976295
1242 -0.07337986444928994 0.9973040637104632
304 -0.059446269844860955 0.9982315067165191
1760 -0.14063099164421164 0.9900620809773324
573 -0.006056685915141624 0.9999816581096502
1281 0.05832776273897893 0.9982974867712857
205 0.00118942681027755 0.9999992926316812
105 -0.024866079357361313 0.9996907912436693
399 -0.08062531966133002 0.9967444797085704
1238 0.1984098821481351 0.9801191349351175
482 0.018789701359826494 0.9998234579778614
881 -0.06584010738063656 0.9978301860838378
66 -0.10194246291877694 0.9947902966223855
1443 -0.03569639096566705 0.9993626807480986
1288 -0.09735095065558814 0.9952501155018538
81 -0.012707751160901073 0.9999192532701991
812 0.11725526160971554 0.9931018092949168
1407 0.1544840574893255 0.987995281355956
207 0.15099891180176436 0.988533928924386
1224 0.055019090560135125 0.9984853026829867
1549 0.022636788807419674 0.9997437550655109
1216 0.18544359616664638 0.9826549102511937
852 -0.0645525517795105 0.9979143089758528
215 0.08126647988064031 0.996692409546601
1295 -0.0435328809399811 0.9990519947815857
694 -0.0854528234211414 0.996342217799364
382 0.10689963901333611 0.9942698160855625
643 -0.19062531766911014 0.9816628689440946
412 0.09453849624309173 0.9955212065687475
1905 -0.24253627796043783 0.9701423369140723
1286 0.05300510890716849 0.9985942411358776
1818 -0.09154385103531769 0.9958010460617239
617 -0.22348784955193662 0.9747067154291341
264 -0.017004949444271923 0.9998554053933987
566 0.13387240013839743 0.9909985774365091
843 -0.12131680063727829 0.9926138392563016
545 0.05705626228595548 0.9983709645887926
819 -0.05303575272306084 0.998592614099012
1043 -0.08183239146772207 0.9966461055493437
1736 0.06979401396903516 0.997561424481766
1724 0.12365887551835734 0.9923247868039655
1776 -0.32818259690602447 0.9446143038764646
811 -0.1734221907059994 0.9848475738766542
924 0.16438872174069968 0.9863956347046853
1137 0.04143342537144767 0.9991412669197428
672 0.01340692516976773 0.999910123139821
1840 -0.04641536222618377 0.9989222262766067
1360 -0.11087202733928117 0.9938346912609147
1477 0.16259192527945446 0.9866934001167335
757 0.05821159336013262 0.998304267444788
1471 0.16163613994608725 0.9868504234499416
1379 -0.12772866887949227 0.9918091485493935
1330 0.20655666509286127 0.9784346396697715
1999 0.136574593756733 0.9906297897500272
1659 0.1255977313808184 0.9920812516482669
1763 0.019596293522123956 0.999807974203144
1045 -0.13352988370649974 0.991044787160161
1378 0.025115601539291845 0.9996845535264209
267 -0.08105727073302646 0.9967094455563832
1912 -0.06559868163677711 0.9978460868127492
511 0.05695238771071984 0.9983768955329685
556 -0.15468448585347372 0.9879639213231658
515 0.05063368433947453 0.9987172923356291
1262 -0.1674871145131157 0.9858742650419833
64 -0.1484301242787078 0.9889228980090446
1602 0.17683194404400537 0.9842410596828493
1667 0.0060882465118518 0.9999814664554592
1147 -0.20422632553778686 0.978923698741293
1730 -0.011579870472765853 0.9999329510521363
1450 0.02778028496214641 0.9996140534063244
734 0.05929259534954694 0.9982406464058228
1938 0.08032468345393833 0.996768752132622
730 -0.07361450799310479 0.9972867713014814
459 0.00383350376096687 0.9999926520974616
1309 -0.10174569043754049 0.9948104414798772
208 -0.025548705390443422 0.9996735785509548
1738 -0.031654752731199845 0.9994988627454894
983 -0.07770993952859645 0.9969760103926583
314 0.02062939558885367 0.999787191375064
1235 -0.23664115084438173 0.971597121098579
1279 -0.1440112730161733 0.9895760472264177
876 0.16605226129761586 0.9861169537726996
687 0.12888553782380643 0.9916594769072034
1433 -0.10852429067294644 0.9940937975532962
608 0.24970285333554318 0.968322510858902
1810 -0.12209716108781118 0.992518152606942
1965 0.2090892294923175 0.9778965661614265
1149 -0.1791144624441491 0.9838282417898683
1719 0.1698419838906636 0.985471308820345
116 0.07076354710278125 0.9974931179719649
437 0.12376127051093389 0.9923120214536955
1169 0.23871273333344556 0.9710902280140993
622 0.3065181157266981 0.9518648248209167
1741 0.0012507903170665218 0.9999992177614855
229 0.07557022482456893 0.9971404821387828
411 0.11873181364352162 0.9929263600231992
433 -0.05581080652235095 0.998441362261863
1960 0.176000822352182 0.984390019520391
1341 -0.12443130776310048 0.992228224577574
192 0.01702563654482333 0.9998550533453555
951 0.16958570598614828 0.9855154429663595
47 -0.062141785713442456 0.9980673316306594
1832 -0.13181749755998412 0.9912740021492662
997 -0.026828179282412094 0.9996400596196566
1000 -0.17435211266474462 0.9846833708402617
1691 0.18153471906632213 0.9833845360658828
1174 -0.08962330871604392 0.9959757339086073
1117 -0.030331846006108575 0.9995398837054285
361 -0.0311474725948861 0.9995147997658418
282 0.03766455168757835 0.9992904390347052
538 0.04200322348749093 0.9991174751833037
1889 0.04192909885112845 0.9991205886526072
331 -0.04429847400248543 0.9990183407731067
1563 0.0037816396662160878 0.9999928495751532
1462 0.010567974913861621 0.9999441573939116
1487 0.2979327727323302 0.9545868545774269
1126 -0.00630263035515 0.9999801382280583
1139 -0.079614272059047 0.9968257458977011
367 -0.026437319832939107 0.999650472975455
1503 -0.028595896731801657 0.9995910537265248
278 0.0902342944392792 0.9959205651592127
1161 0.18607082964208094 0.9825363333517533
953 -0.052747738450325266 0.998607869029869
901 -0.07693477263491313 0.9970361281115214
1215 0.04864298765581185 0.9988162292193277
1983 -0.05618199026567052 0.9984205446452852
322 -0.17522925259412817 0.984527657831563
1096 0.2607976187098356 0.9653934959773031
1091 -0.09617086785463622 0.9953648397326912
142 0.03665771325963247 0.9993278801567455
476 -0.10507007652293343 0.9944648204031479
964 -0.05990898524005194 0.9982038436549456
526 -0.005958896342786472 0.9999822456195789
7 0.0012051494280417142 0.9999992738071644
1492 0.08877421248080432 0.9960517753603038
432 -0.019382861577859047 0.9998121346918398
778 -0.011925773832900709 0.9999288854306022
31 -0.013990308449019405 0.999902130845565
646 0.01771456946511909 0.9998430847031274
741 0.10030355336234134 0.9949568820722272
337 0.0011564597370153898 0.9999993313002148
80 0.16246880819510393 0.9867136800326946
1134 0.040099747289233836 0.9991956816696815
150 -0.02598162088633904 0.9996624207081702
1032 -0.11890952201746036 0.9929050939407951
1712 0.05404611926941492 0.998538440417752
1731 -0.003748210662964688 0.9999929754337408
297 -0.0640096627536359 0.9979492788083799
1513 0.0635629281717994 0.9979778325004152
265 -0.23559825138556284 0.971850535804794
1155 -0.08845759323935302 0.9960799436783683
1993 -0.16412393575745501 0.9864397263449414
1685 0.09294327337246017 0.9956714056026779
1041 -0.005923427810950087 0.9999824563475943
255 0.15997575594223284 0.9871209437098938
1268 -0.18247064113217243 0.9832113023784937
1353 -0.08632052539977444 0.9962674173607742
1127 0.01915788291191147 0.999816470919705
1697 0.09350564683986513 0.9956187493257941
1185 0.06890685139431203 0.9976230980841021
1886 -0.007419403342921192 0.999972475848228
402 0.07472205135758617 0.9972043998303027
82 0.0035576292333618234 0.9999936716170947
1246 -0.024722762480909034 0.9996943457954099
750 0.11307669889611313 0.9935862620662373
1907 0.09173050197482832 0.995783869626058
1579 -0.12332057858409072 0.9923668852282835
874 0.010693399108412218 0.9999428239732051
443 0.12027630896770103 0.9927404542482925
316 0.09714955653779303 0.9952697944097922
1040 0.0991788159416944 0.9950696269449708
561 -0.08578529347241715 0.9963136471131223
8 -0.1277541924446487 0.9918058612010797
1650 0.07682366962181077 0.997044694979036
1173 0.003252768487768325 0.9999947097345891
890 0.10996383731684771 0.9939355886990635
33 -0.07891275410173426 0.9968815261805584
1772 0.11790708438659582 0.993024631845279
1727 0.0632597089894315 0.9979970988026832
902 -0.011486442286741378 0.9999340286456869
1816 -0.050231766462065425 0.9987375879769924
1578 0.06940431698087432 0.9975886129985739
1729 0.05205126364736096 0.998644414169885
1092 0.04871482375023048 0.9988127281662885
655 -0.055371833036515904 0.9984658031731363
1508 -0.09078038323831628 0.9958709364265554
1430 -0.04207299490106119 0.9991145395299056
960 -0.07352391253690672 0.9972934544482208
1603 0.092664845461491 0.9956973568387123
1869 -0.01371176970675712 0.9999059892667455
445 -0.10759803906939076 0.9941944789569201
1657 -0.2251115709947902 0.9743329926694762
784 0.039233155155335896 0.9992300833824798
1864 -0.07778841932013467 0.996969890126916
1375 -0.019207456941653305 0.999815519782442
1878 -0.08435210954265021 0.9964360097947609
1178 -0.026430312132798305 0.999650658280463
1835 -0.15553019184587266 0.9878311391246917
858 0.07529411155697298 0.9971613694707824
348 0.15965849259714926 0.9871723080301666
1617 -0.05513642430499531 0.9984788303789218
1385 0.06612941951426636 0.9978110541954855
589 -0.06161726613486302 0.998099850973872
139 0.04185716110454001 0.9991236049980345
1675 -0.14003586028550447 0.9901464325210179
1195 -0.26627024020464385 0.9638984174597245
320 -0.02150483577660448 0.9997687442795065
830 -0.07386132738814076 0.9972685216713009
345 -0.026194517282147035 0.9996568647612816
237 0.11553711982721161 0.99330316315918
514 0.2413705614202637 0.9704330229746237
1743 -0.01912185362348242 0.9998171606418856
1170 0.07182899239696694 0.9974169618826604
1881 0.15326714241055972 0.9881847919581142
829 0.025401808000458395 0.9996773220146128
173 0.10814780373647752 0.9941348261412918
71 0.13350827927698777 0.991047697825134
934 0.09669833538803344 0.9953137354287759
1411 -0.021602577352028036 0.9997666370967525
557 0.09398850102605737 0.995573282925408
1090 -0.03348118731158711 0.9994393478827049
1026 0.08398843481348675 0.9964667294082531
996 0.08019182284659845 0.9967794498024825
1434 -0.06853985252341195 0.9976483792479538
1141 0.07325820526081986 0.997313007717218
1911 0.0701419844157218 0.9975370178706274
1521 -0.06382482415421782 0.9979611173896924
593 -0.0037076450305633967 0.9999931266605423
1988 -0.013337292104761657 0.9999110543639931
624 -0.0922778215790936 0.9957332994555406
1049 0.14561344201108273 0.9893415615982607
1204 -0.0034307701149612468 0.9999941148908918
521 -0.1202610609803757 0.9927423015122678
390 0.0631131419772339 0.9980063783913213
1191 0.012979158039898075 0.9999157671807037
269 0.1449755987587425 0.9894352307071667
838 -0.21742033253381374 0.9760780701362396
1845 -0.171326602213034 0.9852142890631138
1119 0.18095666758042206 0.9834910698416068
1230 -0.05013276168929435 0.9987425625282044
522 -0.04946284858947608 0.9987759641728542
682 0.027048753377063736 0.9996341155346524
798 -0.22380855384075768 0.9746331264777063
738 -0.05886603507469412 0.9982658913909584
1234 0.048520540257474515 0.99882218496243
841 0.1995191110782032 0.979893935237158
1324 0.12569708275597843 0.9920686686851051
1470 -0.24269691381153172 0.9701021637056367
488 -0.10236430907654172 0.9947469769882602
161 -0.208073530625519 0.9781131866266968
376 0.40563312880276436 0.9140359756692731
1561 0.030797549976768264 0.999525642950409
113 -0.04816251128520481 0.998839512888183
817 -0.049085992822599955 0.99879455610682
301 -0.03374672115959443 0.9994304171932014
246 -0.05100797418184208 0.9986982460031982
707 -0.18287350391264587 0.9831364511433351
1526 -0.15370053761467456 0.988117475170316
171 -0.15463853509841247 0.987971114690413
1574 -0.13625216169207918 0.990674188840224
1218 0.01521934966225019 0.9998841789906759
146 -0.1170989711771825 0.9931202499945541
627 0.04512366299674662 0.9989814087548157
1001 0.2001862281107374 0.9797578650231882
503 0.13145850212266597 0.9913216744425922
631 -0.05803853044407101 0.9983143437734893
144 0.012520724285756554 0.9999216126593925
1101 0.06557131788561878 0.9978478853366093
9 -0.008325620178521209 0.9999653414237131
1069 -0.07982626198314614 0.9968087920447923
604 0.0356583274460162 0.9993640396190734
615 0.011965486707699285 0.9999284110014315
213 0.14625112342637178 0.9892474962801393
226 0.12307309165134152 0.992397608880322
1438 0.02341034227500658 0.9997259403829467
724 -0.09893086103896502 0.995094309467243
1647 0.021986531669168717 0.9997582669951574
1548 0.05335143808154362 0.9985757978514357
628 0.059467674503934025 0.9982302318048147
1165 0.16709905503719913 0.9859401126872134
1782 0.09687363418079153 0.9952966889328055
1406 -0.03363578800614782 0.9994341567933355
1328 0.025143835870535945 0.9996838437814806
1466 0.06214178571344216 0.9980673316306594
1990 -0.10299398236399664 0.994681979125391
677 -0.19008279792136792 0.981768063207591
1033 -0.2602538488377574 0.9655402291800863
76 0.0038921707974923143 0.9999924254745548
999 -0.09633964187117876 0.9953485185622838
831 0.1968740774634631 0.9804287825349225
1848 -0.06745732741912541 0.9977221602116839
767 0.13936843234844953 0.9902405970594902
478 -0.009806621339317473 0.9999519139328187
733 0.25531077035609195 0.9668590437805187
1940 -0.05297057486236673 0.9985960735946994
1276 -0.010527137491199557 0.9999445881528842
1271 -0.06776349981119224 0.9977014122939479
1638 -0.005039099676665187 0.9999873036566258
1564 0.04139684796235423 0.999142783078966
261 -0.018261242828562313 0.9998332496023306
124 -0.03163311812162426 0.9994995476926958
794 -0.0367665939035168 0.9993238802173867
1958 -0.1821985810383458 0.9832617540958325
1695 -0.09602494980069702 0.9953789273516762
662 0.24291070733330247 0.9700486525235911
423 0.04485508055008339 0.9989935043576836
1226 0.15429799317348675 0.9880243566343063
405 0.02881442609256972 0.9995847782199145
1397 0.005147075902426747 0.9999867537170952
616 0.03592171348906681 0.9993546069839321
292 0.13677780660538416 0.9906017522800069
1478 0.12262149586249615 0.9924535096176768
219 -0.0873405557397641 0.9961785117754092
930 0.008203844003003518 0.9999663479055555
340 0.11394336834668817 0.9934872464253434
1722 0.06166525930007076 0.9980968869781406
610 -0.14502024002687075 0.9894286886797596
1029 -0.24317316097820044 0.9699828935501236
26 -0.009701660067194008 0.9999529377885444
1683 -0.006007194246936043 0.9999819566458585
290 0.20606179392624435 0.9785389808709196
384 0.03638801924086477 0.9993377367315449
1518 0.2080026618229481 0.9781282598282129
1042 0.07939356891036763 0.9968433483831222
321 0.1290499590525198 0.9916380932923781
820 -0.046790663249947816 0.998904717093993
913 0.19271176508625013 0.9812554079327879
1272 0.10640462377495777 0.9943229133633147
122 -0.01903716655260357 0.9998187767238863
148 -0.15550545053617099 0.9878350342306871
178 0.013174502338948109 0.9999132124780237
940 0.28413386454736483 0.958784619723001
302 0.09672692866556554 0.9953109570736808
1551 0.1962377743826469 0.9805563399954872
851 -0.014140496179338994 0.9999000181857194
777 -0.10708452595730383 0.9942499204427927
1813 -0.20717692577750493 0.9783034914715281
789 -0.16352265456785456 0.986539579258269
1662 -0.19453186951425896 0.9808961982510114
1740 -0.06410249174372713 0.9979433203104499
993 0.03190179112411761 0.999491008325274
470 0.02411781155155272 0.9997091232783483
1917 0.05328784967583228 0.9985791931924709
1611 -0.09072484830580942 0.9958759972506054
289 0.07891275410173411 0.9968815261805584
1586 -0.008342270134677423 0.9999652026590726
728 -0.008094877887769292 0.9999672359392492
541 0.1184211613805191 0.9929634578056179
753 -0.15763630171693077 0.9874972386700677
157 0.2392466757475738 0.9709588189741803
659 0.05380302802799752 0.9985515681100393
826 -0.009059877554561035 0.9999589584671444
731 0.048120537979196895 0.9988415358927524
299 -0.04101569950303708 0.9991585021378123
606 -0.08439515536983029 0.9964323648648222
825 0.10000776768215007 0.9949866563945634
30 0.10933572121224859 0.9940048792973791
611 -0.08092032017681831 0.9967205735723936
1160 0.005112826200188023 0.9999869294187033
803 -0.06913093092103408 0.9976075953950988
684 -0.07498127991219176 0.9971849415543385
132 -0.1866246767771669 0.9824312851379571
295 0.19109353924988665 0.9815718309206678
1206 0.13015644817381847 0.9914934689642569
326 -0.11857506807543101 0.9929450907431422
120 0.23503983337304168 0.9719857389529811
839 -0.04136794080100053 0.9991439803521236
1525 0.13279542137191624 0.991143468960299
492 0.09946067308603955 0.9950414938630809
1842 -0.05085683207848094 0.9987059540379947
1531 0.03537191531049656 0.999374218002079
1015 0.11798735021678196 0.9930150981676071
127 0.09638790345166573 0.9953438461497576
898 0.028625755480218583 0.9995901990932017
554 0.026737793897208095 0.9996424812789373
782 0.07593214009653555 0.9971129876299677
1573 -0.001103634520781179 0.9999993909952369
1321 0.1338774704200744 0.9909978924871244
49 0.003597059511911444 0.9999935305605072
94 -0.11890424302462614 0.9929057261345312
1370 -0.16384279044410283 0.986486462157231
1925 -0.06889707873645506 0.9976237730435169
415 -0.03548772414286545 0.9993701123383468
1404 0.11299589944284494 0.9935954542514285
1267 0.06860546455688804 0.997643869440861
1413 -0.08292025258816271 0.9965561859276754
984 -0.3081872038431747 0.951325731485975
747 -0.15200207012251496 0.9883801751747503
75 -0.11557954664913309 0.993298227319661
970 0.13261195453783534 0.9911680329357153
673 -0.09800142602448854 0.9951862742708858
313 -0.09169643851403791 0.9957870069266024
720 0.21976695358719314 0.9755524004947169
1781 0.2564155514281223 0.9665666376333357
706 -0.07981030127265566 0.9968100700789332
1046 -0.06504397751075952 0.9978823983764719
1340 0.016637407926030547 0.9998615887499144
195 0.11857506807543068 0.9929450907431422
1631 -0.19346180760691964 0.9811078070209528
1084 -0.13866023339304878 0.9903400121551109
702 -0.0441381885614527 0.9990254352670475
135 -0.04807387341233303 0.9988437829286095
1222 -0.04830856518319574 0.9988324596897824
274 0.13509299974864813 0.9908329230596407
915 0.12797075379453923 0.9917779419674837
1973 -0.13515034491741565 0.9908251027647128
179 -0.057591931736557626 0.9983402072434286
1 -0.13909589276376025 0.9902789165766646
954 0.107528824423246 0.9942019673678758
597 -0.10165194711646224 0.9948200247519307
477 -0.11598122178241739 0.9932514063387264
805 -0.0011608444274740742 0.9999993262198806
1364 0.11388605973513696 0.9934938174935991
1359 0.04710767409249863 0.9988898172679481
1630 0.066762335282632 0.9977689064044888
1705 -0.04169221215118736 0.9991305017093314
112 -0.10868770006225052 0.9940759447120618
1780 0.07281297990925147 0.9973456120907812
579 0.10870279218972063 0.9940742944921965
537 0.008716756422930363 0.9999620083570492
1537 -0.17673626299022224 0.984258245250834
174 -0.05980785038162564 0.9982099083022212
967 -0.03770351807528207 0.9992889695802445
188 -0.06331880750031248 0.997993350988241
1128 0.1250526128069232 0.9921501116414602
939 0.026255019353380246 0.9996552775625974
469 -0.003260883413361429 0.9999946833055487
899 0.10027832588722471 0.9949594249803636
1429 0.06835737723664984 0.9976608987914312
1425 -0.0834032476881153 0.9965158795900219
1038 -0.1046840701674928 0.9945055281159414
1362 0.05459221079374673 0.9985087333221734
1181 -0.1075486956329719 0.9941998179780794
225 0.06464921721707129 0.9979080512317856
686 0.08464872134505684 0.9964108560100331
1914 0.06696523817997334 0.9977553091191744
1621 -0.06337807210337254 0.9979895891122611
467 -0.07220039415386038 0.9973901458727308
1670 0.08155230139242965 0.9966690634998151
419 0.13148736942371447 0.9913178459414678
1908 0.042121290640810605 0.9991125046133456
1980 -0.03555454859159705 0.9993677371590739
649 -0.003443488317723075 0.9999940711765274
942 -0.062033758452933345 0.998074051767805
27 0.13629929514142475 0.9906677052089418
262 -0.023188003736467483 0.9997311220936945
837 -0.0682970451638109 0.9976650307702943
1892 0.08482498656257342 0.9963958659361546
1081 0.19290808626154 0.9812168314164358
1783 0.014345304973439353 0.9998971008184887
1495 -0.0989607286860161 0.9950913396155816
126 0.07287410297038065 0.9973411478106486
365 -0.13484430278182416 0.9908667993263696
1795 0.0643308301432979 0.9979286268531805
1249 0.10778323291229429 0.9941744186524687
1416 -0.19471135218520982 0.9808605860825519
1303 -0.12317573497841525 0.9923848740849123
958 0.023430873525475245 0.9997254593966453
833 -0.10277071641925922 0.9947050717909667
1013 -0.11970112237861293 0.9928099724022218
947 0.0036228448384473463 0.999993437476105
1349 0.09010733972851717 0.9959320595939513
1319 0.027101642471114882 0.9996326830268044
1996 -0.01324160377804494 0.999912326121338
560 -0.08308031589605422 0.9965428546282452
96 -0.08176893783077305 0.9966513135525519
1634 0.14381564129818514 0.989604497422072
1575 -0.04355225996917273 0.9990511501677868
271 -0.014689708794636396 0.9998921004066031
1130 -0.07226737333360098 0.9973852950347032
1679 -0.03220538844119584 0.9994812719382749
1855 0.14105638573901771 0.9900015636564649
1464 0.08865788052428464 0.9960621367268918
1708 0.01976690984414995 0.999804615550065
115 -0.1475721380738705 0.9890512949611394
968 -0.013741899310825 0.999905575643686
1187 -0.1142645436069308 0.9934503581328561
1345 -0.07213360107841804 0.9973949787298209
790 -0.0467328241894966 0.998907424711256
385 -0.07603020237217047 0.9971055151423278
1313 0.09375409966579273 0.9955953840772147
1103 -0.048893536143553525 0.9988039958487244
634 0.0034595867746052633 0.999994015611768
308 0.07864435149682641 0.996902736468129
591 -0.04556889079275079 0.9989611985417242
804 0.10744727688918022 0.9942107838326336
893 -0.005744403811825235 0.9999835007763113
221 0.1556360247230186 0.9878144703376317
1442 -0.11132457123262 0.993784101221122
235 -0.1679957766950318 0.9857877149836232
1944 -0.05821155137200502 0.9983042698931346
701 0.1284820801853304 0.9917118306601219
184 0.06765319688822224 0.9977088979009877
520 0.06355687029290318 0.9979782183187021
1979 -0.03026620091088048 0.9995418736013126
1822 -0.1552626007033979 0.9878732331745895
1486 -0.05734021852765647 0.9983546961572328
1943 0.10661621600148569 0.9943002476543614
1875 0.018534293605108672 0.9998282252269934
1007 -0.1952726572346373 0.9807489940532816
230 0.2480210947815715 0.9687546317532374
1248 -0.06834525469270505 0.9976617293256212
1063 0.03289905961311519 0.9994586794243034
1761 -0.17706035863957076 0.9841999946141162
1380 0.04258968377128203 0.9990926477741002
1094 0.03014190217355427 0.9995456296404681
44 -0.001097062424327722 0.9999993982268376
1158 -0.036513407884316645 0.9993331631866689
1500 0.1282636958654137 0.9917400991806999
553 -0.07038466943185959 0.9975199237654193
1350 0.08288729288063965 0.9965589278506911
824 -0.05299030040410999 0.9985950270570559
1607 -0.18376495695485515 0.9829702134832877
1577 -0.05879044213515327 0.9982703461054792
1620 -0.11330908366190245 0.9935597876120491
1509 0.42814210835399974 0.9037114224431336
976 -0.0410953440966365 0.9991552295282145
1025 -0.09622589148475322 0.9953595218854163
1017 0.03566189317479548 0.999363912383867
1949 0.014235776964636748 0.9998986661928363
1078 0.0466959846572871 0.9989091475288864
84 -0.21144936834086794 0.9773889525814418
1771 0.03427932601202195 0.9994122912032659
1071 -0.12534421369522591 0.9921133141396327
1257 0.014235862192737364 0.9998986649794215
239 0.11789274083468429 0.9930263348262653
863 0.2664493406725209 0.9638489242900978
455 -0.06942611027818292 0.9975870965543017
436 0.15576084768705226 0.9877947956573829
19 0.13019457566899423 0.9914884631030109
1791 -0.044419841148708755 0.9990129517240122
498 0.1766588887552809 0.9842721356534225
596 -0.1451593344966413 0.989408291661482
534 -0.3562927659505007 0.9343743708660581
352 0.07611492096611074 0.997099051652504
327 0.10201593853564872 0.9947827643685282
848 0.08265106718003061 0.9965785473779786
1427 0.021919494940356738 0.9997597390081078
240 -0.0885743034233359 0.9960695722554076
1516 -0.06290856280884394 0.998019294766051
446 0.08655339655476679 0.9962472130675363
355 -0.08679845407305578 0.9962258922405738
296 -0.07295898062050689 0.9973349423071551
307 0.2515687044790159 0.9678394427417957
311 0.018582862007864128 0.999827323711248
1902 -0.0851243242418357 0.9963703374862034
196 -0.09245205294042817 0.9957171374979443
1115 0.09888627702891148 0.9950987409374817
1291 -0.043065727279513306 0.9990722411987467
1333 0.11284851505764015 0.9936122043580612
1098 0.10062390215448119 0.9949245349850437
499 -0.03404062314061716 0.9994204500490265
1726 0.052393641652036645 0.9986265099197187
463 -0.08907670463643828 0.9960247691152628
648 -0.21023058541640208 0.9776518301294572
1669 0.14487382176654406 0.9894501380902201
1860 -0.19965242974627795 0.9798667803821127
743 -0.12359918279339986 0.9923322236090107
704 -0.052958901613601235 0.9985966927342994
759 0.1577988208807681 0.9874712816728591
1019 -0.04204593398211897 0.9991156787057097
354 0.11778576921745358 0.9930390287243763
1919 0.021802126949956754 0.999762305380863
1112 0.152164764535209 0.9883551408445976
187 -0.027564094345987927 0.9996200381659451
360 0.013309741117160564 0.9999114214726192
1163 0.07030349437034897 0.9975256481310735
38 0.041179400138672634 0.9991517687539861
1568 0.15195990002694815 0.9883866595537395
1316 -0.19001759777123434 0.9817806845407223
1827 -0.17861312105115187 0.983919383378723
1221 0.2406958142403795 0.9706006001477439
975 -0.20347552101381652 0.9790800336786344
442 -0.06977537517432515 0.9975627283631252
228 0.02292714795058364 0.9997371383953144
880 0.1527198744767641 0.988269517864333
1284 -0.041231138247648326 0.9991496350591352
674 -0.2437645491378599 0.969834441842326
87 -0.07961770132882846 0.9968254720035566
151 -0.05209163960473895 0.998642308879055
693 -0.05896131825827369 0.9982602681411529
1415 0.007185658187134826 0.9999741828249455
371 0.09741095958940287 0.9952442438677411
1297 -0.10353117656337454 0.9946262089244399
1811 -0.019207456941653444 0.9998155197824419
1967 -0.18647332813752776 0.9824600235598973
594 0.06166525930007076 0.9980968869781406
97 0.05971636934255004 0.9982153851912644
362 -0.1283243740426286 0.9917322496654869
1672 -0.03412458507936387 0.9994175867439802
149 -0.24042501572662303 0.9706677144176853
1004 0.11628832305771358 0.9932154982280658
641 -0.021026848165356774 0.9997789113880283
1718 -0.025935011608631483 0.9996636310143828
136 -0.1620117674738784 0.9867888260413117
932 -0.05906783186933554 0.9982539713110368
661 -0.030330939728280694 0.9995399112067508
516 -0.015569170936422223 0.9998787931126215
1745 -0.20909298063574844 0.9778957641021145
620 0.23080662260202173 0.972999641810339
323 0.003611726268756309 0.9999934776954096
665 0.19203090021886698 0.9813888797826943
1921 0.08504820583009942 0.9963768376899782
1984 -0.11171298043247901 0.9937405144215932
263 0.05632165916509378 0.9984126755549987
1485 0.02305506354241621 0.9997341966968295
1567 0.02334907088211041 0.9997273732818074
929 -0.0169844800929694 0.9998557533144327
1825 0.0012215124922485068 0.9999992539533374
718 -0.04158315862994476 0.999135046386802
250 -0.07326487067914164 0.9973125180826562
808 0.08985661788263656 0.9959547119335767
1018 0.10638263529232267 0.9943252661520076
1534 0.08682545614638042 0.9962235392546057
449 -0.1298974876237318 0.9915274291259131
138 0.11685684235829329 0.993148769517462
181 0.12157165825255527 0.9925826574697564
1798 -0.16654178290207064 0.9860343982578903
1122 0.022659469261805152 0.9997432412638624
1465 0.016116050402100394 0.9998701280263539
1592 0.02452499019170935 0.9996992171928999
832 -0.08966043082942256 0.9959723927617082
754 0.14901226357853714 0.9888353479236068
568 -0.17077699159432602 0.9853097072200149
1298 -0.02307974250695794 0.9997336272656895
1833 0.3298070582480192 0.9440483591055003
755 -0.0815523013924299 0.9966690634998151
1711 0.10087726668228121 0.9948988778095551
1801 -0.012928517069720516 0.9999164232306508
1807 0.07237986810052845 0.9973771376434042
1915 -0.0681562981313116 0.997674655899926
480 -0.001467389195808649 0.9999989233838944
395 -0.1849982203622931 0.9827388556797704
1393 -0.009647199740565061 0.999953464685815
1522 -0.10676833203368034 0.9942839248799841
403 0.10373923476673766 0.9946045300369446
1444 -0.043580437393559115 0.9990499214136328
1635 0.1930091261693957 0.9811969614788493
722 0.17613560241679668 0.9843659124336195
1934 0.01829248341141597 0.9998326785270839
156 0.03669357967191142 0.9993265638473047
1553 -0.014022316180211764 0.9999016824913048
1138 -0.052911039640737144 0.9985992298635807
1850 0.1451368548647991 0.9894115894611071
1681 -0.0033934447151404102 0.9999942422499069
650 -0.063823771888519 0.9979611846870209
1002 0.07931555078791085 0.996849559062555
891 0.08253034466324911 0.996588552116552
1637 0.04828374523101772 0.9988336597985003
1808 0.08488446036660856 0.9963908010355523
1544 0.1479528068491597 0.9889944221002742
1205 0.21486381930835302 0.9766440186435523
1012 -0.05350023538606322 0.9985678368611898
343 0.04784257103918901 0.9988548885580728
346 0.029858855488274882 0.999554124972195
1746 0.1298637242100747 0.9915318518001778
336 -0.1240215838999446 0.9922795204613208
878 -0.02704861863595816 0.9996341191805561
1167 0.11621548115561738 0.9932240240448115
369 -0.05254873060504313 0.998618360992726
1986 0.05711490774671445 0.9983676113101247
1198 0.08158691819124769 0.9966662303800881
1190 -0.06807692951585931 0.9976800748073967
1893 -0.15278214629087475 0.9882598928291858
1581 0.0082357943269613 0.9999660852707976
1615 0.014947495860593293 0.9998882799430633
335 -0.010746993505392302 0.9999422493977316
637 -0.07698536951036164 0.9970322225892968
220 0.22407951107634613 0.9745708659280686
353 0.07818716477952566 0.9969386978464319
454 0.0037359014225525414 0.9999930214959307
1085 -0.02354976390087019 0.9997226658529922
1493 -0.05513642430499531 0.9984788303789218
123 -0.1405231119424009 0.9900773984946951
1572 -0.05254873060504313 0.998618360992726
1529 0.1439153213382255 0.9895900061561431
1392 -0.05660505425107051 0.9983966485486785
1347 -0.06384347095406523 0.9979599246545613
486 -0.18308623267843652 0.9830968575901448
1690 0.1444834391051396 0.9895072186822851
1325 0.009693725033401806 0.9999530147436813
406 0.05242688931140609 0.9986247650029161
294 0.24461025146365983 0.9696214853636882
1240 0.029114232337659876 0.9995760908882267
872 0.007232840377399685 0.9999738426679345
1305 0.08292025258816238 0.9965561859276754
152 0.09218990558081729 0.9957414430006417
1403 -0.08272591763630303 0.9965723368382406
1348 0.12357126113024804 0.9923357009715412
1640 0.021471317935838896 0.9997694646797821
1472 0.1409423620719827 0.9900178031599081
429 0.054239547383597875 0.9985279522875774
904 -0.0926097609349034 0.995702481758271
14 0.17502075007074672 0.9845647449734696
1080 0.05906783186933519 0.9982539713110368
716 -0.0011142050382102614 0.9999993792733737
1614 -0.019934880604502613 0.9998012805229268
1023 0.1491710146072785 0.9888114119492327
1858 -0.004085776554595616 0.9999916531801383
1233 -0.07671785435352256 0.9970528425431581
555 0.05775356193163063 0.9983308700447008
414 -0.06127077500174483 0.9981211810850852
426 0.09046729912863832 0.9958994265428459
1261 -0.07871514981082203 0.9968971487521969
952 -0.09809316621591557 0.9951772358438153
1995 -0.11730707364324061 0.9930956904917366
438 0.19498908529518122 0.9808054122076145
10 0.1525534335203765 0.9882952240707955
496 0.04491581514360244 0.9989907755079551
1823 -0.018733924559779482 0.9998245046359828
1037 -0.09169643851403766 0.9957870069266024
1734 -0.0731095908295147 0.9973239131439399
1118 -0.08156711492606886 0.9966678512737519
42 -0.019274394474227418 0.9998142316038775
519 0.10503163091154635 0.9944688816187566
528 0.12875428118673288 0.9916765274403181
1077 0.16376262182138518 0.9864997737932767
809 0.14672984863679808 0.9891766027959933
660 -0.016439748576339393 0.9998648582017206
1595 -0.0035970595119117557 0.999993530560507
1373 0.059279990746532486 0.9982413950027775
1622 -0.023472098624017782 0.9997244923408571
1758 0.028319548549313383 0.9995989211528609
1075 0.07653545202018101 0.9970668606387771
1725 0.07432455364580559 0.9972341052758634
