500 2
445 0.002157892571391685 0.9999976717471148
16 0.07592139680685779 0.9971138056946636
350 0.004459593093672106 0.9999900559652775
498 -0.05796957866123852 0.9983183500015606
67 0.011570329300699829 0.9999330614995553
101 -0.18442682347134737 0.9828462477846005
216 -3.2673281684843345e-16 1.0
155 -0.05092852729159516 0.9987023005420129
396 0.17344717945374263 0.9848431732715323
218 0.0011595364460241112 0.9999993277373892
429 -0.013358324589037086 0.9999107736014118
283 -0.024517725679285736 0.9996993953821895
458 -0.02404930587965439 0.9997107736174031
179 -0.10607376941801683 0.9943582631232334
199 -0.019783864278563427 0.9998042802039844
483 -0.040954444883862136 0.9991610147740225
430 -0.024559156960657885 0.9996983784169011
222 0.12365601795960816 0.9923251428953985
236 -0.015230722207149912 0.9998840058231998
181 -0.009929301821169472 0.9999507032675882
395 -0.011072048253419564 0.9999387029950756
35 -0.023185382467604054 0.9997311828885957
260 -0.01475382451698015 0.9998911564075973
394 -0.016363910921488114 0.9998661022453724
269 -0.04335375387328643 0.9990597840094928
143 -0.014469382177487385 0.9998953130100179
291 0.07125213857222655 0.9974583363473806
400 -0.033253099667637315 0.9994469627561505
73 -0.00760015522387644 0.9999711184032131
443 -0.02224092254940914 0.9997526400886128
52 0.059311641858813366 0.9982395149161407
310 -0.0066879156948036695 0.9999776356417474
371 -0.028236177664303603 0.9996012796464948
330 0.0021910377784470914 0.9999975996738458
297 -0.026197829725803125 0.9996567779581439
302 -0.03470212813400868 0.999397699768701
294 -0.028729614438833644 0.9995872194331998
224 0.1664130197667301 0.9860561377792433
464 -0.013186061782718977 0.9999130601080587
141 0.002218593397791046 0.9999975389186392
197 -0.04603349994244727 0.9989398965318428
158 -0.032831820372162 0.9994608904659802
304 0.04958326134834336 0.998769993639207
339 -0.010647916860675897 0.9999433093263478
486 -0.007550910393482172 0.9999714914697466
423 0.015025989396568178 0.9998871034485115
292 -0.003282686141530406 0.9999946119713327
98 -0.014822380406230582 0.9998901424852097
21 0.0383097695919514 0.9992659113338208
346 -0.39997118845990653 0.9165277128390444
233 -0.011189100701698321 0.999937400053367
122 -0.041611676446166306 0.9991338590916332
174 0.003297544163648636 0.9999945630864645
266 -2.7270437846485757e-16 1.0
213 0.04313022061848441 0.9990694590814998
494 -0.008840238781321058 0.9999609243256904
341 -0.03678235223258237 0.9993233003208912
99 -0.16083249500726451 0.9869817164212
493 -0.008865013601283283 0.9999607049948758
245 0.16961477742861833 0.9855104399639004
142 -0.010947867986268804 0.999940070297493
407 -0.01417631478897471 0.9998995110004824
204 -0.047470552910328596 0.9988726378304632
80 -0.008838477089495318 0.9999609398985235
53 0.010499926206943903 0.9999448742554005
334 -0.03147776426760556 0.9995044523946419
489 0.02509001084962141 0.9996851961270439
70 -0.042782004373537755 0.999084430917519
46 -0.17141167987229936 0.9851994904603617
43 0.03142158119492343 0.999506220208364
248 0.06385864374111452 0.9979589538751307
468 -0.036041752900643736 0.9993502849591073
239 -0.024263247316841558 0.9997056040803421
488 -0.008838477089495318 0.9999609398985235
77 0.021725120587616657 0.9997639817154114
90 -0.012975758255462091 0.9999158113049799
315 -0.04212272555260896 0.9991124441182883
147 -0.0011745858534242947 0.9999993101737985
64 0.009816930860823166 0.9999518127732325
412 -0.029005928408222314 0.9995792395389057
228 -0.015160583390170809 0.9998850717513837
300 -0.005460407390737932 0.9999850918644373
466 -0.025456286970579143 0.9996759362181684
372 -0.03351663224233309 0.9994381598493887
419 -0.03348360860647308 0.9994392667664648
325 -0.006591038175754975 0.9999782788719791
176 -0.004509277180448165 0.9999898331579726
452 0.0011460326741356318 0.9999993433043393
30 -0.06566635264900947 0.9978416357968714
156 -0.013945145019720991 0.9999027617375497
201 -0.0361391812183872 0.9993467664333862
262 -0.00888105069877476 0.9999605626915922
219 0.017590144323342116 0.9998452814424259
392 -0.02529992499739582 0.9996799056673722
309 -0.031133170314793783 0.9995152453595444
433 -0.030741559911828857 0.9995273665559076
270 0.08225555068766476 0.9966112704465412
284 -0.021584218496379776 0.999767033619283
462 -0.009820626407445977 0.999951776485729
446 -0.06784925954554365 0.9976955838226015
110 -0.4019092023108163 0.9156795253241625
226 0.10658385897440507 0.9943037166812383
221 -0.011498787215410575 0.9999338867608072
472 -0.054518691959101924 0.9985127501574873
89 0.0326595518952696 0.9994665345423028
358 -0.0021996740878965377 0.9999975807140271
242 0.08666612443433717 0.9962374129069497
3 0.02969823340238242 0.999558910186277
448 -0.013309946251813887 0.9999114187420672
424 -0.03206919993774029 0.9994856509301938
379 -0.014791416275549547 0.9998906010182131
282 -0.04627517141811222 0.9989287304458834
336 0.009633326582318991 0.9999535984329265
376 -0.015233665823089354 0.9998839609802681
416 -0.010705534316439756 0.9999426941255182
61 0.07448015064033613 0.9972224963169417
453 -0.01730235352043118 0.9998503030767426
337 -0.030163069584757014 0.9995449911000631
170 -0.020038394549004662 0.9997992112138808
93 -0.6308790138224165 0.7758812215271453
333 -0.0256103990493825 0.9996719999382454
353 -0.03297974412101027 0.9994560202818895
185 -0.02388862004364517 0.9997146261971015
29 -0.461712051188077 0.8870298652174562
402 -0.02113593436650995 0.9997766111879466
47 0.0032839747012623874 0.9999946077405425
259 -0.026313435854112572 0.9996537415993357
17 -0.09901606847570478 0.9950858345809243
191 -0.008583971743769896 0.999963157035849
112 -0.03468215815158085 0.9993983929874757
4 0.010335868862122852 0.9999465834807703
369 -0.016714256241496018 0.9998603070620883
186 -0.015308549460558278 0.9998828172908131
296 -0.009044472965056284 0.9999590979179022
54 0.041916708043421694 0.999121108568327
469 -0.048675535377166936 0.9988146435929672
144 -0.008205105151585984 0.9999663375581456
178 0.016653601513130438 0.9998613191621336
373 -0.008721098227472607 0.999961970499732
153 -0.026312117403840384 0.9996537763034392
305 0.008527936755634416 0.9999636364861935
140 -0.01907212428154059 0.9998181104957989
454 0.005626362797241853 0.9999841718955724
338 -0.0021364809058074512 0.999997717722065
88 -0.0239259206475822 0.9997137341865249
40 0.0034862494259543728 0.999993923014005
173 0.06652660878571803 0.9977846512767531
457 -0.018987963085221375 0.9998197123771236
286 -0.02953201592362845 0.999563834897745
463 -0.012101781306717178 0.9999267707633417
487 -0.00888105069877476 0.9999605626915922
188 -0.006385532073369886 0.9999796122822405
146 -0.010226214605960295 0.9999477109003415
240 -0.017257353869260736 0.9998510807802484
81 -0.014947465042674886 0.9998882804037649
432 -0.010640042412662204 0.9999433931465604
438 -0.026056296957109832 0.9996604770565268
145 -0.02671256841668159 0.999643155675356
235 -0.024935810185746705 0.999689054341589
447 0.05823615041241607 0.9983028352084062
364 -0.021987458233340366 0.9997582466178697
207 -0.07293206036432308 0.9973369112647013
250 -0.014892166058487163 0.9998891055462533
177 0.1128955169125647 0.9936068650432346
343 0.3717853334234455 0.9283187307445744
116 -0.0033212106943295598 0.999994484764553
326 0.029608683020286963 0.9995615668330812
375 0.0116651102475148 0.9999319602867554
42 0.07720219728716077 0.9970154566174159
243 -0.35528009765574975 0.9347598901374197
437 0.13365077592614716 0.9910284910608467
303 0.47668105589345644 0.8790763169101415
397 -0.03463872986743744 0.999399899136062
51 -0.08174817327911975 0.9966530169349446
389 -0.38790156216791855 0.9217008072404452
359 -0.016168978141670898 0.9998692735282219
265 -0.01714290386189344 0.9998530496263849
482 0.053152804285436346 0.998586390552462
255 -0.0022375520911793153 0.9999974966771863
45 -0.47757255560772544 0.8785923139490271
323 -0.03240617126581481 0.9994747821050268
15 -0.11234819411610983 0.9936689002272583
96 0.6308790138224161 0.7758812215271457
194 0.004439817067321458 0.9999901439636336
385 0.002092131018793293 0.9999978114915054
232 -0.007467681461386307 0.9999721164780502
365 -0.03106232358012906 0.9995174495994571
321 -0.0189872950916149 0.9998197250630254
131 0.014141338590649455 0.9999000062720595
87 0.13691559759282523 0.9905827169579527
23 -0.14159180097075533 0.9899251294405339
183 -0.006516997916894224 0.9999787641435949
231 -0.03267921873544203 0.9994658916955802
308 -0.009627925912334818 0.9999536504471729
406 -0.014083392147201577 0.9999008241148859
66 0.06016344434125862 0.9981885392875417
425 -0.36461614411439586 0.9311579175688462
431 0.13428321805830107 0.9909429939950667
164 0.0067849414284321 0.9999769820199927
328 0.10064496736417072 0.9949224042829998
125 -3.664262220830718e-16 1.0
11 0.023021511814392284 0.9997349698764066
417 -0.014832013757630429 0.9998899996339065
72 0.01090104420653287 0.9999405818523455
195 0.0022075347181771785 0.9999975633922654
5 -0.02749899840567977 0.99962183103746
151 -0.01252998099209969 0.9999214967067853
71 -0.044774065446979636 0.9989971386662474
134 -0.4573496539286268 0.8892869582150439
114 -0.005463599547094029 0.9999850744286082
349 -0.04385867272199757 0.9990377454466197
347 0.04370163012561579 0.9990446273937735
111 0.07927453459691064 0.996852821716648
420 -0.02757949507305132 0.9996196133787669
473 -0.018033239992025735 0.9998373879063486
491 -0.03206574453759128 0.9994857617931583
100 -0.06771534522339162 0.9977046817677448
410 0.07092146944331454 0.9974819021776792
56 -0.08127527071576886 0.9966916927365647
139 0.10719150230559542 0.9942383928583071
12 -0.04913380981456343 0.9987922049821506
320 -0.010848557758967373 0.9999411526657708
405 -0.013602676764252666 0.9999074793123848
86 -0.09550428362048616 0.9954290189712863
136 0.12025927871230675 0.9927425174150626
285 0.002204467803997809 0.9999975701578986
65 0.10653732729429628 0.9943087035186747
261 -0.03297008734356034 0.9994563388865759
426 -0.009265577878256293 0.9999570736119536
249 -0.011430660500439506 0.999934667866118
451 0.08571221748571232 0.996319936452986
366 -0.008404241420280779 0.9999646837394557
390 -0.02961831829693046 0.9995612813736143
312 -0.017299051331289526 0.9998503602154861
374 0.10690844816756066 0.9942688689234939
313 0.12438580754422159 0.9922339295154001
182 -2.354519261354621e-16 1.0
189 0.03682824337567299 0.999321610138529
277 -0.03699501967301227 0.999315449955315
38 -0.5068924094972475 0.8620093301084826
84 0.05209575763232989 0.9986420940640913
39 0.04295020089436631 0.9990772143548934
10 0.052214433721106165 0.9986358960658205
237 -0.016468464206520844 0.9998643856477131
281 0.0011428516285961496 0.9999993469448643
163 0.001071642217303948 0.9999994257913142
276 -0.02600131908008207 0.9996619085501336
62 0.1426183480094808 0.989777756272107
289 -0.0022057806297518354 0.9999975672629476
59 -0.5010811412397536 0.8654003061554034
217 -0.03058855411954299 0.9995320606948412
82 -0.020576210685299866 0.9997882873657973
319 -0.008512278619274177 0.9999637699000438
150 -0.0035575428040800668 0.9999936719245763
105 -0.08583295580986663 0.9963095421087473
169 -0.007513891813506599 0.9999717703164499
495 0.011802415077166633 0.9999303490735474
316 -0.004382889881193868 0.9999903950920175
18 0.031113455611603388 0.9995158592438164
370 -0.008739769197562102 0.9999618074878527
135 0.08414855358234469 0.9964532206430963
175 0.004284910507030807 0.9999908197288346
411 0.017076130129535235 0.9998541922599511
229 -0.04963040695410738 0.998767652012003
408 -0.011635205978670066 0.9999323086998609
120 -0.02462340635538921 0.9996967979639914
471 -0.007538034426835788 0.9999715886148864
409 0.06337203619911776 0.9979899724085296
168 0.004486069861027215 0.9999899375379744
496 -0.054124143028285034 0.9985342143068778
354 -0.021662618631002915 0.9997653379438836
380 0.05300590070976815 0.9985941991068976
293 -0.014223053996223183 0.9998988472515711
477 -0.03198648280734273 0.9994883015411514
198 -0.008968076775596578 0.9999597859908902
272 0.4294397875037625 0.903095492685421
92 0.14181073782238351 0.989893789574554
383 -0.050683324945016865 0.9987147743838167
241 0.013724126225051186 0.9999058197447193
388 0.11607570845719396 0.9932403686450528
128 0.47703069402141884 0.8788866348747395
129 0.03477024078426309 0.9993953323664286
499 -0.008859687177404858 0.9999607522013644
234 -0.006770821716997937 0.9999770777239229
162 0.09818102403566957 0.9951685719109638
318 0.008227279102221007 0.9999661553665574
311 -0.01067187029831459 0.9999430539707429
209 -0.3846259071955607 0.9230725385981277
19 0.003432196288746689 0.9999941099969717
165 -0.026593873523929723 0.9996463204008671
324 -0.021448069076688673 0.9997699637080929
196 0.002355539783295308 0.9999972257123162
391 -0.016268025243062572 0.9998676669213237
290 -0.11213938136186181 0.9936924872151237
413 -0.005376279631587363 0.9999855477042271
404 -0.008465469278128713 0.9999641672729582
107 -0.04138645740971562 0.9991432135300093
167 0.0032523141261195172 0.9999947112124269
253 -0.05723099831684946 0.9983609631950043
252 0.03022471328653736 0.9995431289878124
192 -0.03592978015886112 0.9993543169955967
275 0.011898964145153203 0.9999292048201575
427 -0.021649153891254797 0.9997656296031548
478 0.13395757854054996 0.9909870670960103
230 0.003288476197136163 0.9999945929475323
460 -0.00592778379446081 0.9999824305353
251 -0.03911963196782438 0.9992345342284273
422 -0.023882168530418656 0.9997147803380145
118 0.012753469026871033 0.9999186712067041
60 -0.5165014042480369 0.8562863419498211
227 0.031169724157981245 0.9995141061015174
6 -0.0291801076404406 0.9995741699934488
465 -0.0010987555225017303 0.9999993963679686
238 -0.0011301515740804388 0.999999361378506
119 -0.03861445391575915 0.9992541838535317
161 0.1446531921405908 0.9894824172280866
63 0.02070817145933011 0.9997855628257547
25 0.04011783361711307 0.999194955664744
83 -0.10555031629581733 0.9944139634628292
0 -0.02869536234333101 0.999588203301732
14 0.0467765594327129 0.9989053776447687
497 -0.008188591846836046 0.9999664729197504
475 -0.01629621182087676 0.9998672079232767
28 -0.025050184746058166 0.9996861948852692
440 -0.02697016513155041 0.9996362389353324
414 -0.02639365176815069 0.9996516268912593
148 -0.04000554360380684 0.9991994578065803
264 -0.024852315480060453 0.999691133508385
33 -0.0551296507775056 0.9984792043929358
27 0.19763091683898532 0.9802765021713935
273 0.05535600436021329 0.9984666808568388
126 -0.027186096851329316 0.9996303897631313
435 0.010977980984184786 0.9999397401511307
187 -0.006435706292667563 0.9999792906278181
212 0.09343201664671553 0.9956256617149479
299 -0.035825930447609906 0.9993580453008637
456 0.0022664487803292963 0.9999974316016648
109 0.038560000987247336 0.9992562866071263
75 -0.03174785807574887 0.9994959097002859
327 -0.005874466332909606 0.9999827451737873
31 0.03648380767842195 0.9993342442732981
280 0.013517874935419057 0.9999086293543177
130 -0.03930365557388721 0.9992273128065153
288 -0.020841252389521343 0.9997827975109576
271 0.3880434717315821 0.9216410711586702
368 -0.013072921182998238 0.9999145457146541
476 0.021123060812123604 0.999776883260424
481 -0.017652952037064455 0.9998441745013955
470 -0.012714454170752157 0.9999191680606688
492 -0.3863807614407539 0.9223393666045396
7 0.1304604597515474 0.9914535130006928
351 -0.008061723750191062 0.9999675037770855
345 -0.010045750706700924 0.9999495401732723
85 -0.03154742140535968 0.9995022562269045
348 0.1724409570383103 0.9850198558078469
102 0.02439579986259608 0.9997023781851597
363 -0.09135154438292965 0.9958187060599202
332 -0.009027535869461688 0.999959250967821
418 -0.002172808960332879 0.9999976394478248
57 0.09376417779866003 0.9955944349792949
137 0.049987919434194464 0.9987498224834087
340 -0.004376889013955613 0.9999904213754048
97 0.047705702232843455 0.9988614348219033
455 -0.024651096600544403 0.9996961155453143
377 -0.017507434160788485 0.999846733129186
428 -0.010941399484247756 0.9999401410971189
450 0.450223413023325 0.8929159413772544
211 0.15072122068005486 0.9885763064309776
415 0.005795007588187697 0.9999832088025542
342 0.087480893630314 0.9961661976044166
223 0.1616152002258194 0.9868538529366789
436 -0.03791489109842203 0.9992809720158765
378 -0.009743285310991823 0.9999525330691196
225 0.06306443656903542 0.9980094572899748
113 -0.027459394871260506 0.999622919721884
215 -0.06091477780140092 0.9981429706436878
461 -0.031678333446197915 0.9994981156510859
132 -0.03889689389365534 0.9992432294718967
356 0.05978956865056708 0.9982110034860261
91 -0.02980440781091335 0.9995557499584706
1 0.49014973737326006 0.8716382477570177
421 -0.0392354817618329 0.999229992029321
381 -0.06300654175808296 0.9980131139898348
306 -0.004593927275557184 0.9999894478604195
13 -0.10466682599749713 0.9945073431280484
434 -0.012546948170478318 0.9999212839476952
322 -0.047337875420289034 0.9988789343812859
279 -0.014118601179491725 0.999900327583072
317 -0.030268089453002113 0.9995418164143335
301 -0.0022302725703947763 0.9999975129390382
442 -0.02526501449891368 0.9996807885732173
398 -0.04946611708404621 0.9987758023003097
8 -0.10553549083444817 0.994415536973519
387 -0.01797607390426419 0.9998384173290145
123 -0.03420231629102949 0.9994149296264933
384 -0.01603569594680317 0.9998714199613377
268 -0.007509655383997081 0.9999718021404471
257 0.13458755823006133 0.9909017050997894
459 -0.10442010689660006 0.9945332781137606
263 -0.024196076908734217 0.9997072320745842
246 0.028679525093586625 0.9995886578190082
307 -0.021754473908818333 0.9997633434293091
133 0.05642570786864939 0.9984068006036027
193 0.003251690309726624 0.9999947132410898
50 0.13303224425075977 0.9911117101465435
36 -0.4500097573261433 0.8930236381592962
94 0.05514989294994264 0.9984780865435205
485 -0.02299290099595283 0.9997356283056988
138 0.06028935800564623 0.998180942169939
34 -0.12023983246941272 0.9927448729093128
49 -0.1753603377284907 0.9845043178939082
202 -0.012914010353018849 0.9999166106914127
124 -0.015505789824862193 0.9998797780142906
205 -0.01529289890542415 0.9998830567836764
208 -0.04100644549431823 0.999158881974194
152 -0.0032331411377461705 0.9999947733855329
295 -0.031791856220817705 0.9994945111795436
278 -0.021683392638876087 0.9997648876029146
48 0.14010279876948814 0.9901369631404316
449 -0.0034847072233361994 0.9999939283893515
258 0.03944862187583949 0.9992216001628954
79 -0.011780296681972963 0.9999306098975492
68 0.022176064785830493 0.99975408083719
22 0.09832673163923071 0.995154185965746
254 0.0065832616010845346 0.9999783300985535
41 -0.019661322808255777 0.9998066975097883
103 0.06258664462323364 0.9980395342444132
361 -0.11548882962008632 0.9933087788965639
244 0.037938332512051504 0.9992800823223713
247 0.11477818041098238 0.9933911461763407
95 -0.06450652983840022 0.9979172849531205
160 -0.022548629396237932 0.9997457473339664
171 -2.257623943161845e-16 1.0
479 -0.025330682441561232 0.9996791267837118
159 -0.003500166510177366 0.999993874398439
403 -0.019582572245581062 0.9998082430467589
74 -0.0330041458837048 0.9994552147817766
474 -0.03284712653047096 0.9994603875485468
115 -0.0156575787792072 0.9998774125995511
190 0.026435439890348075 0.9996505226917074
382 0.007701606242770421 0.9999703421908478
220 0.007657846017999287 0.9999706782673004
104 0.07313830585596207 0.9973218077513997
24 -0.0685944542490374 0.9976446265310491
444 -0.018868549921750077 0.9998219730651304
44 0.0618239124804933 0.9980870722765647
55 -0.026687526714666586 0.9996438245284437
117 -0.04515065073366781 0.9989801893622949
37 -0.013915998722799614 0.9999031678015363
206 0.005655666017805366 0.999984006593053
166 -0.01824446629606488 0.9998335558729622
480 -0.08293110590603031 0.9965552827983014
484 -0.009027535869461688 0.999959250967821
9 0.13427792445855471 0.9909437113192164
172 -0.031441500238534016 0.9995055938126362
106 -0.08250801826097055 0.996590400777896
154 -0.00212935272741169 0.9999977329259113
214 -0.003460402481143234 0.9999940127894109
399 -0.03134540557759685 0.9995086120435261
357 -0.022658359136347252 0.9997432664245598
401 0.13206498270553504 0.9912410606623331
329 0.09488451753873942 0.9954882863858523
274 -0.00974514998898932 0.9999525148984286
344 -0.0285119980023687 0.999593450343645
386 -0.004313284297752833 0.9999906977460173
298 -0.02335351925138477 0.9997272693782917
108 0.04122258898476672 0.9991499878183421
32 -0.1312553210516155 0.9913485969605431
184 -0.008583971743770458 0.999963157035849
121 -0.007006370141827922 0.9999754550874915
355 -0.033523030238406804 0.9994379452690572
331 0.001090406371817393 0.9999994055067954
78 -0.010962893467170233 0.99993990567775
203 -0.05037302045968972 0.998730473556188
360 0.00559606403900034 0.9999843419110479
441 -0.02846732321048599 0.9995947236301469
149 -0.012255297809688948 0.9999249010178693
439 -0.011981644341408502 0.999928217523076
26 -0.038470337927801385 0.9992597425593212
393 -0.042259598320428075 0.999106664150428
58 -0.026472293879395564 0.9996495474198759
490 -0.047107674759578125 0.9988898172364886
267 -0.016579763285039063 0.9998625462779432
20 0.06963558181379818 0.9975724964860719
314 0.1553792164812483 0.9878548977889786
127 -0.0582814451996475 0.99830019189893
256 -0.023202359102129734 0.9997307890287744
76 -2.8066962739407896e-16 1.0
287 -0.03155792921004275 0.9995019245123913
157 -0.013098569143137194 0.9999142100632447
180 0.012185019117795 0.9999257598987532
367 0.002388211545718315 0.9999971482187401
362 0.1375079664725536 0.9905006608562071
2 0.11039515447217862 0.9938877752890736
210 0.07663940241865363 0.9970588758929494
335 -0.030873379352062174 0.9995233036039648
467 -0.0420106958713571 0.9991171610138644
69 0.41573224720541685 0.9094870524826257
352 -0.011195967510036247 0.9999373231915659
200 -0.04214664425595555 0.9991114354154704
