500 2
154 -0.008168640382635562 0.9999666361005746
381 -0.1456491583882965 0.989336304125539
69 0.07076757701220386 0.9974928320764123
259 -0.016568697883059674 0.9998627297036629
118 -0.19039165386461923 0.9817082143583677
321 0.0506680622531612 0.9987155488263462
387 0.16773553304016278 0.9858320297879009
84 0.12510453010769065 0.9921435664995938
470 -0.08646800093445131 0.9962546285033759
208 -0.023488599537988993 0.9997241047867875
310 0.017097683756289644 0.999853823921362
99 0.07985227257427013 0.9968067087277876
482 0.18683591482045206 0.9823911343926129
80 -0.380790918233355 0.9246611685320187
319 -0.054711074847325715 0.9985022274832692
187 -0.011121376319454195 0.9999381555820145
424 -0.32482851953860387 0.9457729288229595
490 0.07675805588761352 0.9970497484360317
18 -0.11698961217716633 0.9931331384273895
296 0.0903277444134739 0.9959120938060619
430 0.2157299550026205 0.976453064163643
226 0.02825531576236401 0.999600738860856
280 0.15439838731963984 0.9880086730353607
159 0.02189377021373119 0.9997603026855129
275 0.06729556101756091 0.9977330842802256
76 0.16447485344269144 0.9863812764773089
284 -0.06845737459245424 0.9976540421728909
125 -0.0006670623464146277 0.9999997775138882
12 -0.039254420156050795 0.999229248219953
428 -0.1448777765832175 0.9894495590237551
349 0.09416997057973894 0.9955561343495458
30 -0.10063478700694818 0.9949234340611673
404 0.09574778656096884 0.9954056265506415
295 0.2818568290116351 0.9594564752710286
38 0.19602950607543498 0.9805979975238686
426 -0.020360049007880743 0.9997927127181898
256 -0.10701495103681916 0.9942574114657567
351 0.12846775266031688 0.9917136867697287
239 0.16073991566705997 0.9869967981261877
137 0.14584818369200964 0.9893069833543792
325 -0.08314881401484171 0.996537141670056
282 -0.4144155473361643 0.9100877727593462
437 0.062499131765480574 0.9980450182875323
312 -0.0021015331506395035 0.9999977917767703
1 0.20704406262867 0.9783316186908279
6 0.046420555493603535 0.9989219849556147
74 0.2477953053559325 0.9688124104508365
10 -0.23464951498274964 0.9720800404896505
267 0.06056543229195346 0.9981642291783895
461 0.0675799123969491 0.9977138645124767
224 0.016944549950841922 0.9998564308074251
414 0.1695768238755846 0.9855169713425889
469 0.03196470091228641 0.9994889983864695
242 0.057583413976423206 0.9983406985768034
370 -0.13469608154243395 0.9908869590508868
119 -0.41262706993508885 0.9109000500366565
122 0.05616807321320015 0.9984213276725996
149 0.09576479592748295 0.9954039902778006
433 0.02677448280813284 0.9996414992737931
395 -0.0058371432661310715 0.999982963734128
143 0.01811143469162915 0.9998359745145254
344 0.10475726033456041 0.9944978212179236
313 0.039130831586170506 0.9992340957049928
317 0.018684876116428897 0.9998254224635987
444 0.10016824281915795 0.9949705136990353
464 0.10772859032224792 0.9941803411993125
306 -0.08382561327706167 0.9964804396267517
292 -0.12037293293449965 0.9927287429186014
79 0.007457488007686571 0.9999721925496804
56 0.023570433041941806 0.9997221787507845
303 0.03200963991935227 0.9994875601788314
495 0.04342817863103552 0.9990565516029566
100 0.1764066197938286 0.984317379960811
479 0.12218705159446663 0.9925070903639184
281 0.04425403134781782 0.9990203104589347
304 0.17731178199145659 0.9841547296878749
91 0.04376850511778142 0.9990416998102506
195 -0.0023321307157002846 0.9999972805794649
454 -0.4570682511679874 0.8894316240016642
97 0.004191292816323354 0.9999912164936888
283 0.23666442584422262 0.9715914519693061
353 0.0835179026206714 0.9965062769204437
483 -0.09461977096794494 0.9955134850628462
441 0.10207748759276886 0.9947764505288351
51 -0.09135932625213382 0.9958179921585851
58 -0.12503367398999662 0.9921524985447364
277 -0.03211268958378383 0.9994842545871824
199 0.11433199475838404 0.9934425977249863
386 -0.03176351048708744 0.9994954123964435
335 0.07812311924012905 0.9969437186923806
185 0.19333670951674525 0.9811324664657863
205 0.19809375281022096 0.9801830773368632
198 -0.1007785588981346 0.9949088812883397
366 -0.017205374125989322 0.9998519765951281
81 0.08880903926102969 0.9960486707714302
409 -0.014402561796072586 0.9998962777277002
61 0.18626284704118928 0.9824999500316071
131 0.6111358702564961 0.7915257090491977
473 -0.08701910106750091 0.9962066432469742
16 0.15655691234561825 0.9876689390665307
14 -0.1426071886338146 0.9897793641766632
248 -0.021049806338605977 0.9997784282795399
42 0.1284651897074422 0.9917140187742789
134 0.12136589022455438 0.9926078383178331
365 0.2363600101481294 0.9716655523392688
130 0.08545821152201634 0.9963417556659252
150 -0.014108208508761084 0.9999004742736516
274 0.4594226399007209 0.8882177874522963
127 0.005019658035480771 0.9999874014372414
126 0.029398382704744843 0.9995677741375746
377 -0.020510996873420596 0.9997896273753086
253 -0.1894703431416871 0.9818864440808678
188 -0.3535174572755288 0.9354279274222278
481 -0.07077066369564344 0.9974926130854694
362 -0.009081609391018184 0.9999587613351207
158 0.21406034519562708 0.9768204382662808
87 -0.14289137460679982 0.9897383770790033
435 0.054863607420816106 0.9984938580586135
359 0.07969687592463844 0.9968191450648672
334 -0.13851938897610855 0.990359721958484
373 -0.038447493770944606 0.999260621771284
279 0.1034182717738826 0.9946379547671118
77 0.05847136250189618 0.9982890862706914
102 0.15592538695532945 0.9877688361670612
471 -0.032727902617611666 0.9994642987071887
452 -0.033751811771741504 0.9994302452908482
41 -0.04922275800512894 0.9987878253635095
82 0.06537110866527757 0.9978610214613419
301 0.0643589038748849 0.9979268167015171
144 0.08849712814095387 0.9960764319623286
128 0.05522049890607911 0.9984741841933439
416 0.11558938921831034 0.9932970819951794
328 0.022902194389923365 0.9997377103481323
179 0.06040047787338459 0.9981742244080775
78 0.15623231838873483 0.987720336274839
162 0.011415053829012933 0.9999348461505283
449 0.07059705042933836 0.9975049155120376
36 -0.03049196423439521 0.9995350119516215
287 0.12283648607130045 0.9924269230979453
9 0.011826132033342738 0.9999300688553825
290 -0.07739577339500713 0.9970004484756206
107 0.1232488239867181 0.9923757994761314
243 0.009983869825365725 0.9999501599296388
166 0.004411541471465384 0.9999902691035775
206 0.13511208164468477 0.9908303211920999
110 0.08492744914236784 0.9963871378044633
442 -0.025569249545770452 0.9996730532917579
161 0.09903439952015528 0.9950840103788636
7 -0.016247159276325546 0.9998680061965428
220 0.017628741954086785 0.9998446016542353
135 0.08520971946936141 0.9963630381080747
431 -0.41435998743390107 0.9101130703455355
209 0.022400152991520712 0.9997490850938332
219 -0.11971722897191817 0.9928080303297739
21 0.07045210866051459 0.9975151629851484
13 0.010656880728601851 0.9999432138342338
323 -0.12052278643188157 0.9927105610149894
451 0.025913514962421596 0.9996641884864599
285 0.044968983627641915 0.9989883835718495
342 -0.05942680722270032 0.9982326655561398
241 -0.017620857237601893 0.999844740642372
145 0.04611509968677693 0.9989361328838188
391 0.013479568116136471 0.9999091464945215
228 -0.4588910349889487 0.8884925537148701
105 0.11370636769782753 0.9935143994653356
72 0.12082058185322199 0.9926743610069966
294 0.10853410471143252 0.994092726114867
453 0.047676078192450205 0.9988628492281547
320 0.09778941467525938 0.995207129384366
216 -0.016465165116988437 0.9998644399805756
485 0.00700375845129627 0.9999754733830003
262 -0.11161746328366925 0.9937512474911006
191 0.1293728388453912 0.9915960208517804
372 0.07708290341764719 0.9970246867559026
223 -0.12053059976290866 0.9927096123846054
68 0.12184092327088274 0.9925496407820108
443 0.17816580207364663 0.9840004811845644
17 -0.06278778108242661 0.9980269007129743
28 -0.08036808770887509 0.9967652534463761
177 0.19344865452643856 0.9811104005472119
337 0.20681133878332822 0.9783808410586582
94 -0.1979876291428268 0.980204518815539
207 0.17487313794883086 0.9845909737672438
465 -0.3311993720310609 0.9435607961155608
230 -0.040742032639877954 0.9991696986880513
197 -0.01961767575310156 0.9998075548814613
43 0.14062958630756195 0.9900622805939857
270 -0.05242916141846722 0.9986246457167759
234 -0.487393056666958 0.8731826889676864
168 0.07711080437599147 0.9970225292582348
450 -0.3400563600213134 0.9404050574135886
332 0.036403372570539376 0.9993371775659557
462 -0.36227365130349265 0.9320717791947332
463 0.1792670625558515 0.9838004473888983
174 0.08632639112543965 0.9962669091138466
307 0.2061179477801468 0.97852715424913
368 0.41058181757542817 0.9118237609738288
136 0.040725406702136674 0.999170376486886
288 -0.035184861428925726 0.9993808210718412
23 0.5291383383626668 0.8485355731345599
300 0.12776457328538024 0.9918045239931126
66 -0.01247654288283718 0.9999221649096957
172 -0.011252938155221747 0.9999366836869596
403 0.49853829540424055 0.8668676761856069
35 0.12071413896954279 0.9926873106133886
244 0.0993332913108137 0.9950542182400722
49 0.07955131810489939 0.9968307718904815
350 -0.040896273662778926 0.9991633974483349
218 -0.11627399471064656 0.9932171757244378
111 0.07732052316672904 0.9970062871904184
33 -0.09524211503353487 0.9954541373282543
261 0.22817610993476298 0.9736198759552102
140 0.12281928196295872 0.9924290523650057
156 -0.31717384135624394 0.9483674152770772
39 0.49536931467784195 0.8686824748293275
371 0.13455636554036116 0.990905941294414
229 0.03916483316896036 0.9992327635955737
446 0.04065203527663242 0.9991733643506855
393 0.024438299842659054 0.9997013401515475
311 0.060372245418537286 0.9981759323802213
493 0.08843776172782687 0.9960817046309867
104 -0.01909317797409418 0.9998177086623589
63 -0.0034966752491551517 0.9999938866124142
340 0.043557057310866336 0.9990509410227378
222 0.014179999937437167 0.9998994587466153
367 0.026901996254206945 0.9996380758042076
213 0.04289063072116083 0.9990797734897555
382 -0.09249664809853213 0.995712995842947
420 -0.009249649141813445 0.9999572210803588
133 0.1848159704037872 0.9827731462976114
268 0.041511188683949755 0.9991380391187423
484 -0.049657723623725905 0.9987662942272879
331 0.020845487742426266 0.9997827092127469
204 0.06208350889777887 0.9980709583606466
406 -0.4758891836065217 0.8795052500845678
486 -0.0011593587536589244 0.9999993279434144
27 0.02449757533511052 0.9996998893681546
182 -0.3007692778406031 0.9536969337830767
153 -0.26546370052808943 0.9641208553402072
299 0.050724925831453035 0.9987126623305592
44 0.25456972171578623 0.967054422866442
348 0.01795155891323057 0.9998388577828853
355 -0.12343898035269914 0.9923521643698301
95 0.10189171243303197 0.9947954960379869
4 -0.36656107666778287 0.9303939902386277
141 0.06698838287819957 0.9977537554724432
109 0.05408991871485392 0.9985360687994302
499 0.2249045295199844 0.9743808047172288
341 0.13204813391777967 0.9912433053134998
138 0.05537403702685972 0.9984656809441915
436 0.058005299018450085 0.9983162751782525
237 0.13986651382972265 0.9901703683251281
429 0.1122112775965099 0.99368437100528
494 0.16799602873410846 0.9857876720316443
455 0.014686397612128853 0.9998921490466751
354 -0.015012527712440875 0.999887305655834
390 0.19065274334616625 0.9816575428603301
24 -0.02516390947864246 0.9996833386926836
170 0.04448455860915968 0.9990100720439951
297 -0.6111358702564967 0.7915257090491974
316 0.103502162019725 0.9946292286360996
121 0.13400016255111585 0.9909813098319638
132 0.027550366345417538 0.9996204166153436
29 0.47413444935874716 0.8804524541003209
210 0.019679438165288908 0.9998063411048654
55 -0.03202400376731862 0.9994871000581803
232 -0.023371784456409313 0.9997268425381621
235 0.05573271476656913 0.9984457243660009
458 0.011333536273133042 0.9999357734152456
113 -0.005935435870745072 0.9999823851453706
333 0.1805169458079682 0.9835718744840984
8 -0.03004990878275422 0.9995483995195771
167 0.14756653728718977 0.9890521306144932
152 0.136137831305347 0.9906899065234677
476 0.3939718707499496 0.9191224973080493
418 -0.27448439508567374 0.9615915540677609
233 0.006250834100971876 0.9999804633456806
86 0.02432611241212917 0.9997040763420506
318 -0.024378849695603146 0.9997027916773661
293 0.008388674468082979 0.9999648144513229
200 -0.006867633908526888 0.9999764175241826
215 -0.03639712361346665 0.9993374051803856
392 0.025137878012951656 0.9996839936144852
327 0.15905201369932465 0.9872702046239367
398 0.14567514303867565 0.9893324783411597
374 -0.032976980321308184 0.9994561114770815
402 0.19030329522482592 0.9817253464317669
245 0.06074144176301438 0.9981535339077602
194 0.4823086242232843 0.8760013647248746
378 -0.011195791855033867 0.9999373251583016
329 0.2602487468298065 0.9655416043721343
339 -0.04320891844203538 0.9990660585602282
40 0.22702232399135655 0.9738895545232856
108 0.0870614163988574 0.9962029460780694
278 0.005235416390655601 0.9999862951136963
352 0.06744314085647973 0.9977231192828063
123 0.18487844079273524 0.9827613963368967
447 0.21192754092526428 0.9772853817577394
50 -0.4526500967952087 0.8916882245893395
422 0.061527631404838724 0.9981053804953214
183 -0.07342712088183821 0.9973005855402893
394 0.07467019484661602 0.9972082841621244
221 -0.2066123276445553 0.9784228871328076
192 0.030985553572424506 0.9995198324544693
346 0.07744299383979754 0.9969967816924632
88 -0.037227946234614555 0.9993067997462803
380 0.4625383550330579 0.886599272570936
343 -0.08326873183402134 0.9965271287319547
472 0.10655380698484414 0.9943069376289378
57 0.1748469682961214 0.9845956213987829
410 0.21182256217759254 0.9773081408401958
175 0.08245332474753218 0.9965949273591944
251 -0.04659045191441045 0.9989140752789556
34 -0.005453673423642877 0.999985128612515
142 -0.04492287581116632 0.9989904580269295
59 -0.060945731149699714 0.9981410811376458
298 -0.027576558930177537 0.9996196943826039
363 0.11653659385285801 0.9931863985643248
379 0.08029092705973631 0.9967714718188359
249 0.032992273217808434 0.9994556067719674
477 -0.16119669186362331 0.9869223001494212
257 -0.003748759582794956 0.9999929733761085
411 0.15079075615737028 0.9885657023473394
46 -0.015735194090476076 0.9998761941695257
252 0.4588971625709988 0.888489388897969
271 -0.08546762819488948 0.9963409479343606
115 0.08631959612403804 0.9962674978764403
151 0.22569479553533803 0.974198059569132
176 0.4157104968963321 0.9094969943711769
356 0.07849797603819512 0.9969142730234667
457 0.03526492232294966 0.9993779991842708
163 0.11868942738630034 0.9929314275551522
434 0.07956439308199803 0.9968297283656289
0 0.06419050528061294 0.9979376628987502
388 0.29944803067166725 0.9541126122879101
246 0.06109202981689918 0.9981321374912498
384 0.19321683154502367 0.9811560813691683
466 0.037475460787112044 0.9992975482001312
117 -0.09637260752692986 0.9953453272701189
266 0.08224007340709841 0.9966125477466131
305 0.10851697642870005 0.9940945960152752
376 0.10531515480824861 0.9944388961458188
129 0.09698923739627269 0.9952854303310632
345 -0.12857354708900934 0.9916999762977461
286 -0.08044981995278777 0.9967586600925844
357 -0.4640537179426032 0.8858070596149293
26 0.003417273456094097 0.9999941611040168
492 -0.008207001969150021 0.999966321992235
425 -0.00037270152514272794 0.9999999305467842
92 0.03878483125147367 0.9992475853685084
112 0.14515874885033064 0.9894083775833954
101 -0.11245043155765143 0.9936573355249273
227 0.03151906094943442 0.9995031509689531
186 -0.34193064363352854 0.9397251911832315
89 0.07545327560965759 0.997149338464291
37 -0.048167263984041565 0.9988392837089918
396 0.049182435163386606 0.9987898117579089
498 -0.04861664313000396 0.9988175118662918
439 0.001174189159872541 0.9999993106396708
265 0.06755258257947906 0.9977157153151607
487 0.10541425482179641 0.9944283960549223
231 0.06540844002125856 0.9978585751367702
360 -0.04373890328479369 0.999042996241625
383 0.006736368326283038 0.9999773104134777
196 0.04347730153377361 0.9990544150602315
169 0.010744289285545827 0.9999422784579861
408 -0.17473091194499993 0.9846162239222287
225 -0.03570834218062961 0.9993622537892408
124 0.11916887709593603 0.9928739994237404
203 0.11332355665271596 0.9935581369540377
496 -0.0675844855738609 0.9977135547388922
260 -0.3926659615532827 0.9196811635765059
236 0.1962272209006096 0.9805584519943844
45 -0.0943705519052832 0.9955371409109216
217 -0.0883282118717974 0.9960914250145569
272 0.10791532282303533 0.9941600892713408
53 0.12075406197093731 0.9926824550265401
2 0.022441738824373263 0.999748152465679
214 0.04166882477896596 0.9991314773549774
401 -0.30458843234709587 0.9524840612211516
189 0.07297523688990701 0.997333752963802
114 0.016413029801552084 0.9998652971539382
160 0.5247760039078666 0.8512403571979484
445 0.15082542568683333 0.9885604134125467
157 -0.24718430378145084 0.9689684824410335
326 0.08662287906470743 0.996241174024915
491 -0.027213561308295813 0.9996296424581055
369 0.10769000400899503 0.9941845216238998
474 0.08971062675164594 0.9959678726986261
31 0.46507961996771474 0.8852688558232951
164 0.10643680421794997 0.9943194691385007
139 0.42716235794625806 0.9041749387998944
421 0.5111865273364009 0.8594697983464872
96 0.1901943450420096 0.9817464596900978
467 0.06222476763798708 0.9980621615372456
90 0.0007558220873713974 0.9999997143664453
475 -0.40619107183924674 0.9137881664576774
440 0.02387053807864712 0.9997150581099775
460 -0.06906330701700082 0.9976122792066442
276 0.038952848019310184 0.9992410498128989
400 0.09933403522933908 0.9950541439766263
60 0.08047812916029459 0.996756374811247
438 0.12021299951267526 0.9927481225105215
258 0.1511624061405803 0.9885089412695216
419 0.09039577141585364 0.9959059215157486
489 0.10516513778314912 0.994454772121413
73 0.018556954076209532 0.9998278049021307
54 -0.07560937984763667 0.9971375139262667
5 -0.09180734136192793 0.9957767882774003
147 -0.006148807101661207 0.9999810959069309
48 0.04310599934491538 0.99907050442923
32 -0.09913423268708688 0.9950740695594186
190 -0.03908333940951708 0.9992359544074665
211 0.02960547119029062 0.999561661967685
399 0.11821011271161128 0.9929886047949937
52 0.1632679029912556 0.9865817714983579
324 0.06673618907701766 0.9977706555453897
47 -0.0066498963549454825 0.9999778891947905
322 -0.25086913131082633 0.9680210116290613
314 -0.1313569187193247 0.9913351400533347
338 -0.01680447824990865 0.9998587947859179
19 0.11707133478241129 0.9931235082165081
20 -0.0461410289131903 0.9989349355442685
330 0.06126199084571768 0.9981217202714403
15 0.021994223429458604 0.9997580978095326
165 0.016233098559014336 0.9998682345745229
407 0.13964449442393886 0.9902017042891222
480 0.052139512350480255 0.9986398105682819
201 -0.48352675112502647 0.8753295841832816
289 0.016489063596751515 0.9998640461491263
83 0.08208408065472683 0.9966254079156663
148 0.03808694311232126 0.9992744291556543
75 0.08481505745515422 0.9963967111692404
413 -0.029936324162276127 0.9995518078097058
309 0.15690495642010063 0.9876137072007488
488 -0.04926936239149554 0.9987855274930326
432 0.17526093596924344 0.984522018201312
273 0.13518285853247425 0.990820667305133
308 0.04821663635109767 0.9988369015905381
405 -0.005932484331724358 0.9999824026599938
178 0.07602466496007675 0.9971059373595706
415 0.028909330078700265 0.9995820379710716
146 0.15626891306912305 0.9877145472292057
459 0.09252763710323786 0.9957101166364091
423 -0.06663704807901934 0.9977772816732773
103 0.10402418006712343 0.9945747684117886
302 -0.3985229531568751 0.9171583591763873
385 -0.07788888665593147 0.9969620460857571
397 -0.0390121541817726 0.9992387361517254
291 0.004631701655958948 0.9999892736123575
364 0.2676056963815142 0.9635285108724936
3 0.07831232001589421 0.9969288743605175
497 -0.05100294500105317 0.9986985028531983
155 -0.016695422631062138 0.9998606217184325
171 0.008922882857636691 0.9999601902883478
202 0.3886090183388744 0.9214027517137641
98 0.20394428688502544 0.9789824961902834
106 0.0942302395852838 0.9955504316445752
193 0.08095091715592909 0.9967180890360191
25 0.11929575960505776 0.9928587622316943
456 -0.03866355638851314 0.9992522851649589
212 0.11927418434198843 0.9928613543438748
120 0.5051505841852739 0.8630312203491114
468 0.0811461735034616 0.9967022115585709
478 0.12445132088565586 0.9922257146082315
347 0.25412057911488706 0.9671725447252494
264 -0.42599592089804944 0.9047250827617319
184 0.02519252086389614 0.9996826180806196
85 -0.36840623174978754 0.929664911894561
269 0.08729956475380982 0.9961821048351528
247 0.13959129408173804 0.9902092054796227
448 0.12398379019183282 0.9922842434351496
358 0.168804355468358 0.9856495774741205
22 0.01672329705607371 0.9998601558895995
427 -0.03552233552176424 0.9993688826850069
263 0.4655177864268788 0.8850385248791257
336 0.0767308743561454 0.9970518406384601
65 -0.008789885845441778 0.9999613682072044
116 0.10891175241008624 0.9940514223051864
315 0.07705621299420783 0.9970267499114511
181 0.1433076525807666 0.9896781884591529
240 0.041873826548724236 0.9991229066787365
412 0.006756823437648103 0.9999771724079667
64 0.040253112376415885 0.9991895150290617
62 -0.46202723203707974 0.8868657377845616
11 -0.008672931776595635 0.9999623894199213
70 -0.4275592952241823 0.9039873058109834
71 -0.08536136843801098 0.9963500573485156
361 0.008638876371316252 0.9999626842112865
67 0.06070637962537006 0.9981556669541983
254 0.19885685821677948 0.9800285454720957
173 0.15775389612206125 0.9874784596426951
238 0.13580271319341744 0.9907358997680998
417 -0.003645866719452666 0.999993353805846
93 0.014536998326553606 0.9998943322569909
389 -0.03069121827254 0.9995289135992752
375 -0.35792968379825385 0.9337485429472338
250 0.011658578607411233 0.9999320364629063
255 0.20040147492132424 0.9797138607008467
180 0.13038280929495838 0.9914637275464768
