500 2
152 -0.08908610676422148 0.9960239282173866
420 -0.011796221886685308 0.9999304221540616
206 -0.1814289687798893 0.9834040518970145
486 -0.4524951763050863 0.8917668503710088
402 0.4886218616560632 0.8724956597667194
364 0.005940410200619136 0.9999823556076619
294 0.18304918451990557 0.9831037565011119
319 -0.06438471725985809 0.9979251515937295
94 0.16039542487096117 0.9870528393558593
80 0.4076119638879388 0.913155237019105
7 -0.00019234331434453322 0.9999999815020246
410 0.17958676665105827 0.9837421375766204
454 -0.19210498080479346 0.9813743813397566
47 0.3031053397662797 0.9529570572723455
65 0.01085629843768904 0.9999410686556642
335 0.03430051320803326 0.9994115642685277
147 0.02213885389495112 0.9997549055384615
2 -0.0849121972934909 0.9963884376842151
33 -0.012530996943922198 0.9999214839754126
6 0.11237164274490602 0.9936662487509633
12 0.017169763703730318 0.9998525887421397
418 -0.11373861850956427 0.9935107078736171
452 0.04164865594228369 0.9991323182933286
467 -0.08396261162626315 0.9964689056106554
409 -0.0420984100766591 0.9991134689658715
99 -0.4524896708741869 0.8917696438835369
498 0.14310683807062635 0.9897072460568466
283 0.41830552025419 0.908306386482486
18 0.036448004616427325 0.9993355507333265
399 -0.1027862235311591 0.9947034695084774
214 0.4522552256873489 0.8918885641370704
398 -0.0018916644263026405 0.9999982108012486
380 0.10180291352418865 0.9948045872421309
114 -0.007894916040635393 0.9999688346647164
371 0.056254655419995546 0.9984164530613354
413 -0.06886686416492549 0.9976258592378656
135 0.2155968724078292 0.9764824568869439
281 0.46828631605431253 0.8835767800232645
379 0.20205904015946466 0.9793733426481629
64 0.061113060183718634 0.9981308500767729
240 0.048341624397281305 0.9988308602314169
422 -0.06257019646071152 0.998040565565783
384 0.002548872708642652 0.9999967516186815
349 0.12094939026743406 0.9926586749703727
326 0.18640947919444548 0.9824721400968353
122 0.2146637999437172 0.9766880018684185
70 0.10185576885440079 0.9947991768950549
383 -0.04900804846530945 0.9987983836518869
48 -0.012591452667117583 0.999920724517565
85 0.47287067023824403 0.8811318455421037
440 0.09994342917008478 0.9949931210645249
126 -0.5352921441203586 0.8446669878970228
488 0.09618511789024389 0.9953634628096613
193 0.03477651278898748 0.9993951141356643
437 -0.09984616531202993 0.9950028860623886
417 0.14584564422418822 0.9893073577310701
185 0.003997118905302249 0.9999920114883204
248 -0.02826065084955723 0.9996005880418236
88 0.014858231144556233 0.9998896103906945
76 0.02992996553875424 0.9995519982286308
228 -0.04920387396401154 0.998788755837256
453 0.0469092118685446 0.9988991569932733
463 0.04668026491551458 0.9989098822553601
378 -0.1712551648937702 0.9852267091878943
140 -0.11014305264904858 0.9939157448964921
219 0.024642089160921556 0.9996963376154708
382 -0.09911848618338326 0.9950756381786836
237 0.3801824481604854 0.9249115125841497
386 0.02975073738761798 0.999557348842423
58 0.12699606955567508 0.9919032202374435
131 0.22822658163847864 0.9736080461015175
23 0.02625248943753513 0.9996553440052888
435 0.011949145936746196 0.9999286064071686
425 -0.014705424528787701 0.9998918693986006
390 -0.036916829888454045 0.9993183415063426
49 0.11583378696510342 0.9932686111004027
26 0.43265435135347524 0.901559877243272
312 0.04023201962669547 0.9991903645435926
225 -0.010011501613952643 0.9999498836618933
353 0.04214608027570363 0.999111459206326
149 0.07556031127136678 0.9971412334070706
479 -0.043888460204822906 0.9990364373038901
480 -0.014397621916717002 0.9998963488697932
13 0.18924999016116695 0.9819289389889668
96 -0.047251051232166025 0.9988830452848096
330 -0.039282555195072864 0.999228142546709
200 -0.13334975388899045 0.9910690405505288
305 -0.05982367707379397 0.9982089599183983
3 0.061701177531130684 0.9980946671990949
208 -0.510781553824486 0.8597105351643911
164 0.013334554284746785 0.9999110908785976
108 0.23923872574081365 0.9709607778411605
84 0.0948615078941585 0.9954904792714224
16 -0.042903831511897514 0.9990792066906401
143 -0.1558548660545428 0.987779965744963
130 0.3794896334128872 0.9251959890380809
297 -0.4699915571798744 0.8826709104641643
391 0.05590972213741433 0.9984358281684994
370 0.028612870167195322 0.9995905680131217
279 0.08887641374296402 0.9960426612752034
81 -0.09487083490926124 0.9954895904446314
100 0.025623559943614233 0.9996716626852119
204 -0.49229862636604255 0.8704263682116411
457 -0.0003849483242592514 0.999999925907391
55 0.12412963634153241 0.9922660093854464
199 -0.10850972522975513 0.9940953875411369
191 -0.03453067216625031 0.9994036385163638
166 -0.02270050611755838 0.9997423103090148
268 0.03751784253978616 0.9992959579079463
377 0.03508289761090803 0.9993844056694212
210 0.43821948440781344 0.8988680011466368
109 0.12072126754767248 0.9926864437281709
270 -0.5107677022301694 0.8597187646890773
73 -0.06352954078969562 0.9979799584395723
313 -0.055284135870866793 0.9984706627242542
184 -0.021009250811897074 0.9997792813317962
0 -0.039741424114664456 0.9992099975527358
146 0.08858240370202439 0.9960688519145509
35 0.11892733807290583 0.9929029601420739
197 0.01614696644953157 0.9998696292389713
238 -0.22196305939764494 0.9750550755023213
71 -0.09376443853499186 0.99559441042335
95 0.089243951575007 0.9960097976964272
331 0.016638677030731987 0.9998615676315732
406 -0.09126769348735875 0.9958263945716128
415 -0.016040823563328352 0.999871337712713
266 0.018226751210330603 0.9998338789720604
52 0.1275523567625142 0.991831838712757
329 0.03421955282120513 0.9994143396033082
328 -0.039390144393236265 0.9992239071022472
1 -0.17205517214432892 0.9850873147789415
424 0.39952436565817506 0.9167225759440164
414 -0.046023344383200514 0.9989403644721668
265 -0.07327769425399903 0.9973115759504737
203 0.11514607685121095 0.993348569730573
119 -0.02616238044150797 0.9996577063423429
290 -0.6278782224489174 0.7783115942695366
141 0.08494591948993974 0.9963855633046922
44 0.42157079148305515 0.9067954939060683
441 -0.04022266633723119 0.9991907411063835
46 -0.07603565401360649 0.9971050994347201
259 0.4838833203781021 0.8751325226843436
348 0.05060583541490706 0.998718703851069
103 -0.09203808800628202 0.9957554872337626
300 -0.0115339919536005 0.9999334813024386
120 0.12477592342083073 0.9921849469400748
408 -0.12383574511861804 0.9923027301337614
205 0.08532270810508609 0.9963533687811841
439 -0.3865081081169639 0.922286008979777
51 0.1279575192714293 0.9917796495501922
323 0.11168570376953746 0.9937435803936059
117 -0.05406197699119084 0.9985375819886821
37 0.04872659830913417 0.9988121538193359
220 0.42346418110921935 0.9059128475286673
470 0.18941586038729813 0.9818969558124414
274 0.07481449693173581 0.9971974684328331
264 0.09929206087764415 0.9950583332883907
288 0.059930824522125954 0.9982025326916869
451 -0.08794473335195616 0.996125355502837
429 0.04481308390095004 0.9989953891341472
400 -0.4895314925694994 0.8719856178760508
271 -0.0313523996722644 0.9995083926785161
355 0.03783161104585952 0.9992841283667397
416 0.3272888828575337 0.9449243287998608
93 -0.06560216569915596 0.9978458577634025
188 -0.4694308451266949 0.8829692416180968
436 0.13014750425171356 0.9914946430198452
256 0.048204139336034776 0.9988375047778654
492 0.09711300457488543 0.9952733616160127
397 0.10176817210975492 0.9948081418773366
254 0.08231665950064869 0.9966062249297133
113 0.006045599930007846 0.9999817251937589
356 -0.09618312744648379 0.995363655150525
183 -0.1327980648490639 0.9911431147782563
291 -0.12668684851253892 0.9919427616621641
79 0.047271294242862444 0.9988820875061304
381 -0.056277729613196964 0.9984151527043167
159 -0.04698839594519144 0.9988954352916515
41 -0.024169447361192076 0.9997078762389815
134 0.02631567328156189 0.9996536827020336
163 0.15254142217303587 0.9882970780698622
461 -0.11924185220073079 0.99286523792695
449 -0.22882580926847637 0.9734673846681392
499 -0.5120441191027553 0.8589591492569849
195 0.09944799444736359 0.9950427610914
489 -0.0034050949901815214 0.9999942026472491
361 0.05941385266425471 0.9982334366828183
189 -0.001798061650897169 0.9999983834858432
111 -0.49815732723228867 0.8670866607927852
226 -0.13737727523194945 0.9905187955055902
293 -0.03906622612084825 0.9992366236165859
362 -0.100778039460241 0.9949089339042796
232 0.031323540695312166 0.9995092975046851
273 -0.059537847868931855 0.9982260488842875
17 0.025669630730961384 0.999670480737596
170 -0.04717068877583442 0.9988868435015117
445 0.5041979528768655 0.8635881103366222
363 0.38500381751589124 0.9229149801028208
334 -0.05481962612312215 0.9984962736994673
89 0.03238800635150537 0.9994753709044435
321 0.1850428979891223 0.9827304441726569
145 0.08892898119896993 0.996037969307854
128 -0.18906736631711543 0.9819641189951441
299 -0.06742985969520879 0.997724016961346
471 0.042395142185974025 0.9991009217887006
137 -0.029882800714475584 0.9995534093891427
337 -0.076286036562099 0.9970859745406341
24 0.07099118539878396 0.9974769428892456
107 0.025549334387166646 0.9996735624754577
376 0.07458747000387805 0.9972144750846833
482 0.1501399346711743 0.9886647561316907
296 0.0236240198004763 0.9997209138997076
459 0.45565976245574463 0.890154020874351
428 -0.04896255341762952 0.9988006149191268
427 0.07002585613057065 0.9975451766577694
105 0.005466052365462342 0.9999850610241826
168 -0.06402384778354284 0.9979483688623323
67 -0.2111357792927853 0.9774567421131373
372 -0.046977051845238656 0.9988959688575832
19 0.12958777568783522 0.9915679545004866
201 -0.053769467918577236 0.9985533757990871
260 -0.20357947338458207 0.9790584242099427
32 0.3708545761690806 0.9286909514657993
4 0.005983692027802755 0.9999820975546093
215 -0.13044698397957888 0.9914552861176503
392 -0.036705587141913194 0.999326122881098
162 0.05379497173471268 0.9985520021591572
187 0.016672917731778328 0.9998609972462718
438 0.11810661946802344 0.9930009196560875
387 -0.12582665027263512 0.992052243624885
132 0.18679642090703258 0.982398644714213
34 -0.13862528347418165 0.9903449049607429
249 -0.02819355899406364 0.9996024826055846
396 0.06115268399014202 0.9981284232205802
247 -0.05070560512992956 0.9987136434476138
466 -0.04683263936035951 0.9989027499664532
404 -0.06116827548523402 0.9981274678487525
477 0.020544395281974995 0.999788941638433
110 0.058970599970924555 0.9982597198820902
158 0.1446767188846907 0.98947897754968
97 -0.05494668186881336 0.9984892899533812
464 -0.4735177521036008 0.8807842746341199
231 -0.09533974180176152 0.995444791855969
157 0.051338910213686334 0.9986812886492221
272 0.17495206039718403 0.9845769530934492
327 0.125244608465544 0.9921258932465742
269 0.04586389510557971 0.9989476978930101
54 -0.02961197563481083 0.9995614692949121
129 0.020217108132620835 0.9997956133824324
221 0.16870097912857213 0.9856672763367267
286 -0.04231566743937945 0.9991042909972713
222 0.0033826793109671635 0.9999942787239731
179 0.4203610878379591 0.9073569065322022
431 -0.00582627294491716 0.9999830271277466
473 -0.061198549538021986 0.9981256121022254
66 0.4096852114173261 0.9122269605454231
345 0.4526989566986808 0.8916634200212129
320 -0.08947388427935318 0.9959891686318505
167 -0.04436884240386862 0.9990152180140904
125 -0.01815753847161851 0.9998351383086372
446 0.042780406277041 0.9990844993486644
374 -0.017121976081588705 0.9998534082229563
385 0.07474921524027152 0.997202364026963
277 0.4798076029608025 0.8773737311664904
258 0.1951399830914783 0.9807754008941383
456 0.30823344392448304 0.9513107505155465
118 -0.1006501463968409 0.9949218803656369
86 0.627878222448917 0.7783115942695369
31 -0.10145180282928773 0.9948404554011097
139 0.09769018373007074 0.9952168748583321
433 -0.12441770895812633 0.9922299298537667
43 -0.08184516998483489 0.9966450562512982
218 0.023623551340013607 0.9997209249696065
68 -0.07177404672863821 0.9974209172742444
494 0.013294217618513576 0.9999116279841492
112 0.13014669619475178 0.9914947490882595
426 -0.39755370131893975 0.9175789091776311
262 0.03715436027421413 0.9993095383876879
267 0.47539371491101023 0.8797731615724073
192 0.16394530160149148 0.986469430891194
156 0.07301190707294104 0.9973310691167564
8 -0.04342507386181172 0.999056686559925
421 -0.18109785131874845 0.9834650823734071
359 -0.04700941031766312 0.9988944465465736
233 -0.07716479084833795 0.9970183524155071
423 -0.37746637684439 0.9260232903939128
373 0.21586594130675585 0.9764230104743273
246 -0.06771675136109931 0.9977045863305928
235 0.01099626056711378 0.9999395392990219
316 0.5224985597020094 0.8526401674266383
491 -0.013387580933870599 0.9999103823227056
407 -0.06836652527332174 0.9976602719473461
83 0.1804215539397807 0.9835893771660787
229 0.025814375279294543 0.9996667534878508
468 -0.01665740127440658 0.9998612558664243
401 0.18187320255026176 0.9833219911067339
155 0.07834793538892765 0.9969260760057851
289 0.24194363932595853 0.9702903046973675
213 -0.12268222772403056 0.9924460040731029
78 0.004966636026230186 0.99998766618723
496 -0.16000618871541541 0.9871160112027192
366 -0.0011271794978043393 0.999999364732988
315 0.5036943665393951 0.8638819277635558
177 -0.06766027739912144 0.9977084177565476
115 -0.00017857984149385786 0.99999998405462
495 0.07243741052224861 0.9973729601091215
460 0.4934151881059424 0.8697939136061928
56 0.35600126204454957 0.934485474163557
243 0.3932445785344353 0.9194339027103984
287 -0.03249467879964231 0.9994719084845296
174 0.12758566454801193 0.9918275546695817
196 -0.009787411560912717 0.9999521021403663
462 0.4716228982511555 0.881800341259392
261 -0.018719007674743496 0.9998247840255176
484 0.11584771559218973 0.9932669866617289
251 0.12111246620516311 0.9926387915700773
45 0.0588344599241771 0.9982677528225733
332 -0.08459620425759043 0.9964153161333923
303 -0.06160844008203768 0.9981003958072845
144 -0.10768886046700467 0.9941846454916299
375 0.054879058385529866 0.998493008964368
257 0.09648710733069979 0.9953342343750435
476 0.45455536003513086 0.8907184878867915
365 0.10697629481325753 0.9942615713925722
11 -0.1904825392157874 0.9816905837655293
282 -0.05867723111299356 0.9982770069218826
241 -0.12256711688096975 0.9924602268400919
302 0.06834843113878074 0.997661511716708
311 0.09909906316680435 0.9950775726944415
304 -0.10754290895687912 0.9942004439413071
165 -0.00043683220951551584 0.9999999045888058
22 0.14028897693683343 0.9901106013724006
212 -0.11306625436089456 0.9935874506679307
151 -0.018825370220680836 0.9998227870158062
186 0.4866510471168513 0.8735964505079403
178 0.055991281202738226 0.9984312577384965
244 0.45366747209524805 0.8911710412500551
133 -0.12840525415337806 0.9917217808971457
485 -0.1352656517272995 0.9908093678719377
36 0.23262210112725337 0.9725671997693228
465 -0.02582411173510174 0.9996665020160939
98 0.24267619724792497 0.9701073462711672
82 0.06375030210893831 0.9979658806697849
338 0.05735710379335463 0.9983537262135291
360 0.016309463930737365 0.9998669918475617
351 0.020568424522858394 0.9997884475791103
15 0.14276985890236907 0.989755913035632
175 -0.5200796640759986 0.8541177571123297
434 -0.4300828887055656 0.9027894044807329
60 -0.030527980804808747 0.9995339125752468
59 0.21066681537523405 0.977557923040705
74 0.025125858262552227 0.9996842957887107
455 -0.13767280783158173 0.9904777624882694
9 0.12345560486883825 0.9923500962999244
340 -0.068156272469185 0.9976746576530379
180 0.07298088525002944 0.9973333396553641
253 0.43775228983343795 0.8990956193562405
124 -0.06682967874459553 0.9977643980614332
474 0.008664175310278226 0.9999624653286705
350 0.10383467227941565 0.9945945710854378
5 -0.00045052592382792384 0.9999998985131908
224 0.03487445078487248 0.9993917013275894
62 0.42990138947367434 0.9028758471288311
483 -0.0030472462498216633 0.9999953571343683
472 0.08158357760467043 0.9966665038342678
333 0.022314615352605798 0.9997509979698271
102 0.0723064984977786 0.9973824593780415
481 -0.02576267626897744 0.9996680871726675
211 0.03743633109899287 0.9992990148668449
28 -0.16631542941115032 0.9860726027731349
127 0.09949797796021026 0.9950377642993403
142 0.013251062607714848 0.9999122008155348
239 0.07756849036405282 0.9969870256440864
216 -0.16421184029893485 0.986425096753746
90 -0.15497952923767827 0.9879176815490589
322 -0.10807793512189945 0.9941424243737849
57 0.0007252649614637556 0.9999997369953332
39 -0.1431285294673704 0.9897041093440545
295 -0.03454432845839134 0.9994031665806142
106 0.10205081563225248 0.9947791870705739
388 -0.004533995390441991 0.9999897213900748
368 -0.11846273308054724 0.9929584990678548
40 -0.13739019959616866 0.9905170029105634
358 -0.043906210102014086 0.9990356573788934
344 -0.018616158442214977 0.9998267043067284
389 0.3658795984071724 0.9306621940690436
352 -0.05633301654185811 0.9984120348069201
276 0.2702004886481347 0.9628040797245873
301 0.08165407744102064 0.996660730458091
432 -0.05821126077340406 0.9983042868380216
77 -0.09970943707809683 0.9950165969256839
182 0.22448472638199013 0.9744776075524788
357 0.06572086722561438 0.997838046784704
411 -0.019167219416977518 0.9998162919755915
310 0.1438732445797216 0.9895961244336517
367 0.03027478046610755 0.9995416137748989
490 0.027638085769986817 0.9996179951436303
230 0.3341713052543909 0.9425123546906834
343 0.48832048082662294 0.8726643730583115
223 0.4948923904482831 0.8689542691513656
493 -0.11531546210836797 0.9933289204481734
325 0.1770201755734988 0.9842072228143458
285 -0.028209613227876875 0.9996020296705753
92 0.13079894737469938 0.9914089143061356
21 -0.017535837534160156 0.9998462353792084
236 0.056186997636486616 0.9984202628635888
172 -0.1067730994906995 0.9942834129287027
354 0.07384009910743307 0.9972700936876652
169 0.006260256178647789 0.9999804044042951
148 0.11520466085727776 0.993341777092235
121 0.17594920851275003 0.9843992462531332
469 -0.03308511456883116 0.9994525377395205
309 -0.0744476539722893 0.9972249228825071
412 0.08751495590017414 0.9961632057518439
275 0.3675964517388582 0.9299854023956513
150 0.5058729826320979 0.8626079790048925
419 0.046847301042850606 0.9989020624590784
61 -0.14244846491198668 0.9898022200643006
394 -0.1211731549760252 0.992631385013166
314 0.45539061696714783 0.8902917420589054
298 0.05093303957060355 0.9987020704294647
209 -0.0010391770302601486 0.9999994600554041
497 -0.4995424361085969 0.8662894173004125
29 0.43221186796590977 0.9017720893825774
181 -0.10274354073366242 0.9947078791471947
306 0.4223775814516713 0.9064199791967501
53 -0.04982558390424321 0.9987579342306128
171 0.020164225172409882 0.9997966813423599
442 0.223025357111045 0.974812643581058
63 0.501711158552683 0.8650352093318078
104 0.0021041326269715006 0.9999977863104939
176 -0.1010396598346912 0.9948823986484483
292 -0.11344323410245913 0.9935444794453717
30 -0.05164640401107948 0.998665433943082
69 -0.1349123049770968 0.990857542720328
20 0.08725266494775205 0.9961862137469656
75 0.12677434135596788 0.9919315835145893
475 -0.017614743671654554 0.9998448483666763
25 0.0006164237156111486 0.9999998100108833
160 0.011533492258235349 0.9999334870661795
263 0.041197940651968676 0.9991510044462933
318 -0.0217386153855974 0.9997636883789675
255 0.14188233274772036 0.9898835303479219
153 0.2641848635105276 0.9644720617477334
447 -0.5516434989984099 0.8340800021657344
116 0.02305921412451997 0.9997341009708328
217 0.11355858029047089 0.9935313023968658
443 -0.09367584035442114 0.9956027505656526
101 0.0588687855429472 0.9982657291967396
342 -0.0007815119437771753 0.9999996946194942
10 -0.0006103815256758911 0.999999813717179
207 -0.15309362085333397 0.9882116894947234
346 0.07265053334876163 0.9973574584892522
27 0.04108517271598563 0.9991556478261521
278 0.20797638074147926 0.9781338482302283
317 0.07857098654148875 0.9969085214170342
369 -0.03540362332508344 0.999373095222928
336 0.07836722321598416 0.9969245599971024
91 -0.0833365319875861 0.9965214611017076
123 0.10812007827394897 0.9941378418881535
161 0.1913575464914035 0.9815203968338051
307 0.018957196724175188 0.9998202961994526
450 -0.0497318979865931 0.9987626035863832
154 -0.11648759616615792 0.9931921465353168
202 0.35792523256705594 0.9337502492057601
430 0.10398432064491743 0.9945789365656278
227 -0.022978482363708717 0.9997359598155209
234 0.0668946629962657 0.9977600433283625
245 -0.04310229102634198 0.9990706644218319
14 0.05462360891653821 0.9985070161741144
250 0.10280611165035101 0.9947014141979167
341 0.1241823087555608 0.9922594187973923
42 -0.06725524248959984 0.9977358028845438
347 -0.4862241553454971 0.8738341208482066
487 -0.0821195269154825 0.9966224878554454
242 -0.00038044652982872635 0.9999999276302164
395 0.11597780453158392 0.9932518053625845
308 -0.03530382766100659 0.9993766255784061
444 0.026462721439022563 0.999649800867304
194 0.23279679193246883 0.972525400010689
280 -0.05780600092797907 0.9983278350605651
173 0.15596785768299118 0.987762130965638
448 -0.16054636715320045 0.9870282994898929
403 0.1640130302570073 0.9864581724056596
324 -0.02978481526569243 0.9995563339700212
478 0.05459116804020711 0.9985087903328672
87 0.14879945581616158 0.9888673935107852
393 0.07009503851370981 0.9975403177695434
284 0.22885240525426198 0.9734611325622297
405 -0.03719010875879898 0.999308208617596
339 0.06507181854027744 0.9978805832522551
138 0.12855570164536897 0.9917022897898679
458 -0.05026945646397127 0.9987356916355884
252 0.1494823444519473 0.9887643949380203
50 -0.07657428555382943 0.9970638789926756
190 0.021506542030934096 0.9997687075768434
38 -0.0449959084407126 0.9989871712007092
72 0.05090784522102312 0.9987033550033525
136 0.1277230747803657 0.9918098689611073
198 -0.5064459660502936 0.8622716993334438
