500 2
197 -0.05208080179062138 0.9986428741471327
167 0.09921158804022286 0.9950663599974312
354 0.0713142532032897 0.9974538973256144
352 0.36462115430439235 0.9311559556990078
349 0.054240713930327256 0.9985278889206491
87 0.13963806148841218 0.990202611480983
74 0.16079729633675327 0.9869874515366396
81 0.08795925555218059 0.9961240732773736
145 0.24282357858540246 0.9700704663492127
177 0.046220813611462394 0.9989312470781433
223 0.19414886609466417 0.9809720779890507
330 -0.09359179444841191 0.9956106548304544
240 0.0955692341035182 0.9954227852992249
458 0.2238485159596284 0.9746239489683557
24 0.3008247035216811 0.9536794523062203
378 0.15446850527031816 0.9879977129930786
481 0.13218659881441422 0.9912248499174529
67 0.17784244399341795 0.984058974408774
3 -0.052334887321345815 0.9986295907738075
246 0.03213470942513863 0.9994835468631597
292 0.2262934653983316 0.9740591704398733
82 0.223897504668941 0.9746126961019036
190 0.24478734759086423 0.9695767914195499
300 0.26419936021426776 0.9644680907434791
277 -0.06011726782555876 0.9981913213954478
262 0.3453229301009041 0.9384839231156419
12 0.04538098264592552 0.9989697525020915
215 0.30419352794594595 0.9526102548029802
108 0.059361306554322556 0.9982365627866793
424 0.19520925579228995 0.9807616155075709
57 0.2983362297072333 0.9544608394502485
7 -0.028142728972874884 0.9996039149613006
98 0.06050289648300856 0.9981680216863122
15 0.14341342157908715 0.9896628670971641
401 0.18388464538632385 0.9829478303506987
362 0.1970245486802869 0.980398555291331
405 -0.06708783272811884 0.9977470735110396
390 0.05178986486967131 0.9986580044723925
254 0.07612163775861623 0.9970985388941987
373 0.25156606479211124 0.9678401288668554
310 0.20397475574939677 0.9789761483391585
207 0.2629050958398763 0.964821698854988
429 0.09932092739164694 0.9950554524156244
289 0.14670020072823486 0.989181000174536
260 -0.04198953646528358 0.9991180504962517
249 -0.0188040698285612 0.9998231878476727
312 -0.19389633602923717 0.9810220236439328
184 0.0715902031735956 0.9974341295592222
118 0.024167845557091033 0.9997079149637301
208 0.127937439134801 0.9917822400444711
392 0.25585093209121906 0.9667162461384697
488 0.19871070517217937 0.9800581899305649
236 -0.2557739101331606 0.9667366274716159
146 0.01774048733363941 0.9998426251711641
275 0.07107913302158449 0.9974706796938443
297 0.05604114564899015 0.9984284601283903
99 0.021269975916890047 0.9997737684718953
402 0.08533307731572347 0.9963524807596098
416 0.23505356101232558 0.9719824193139632
20 0.04175329562159249 0.9991279509175668
88 0.1414898720170091 0.9899397032731895
440 0.18913679656793728 0.9819507483494367
101 0.008605808760526329 0.9999629693421538
117 0.13242102419323407 0.9911935594784779
64 -0.013551540408838067 0.9999081736602354
462 0.24586483298199868 0.9693041235354021
273 0.05913140015134347 0.9982502078718251
281 -0.21344152079700374 0.9769558419907535
287 0.12744685299269973 0.9918454010894325
333 0.28055025848568504 0.9598393367973702
126 0.047788080864609776 0.9988574970070944
39 0.21257288094895205 0.9771452145331638
56 -0.06333152289979621 0.9979925441641297
469 0.13829884165703918 0.9903905443794995
436 0.017399179735320024 0.9998486228147428
394 0.022606613366165665 0.9997444378600527
456 0.10804929920194044 0.9941455371030791
9 0.1212535777865797 0.9926215642801409
334 0.10699218419351926 0.9942598616667074
131 0.013369053239093239 0.999910630214266
425 -0.02872825375301341 0.999587258540395
5 0.13916843507636698 0.9902687244775505
124 0.10010242724804067 0.9949771374554547
344 0.3942832772249957 0.9189889538513057
120 0.15915613508401946 0.9872534247421566
157 0.025382292795853634 0.9996778177054972
36 -0.6464561283529194 0.7629511610286426
322 0.11146172621956078 0.993768727415064
279 0.1232855647550205 0.9923712357394463
105 -0.02140552695044864 0.9997708754589592
147 0.015318553198854565 0.9998826640800879
288 0.21784663960681908 0.9759830129730827
306 0.2502301252323639 0.9681863893002192
213 -0.2253442228072254 0.9742792111337526
477 0.07697354591780994 0.9970331354718552
48 0.1916054568581633 0.981472031645413
16 -0.02643804671914693 0.9996504537515482
387 0.055047019729464144 0.9984837633226211
337 0.19351720295477695 0.9810968821480168
391 -0.16583289167041207 0.9861538683391295
263 0.12019139953701374 0.9927507378377182
103 0.19444203005611535 0.9809140109854975
478 0.17682105423154415 0.984243016119721
109 -0.06626891089410063 0.9978017996821361
283 0.17623159028418062 0.9843487322010979
422 0.09511148796167278 0.9954666266920839
218 -0.15790676325951783 0.9874540263307972
158 -0.07908464213227935 0.9968679046788542
265 -0.007270233569867156 0.9999735715026871
282 0.18608997672469377 0.9825327071210419
203 0.07842804283461398 0.9969197771622008
479 0.15763268543321554 0.9874978159384014
348 0.2345428002020166 0.9721057940745939
290 0.1341845797759639 0.9909563555224558
174 0.08446287715565637 0.9964266266928984
255 0.11184007535699537 0.9937262186055783
93 0.1728037477986605 0.9849562755507154
80 0.29215005229877433 0.9563724938233132
10 0.13796301832849522 0.9904373809452526
417 -0.06338133593884351 0.9979893818346001
386 -0.06316210694962156 0.9980032806788186
280 0.12380585920826315 0.9923064593288223
430 0.1792281420827033 0.9838075386403493
278 0.1764739210285162 0.9843053160462059
419 0.02895607014803736 0.9995806850882935
412 0.14502792169841738 0.9894275627492078
399 0.1337681095984369 0.9910126602896961
97 0.30180414842832565 0.953369947077971
415 -0.11999351945149188 0.992774674984029
341 -0.07074444686605763 0.9974944727854965
438 0.11912963188075437 0.9928787090113053
135 -0.10382026041017584 0.9945960755645294
63 -0.11520904046776903 0.9933412691489747
134 0.2023880556943345 0.9793054043107631
357 0.18991884566684322 0.9817997922492007
332 0.14059183940202669 0.9900676414738312
446 -0.06929637423624241 0.9975961169319528
122 0.1814223554591137 0.9834052719706494
6 0.09965725504022264 0.9950218246439864
224 0.0921005109593237 0.9957497154812707
403 0.23557832677203874 0.9718553657593739
485 0.40352433657162745 0.9149689119278469
253 0.08417398882398189 0.9964510723590297
245 0.2758954887241831 0.9611876400066972
65 -0.006007140019030467 0.9999819569716205
305 0.0949151049655494 0.9954853704848599
107 0.11239498033533232 0.9936636092739939
226 0.1415484818027194 0.9899313245368818
170 0.12811817313561413 0.9917589090663077
351 -0.03014237986530241 0.9995456152352706
18 0.16585321663482624 0.9861504502518271
21 0.16291088325567277 0.9866407877828974
452 0.04035687558380979 0.9991853294525059
450 0.0036532757029125655 0.9999933267660532
409 0.09259773554916885 0.9957036001597898
393 0.2128212658348718 0.9770911466226898
447 -0.034772143723104644 0.9993952661589406
494 0.11666107959824293 0.9931717839865228
233 0.12965581580155186 0.9915590599802081
449 0.06984840521469847 0.9975576175284129
350 0.11659063714084687 0.9931800558464167
475 -0.08010226346879375 0.996786650887328
423 0.3193753346330582 0.947628300352001
467 0.24776021819246988 0.9688213840957577
454 0.13071600904006875 0.9914198530292989
0 -0.03113828806387085 0.9995150859374017
435 0.01693242843530154 0.9998566361570459
45 0.0036765448641977267 0.999993241486092
85 -0.01220280532734436 0.999925542999149
185 -0.23847742470478694 0.9711480411894845
272 0.05638312994428401 0.9984092060160934
367 -0.16849879104238646 0.9857018603093199
92 0.2204727373327322 0.9753931371980286
23 0.11524998538503847 0.9933365194478395
421 0.08481177475594308 0.9963969905929801
383 0.12449896691103549 0.9922197373757916
2 0.06547464194717838 0.9978542334739523
256 0.10683895888552439 0.9942763382803883
59 0.017257853284403737 0.9998510721602564
13 0.16570702424092126 0.9861750261070389
248 0.10585879561827023 0.994381172081536
431 0.11912963188075455 0.992878709011305
498 -0.0696768114238156 0.9975696175955892
68 0.17908738336338628 0.9838331713863157
159 0.13555459416773075 0.9907698784278929
251 0.1757244370594903 0.9844393948944369
451 0.17593793416113865 0.984401261337627
76 0.11728131865758314 0.9930987323997239
316 0.15983004280904517 0.9871445473767552
480 0.033878851527779634 0.9994259469411221
31 0.14128305408710157 0.9899692412533942
161 0.008341784520324887 0.9999652067102217
385 0.28667361860104157 0.9580283066789751
328 0.1200205126662891 0.9927714120276233
342 0.1095732595583724 0.9939787225035321
51 0.038372491975885666 0.9992635047171294
448 0.047200427136175845 0.9988854387156529
294 0.08417398882398189 0.9964510723590297
38 0.15439121433669248 0.9880097939472268
187 -0.10655540546813091 0.9943067663279387
400 0.14365312074076267 0.9896281023199776
326 0.16716869236987977 0.9859283078861995
466 0.4370939961211218 0.8994158318346797
377 0.22509047100472562 0.9743378674068203
361 0.05451277579633657 0.9985130731617781
86 0.014630538944615216 0.9998929679371639
439 0.32666152133156073 0.945141391793498
264 0.02272714981121133 0.9997417049725688
42 0.10886706884390311 0.9940563169767278
220 0.019193008235906518 0.9998157972521021
461 0.22526694737259179 0.9742970811931205
339 0.22196299534301686 0.9750550900838146
46 0.0641794473411352 0.9979383741188564
19 -0.08957326462734508 0.9959802358802105
136 -0.1456903828154632 0.9893302342267134
90 0.1127577068912091 0.9936225136019394
17 0.20851932550451244 0.9780182467066467
112 0.021551402652022 0.9997677415498714
50 0.4814730114805584 0.8764609171068851
444 -0.05705464081819332 0.9983710572533174
442 0.1026119420747672 0.9947214631964291
243 0.10051818060589329 0.994935221694197
150 0.1815835114828725 0.9833755276381193
128 0.19227655825141513 0.9813407793152134
369 0.31529168313111816 0.9489948127088718
129 0.19019972523370804 0.9817454173669578
285 0.011136103383612685 0.9999379916781989
261 0.15973111098856185 0.9871605604876846
426 -0.004799487508641369 0.9999884823934997
143 0.232624622314136 0.9725665967393726
60 0.18528595708235687 0.9826846463174618
358 0.04550058372339937 0.9989643121157181
335 0.0698395168789171 0.9975582398447319
127 0.0011226381401990542 0.9999993698416045
151 0.12210973975932284 0.9925166051285542
37 0.043899491338364155 0.9990359526364568
465 0.09490396269073387 0.9954864327883106
181 0.06894739845849475 0.9976202966288354
388 0.08857759076102789 0.9960692799273411
298 0.15545232019361596 0.9878433965697303
314 0.1599820531299812 0.9871199231483052
320 0.28106200056864195 0.9596896122373904
327 0.15236291038767308 0.9883246144552902
169 0.12691068058042693 0.991914149084795
441 0.06227893011755576 0.9980587832705108
78 0.111580778196469 0.9937553672494405
321 0.14224695139994725 0.9898312001636547
455 0.11505878098085827 0.9933586849266477
209 0.10445817827968094 0.9945292801071723
221 0.2058211501263697 0.978589625001542
276 0.30460259755689584 0.9524795313084642
428 0.2344295140855842 0.9721331199612515
175 0.10807412284814474 0.9941428388167387
410 0.1792673934187664 0.9838003870993554
115 0.054598300476999775 0.9985084003577652
499 0.1218098564034479 0.9925534539172042
487 0.30728393745893756 0.9516178759248546
30 0.07731737038421882 0.9970065316921798
301 0.03788192712676521 0.9992822221960933
355 0.15183185744334596 0.9884063370220283
238 0.04661156981134278 0.9989130900932884
163 0.17350194832645185 0.984833525996615
140 -0.21281615946144153 0.9770922588333624
368 0.2342582146358988 0.9721744127858957
291 0.11972316758084539 0.9928073142077515
43 0.1274560298829268 0.9918442218647454
482 0.0012828158931679303 0.9999991771913536
457 0.09878186526060463 0.995109111150951
302 -0.09524508119193931 0.9954538535305094
396 0.08580424867056502 0.9963120148377614
138 0.09210725721064142 0.9957490914729136
154 0.014913855800603903 0.9998887822678875
313 0.16185627566088098 0.9868143422291699
200 -0.02100776922551784 0.9997793124645894
471 0.23415856350338307 0.9721984196335808
162 0.12197233308938726 0.9925335006742753
113 0.11326902741633463 0.993564354950477
389 0.1491801186858323 0.9888100384749747
445 -0.008690036875713857 0.9999622409166752
232 -0.017523027021403962 0.999846459974734
420 0.16300360056969038 0.9866254741295285
11 0.19700480960129368 0.9804025219234996
296 0.21507451375231845 0.976597641577228
413 0.0038129868110858673 0.9999927305393668
408 0.1466877694713419 0.9891828437086455
189 -0.048188177001283694 0.9988382749961542
222 0.1666779006036639 0.9860113982355149
231 0.11287346289687576 0.9936093706148648
194 -0.01916607245170559 0.9998163139631079
380 -0.008816186429658014 0.9999611366732397
497 0.39703127995804255 0.9178050788347593
27 0.05274929072956532 0.9986077870352944
61 0.0012710060798223086 0.9999991922714463
353 0.04533263413165267 0.9989719476955725
250 0.09989645883829731 0.9949978379431628
52 0.013228064211916099 0.9999125053309441
83 0.1944249267827807 0.9809174011329957
116 0.04218666041963072 0.9991097465657307
242 0.1463966368710313 0.9892259725223815
141 0.08747145771899725 0.9961670261981742
89 0.23442820760646402 0.972133435017241
14 0.3427029698154396 0.9394438112413525
229 0.2347587035353081 0.9720536770746877
495 0.34280554159465926 0.9394063873808781
244 0.21410049291085753 0.9768116394348134
379 0.10814597574513451 0.9941350249991864
459 0.1214900482874559 0.9925926496640561
206 0.13435050749195132 0.9909338732411236
66 0.228699867910494 0.9734969801790464
398 -0.07691900594909229 0.9970373445983873
180 0.13107826667673786 0.9913720230090326
29 0.0525644247620935 0.9986175350200046
323 0.08584655491956888 0.996308370439816
489 0.12481567441844652 0.9921799470960236
427 0.06868686993816628 0.997638268060171
55 0.10595608552236166 0.9943708100808158
193 0.010724834711836195 0.9999424873063469
318 0.1049538013989979 0.9944770985658241
196 0.02936552912389769 0.9995687398569814
49 0.07761107706770735 0.996983711359614
340 0.10585879561827019 0.994381172081536
346 0.18318464879759955 0.9830785240482572
284 0.018659077571342362 0.9998259042574296
363 0.1305065495485274 0.9914474471826218
176 0.14194431018197914 0.9898746449965076
474 0.1004141998603923 0.9949457213669484
382 -0.15960222741259425 0.9871814063306392
406 0.13507301437251015 0.9908356477177857
286 -0.016577267830886262 0.9998625876545552
293 0.1629002584666899 0.9866425420543581
470 0.18135906659762674 0.9834169456353891
199 -0.02491620664983033 0.9996895431313578
58 0.14400704398372055 0.9895766626608931
266 0.055247837501893604 0.9984726718600587
44 0.15591846430986125 0.9877699289243698
360 0.16532059162992038 0.9862398805478986
77 0.13093853469653802 0.9913904882192099
299 0.07919069551059715 0.996859485456475
119 0.23841391725817032 0.9711636340275589
183 0.15430771027903006 0.9880228390823984
329 0.21619672186612757 0.9763498232981559
204 0.11548543105470895 0.9933091740309802
102 0.15200646376025098 0.9883794994712828
164 0.08761764975515239 0.996154178554396
486 0.2109503585558089 0.9774967755574315
133 0.18878482565475246 0.9820184772205177
75 0.09841856745085721 0.9951451078013301
317 0.17930611506966693 0.9837933304808604
106 0.008690036875715016 0.9999622409166751
195 0.27049809840764216 0.9627205091602908
156 -0.02577998005348868 0.9996676410829959
365 -0.0866025107816845 0.9962429448313842
309 -0.0811582033752285 0.9967012320775495
121 0.030018842713275925 0.9995493329907011
228 0.07874893605429391 0.9968944804091939
28 -0.1390192624795315 0.9902896771448478
319 0.12370089459890687 0.9923195496791496
26 0.06221313364255817 0.9980628867974067
123 0.0038848503974699138 0.9999924539402232
366 -0.02225784087316581 0.9997522635731638
171 0.12185804001987836 0.9925475394571857
359 0.22516267828299663 0.9743211833417293
324 0.043447092378177427 0.9990557292583243
198 -0.13616377107568534 0.9906863416068925
347 0.1458123312894948 0.9893122682166245
345 0.20330758138336893 0.979114920401096
230 0.15193118844706816 0.9883910734001301
338 0.3071889484182678 0.9516485433024521
437 -0.10288581951412556 0.9946931728643296
1 0.06351036727833369 0.9979811788045759
476 0.15977678446048527 0.9871531690408879
258 0.11041673533269149 0.9938853779779993
201 0.26555310557092565 0.9640962338489021
153 -0.14875821417446525 0.9888735984521095
453 -0.015351692565764245 0.9998821558240581
433 0.2533910354892274 0.9673639352041697
73 0.036016855128124275 0.9993511825913249
473 0.05884972963295634 0.9982668527613885
384 0.18533544948375102 0.9826753131958977
241 0.15407848142762007 0.9880586124117124
172 0.10585879561826997 0.994381172081536
212 0.042209847569209695 0.9991087672361724
205 0.25903025345523656 0.9658692084308907
95 0.12330935540016888 0.9923682798592439
22 0.09794380440289413 0.9951919469022484
188 -0.17447200114861508 0.9846621353617685
71 0.08891971695872238 0.9960387964010141
191 0.21364300524584262 0.9769118006808624
371 0.167137871742952 0.9859335331700796
132 -0.0811571700885256 0.9967013162142518
295 0.23572121470490967 0.9718207185165595
186 0.06720328785241464 0.9977393036769803
336 0.1567462773122021 0.9876389039263116
32 0.07863659871971425 0.9969033480442296
225 0.44687084877233973 0.8945984822910715
47 0.0832984350872803 0.996524646314385
139 -0.2526796423169957 0.967549997859829
418 0.2471735387950627 0.9689712285303036
259 -0.06725615924009083 0.9977357410879253
463 0.19188278254748917 0.9814178507454574
69 0.14010370364824465 0.990136835101111
464 -0.18307093339167618 0.983099706717025
202 0.055706482074159874 0.9984471883153968
434 0.10215049622462714 0.9947689561506543
257 0.07295795276489567 0.9973350174983104
268 -0.283651889219792 0.9589273203648142
460 0.19880054240615289 0.980039970786406
381 0.16423325198892308 0.986421532074976
307 0.17636379092592708 0.9843250546695618
155 0.15541796324711496 0.9878488025503287
214 0.21225208138045018 0.9772149476699928
483 0.14547875370188323 0.989361375949833
100 0.11027686550157896 0.9939009069998611
239 0.11728131865758291 0.9930987323997239
130 0.204550686925073 0.9788559733068398
234 0.3954807320195276 0.9184742732386676
70 0.0932983085156932 0.9956382001651557
33 0.10650231222225087 0.994312454659658
8 0.14196048134551717 0.9898723259775217
274 -0.006391584116701428 0.999979573617621
160 0.015443595079817995 0.9998807405740999
34 0.27754623610624535 0.9607122809786791
375 0.15380916926951194 0.9881005715252991
178 0.1608251366914051 0.9869829154591232
308 0.05973834508133413 0.998214070291009
219 0.11118798643908558 0.993799392066438
35 0.014415155119044749 0.9998960962534527
443 0.06999808485150671 0.9975471257625483
271 0.2293680753124112 0.973339758782862
173 0.03510305712160718 0.9993836977761429
237 -0.03223790817875803 0.9994802235543523
484 0.1843875179512585 0.982853622480873
303 0.05105502911140153 0.9986958415866334
364 0.021750625736299104 0.9997634271566845
179 0.2267729197154788 0.9739476592115804
247 0.04859075992732545 0.9988187713743094
25 0.017872348990296216 0.9998402768150366
374 0.15186322496023225 0.9884015180606908
217 -0.11600502166777542 0.9932486269549325
84 -0.045056500094902543 0.9989844402187643
252 0.06342257288447062 0.9979867620608571
210 0.2671746519551567 0.9636481232029879
395 0.13731968650598095 0.9905267809089764
496 0.1638114718445084 0.9864916632654003
472 0.2982496136588391 0.9544879087512598
372 -0.16695969015186024 0.9859637223875911
432 0.21352028372703208 0.9769386308449102
182 0.1886098397921826 0.9820521006207192
137 0.09360942575203605 0.9956089972526233
144 0.1895092092111163 0.9818789434671554
492 0.11030967420992137 0.9938972662079824
227 0.05893316323068137 0.9982619306933556
269 0.23237036869262936 0.9726273755933725
96 0.04678851419083832 0.9989048177578351
168 -0.03557639624529694 0.9993669596450533
325 0.0012064043633501528 0.9999992722939912
315 0.1649239972946814 0.9863062785546607
376 0.08403038148056405 0.9964631929922103
411 0.10146143150831105 0.9948394734409588
166 -0.023134864894149614 0.9997323531957587
468 0.20443351504919513 0.9788804512935328
414 0.06397727345314065 0.9979513557691588
165 0.11673010946396788 0.993163673089451
4 -0.0036726357825877082 0.9999932558504625
370 0.05751578592658331 0.9983445970050859
404 0.04128710621741818 0.9991473239018316
331 0.11834416869487309 0.9929726369522572
192 0.21432474584516392 0.9767624600272095
267 -0.029018671377665603 0.9995788696803645
407 0.474468357883323 0.8802725585678013
152 0.18275180139027972 0.983159081272511
148 0.06781655233140822 0.9976978075699482
62 0.1461611498852087 0.9892607938578349
149 0.09305424273187526 0.9956610406707682
304 -0.033274640402583745 0.9994462458311997
41 -0.07896387739223688 0.9968774779616519
94 0.0722484396192338 0.9973866667309054
104 0.1185448673959649 0.9929486967684046
311 0.028415577475801153 0.9995961959495027
397 0.015861819112114282 0.9998741934335812
493 0.20182982241656564 0.9794206056558631
54 -0.005905269938383797 0.9999825637414659
114 0.15200946171386442 0.9883790384004819
40 0.1575774036042693 0.9875066389008923
216 0.052929533400619955 0.998598249795178
490 0.6464561283529198 0.7629511610286424
110 0.1164676395952902 0.9931944869596798
125 0.07970402181835697 0.9968185737163904
91 0.016596415599969033 0.9998622700098415
142 0.14054213471097057 0.9900746983793108
235 0.1782750082547062 0.9839807017578059
343 0.2767234492649912 0.9609495994207428
270 0.20584556096645956 0.9785844904914462
53 0.19125539710887343 0.9815403063943564
211 0.1935983915837088 0.9810808645449165
72 0.1464902537218169 0.9892121135350688
79 0.17576141843200951 0.9844327929273629
111 0.021775919094615768 0.9997628765600295
491 0.31955952359962875 0.9475662039545197
356 -0.006173673865484348 0.9999809426939108
