500 2
464 -0.09332072905136596 0.9956360989484669
236 -0.02868309953983042 0.9995885552570059
221 -0.16021840224120262 0.9870815891218293
46 -0.15481950826507926 0.9879427715513479
116 -0.25884193728489746 0.96591969205654
373 -0.14876667580963568 0.9888723255145482
407 -0.05944356175809879 0.9982316679836956
345 -0.14898572958547937 0.9888393460921154
424 -0.10237302608554202 0.9947460799269777
58 -0.2408947997881425 0.9705512327718876
372 -0.06451792870922685 0.9979165480515249
15 -0.007612676111711587 0.9999710231613805
286 0.016097110903101133 0.999870433116498
385 -0.00843426877298352 0.9999644309225529
360 -0.07918989722772019 0.9968595488718875
476 -0.08661099271347636 0.9962422074682371
100 -0.16553288266600666 0.9862042713131403
139 -0.11089468889477416 0.9938321628800968
30 -0.2989439628288062 0.954270667624343
256 -0.17676062741506565 0.9842538699928146
381 -0.20729542677591695 0.978278388822829
72 -0.2384866888890223 0.9711457662074992
480 -0.07128716890397499 0.9974558333829404
184 -0.17384996510160375 0.9847721511264274
47 -0.10182796126351433 0.9948020236735128
131 -0.11138173026557789 0.9937776965514199
56 -0.06989008207699812 0.9975546984638338
196 -0.20750246157395497 0.9782344956301374
465 -0.09397990041405203 0.9955740948408435
293 -0.018711379618945007 0.999824926811067
6 -0.14545021695506408 0.9893655716608117
106 -0.13050869046106078 0.9914471653669393
397 -0.2213835605779897 0.9751868124138121
24 0.09699684853734761 0.995284688606141
5 -0.2550226674999588 0.9669350748944862
292 -0.2078912116945997 0.9781519534817436
394 -0.24809857061316828 0.9687347930469425
96 -0.2823582110338417 0.9593090433545222
312 -0.03637622398413426 0.9993381661523071
427 -0.22664452426722975 0.9739775457471702
452 -0.17114415958670853 0.9852459980326533
459 -0.07861237504371091 0.9969052585326186
29 -0.16788945419858242 0.9858058283297487
161 -0.21199752703346733 0.9772702024167597
363 -0.025930749036923644 0.9996637415923337
83 -0.2704961175778282 0.9627210657170236
311 -0.13863104238557858 0.99034409882984
301 -0.1327882569926187 0.9911444288320762
367 -0.08232194037837132 0.9966057887311011
254 -0.11115356369389899 0.993803242738796
488 -0.13238574631536107 0.9911982718772894
291 -0.23505385057649322 0.9719823492888972
398 -0.23205669140727717 0.9727022627572672
288 -0.0691409988873194 0.9976068976670438
61 -0.09673406758702599 0.99531026326873
498 -0.009343608048217026 0.999956347541552
437 -0.019246531012111278 0.999814768366621
264 -0.13150769197200174 0.9913151501677945
174 -0.11573340390516566 0.9932803125102823
402 0.0410995262337279 0.999155057507774
375 -0.16935664681812407 0.9855548316448564
89 0.008030208038259407 0.9999677573596373
497 -0.21353420882711951 0.9769355872628329
486 -0.15863775760634813 0.9873368532884962
49 -0.05583665036553015 0.9984399173089773
390 0.04576512169152945 0.9989522279050984
298 -0.25047230925215735 0.9681237639361465
70 -0.29751570823477586 0.9547169231523864
206 -0.2426916720600439 0.9701034750544398
462 -0.08120341969902732 0.9966975492240279
429 -0.05830732990746744 0.9982986803953322
218 -0.1374501329896065 0.9905086879685304
435 -0.22139876835758251 0.9751833598712324
341 -0.01922791610500816 0.9998151265320298
318 -0.03569121472495043 0.9993628656256234
9 -0.10875387185264712 0.9940687075635456
76 6.081705798082803e-16 1.0
422 -0.19596189044251747 0.9806115120139038
354 -0.030868952273601594 0.9995234403382095
325 -0.048895889013634376 0.9988038806680549
249 -0.21848665022081196 0.9758399375283267
88 -0.23153146067623057 0.9728274167174418
21 -0.2480303923709836 0.9687522513317303
124 -0.03245315614308694 0.9994732575993979
430 -0.004822064522021433 0.9999883737792883
243 -0.0652783664789357 0.9978670927883341
8 -0.2950442698156393 0.9554835837673802
270 -0.12902868428244169 0.9916408617197772
215 -0.17227988184438037 0.9850480406110589
295 -0.2143732283749902 0.9767518205542717
262 -0.13098707442536656 0.991384076094368
450 -0.08026531546425855 0.9967735345269874
417 -0.21372854904472383 0.976893088993487
97 -0.04912261942315301 0.998792755410755
13 -0.31487605564945187 0.9491327987055569
133 -0.0568910230298557 0.9983803941878148
314 -0.188687027744772 0.9820372729997796
32 -0.20535339448823917 0.9786878886407849
11 -0.156835348432412 0.9876247635018495
183 -0.06334759747931017 0.9979915239587955
294 -0.08185719525158384 0.9966440686551764
244 0.0455019840648449 0.9989642483323228
68 -0.13304858269819325 0.9911095169768082
179 -0.3354654503124772 0.9420525100261911
158 -0.14612383897124517 0.9892663057459835
471 -0.1571713685391374 0.9875713447197293
205 -0.1209314280845507 0.9926608633876078
349 -0.2514421817423963 0.9678723207327626
391 -0.07030187194655199 0.9975257624747397
313 -0.13301929750286418 0.9911134478412875
444 -0.18221008298971528 0.9832596227125779
226 -0.13201533424112954 0.991247674158786
433 -0.16594494773672658 0.9861350183015788
438 -0.15491786776842353 0.9879273527168309
186 -0.10479625938686331 0.9944937124077363
98 -0.22472174843245254 0.9744229758074578
271 -0.044519345669535165 0.9990085224166791
216 -0.18545085839110764 0.982653539718858
346 -0.009719623232784927 0.9999527633464556
202 -0.1141064828791479 0.99346852520095
352 -0.21327379014732778 0.976992472046839
65 -0.054816150185675865 0.9984964645299559
210 -0.12669384326072 0.9919418682966397
338 -0.16708701383537264 0.9859421533779646
420 0.07282563202793264 0.9973446883198066
409 -0.07928522017567254 0.9968519718903581
144 -0.16797200904067666 0.9857917651202199
339 0.635569706113281 0.7720434888470193
405 -0.18874947934098915 0.9820252715936111
171 -0.17413147747142524 0.9847224119281629
227 -0.19104785127577828 0.9815807244047267
151 -0.176779240166759 0.9842505271759133
228 -0.08856517357347932 0.9960703840742878
187 -0.14715183012113264 0.9891139160339426
39 -0.1827662024276462 0.9831564042664711
449 -0.24487107383106102 0.9695556493573864
404 -0.13454854412748402 0.9909070033424805
336 -0.08072015985604784 0.9967368036712672
399 0.016907296156203424 0.999857061452629
153 -0.035012240465848485 0.999386883552892
0 -0.1613856534196148 0.986891417973793
324 -0.15145889397058765 0.9884635569595909
40 0.02499216627511129 0.9996876470302497
82 -0.09186088765416688 0.9957718500336251
75 -0.044611484841462545 0.999004412112499
200 -0.030047616081897946 0.9995484684435243
132 -0.1351769670962669 0.9908214710868224
80 -0.13731131470303584 0.990527941480968
159 -0.07413837228752734 0.9972479640262776
1 -0.00936543816658529 0.9999561433222698
408 -0.08060825690369858 0.9967458597450743
467 -0.25327346858807986 0.9673947230109139
86 -0.372658706065089 0.9279684740301761
79 -0.2108405530061354 0.9775204658768363
474 -0.19063926454546623 0.9816601605512794
213 -0.10344526459769696 0.9946351477965739
248 -0.22565388837119102 0.9742075357247869
495 -0.18852765382649855 0.9820678814331909
128 -0.07072521321658871 0.9974958366907943
353 -0.25764660509027826 0.9662392182505605
235 -0.28731299614946904 0.9578367513535985
455 -0.2874416273294017 0.9577981576920189
141 -0.2244399201474662 0.9744879282188152
297 -0.15199326297691226 0.9883815295773344
457 0.09571498767729034 0.9954087809206508
403 -0.29433712720547883 0.9557016561398363
477 -0.20255175121781016 0.9792715599253347
376 -0.2245807726967203 0.9744554769382456
165 -0.2764697132635736 0.9610226311840723
355 -0.31995177170678607 0.9474338308196982
189 -0.1238494210796669 0.9923010233282193
454 0.04760364050401018 0.998866304072154
117 -0.1338440438014029 0.991002407635263
41 -0.38010821682199647 0.924942021698875
48 -0.07969905216008305 0.9968189710698651
273 0.016562486163104653 0.9998628326186033
234 -0.16729168846446008 0.985907445438318
460 -0.053413418349893355 0.9985724844697951
217 -0.22269875962380575 0.9748873075704791
479 -0.23742665245662983 0.9714054687427072
126 -0.1426195788237307 0.9897775789217199
91 -0.24002931709526204 0.9707656395519889
14 -0.2119975270334675 0.9772702024167595
268 0.0026704357856605163 0.9999964343800005
45 0.14213724920274892 0.9898469590745207
92 0.03983801595354601 0.9992061511444398
317 -0.13554428545352987 0.9907712887851021
300 -0.1992974122597826 0.9799390498732838
177 -0.23162593842901522 0.9728049263068512
242 -0.15075910805464365 0.9885705292686852
122 -0.08489578764571482 0.9963898359778736
257 -0.03873224236144852 0.999249625169634
198 -0.16656875574557414 0.9860298421495017
261 -0.13017227401138953 0.9914913913285903
212 -0.07568868573285728 0.9971314972720664
229 -0.12991912927202653 0.991524593668356
95 0.04110846022596509 0.9991546899744055
94 -0.16015108524879554 0.987092513340889
290 -0.1307458948117456 0.9914159122133738
239 -0.09135256671527336 0.995818612275615
51 0.07080023601270666 0.9974905145316144
182 -0.12879804885416477 0.991670843884885
166 -0.03719861264401863 0.9993078921020088
67 -0.010494846771598454 0.9999449275791347
334 -0.023300571010600696 0.9997285048404791
121 -0.20108091320838115 0.9795746354123731
274 -0.1680525030149377 0.9857780461292565
259 -0.03936538297209633 0.9992248829084772
33 -0.03202479035754894 0.9994870748551754
17 0.007370460319204527 0.9999728377884487
191 -0.17817342403849867 0.983999101100401
272 -0.12970059757816604 0.9915532033067447
255 -0.11038022354947247 0.9938894336138042
470 -0.14716873675637013 0.9891114006630064
387 -0.13295949048994343 0.9911214728219011
197 -0.17584590633386565 0.9844177046486016
160 -0.07661068915106456 0.9970610825359693
453 -0.6355697061132803 0.7720434888470199
371 -0.13038665937502286 0.9914632212326496
447 -0.06430221477725585 0.9979304711124617
321 0.13476831893783006 0.9908771367887501
220 -0.14674873235959443 0.9891738014883188
60 -0.22577247978421308 0.9741800590096715
224 -0.21796441255567076 0.9759567177181893
25 -0.04049850307757768 0.9991795990954155
157 -0.3216143704693886 0.9468707391759336
303 -0.13485763066392872 0.990864985480722
85 -0.09449151500176549 0.9955256669682963
365 -0.07078476983165906 0.9974916121751998
16 -0.21396267730875843 0.9768418360813935
337 -0.09642402785758618 0.9953403472439564
55 -0.13091619675433652 0.9913934382612081
251 -0.10627339395853838 0.9943369477880892
419 -0.11947182229959206 0.9928375917925422
185 -0.10682151471171755 0.9942782125716595
42 -0.2685372985311657 0.9632692870104308
342 -0.009989773617075131 0.9999501009665831
225 -0.3641401168134061 0.9313441766216821
418 -0.11573418089250406 0.9932802219782396
499 -0.2056612568476621 0.9786232407989501
451 -0.35957295855517785 0.9331169741655526
487 0.10731644523979514 0.9942249144841896
125 0.03549865741484852 0.9993697240369769
87 -0.04479771022178861 0.9989960786504042
347 0.12678643239948315 0.9919300381374743
240 -0.12930138213552614 0.9916053411402355
364 0.050081622186502237 0.998745128207977
289 0.11598031394397275 0.9932515123459201
276 -0.0680120124551028 0.9976845023161415
482 0.02881455758743355 0.9995847744293829
168 0.11746847837639386 0.993076611640781
266 -0.290731600164649 0.9568046491660158
219 -0.07420046001452553 0.9972433462969973
53 -0.28914989384296674 0.9572838340276103
2 -0.09804476293022144 0.9951820056964237
222 -0.15516386383293432 0.9878887464489282
456 0.030819109004882876 0.9995249784373301
149 -0.2804356529156026 0.9598728272921365
10 -0.08436703392773824 0.9964347462760599
483 -0.23702387833288543 0.9715038245421567
176 -0.40972913727100685 0.9122072319770088
478 -0.1045933853935397 0.994515069635407
344 -0.08202045568555481 0.9966306461518901
78 -0.05190124856018197 0.9986522219461057
319 -0.16813096622528326 0.9857646667415872
392 -0.027431800097914724 0.9996236773623303
90 -0.1252764847715534 0.992121868705293
393 -0.33697391060897985 0.9415139847973004
238 -0.04077986674236667 0.9991681552513946
253 -0.12042967025778888 0.9927218616115998
199 -0.1521843918695729 0.9883521188682141
209 -0.20471486184439547 0.9788216514462837
36 0.1545400867586778 0.9879865189285836
109 -0.07505817305074146 0.9971791567508242
107 -0.16734541582253057 0.9858983273153396
442 -0.2416880933546774 0.9703539898050508
178 -0.030626814048666833 0.9995308890980951
246 -0.09763325374248484 0.9952224614445032
448 -0.19550899126498258 0.9807019090093325
331 -0.17189674359559456 0.9851149727525362
190 -0.08781459497003992 0.9961368364387735
305 -0.08783237271877982 0.9961352690787478
415 -0.36979710346815686 0.9291125347699067
396 -0.06971839123298554 0.9975667125179569
308 -0.07491120672530573 0.9971902080881854
181 -0.055975235436461906 0.9984321574437758
84 -0.22806508395678723 0.9736458891608302
233 -0.139041544248318 0.9902865489205854
306 -0.11622407045131729 0.9932230189880453
340 -0.24134523323114912 0.9704393223672473
278 -0.01292591946709975 0.999916456813233
237 -0.1075412568949609 0.9942006226438665
62 -0.16961942573073527 0.9855096399400544
52 -0.0386152199239151 0.999254154252174
20 -0.18512976264629444 0.9827140840460803
231 -0.18975038639992578 0.9818323639303599
309 0.0048842239261639685 0.9999880721071823
69 -0.053255642970328 0.9985809113395955
241 -0.27060931280377387 0.962689254029497
34 -0.27366161832181174 0.9618260334683643
377 -0.047218204244489234 0.9988845985337473
214 -0.015190973956204787 0.9998846104977623
357 -0.2746748921949009 0.9615371566391596
201 -0.00270951711295831 0.9999963292517702
496 -0.09062779940276075 0.9958848336908305
443 -0.12249591400032746 0.9924690176792546
37 -0.2702475868812976 0.962790860875214
343 -0.13652090242074372 0.9906371905002486
195 0.05096034185666027 0.9987006776596541
113 -0.16556501614128732 0.9861988772200744
110 -0.15556845019382856 0.987825114736556
146 -0.11534495125838164 0.9933254966118616
26 -0.13396990773865985 0.9909854004073394
162 -0.15753740404498556 0.9875130208391011
27 -0.1817536370807586 0.9833440981710908
379 -0.2362589007343698 0.9716901418784628
63 -0.1308363844835737 0.991403974419745
330 -0.032698189035575906 0.9994652712494785
310 -0.06595143126235556 0.9978228343320504
307 -0.061058416926180296 0.998134194245678
287 0.08477363000927089 0.996400236679544
484 5.432042030295834e-16 1.0
250 -0.2158935411086206 0.9764169083478536
232 0.08990579040763946 0.995950274286411
370 -0.22810185636004635 0.9736372749258837
389 0.0987214008863261 0.9951151114353762
59 -0.09153188211710112 0.995802146290166
260 -0.18949856425537986 0.9818809979550219
188 -0.07447544031972768 0.9972228481082764
304 -0.4410283164523212 0.8974931888806907
19 -0.20648765741867706 0.9784492052905696
463 -0.165555521702803 0.9862004711181761
315 -0.07659236282488197 0.997062490497412
111 -0.37071406362621073 0.9287470500786217
327 -0.24002938213509767 0.970765623470384
329 -0.05597246206785342 0.9984323129236466
423 -0.24447309436298273 0.9696560762108326
413 -0.17813442928219603 0.9840061611109487
395 -0.13181969739730165 0.9912737096171188
458 -0.3908836897660356 0.920440080111079
320 0.00523564679928238 0.999986293907368
366 -0.07614642933695671 0.9970966459171507
164 -0.2825669070550647 0.9592475921457058
152 -0.08638038114056068 0.9962622294125234
145 -0.1518095261772652 0.9884097671319493
263 -0.06645444478676457 0.9977894601408068
258 0.009887112228976794 0.9999511213113227
412 0.007721606719203568 0.9999701879504577
73 -0.14595627335995123 0.9892910422453421
99 -0.03241350156686345 0.9994745444062971
77 -0.41256683466958854 0.9109273335072982
411 -0.20346582543672584 0.9790820485941675
102 -0.4359761874279382 0.8999582012492576
211 0.005259829342344153 0.9999861670019689
436 0.015777291530616945 0.9998755307896867
335 0.018014060232709597 0.9998377336517823
203 -0.21111257398317562 0.977461754293332
494 -0.09468313638675951 0.9955074603858909
170 0.011200954186460166 0.9999372673449634
103 -0.04838455260436389 0.998828781658436
154 -0.0028930422020617846 0.999995815144652
118 -0.01777916533255727 0.9998419381482644
388 -0.04814429074675517 0.9988403912880637
281 0.03268643425876089 0.9994656557458327
400 0.009206351193463856 0.9999576206508467
386 -0.0502400879892768 0.9987371694088639
468 -0.14660629401873856 0.9891949224263593
410 -0.16944385242003282 0.9855398423590283
359 -0.22268346536443295 0.974890801194312
127 -0.10167337297480122 0.9948178351979456
12 -0.02628557907485502 0.9996544744724047
136 -0.008240365193510716 0.9999660476143565
93 -0.14364881577380942 0.989628727213788
473 0.07248063161672835 0.9973698200970591
23 -0.21757192414949414 0.9760442909119885
35 -0.06252960238931557 0.9980431097026993
351 0.025260582071560886 0.9996809005844844
4 -0.20644881360362072 0.9784574019146962
383 -0.11829200198292988 0.9929788528799949
18 -0.15792649793612337 0.9874508702966602
322 0.002651518787854424 0.9999964847178803
461 -0.011805040080948376 0.9999303180865591
374 -0.04384203727459968 0.9990384756192389
316 -0.05145535531377648 0.9986752957841368
299 0.026907380665992204 0.999637930885826
378 0.0207156940217609 0.9997854069855174
31 -0.05444654615865328 0.9985166866965185
275 -0.07878730759658738 0.9968914485347343
369 -0.140782548678206 0.9900405415879031
38 -0.016792927200889523 0.9998589888559415
74 -0.029891775986285545 0.99955314102272
440 -0.03701229341129866 0.9993148103257731
247 -0.1547531623701335 0.987953166266723
384 -0.07811740515338246 0.9969441664466985
208 -0.1386071997153654 0.9903474360985971
193 -0.23567574058347113 0.9718317474236127
491 -0.1432418545819796 0.9896877139259206
112 -0.24283015624922263 0.9700688198349527
284 -0.06095712445387957 0.998140385405938
302 -0.254549264741975 0.9670598077778436
252 -0.15730345582954405 0.9875503140519385
421 -0.22348237444698132 0.9747079707848598
167 -0.10311190425485543 0.9946697618812674
425 -0.15314040880603402 0.9882044399772351
382 -0.27822325137946236 0.9605164352533696
123 -0.060695434459767744 0.9981563325630611
3 0.043776706366196134 0.9990413404758223
406 -0.08837572242176663 0.9960872108838817
43 -0.23759608111032213 0.9713640420774372
115 -0.06905742389272283 0.9976126864697045
101 0.07827579479483987 0.9969317428737217
285 -0.13038743053663435 0.9914631198174012
7 -0.13262259240771118 0.9911666095985368
493 -0.08917448204931061 0.9960160198266076
54 -0.03436356718213092 0.9994093982200283
380 -0.26151960759286 0.9651981635107252
137 -0.14262065864871087 0.98977742332638
173 -0.04893989417838018 0.9988017254479534
129 -0.13410144160157472 0.9909676096424037
172 -0.01495304108459521 0.9998881970312093
64 -0.13905286626831914 0.990284959182237
414 -0.07040323099421364 0.9975186138942849
446 -0.1198240338779151 0.992795145488345
245 -0.027446448252873252 0.9996232752783931
439 -0.05425420483518106 0.9985271559941182
175 -0.10091913312985108 0.9948946318924027
140 -0.13432443242605635 0.9909374081411085
326 -0.2410807965138499 0.9705050487000301
119 -0.05904606486999322 0.9982552590511952
279 -0.21473936392642584 0.9766713907863146
138 -0.009917577742942696 0.9999508196165012
350 -0.20726017830840235 0.9782858572460145
50 -0.2211114237120818 0.9752485520645577
134 -0.24269430223782704 0.9701028170566737
296 0.06675669758432733 0.9977692836160245
481 -0.10193342380926443 0.994791222875695
282 -0.13293313486793804 0.9911250080863577
194 -0.14018716827413782 0.9901250213237107
230 -0.334285588901359 0.9424718271931907
416 -0.08284006595025699 0.9965628547529539
475 -0.15644297162015997 0.9876869932476856
180 0.0370626156619645 0.9993129452380237
348 -0.19419036593239986 0.9809638636458738
265 -0.06439468325273233 0.997924508552015
323 -0.3213672852196842 0.9469546282639576
105 -0.1577853466051374 0.987473434780246
163 -0.08289800787579711 0.996558036589051
356 -0.22235947782995313 0.9749647494238911
143 -0.0785278224662804 0.9969119224378372
22 -0.10218237698771324 0.9947656818734454
135 -0.06673415218189782 0.9977707917816412
368 -0.14083354283448235 0.990033288941684
71 -0.12109040154539533 0.9926414834438337
332 -0.2594113639598095 0.9657669202496589
426 -0.24597976957707895 0.9692749625151819
147 -0.07295013776654423 0.9973355891573519
485 -0.0907777072446584 0.9958711803578828
277 -0.1809328944846993 0.9834954436566489
207 -0.3285866412013035 0.9444738319424449
432 -0.007563931544317921 0.9999713930606179
104 -0.08822313578007249 0.9961007370307137
269 -0.07495815433461288 0.9971866801651276
401 -0.09469359186176492 0.995506465905831
428 -0.10002663837171748 0.9949847594893368
81 0.09987379330477698 0.9950001132718099
57 -0.1870962863099155 0.9823415799247419
155 -0.2840588355099121 0.9588068512316507
150 -0.2078978913917432 0.978150533790616
466 -0.22368406317917394 0.9746617053519931
472 -0.14264994870705874 0.9897732023720754
431 -0.07852816147533356 0.9969118957336721
362 -0.21423745922247747 0.976781608685328
492 -0.13919247960708656 0.9902653450569856
142 -0.15315776504304507 0.988201750153793
489 -0.22185462243127502 0.9750797539206095
108 -0.014037468914591985 0.9999014698791436
434 -0.25395211456243494 0.9672167924045095
333 -0.14515173429046505 0.9894094066828303
156 -0.4003550464412582 0.9163601021372646
28 -0.1696718033386118 0.9855006236181808
267 -0.1193508847117562 0.99285213718787
66 -0.3865839433017786 0.9222542245938737
283 -0.13707709865630696 0.9905603813114923
114 -0.18917577372491207 0.981943240027437
490 -0.21806617768584907 0.9759339845243037
361 -0.14922951343078664 0.9888025851105016
204 -0.0798012042517062 0.9968107983965551
358 -0.07365318748051393 0.9972839154292825
469 -0.12947159791746546 0.9915831308229776
120 -0.15666565208923444 0.987651696427164
192 -0.24252907484070305 0.9701441376707445
441 -0.17433598431986932 0.9846862264555254
130 -0.2555299215378051 0.9668011477025062
148 -0.23805368165251584 0.9712519985316285
445 -0.10269606503381172 0.9947127817750062
328 0.02191341371617342 0.9997598723190003
169 -0.17340737086599464 0.9848501833930596
280 -0.07678570131431824 0.9970476197623002
223 -0.12707415638079933 0.9918932194445671
44 -0.1293576682987284 0.9915980000243628
