2000 2
1986 0.03425880580773187 0.9994129948247763
293 0.08358873797636746 0.996500337623384
1057 -0.05889260054132856 0.9982643245160469
1663 0.07130066881981788 0.9974548684656599
681 0.19227279500058436 0.981341516650887
456 0.09286620297333209 0.9956785969103261
411 0.015077691289910619 0.9998863251516975
1818 0.04869167506338396 0.9988138569220602
1119 -0.08757290614323454 0.9961581130069805
1305 0.14604808129002247 0.9892774928964588
1049 0.4242309339225015 0.9055540374286022
602 0.0009075819954829761 0.9999995881473759
1590 -0.07041671511915545 0.9975176621152267
1528 0.10114721454440709 0.994871469582834
233 0.19413053367830937 0.9809757060670641
158 0.19782851189118644 0.9802366448378262
1522 0.1177845193366846 0.9930391769737115
211 0.16200674704210313 0.9867896502866434
1595 0.06995433351838568 0.9975501948383342
1817 0.14347409651885645 0.9896540727082862
330 0.13995082569835773 0.9901584551910607
1400 0.06239078687577309 0.9980517971092591
846 0.14487276609317706 0.9894502926597736
324 0.13072940557006013 0.9914180866412003
1378 0.2047374207043551 0.9788169331204523
327 0.023583820522492194 0.9997218630246929
828 0.05938545386728458 0.9982351265453329
404 0.016094359991781833 0.9998704774001755
1126 0.03376365001598227 0.9994298454306826
1323 0.06318101787799532 0.9980020836550897
1484 0.20300990585453807 0.9791766838139743
1517 0.2340793610379662 0.9722174925067218
940 0.11042180678506575 0.9938848145465962
595 0.04599429284407472 0.9989417025161046
319 0.09431814755022572 0.9955421071168682
1277 0.18025213836854898 0.9836204382858083
218 0.19738377820454145 0.98032629471095
1443 0.10503515408301836 0.9944685095098571
367 0.15150662791887656 0.9884562416701363
1344 0.23248056711708387 0.9726010414928206
1943 0.027927282989282928 0.99960995736579
203 -0.0461906327179255 0.998932643099182
720 0.06589261061267601 0.9978267203611287
252 0.06292217487629673 0.9980184366577788
722 0.07445213110952904 0.9972245886324953
199 0.027212922132262642 0.9996296598586015
1350 0.09838962749746645 0.9951479695004708
436 0.1989635402139242 0.9800068926622619
1118 0.1101428567147214 0.9939157666093845
49 -0.01904950188406508 0.9998185417754409
75 0.0076074143487349375 0.9999710632047942
1763 0.030213749655510744 0.9995434604516974
601 0.04286789269618299 0.9990807493770404
1665 0.15127561699894124 0.9884916224741562
919 0.010910881880721701 0.9999404745566534
1412 0.018026323216945753 0.9998375126345672
1460 0.13129349699204645 0.9913435416885508
1347 0.06451629160027858 0.9979166538935744
126 0.37341803764211456 0.9276631765697678
1476 0.14749428460203567 0.9890629080143153
873 0.16303244551452123 0.9866207081292967
1935 -0.10198381116089572 0.9947860585377635
907 0.1347984609521453 0.9908730367332301
1615 0.10668134058087382 0.9942932623586803
1750 -0.0476848195563077 0.9988624319614201
1628 0.29485131096856676 0.9555431462891236
838 0.20678561928301017 0.9783862773249337
693 -0.061332789098879174 0.9981173723472369
1339 0.20708502691795516 0.9783229485330444
565 0.10221022052215974 0.9947628213905119
1709 0.2594709465774883 0.9657509139950021
1084 -0.17660623654507981 0.9842815843108025
1606 0.13888810976681287 0.9903080798243553
1094 0.0038870196277254712 0.9999924455106717
1744 -0.005271578987870198 0.9999861051309537
1820 0.1956672619283638 0.9806703434944166
735 0.0912583316769179 0.9958272525390865
773 0.14791896061253212 0.9889994848791926
104 -0.10340621448245642 0.9946392083596988
1556 0.1870752493438214 0.9823455863813646
349 0.0883312732494281 0.9960911535427543
1006 0.10123695365896523 0.9948623418412482
1873 0.05590583887462999 0.9984360456131999
1815 0.21024476413712156 0.9776487810829235
1664 0.13063917487082077 0.9914299803763608
980 0.04782219893427408 0.9988558641210906
592 0.04023840856377232 0.9991901072750144
1592 0.09458919197468346 0.9955163910059825
603 -0.11637480526411881 0.9932053688435933
351 -0.020599097041086166 0.99978781608954
1799 0.25021352199798413 0.9681906802946226
1934 0.0423976918586306 0.9991008135944344
1864 0.1459051340267196 0.9892985857993758
1922 0.17771804125749704 0.9840814487691548
893 0.08388266588711231 0.996475638620268
1547 -0.12010644646560098 0.9927610193381919
222 0.008049112757276704 0.9999676053672042
1341 0.1828161793815521 0.9831471123673874
605 0.11418696457629589 0.9934592780385373
1569 0.3925001973623383 0.9197519203951278
1611 0.13900839908054546 0.9902912021143396
1659 0.06622938610491537 0.9978044239309456
1756 0.18129762753049636 0.9834282740758542
1562 0.05396246088308788 0.9985429649321261
1832 -0.03144156408533101 0.9995055918042018
702 0.18486973845299007 0.9827630333932607
1060 0.03435678447483333 0.9994096314127404
1059 0.03284786520198282 0.9994603632719371
783 -0.0058041001361144534 0.999983156068946
1810 0.02726151514405404 0.9996283358288973
918 0.1763211953549335 0.984332685665069
657 -0.031360019780429 0.9995081536232564
1634 0.051711991034023574 0.9986620399230648
1670 0.09865730405066947 0.995121468142183
531 0.02352780942138765 0.9997231827780282
1761 0.21316058703522753 0.9770171769906593
795 0.12171773931767094 0.9925647545300988
1481 0.1009896049289869 0.9948874809224846
171 0.06736206068239223 0.9977285967539578
716 0.2302842173135337 0.9731234141959041
336 0.044101102864103646 0.999027073069679
321 -0.06560056067850234 0.9978459632822424
538 0.14870375966692864 0.988881788618296
1576 0.12715455194062647 0.9918829164376098
1621 0.22859201281794136 0.9735223118531194
689 0.029066855614061367 0.9995774696864227
1447 0.16478858105320268 0.9863289124599725
673 -0.021419646455493074 0.9997705730544992
1558 0.023696788596855957 0.9997191916784413
786 0.040612530277406966 0.9991749708556888
272 0.21373019554189884 0.9768927287648432
122 0.056269737822935074 0.9984156031459736
1896 0.08870063639699831 0.9960583301708628
732 0.23419527010274863 0.9721895779432633
1918 0.05357528301409965 0.9985638132087298
1518 0.08799198592742162 0.9961211825940398
1844 -0.028421758124380567 0.9995960202327334
1270 -0.07202786196161223 0.9974026203601226
71 0.07037024476406 0.9975209414603016
1180 0.04425678725783755 0.9990201883753973
1303 -0.005099528996386187 0.9999869973174726
1843 0.23131275828092418 0.9728794415838329
1729 0.13579302320625106 0.9907372279512396
580 0.0030583848721620495 0.9999953231300502
435 0.020989494077152716 0.9997796963023329
1702 0.1830257407452292 0.9831081213298262
736 0.01092706789077133 0.9999402978114796
1933 0.4105259239284157 0.9118489270612323
1365 0.033314300287863925 0.9994449246438396
563 0.18775106197404573 0.9822166455154474
772 0.16917466627677347 0.985586085682089
1495 0.1312065428765343 0.9913550540075882
515 0.13477244473521952 0.9908765756339647
33 0.07816269896498547 0.9969406163310375
1008 -0.003853755167125954 0.9999925742579852
778 0.02296175332687609 0.9997363441848834
1983 0.09543253869933233 0.9954358997732603
201 0.20747265316909647 0.9782408180948984
1142 0.053959620294672925 0.9985431184368828
1138 -0.2749232224849737 0.9614661833566887
1510 0.126813784320576 0.9919265416885942
1291 0.06846492572145427 0.9976535239981642
258 0.36754719713726824 0.9300048698133457
141 0.18056297185810485 0.9835634261163685
1050 0.17562079619157908 0.9844578893711178
1368 0.350432077417702 0.9365881480761508
159 -0.06199940174450431 0.9980761865625908
1230 0.014237701063162907 0.9998986387971712
1661 0.0008778979382359001 0.9999996146475307
369 0.24363145528585614 0.9698678848148833
1235 0.03919751270845292 0.9992314821889224
1248 0.10583211549929972 0.9943840120038853
741 -0.3012246802490115 0.9535531930673196
121 0.20579426722905306 0.978595278741757
1355 0.08136883699679624 0.9966840584487087
1482 0.06590273303716622 0.9978260518638667
1307 0.38439393465971594 0.9231691627198245
851 0.0936274697039976 0.995607300554203
1531 0.05397961778603453 0.9985420376046636
844 0.10443590609157997 0.9945316191649367
835 0.0986471769967258 0.9951224720960615
120 0.4760196444681664 0.879434646850123
315 0.06979464251838856 0.9975613805053454
1490 0.0670429541498754 0.9977500901021547
1396 0.11872415896884679 0.9929272753213801
1269 0.07906345655166913 0.9968695851705489
763 0.07484866244333817 0.9971949045850781
1645 -0.02452957130769635 0.9996991047967686
847 0.0430482591712038 0.999072994021122
12 0.047647367514962645 0.9988642191854176
1444 0.12623069877788134 0.9920009126437574
310 0.17133287488357532 0.9852131982389036
1905 0.02548773566361146 0.9996751348967032
1458 0.061478295294797564 0.9981084205674479
288 0.17550480410528918 0.9844785745438872
1450 -0.003415066430758209 0.9999941686436343
808 -0.2431629301254186 0.9699854583512171
709 0.0021332722664371157 0.9999977245721299
582 0.17452284075159502 0.9846531257534266
1700 0.17715915301150353 0.9841822161085043
1612 -0.02623704713198998 0.9996557494246675
149 0.012324709856878481 0.9999240478791096
1024 0.13446345776228674 0.9909185529227968
686 -0.017643200052086513 0.9998443466319754
708 0.1476070464941391 0.989046085794427
1280 -0.07326323543839625 0.9973126382098535
662 0.11986423450424823 0.9927902927037061
483 0.4502726385436071 0.8928911193303348
34 0.11948526142516475 0.9928359745205448
457 0.02236795959290145 0.9997498058932797
1384 -0.06368546421817063 0.9979700204151005
1185 0.00017683227154747114 0.9999999843651738
1774 0.39311579245196293 0.9194889742269154
1278 0.10210653272860208 0.9947734696774654
797 0.0927048566428971 0.9956936323763549
1373 0.06871518856563126 0.9976363179337397
241 0.059068034488867216 0.9982539593217861
396 0.1831807654571141 0.9830792476532835
489 -0.04522461058484793 0.9989768438744959
1349 0.1944243478596953 0.9809175158795627
912 0.13132126352779055 0.9913398638940454
796 0.16397213468925959 0.9864649710179512
1904 0.1711883940246651 0.9852383131766933
812 0.04290445001539424 0.9990791801298217
1211 0.09626189576550835 0.9953560405320452
1644 0.11676323925692238 0.9931597786651606
1080 0.243966690483335 0.9697836119127857
874 0.028616667707762902 0.9995904593028604
1233 0.19754512935221535 0.9802937936502589
194 -0.18783110045978488 0.9822013427500831
841 0.07047898800378222 0.9975132641975056
1805 0.0056939975764911475 0.9999837890644022
1536 0.18529535188734098 0.9826828748731437
1173 0.1193285466814317 0.9928548221904838
438 0.22055191765164361 0.9753752363168663
1502 0.20650655916804753 0.9784452161570282
384 0.38337209901925706 0.9235939766442659
1434 0.02040475691382894 0.999791801274289
511 0.03761375932806965 0.9992923521718807
1740 0.12883194928368588 0.9916664403133575
136 0.08240308231892728 0.9965990828935877
1855 -0.10236502448060561 0.9947469033694375
418 0.14757066612615216 0.9890515145830796
1329 0.0010520841578409187 0.9999994465593093
1841 0.10140210708762841 0.9948455220174584
1676 0.03144013787662795 0.9995056366675971
1488 0.3559344592121972 0.9345109206131947
44 0.04169594270424848 0.99913034603199
1330 0.15510180741754548 0.9878984914128631
25 -0.025064525673594313 0.9996858354266893
1807 -0.014729194790337984 0.9998915195264075
63 0.18861191543906267 0.9820517019762288
207 0.008582231514042834 0.9999631719729679
625 0.056524917796209224 0.9984011887353359
878 -0.02950394223725599 0.9995646639374867
192 0.21921453569814237 0.975676681764327
959 0.04794360212552543 0.9988500443085685
1054 -0.047852935052705985 0.9988543920946844
787 -0.3094491024588937 0.9509160073252448
1539 0.12767503989523593 0.9918160536045734
1793 0.03541704120427805 0.9993726197932052
1178 9.155297882403674e-05 0.999999995809026
1259 0.12500094529836395 0.9921566225523647
1921 0.1018403926544127 0.9948007511175266
529 -0.07836123456445945 0.9969250307407943
471 0.07644334098401644 0.9970739268575833
586 0.038360287043708086 0.9992639733213264
738 -0.03902331246082714 0.9992383004491895
426 0.04421154745472301 0.9990221914810796
1399 0.13380928862422975 0.9910071010229329
669 0.07789626720631747 0.9969614694436902
1160 0.13711968984747097 0.9905544864650976
1027 0.01838567579255387 0.999830969177116
1811 0.0005474101112701812 0.9999998501710737
80 0.017936096438330402 0.999839135283549
1840 0.06991768005743662 0.9975527645269627
1662 0.12231288343325761 0.9924915911715535
1345 0.21297394504517767 0.9770578789057962
813 0.19496325322005084 0.9808105474014104
1520 0.016640680973974382 0.9998615342819837
1617 0.01777015850014967 0.9998420982669611
1625 0.10475867458970727 0.9944976722437352
1170 -0.000732105619882155 0.9999997320106448
1051 0.044965944201669474 0.998988520385521
895 -0.1060000634900989 0.9943661229849371
640 0.09995894402240545 0.9949915625320276
26 0.0047922281065383675 0.9999885172089602
1322 0.03526455830040794 0.9993780120294208
1559 0.11589739793893561 0.9932611908007803
1868 0.08419051636774583 0.9964496760768866
734 0.04316243642324287 0.9990680677921847
1687 0.08703776750083382 0.9962050125493602
684 0.09916432072331267 0.9950710715800575
965 0.023887097364751794 0.999714662581022
717 -0.015062104203792571 0.9998865600741687
1333 -0.13268037281213552 0.9911588766037627
1391 0.12451828205213424 0.9922173136136988
14 -0.18697242673034625 0.9823651620668178
1463 0.042075992604275005 0.999114413291273
1678 0.09862103447646725 0.9951250632753612
181 -0.020424030272982344 0.9997914077383383
987 -0.02297747749114623 0.9997359829115604
1743 -0.007331240494788487 0.9999731260953004
1360 0.11641614488466653 0.99320052416931
505 0.23080160988444523 0.9730008308705335
1555 0.15665407921008545 0.9876535320986
1226 0.02977894717992961 0.9995565088102097
1996 0.12727004985142415 0.9918681033337123
855 0.1389441498903414 0.9903002187272556
83 0.06169531406720028 0.9980950296550672
1968 -0.40558897796153554 0.9140555677616744
1158 -0.12307353033588052 0.9923975544763616
629 0.05191346931407202 0.9986515867427322
1367 0.0424174671894903 0.9990999742154076
1861 0.08291751462649109 0.996556413740921
304 0.18409179839404222 0.9829090546759897
1688 0.2142270372892513 0.9767838944691245
933 0.07177738986141063 0.9974206766979934
154 -0.06410711253644666 0.9979430234849279
95 0.036398723662465 0.9993373469033086
1525 0.08231777502492993 0.9966061327901535
1216 -0.027945919146083374 0.9996094365316288
1096 0.1754007727546181 0.9844971147327364
433 -0.031406297193658984 0.9995067005761311
79 0.09015019567588319 0.9959281812558574
1956 -0.062185975268584784 0.9980645793133303
1357 0.11908479840677828 0.9928840872873413
1228 0.16224399447791013 0.9867506707653417
706 -0.011959129103389423 0.9999284870584939
1776 -0.09044516684933039 0.9959014367865913
1778 -0.12633460584247305 0.9919876850881906
70 0.2734906129103837 0.9618746720076907
387 0.2142842107241847 0.976771353508237
1850 0.04799215442790128 0.9988477126736429
1906 0.11114668101190324 0.9938040125195905
1130 0.1678338460283627 0.9858152971664256
160 0.0006598256520394674 0.9999997823150308
1585 -0.04375088333509019 0.9990424716734515
491 0.07262966937174742 0.9973589780650449
970 0.12102395560254782 0.9926495867980365
1772 0.16260351647255095 0.9866914899961187
176 -0.0024287918738879434 0.9999970504806669
766 0.19919156566055662 0.9799605707219532
1669 0.119238612555334 0.9928656269988799
1514 0.1592333481290312 0.9872409740502158
546 0.06290889217596354 0.9980192740048626
1389 0.09338178197770332 0.9956303745841971
1600 -0.026077800483443513 0.9996599163325225
535 -0.03385022243912446 0.9994269170083532
146 -0.01170108274028132 0.9999315399879659
1435 0.035009581212438336 0.9993869767128896
139 0.010155356002391036 0.9999484330426568
123 0.12187795223030208 0.9925450945726084
45 -0.28156489316542227 0.9595421882005734
1002 0.15995821115658201 0.9871237869100239
1894 -0.0067809520871271334 0.9999770090801048
1007 0.07154502409035622 0.9974373712308511
1383 0.06642002277261133 0.9977917521080668
189 0.06975981685972112 0.9975638164807794
1532 -0.11204787229931962 0.9937028098547348
1608 0.4262332664720299 0.9046132889542269
1733 0.11191002720585891 0.9937183432999434
1464 0.1343149187310901 0.9909386977034758
1038 0.16933696869090287 0.9855582129101134
636 0.05601364156581797 0.9984300035348177
1354 0.09534288727967583 0.9954444905895934
7 -0.009401099224829563 0.9999558086902466
982 -0.0071988238973496824 0.9999740881315349
866 0.0533807189822403 0.9985742330147214
1866 0.2906108230976481 0.956841339772957
1031 0.1307248516204539 0.9914186871190246
115 0.1201138392334967 0.9927601249166839
1338 0.15733751382882777 0.9875448884694626
1250 -0.09077654701058961 0.9958712861172544
1613 -0.0029256215296126317 0.999995720360175
166 0.1325100913670346 0.9911816562497009
1174 0.11276450235469392 0.9936217424194673
1506 0.08366621549888073 0.9964938355976392
1914 0.4077785924340396 0.9130808395495513
1550 0.0589037042893621 0.9982636693884995
175 0.0441938146393307 0.9990229760859479
492 0.28258431667659023 0.9592424635974081
1511 0.11199515755130389 0.9937087524446278
1379 0.08205948519410933 0.9966274333419073
872 0.0846900826705966 0.996407341350538
244 0.06552867001877401 0.9978506869294477
1116 -0.09892657413363341 0.9950947356559489
926 0.09120749344099309 0.9958319100833288
255 0.026804614220664897 0.9996406917770412
364 0.09205636586578189 0.9957537976345284
1725 0.21713030881414402 0.9761426273830451
1835 0.22052246005066398 0.9753818968041201
240 0.06863617592220232 0.9976417570224176
180 0.13699304725453962 0.9905720089947603
498 0.08257827172604762 0.9965845819792413
718 0.12874610031853215 0.9916775895686917
971 0.1859355088481005 0.9825619504893307
1957 0.22446893565502055 0.9744812450354816
358 -0.08735096050371098 0.9961775994766591
774 -0.013115413509022265 0.9999139892653204
810 0.11872248784134068 0.9929274751364082
1417 0.08308113258527514 0.9965427865417259
1545 0.06799474366957842 0.9976856793766804
1747 0.07601578620330368 0.9971066142834946
802 0.09988431740964188 0.9949990568516183
1972 -0.046666284218048186 0.9989105354921832
1471 0.09002619069885003 0.9959393982508444
415 -0.028401073808230214 0.9995966081407738
114 0.13147576823513385 0.9913193846419939
1671 0.009495356600703974 0.9999549180853231
993 0.14176181878356336 0.9899007964110224
213 0.1340754966548479 0.9909711202637318
1572 0.12530785858990762 0.9921179065895402
1470 0.08350838049717503 0.9965070749305993
1421 -0.03077175895269422 0.9995264372946607
1787 0.09653589342525588 0.9953295038732589
833 0.0414805991381176 0.9991393095535491
590 0.03916122377487306 0.9992329050589028
1000 0.2940288198010304 0.9557965542553567
215 0.07042021152325556 0.9975174152910916
460 0.10018875396255213 0.9949684485346414
29 0.006113779837018033 0.9999813106734067
1988 -0.09090653384066676 0.9958594288879711
475 -0.1260752836946842 0.9920206766198499
1583 -0.008009324086426508 0.9999679248494318
560 0.19042341347873978 0.9817020543928309
1208 0.15695416833824585 0.9876058875083975
1397 0.023679012435095712 0.9997196128765798
1741 -0.06254135618809328 0.9980423732317952
1656 0.14730708699879785 0.9890908058009278
1201 0.10841690328795983 0.9941055150643964
77 0.024849426653445677 0.9996912053204206
1184 0.003996749156704521 0.9999920129661928
875 0.1254219126402257 0.9921034945153997
1218 0.0016169651825914746 0.9999986927109448
610 -0.11883413502386773 0.992914119324088
1803 0.019732653806688493 0.999805292231315
440 0.01745965804157153 0.9998475685528627
1679 0.014897047695867844 0.9998890328281169
742 0.18492940022039187 0.9827518084105091
1356 -0.029585699679046173 0.9995622473735697
1553 0.0951588758272405 0.9954620978979039
1636 0.06256623256638606 0.9980408140664632
1928 0.22939772018632107 0.9733327724747165
1806 -0.1104538039928031 0.9938812590966385
1748 0.2097349571660735 0.9777582767445875
1795 0.10748980944698898 0.9942061862938945
1706 0.0991051321346698 0.9950769682715854
1325 0.12028610224639949 0.9927392676863189
1086 0.09508561724437267 0.9954690981608905
1309 -0.14833186684202315 0.9889376407434193
859 0.13699199086435337 0.990572155089684
1285 0.10849269421423134 0.9940972464010436
1457 0.12543120074375738 0.9921023202674103
1078 -0.01511763442481309 0.9998857220349723
745 -0.01376642754887817 0.9999052382463758
1260 0.3254854531966752 0.9455470478814657
584 -0.021402279416497798 0.9997709449847891
1380 0.040245921011119665 0.9991898047127816
549 0.10552620743304131 0.9944165221600045
344 0.05493061619377517 0.9984901739148825
1537 0.03271385051645488 0.9994647587505959
1501 0.14206006119922274 0.989858039827971
106 0.2141048423153247 0.976810686109202
789 0.06090840358096037 0.9981433596298774
0 -0.027926389414886274 0.9996099823302327
1880 0.04484406698361943 0.9989939988089861
1777 0.1634261784933846 0.9865555656844922
637 -0.007988309236934806 0.9999680929487377
1578 0.17848872782838632 0.9839419566408397
1324 -0.02639173625836839 0.99965167746434
555 0.1501559631433728 0.9886623218938233
501 0.13814704438149578 0.9904117295996938
1064 0.08480170644091503 0.9963978475411862
1224 0.21453733723661278 0.9767157882062846
525 -0.11021654532944493 0.9939075978860623
837 0.19091817232036473 0.9816059552986889
478 -0.0588886310650075 0.99826455868737
1265 0.004452384725850637 0.9999900880860035
1155 0.18537427553848862 0.9826679896936608
1456 0.08388414079353922 0.9964755144625128
1117 0.09766360380512619 0.9952194835772638
1703 0.10056238149598727 0.9949307550919588
737 -0.07889841050029488 0.9968826615106349
271 0.08009780469602279 0.9967870091864548
1245 0.14009299688363006 0.9901383500421359
312 0.13537174024764478 0.9907948788434083
1735 -0.040140613692215936 0.999194040781075
221 0.12304774908816905 0.9924007514327743
788 0.09736343805368468 0.9952488939608857
753 -0.10650871764782098 0.9943117685439595
318 0.0659428812303074 0.997823399412464
282 0.161729530434815 0.986835122492777
96 0.12387920325744016 0.9922973057508025
105 0.05429785662649162 0.9985247832506557
1666 0.26554671085126486 0.9640979952038458
1845 0.12375556519500178 0.9923127330047044
1276 0.09952979675526004 0.9950345820914249
1301 0.09244285998356816 0.9957179910185706
58 0.0597642870732306 0.998212517448378
1858 0.04869514159435841 0.9988136879243823
103 0.19791005258595265 0.9802201850020359
182 0.10525789540909146 0.9944449584839016
621 0.07217677150999695 0.9973918556186399
962 -0.024707372744905726 0.999694726269997
1311 0.04632545065806032 0.9989264000021861
1846 -0.0006475691844254312 0.9999997903270537
64 0.07266175742222816 0.9973566408303067
543 0.007776508645795085 0.9999697624994878
1549 0.00430765589171296 0.9999907220073186
714 -0.08368673011093095 0.9964921129659482
877 0.11088523735147081 0.9938332174653391
622 0.06912168387207714 0.9976082361421685
1162 0.2395914711631746 0.9708737955810042
266 0.2619291744130811 0.9650870984482601
132 0.08338224287684229 0.996517637361641
911 0.10927978706388987 0.9940110301899426
1667 0.047926858355425345 0.998850847848756
381 0.07318024269308736 0.9973187314391427
1125 -0.01686796824331673 0.9998577257026835
81 0.07123436020169192 0.9974596061629041
1433 -0.1518569908684357 0.9884024758793271
805 -0.002656134653563307 0.9999964724681293
916 -0.046597736846931845 0.9989137354750629
1655 0.06741041077165913 0.9977253312007249
39 -0.005567060967499887 0.9999845037960258
1109 0.17300304428086155 0.9849212895808245
1275 0.12565004723654571 0.9920746270465007
1618 0.12074947705262681 0.9926830127445101
1797 0.1322778938581986 0.991212670821171
23 0.21746042669452806 0.9760691383410468
1579 0.1044419980769545 0.9945309794258264
1686 -0.02493444759586159 0.9996890883285109
1247 0.017182580609673547 0.9998523685642756
1283 0.09116091036415774 0.9958361754935287
643 0.21383144766392895 0.9768705707461702
1648 0.09334960297776902 0.9956333921800197
749 0.1642976664754944 0.9864108052889056
1183 0.4749548489556912 0.8800101655398515
1759 0.0680796996434702 0.9976798857832381
579 0.07507259472395593 0.9971780711194028
1426 0.15099372038745848 0.9885347219008314
4 0.09002815195386547 0.9959392209646992
1326 0.06310036337303541 0.9980071864181094
296 0.05252332922569171 0.9986196973257886
1931 0.11595464943730709 0.9932545088112468
1497 0.20174273907862839 0.9794385469385267
710 -0.013333712293217725 0.9999111021068231
1597 0.14706716973762557 0.9891265073717135
1958 0.09384424041710449 0.9955868915069828
339 -0.08192524806754678 0.9966384769459139
1282 -0.18359164064775754 0.983002598920402
187 -0.013624397131003444 0.9999071835939658
675 0.041189215415297915 0.9991513641753547
1792 0.2345278361891721 0.9721094043637398
514 0.15468631590056442 0.9879636347928555
337 -0.03962352458473967 0.9992146797858219
1535 0.06879664481418446 0.997630704049505
1697 0.05834537881134131 0.9982964573569122
1238 -0.03293016817367156 0.9994576549429465
1206 0.2177063698263873 0.9760143116455907
927 0.10490880971656762 0.9944818458090892
1318 0.07822338169707557 0.9969358567911347
750 0.10235915967717797 0.9947475068730667
903 0.1476256493978159 0.9890433092842159
1540 0.07232721060310768 0.9973809576116709
840 0.15675808226763563 0.9876370303121351
341 0.04947624989501686 0.9987753004036123
1930 0.18943365932256293 0.9818935220866177
961 0.10070691081123756 0.994916136221972
811 0.047433409455186856 0.998874402348692
497 0.0701433474249287 0.9975369220294685
1779 0.3379311099759586 0.941170847885981
1090 -0.01691415163185017 0.999856945504993
1622 0.05288602802749884 0.9986005547962983
1343 0.12612499474345637 0.9920143576082774
1668 0.03640572070883657 0.9993370920263444
74 -0.02128705039240817 0.9997734050701643
729 0.08580843152581628 0.9963116545936213
1134 0.06625126136073935 0.9978029717174183
1459 0.23450381252395872 0.9721151999180592
1745 0.11526422903256242 0.9933348667521588
1899 0.012316504315985344 0.9999241489840289
1581 0.16419160259908644 0.9864284655442297
765 0.1552408990810885 0.987876643742778
1509 0.19395286242850687 0.9810108496626266
1438 0.06516640922666407 0.9978744104888666
756 0.08283245998610417 0.9965634869754412
1508 0.18783831696312256 0.9821999626758604
536 0.11566545945293757 0.9932882267949927
821 -0.035326121203164924 0.9993758377911383
1874 0.2290518082470161 0.9734142330676967
758 0.006820054917003244 0.9999767431550242
1653 0.037234366378079954 0.9993065605510768
624 0.16313866853031653 0.9866031496149581
118 0.0606097979240475 0.998161536223274
1732 0.1963733434611167 0.9805291989420317
547 0.1677725626124511 0.9858257286328306
1166 0.33555389064465563 0.9420210116941313
1308 0.007332642739105501 0.9999731158138506
1487 0.08186969295081857 0.9966430421049146
1980 0.025497422293430296 0.9996748878792497
545 0.23483956858486135 0.9720341439614538
1359 0.018285138695350707 0.9998328128756786
451 0.11292237175256045 0.9936038133772316
994 0.19642573875509198 0.9805187041329281
1491 0.10441688873194827 0.9945336159967345
1594 0.23182866534015695 0.9727566344808969
1353 -0.061093675776759095 0.9981320367466843
1831 0.14873353339705414 0.988877310915377
896 0.2939737295940453 0.9558134997522095
1232 0.14030075860316238 0.9901089319541447
1480 0.11759400001417544 0.9930617559651898
140 0.1490568497895335 0.9888286279891073
1440 0.23346088092676642 0.9723661949476124
1766 -0.01619472347354211 0.9998688568665469
1705 0.1928224792427683 0.9812336579524126
313 0.19328347495582862 0.9811429550829989
85 -0.06750543755741832 0.9977189062557558
715 0.07124794606279457 0.9974586358249815
1255 0.10584168514546004 0.9943829934615583
223 0.14880851692976935 0.9888660300006076
1726 -0.06196182951559021 0.998078519798458
913 0.11694929004005127 0.993137887485483
650 0.06214221392202894 0.9980673049693937
400 0.03089032985178006 0.999522779891308
975 0.05669723485563898 0.9983914180118558
454 0.14025639784075697 0.9901152169645385
1577 0.147163766212334 0.989112140211716
5 0.1168960209300002 0.993144158866543
864 0.06553297062521439 0.9978504045001108
1924 0.21619345556089445 0.9763505465623704
870 0.10433900450664634 0.9945417900413044
638 -0.01516392028002666 0.9998850211508026
1521 0.1846888879279101 0.9827970363589584
958 0.0817283178837787 0.9966546453290066
1294 0.05984995188973 0.9982073848949411
1790 0.33163520091555043 0.9434077027000058
1994 0.07143187391987345 0.9974454809102576
1875 0.007015765524386484 0.9999753892142079
416 0.07062584345296546 0.9975028773074077
1104 0.030344808548790823 0.9995394902624595
1210 0.06389308444726916 0.9979567494434887
733 -0.1405788956736376 0.9900694794261565
679 0.05310994873283574 0.9985886707476684
1673 0.1205880536043983 0.9927026348952152
1310 0.04729908780449496 0.9988807718105613
495 -0.003699143466668986 0.999993158145401
291 0.06064271908295398 0.9981595366584572
196 0.058655874073526036 0.9982782620275124
54 0.1298481762582894 0.9915338880352987
50 0.06564761033207042 0.9978428690218158
1483 0.04155476166170659 0.9991362278404475
389 -0.026869747876684866 0.9996389431434949
1974 0.12016779040186584 0.9927535958886944
184 0.07079270998431271 0.997491048688196
1769 -0.08262433935730115 0.9965807636843939
1425 0.17325536438275418 0.9848769358212218
635 0.1092491714084701 0.994014395542923
571 0.021684992700790884 0.9997648528987038
520 0.017444110547099146 0.9998478399272664
692 0.0985886909857316 0.9951282681191003
1056 0.06071239552815694 0.9981553010575221
500 0.14122530528829474 0.9899774811308729
767 0.10923773354566635 0.9940156525778686
1775 0.044709748185506305 0.9990000192278219
817 0.1225302552937793 0.992464778487197
1500 0.0978820043716252 0.9951980271384149
744 0.04239717206784639 0.9991008356520624
72 0.09418446085951308 0.9955547636029888
1093 0.19394683369744417 0.9810120415666344
867 0.1942891583737489 0.9809443016493956
1683 0.26795140984464894 0.9634324272943406
694 0.07083133576139881 0.997488306635349
1869 0.1805955460635128 0.9835574455729679
1239 0.25144852179045546 0.9678706736384748
936 0.12013619079109035 0.9927574203511182
1950 0.022630461626466942 0.9997438983092484
1580 0.07879743401892254 0.9968906481615893
248 0.12022591863021827 0.9927465580345873
1586 0.13376928853458284 0.9910125011547288
569 -0.110573518966362 0.9938679474172591
1984 -0.003400949796654163 0.9999942167535174
357 -0.16795133885038044 0.9857952869528058
1837 0.02397701415167892 0.9997125100709554
506 0.0032538373146011362 0.9999947062573532
759 -0.03527670174136147 0.9993775834559483
1151 0.13484844838064314 0.9908662351545404
407 0.1388714454381072 0.9903104168097652
206 0.07535118899027526 0.9971570579992661
1982 0.16424500643808107 0.9864195749579155
1990 0.1292543651549812 0.991611470833402
84 -0.041056472196075194 0.9991568275755377
1601 -0.03093258628004578 0.9995214730589972
399 0.1419102395135067 0.989879530004141
597 0.18540324311583753 0.9826625246961084
999 0.1956064750188155 0.9806824699823656
654 0.050371299447441543 0.9987305603574852
894 0.0935135403141871 0.9956180079618422
779 0.04218377984074148 0.999109868191856
353 0.0908597928403337 0.9958636945109565
1951 0.11791582989738084 0.9930235934053186
1192 -0.008863808076411387 0.9999607156815634
698 -0.0009642221691656928 0.9999995351376962
904 0.20464440619723814 0.9788363841889919
1223 0.11942477396077339 0.9928432521624038
1789 0.06613643858164465 0.9978105889855732
286 0.03659851129969899 0.9993300500688678
730 0.0006447424939691736 0.9999997921535366
1015 0.05736607463913216 0.998353210782886
854 0.14444937224726598 0.9895121923742883
775 0.07289501293424032 0.9973396197330762
1362 -0.018679365711688982 0.9998255254276163
1452 -0.00967698688705385 0.999953176866191
1890 0.04525351452265227 0.9989755349473519
235 0.15696025358352125 0.9876049203983325
727 0.02236625223182193 0.9997498440915619
368 0.09819145611339741 0.995167542651151
947 -0.012332283762190456 0.9999239544971451
1146 0.009916418903412544 0.9999508311092762
467 0.11908276128707589 0.9928843316138317
284 0.09753444446323888 0.9952321498742127
300 0.17042734603660412 0.9853702449957172
1264 -0.08255181391177845 0.9965867739539167
1428 0.0666513079638757 0.9977763292174777
307 0.007826995201055311 0.9999693686039202
600 0.1124034956309685 0.9936626460574729
108 0.09169910245438911 0.9957867616156882
417 0.17548612432242552 0.9844819044402464
1295 0.14704605325025932 0.9891296468226608
298 0.16165386969086254 0.9868475193331387
1641 0.23151813636238325 0.9728305877876624
1754 0.11879880432033728 0.9929183471424317
548 0.12375010633996217 0.9923134137866161
1213 0.0408737235441274 0.9991643201814395
1942 0.06456524519750008 0.9979134877896916
1692 0.18755607607715477 0.9822538970788258
968 0.06324023814322553 0.9979983328040124
1169 -0.16361795410076127 0.9865237782719083
1004 0.027992541465790464 0.9996081320308904
943 0.1938453275361063 0.9810321039560427
306 -0.10291088661015586 0.9946905797367901
1699 0.16134124001867492 0.9868986798396461
1503 0.09403370182938103 0.9955690146445213
931 0.11357400287363453 0.9935295395061284
1164 -0.03167001090433673 0.9994983793930429
42 0.018576457481952677 0.9998274427257042
285 0.09261720645967834 0.9957017892258733
462 0.13530152584144453 0.9908044696634026
246 0.12289206655294653 0.9924200421083536
1919 0.16667910339135297 0.9860111949124385
639 0.0423990338296038 0.9991007566458531
1398 0.15583355019771405 0.987783328788645
703 0.010373692736624179 0.999946191801842
1392 0.09372251371142831 0.9955983579855942
1721 0.060936515384362934 0.9981416438025272
1148 -0.041958676994946105 0.9991193469375086
1885 0.12270150558408065 0.9924436208306242
57 0.12076666958750104 0.992680921301877
1253 0.38839208333003594 0.9214942157206167
479 0.11614817268163577 0.9932318973848538
256 -0.10737275182886565 0.9942188351488301
374 0.09666750887747635 0.9953167298540817
1168 0.10895459502206709 0.9940467273843707
1505 -0.02589120070869537 0.9996647666722391
1752 0.02419289022176184 0.999707309197406
990 -0.08009773897015958 0.9967870144679194
21 -0.231540874853125 0.9728251761093817
41 0.10527252435813968 0.9944434099612028
97 0.08346153772256153 0.9965109992975419
1898 0.16205734963782906 0.9867813412445345
1437 -0.024194409826154572 0.9997072724218645
955 0.13533086524471746 0.9908004627129098
660 0.17377698246589182 0.9847850325655083
985 0.22277331738540504 0.9748702729394828
1527 0.25616592902934665 0.9666328241915498
1065 -0.024761942820883336 0.999693376084755
1911 0.14505658553850795 0.9894233608480798
1139 0.3581874408156347 0.9336496972858429
832 -0.023775338909302116 0.9997173266777705
928 0.03310390980254014 0.999451915379517
1292 0.04021023982474495 0.9991912412612695
1407 0.15408815268317658 0.9880571042215556
641 0.2593841165845451 0.9657742386622534
1091 0.08562273291862157 0.9963276306554719
1082 -0.11780556076794034 0.9930366810204703
1965 0.23890399869565335 0.9710431913191233
51 0.2710140684057068 0.9625753865158753
1111 0.17280470069402917 0.9849561083713564
925 0.02235354140241664 0.9997501283754708
476 -0.07628295885715324 0.99708621000794
740 0.2120501306170626 0.9772587897303798
1872 0.15933128754802262 0.9872251722926688
48 0.12665734896476866 0.9919465287772404
685 0.0678385403299202 0.9976963127354465
1451 0.05041035180980167 0.9987285899734782
885 0.16303344249216745 0.9866205433849192
1274 -0.03340752768002527 0.999441812760657
509 0.02873528872980897 0.9995870563295698
542 0.18972809425946235 0.9818366718801416
142 0.28337242449386274 0.9590099420946949
125 -0.05444345942939202 0.9985168550031392
676 0.1445555487772938 0.9894966868654466
455 0.1815578631902939 0.9833802633334545
1005 0.12490277389342298 0.9921689861478883
1711 0.04326945793268526 0.9990634384313198
682 0.07691838053539649 0.9970373928473354
1186 0.06530415114135567 0.9978654056753882
1220 -0.0931718361988595 0.9956500434084926
1047 -0.008828380647635612 0.9999610290882043
1798 0.0808247053666927 0.9967283315941146
88 0.056406152908942325 0.998407905574677
618 -0.11224663656733448 0.9936803774752326
1469 0.03026237108854232 0.9995419895612686
100 -0.07725379749788618 0.997011459699514
678 0.10079119137857255 0.9949076016095606
1903 0.029735186874611356 0.9995578115654602
1474 0.3821032568844019 0.924119635695689
780 0.19378203196769636 0.9810446086118972
1374 0.03891307105688862 0.9992425996227949
1963 0.0008597139629876411 0.9999996304458827
1493 0.14433027651808705 0.9895295706951928
1821 0.21635700006004807 0.9763143185086534
1131 0.017887974509572642 0.9998399973835538
606 0.08864612325878249 0.9960631831521476
153 0.2564848679917329 0.9665482463339651
1028 0.10277708023214573 0.9947044142753941
1369 0.1428625466994166 0.9897425386182798
1141 0.08918038134665095 0.9960154916379895
630 0.0003782745658774575 0.9999999284541737
91 0.04315330684910527 0.9990684621726316
1409 -0.06971525139922585 0.9975669319511061
552 -0.04395365542566701 0.9990335710949466
1794 0.04286508905570015 0.9990808696698414
1746 0.05636973621919647 0.9984099623093603
459 0.632988035141906 0.7741615770413752
265 0.09172196543390201 0.9957846559658077
1893 0.06498973380570103 0.9978859326094662
127 0.07349113216568805 0.9972958705885657
608 0.06311288723270154 0.9980063945011336
1975 0.07937131642450179 0.9968451204319766
1694 0.06272858397914069 0.998030623153404
1882 0.057618438586698094 0.9983386777716423
1642 0.10199554719053174 0.994784855309581
949 0.17359863456787825 0.984816487512353
38 -0.04206661560657684 0.9991148081433928
1346 0.1874510307726106 0.9822739490907237
119 0.017394784508339617 0.9998486992900018
179 0.18918300647444028 0.9819418465781422
1048 -0.08564175070611009 0.9963259961157254
170 0.14070223889946465 0.9900519582166777
695 0.09838433364499855 0.9951484928859761
1529 0.07176731801102197 0.997421401447505
253 0.056975366150708466 0.9983755844630781
1952 -0.0026605897380125713 0.9999964606248594
36 -0.04427200397075693 0.9990195141559614
465 -0.028627087312693887 0.9995901609519731
1991 0.05548344065011898 0.9984596075022889
1010 0.22194218084469702 0.9750598280935893
1734 0.019366522380101236 0.9998124513181964
360 0.10784880054248966 0.9941673079625714
1616 -0.028051737925008327 0.9996064725677735
402 -0.0543452536255468 0.9985222047648089
1940 0.008570027415697356 0.9999632766407446
1045 0.10631494381010156 0.9943325061178754
861 0.16920083684898585 0.9855815931771468
1620 0.06962585513930447 0.9975731754092632
275 0.15940893841030696 0.9872126368492752
1926 0.09455816465221835 0.995519338585446
1074 0.14792161549608634 0.9889990877998968
556 -0.014513707375069178 0.9998946706019745
1372 0.12610361944595327 0.9920170750358233
1971 0.1666329207224866 0.9860190006949631
1976 0.1488890758905302 0.9888539038100946
653 0.1498258457009401 0.9887124030576323
1541 0.08722969953705875 0.9961882249448014
1225 0.0821739958963142 0.9966179982312344
1704 0.12494554180155713 0.9921636012190304
299 0.13999813771971548 0.9901517668696106
1867 0.1151861563071634 0.9933439230171903
876 0.05288131087268576 0.9986008046063184
198 0.15030207449106606 0.988640119762334
966 0.038288148911660554 0.9992667399913392
31 -0.050055885262097005 0.9987464184419526
623 -0.05211008995747566 0.9986413462923632
614 0.01558193009329502 0.9998785943576188
522 0.14659413650432537 0.9891967241871311
1560 0.059510199640211585 0.9982276975413887
1552 0.09002609340160306 0.9959394070458533
923 0.20281778115160523 0.9792164968221989
858 0.09498712960327457 0.9954785006265734
631 0.04737281367857532 0.9988772780097538
1856 0.03817959084095418 0.9992708936235546
247 0.12949433193650473 0.9915801621635632
781 0.009188880118438367 0.9999577813498772
1465 0.08115881824900513 0.9967011820101475
1901 0.1379489434317355 0.9904393414066647
412 0.10634429764986965 0.9943293671401624
612 0.004548879785877326 0.999989653792825
1001 0.2239785801869269 0.9745940670953462
1202 -0.07924222162278281 0.9968553908728616
1637 0.009766082035764932 0.9999523106836998
1563 0.16251723673848711 0.9867057047381892
827 0.11370105904575281 0.993515007018955
1266 0.047788437126346645 0.9988574799624925
394 0.09620046465641235 0.9953619796837181
329 0.02735516015161965 0.9996257775853319
989 0.06374811756772637 0.9979660202164057
1376 -0.05918571401399091 0.9982469891047275
503 0.12630326323109087 0.9919916762237361
1268 -0.0024584300824585467 0.9999969780561987
1546 0.14780976982850585 0.9890158097539413
726 0.029349610377299135 0.9995692073942157
829 0.18503653974436238 0.9827316413749143
951 0.14855190624969658 0.988904611754633
444 0.21740025457732814 0.9760825422625451
1420 0.31264232341925485 0.9498709268142752
295 0.06629519684034967 0.997800053555771
1013 0.13276868784448137 0.9911470504057683
230 0.08693672002684161 0.9962138358359487
1907 -0.08551059197977368 0.9963372615029856
1698 0.16111105204372392 0.9869362841183641
1194 -0.09021382801573587 0.9959224192851304
1077 0.10101817880541823 0.9948845800146049
1406 0.05739126034844683 0.9983517632756587
661 -0.0747743484869002 0.9972004797473574
1851 0.14332207914011702 0.9896760993531946
1755 0.01681381989480699 0.999858637738628
979 0.10089964600830183 0.9948966084148642
1825 0.1480789598671015 0.9889755414795035
493 0.026771197691349658 0.9996415872572382
666 -0.10070869504744602 0.9949159556172775
238 0.12321237039743226 0.9923803261759304
712 0.12787302255911445 0.9917905474955869
1888 -0.03633034919258813 0.9993398349548289
1802 0.0961523908879106 0.995366624780306
375 -0.004549235274072773 0.9999896521756718
473 0.1343173424462984 0.990938369182546
1739 0.17727431897509371 0.9841614785348576
649 -0.02256826576391601 0.9997453042552434
1718 -0.06557506091778424 0.9978476393646623
442 0.0048688267472405565 0.999988147192808
1281 0.17279014883130406 0.9849586612984607
239 0.21044328020287148 0.9776060688321526
67 0.10753764985917726 0.9942010128051394
102 0.09228530373124183 0.995732606031977
1393 0.1011790051475517 0.9948682369627404
1453 0.01137762689631243 0.9999352727082931
1786 0.10400248832410924 0.9945770369470599
1286 0.06998013929190194 0.9975483848439063
1543 0.1102836142900856 0.9939001581744091
13 0.04412174936839351 0.9990261614355614
1133 0.18333078473523648 0.9830512821660743
900 0.1546313304265949 0.9879722423481851
1824 0.03340712329317857 0.9994418262776851
1801 0.12027090334936139 0.992741109155619
162 0.015358525695940064 0.999882050888227
850 0.012168116376484142 0.9999259657313877
852 0.14399391636233125 0.9895785729544864
1730 0.06663890440287756 0.9977771576960379
1564 -0.03379212289538465 0.9994288831278708
1588 0.17226066646098626 0.9850514010905304
1610 -0.003245659676101957 0.999994732832762
90 0.10082392539585117 0.9949042848775815
1105 0.1581796408018444 0.9874103509867617
1009 -0.04935136832553014 0.9987814788252722
845 0.024770162900555552 0.9996931724433652
234 0.18378999320368847 0.9829655326603207
1244 -0.05858056707547621 0.9982826839934246
1336 0.10791186456823228 0.9941604646561879
1036 -0.012883837761053429 0.9999169999177665
1315 0.163188928124082 0.9865948376804498
537 0.14287720339182658 0.9897404229144784
1731 -0.08871515900821504 0.9960570368016818
986 -0.02767461400065513 0.9996169845195283
1796 0.1841762949406445 0.9828932253210095
1647 0.40518402982026386 0.9142351458889619
1022 0.0640593057221171 0.997946093409058
428 0.017447322871279012 0.9998477838774387
688 0.023406696724516105 0.9997260257432765
1909 0.0388137076407293 0.9992464641414448
1948 0.03922638844352903 0.9992303490435414
667 -0.06915724924739056 0.9976057712726677
1103 0.17259121592463614 0.9849935391593468
613 -0.06232454367868332 0.9980559359350778
705 0.06783126098769705 0.9976968076689524
983 0.005582587673732508 0.9999844172360213
553 0.23988951061003008 0.9708001971050892
1212 0.22062760549514435 0.9753581186894787
1941 0.04964176210543451 0.9987670876911531
1152 0.08154198443532437 0.996669907629577
1203 -0.044439063331843616 0.999012096848776
1030 0.15235954854259506 0.9883251327209567
150 0.08197151847243767 0.9966346723646147
214 0.3841694162345269 0.9232626168268825
1605 0.07160501288221384 0.9974330664912499
1085 -0.060473479216292404 0.9981698043476754
1432 -0.057803832818132 0.9983279605978856
177 0.1969245468733683 0.9804186467212456
879 0.08977922874808261 0.9959616910732056
814 -0.14821937793214648 0.9889545065398142
281 0.1047147919470445 0.9945022937869411
1859 0.06417398767706124 0.9979387252259652
370 0.1114301396452642 0.9937722696768293
944 -0.0076325823217232944 0.9999708714193138
1995 0.20435125286567424 0.9788976276670759
1813 0.10713324707593748 0.9942446717840464
1593 0.1973169947044693 0.9803397388664791
1405 0.04613168869001046 0.9989353669275145
424 0.05605603757736029 0.9984276241426445
790 -0.0008628621040204996 0.9999996277344254
671 -0.27416144379886603 0.9616836812248201
1915 -0.024959492556762938 0.9996884633381086
1195 0.1026924863617665 0.9947131512375004
1727 0.16474442966048963 0.9863362879342116
1035 0.000505064873276828 0.9999998724547288
377 -0.0570988614665452 0.998368529161063
161 0.18742883360521176 0.9822781847996981
1895 0.04085701502701206 0.9991650035520072
1095 -0.0372649599742652 0.99930542015848
1584 -0.047632664806849 0.9988649204188715
988 -0.05987984268002223 0.9982055922707586
1081 0.047393154736689855 0.9988763131059342
280 0.09415376735411751 0.99555766688476
111 0.22565337986608702 0.9742076535087432
849 0.1360508023582476 0.9907018619028012
1044 0.11611335213176102 0.9932359686684356
1381 0.005742855607515699 0.9999835096687701
1157 0.014764100817288494 0.9998910047235433
398 0.23289865445510158 0.9725010111835376
1751 0.1874426289237945 0.982275552409881
1441 0.05766989063761938 0.9983357069211964
1196 0.37313538276151237 0.9277769053664893
342 0.1385079712351356 0.9903613188651538
1144 0.20778343708550698 0.9781748531182619
1566 -0.029978565968577536 0.9995505417848903
195 0.05564655403798285 0.9984505300833375
1828 0.16503665460321867 0.986287434086726
1361 0.06581132381230886 0.9978320849010976
1300 0.12778688673771035 0.9918016493119395
1939 0.05795334263515071 0.9983192926501084
466 -0.0935266805712195 0.9956167736741528
174 0.0337694425895285 0.9994296497238775
56 0.06614097986008743 0.9978102879721915
868 0.27473513929428606 0.961519944274142
1649 0.025017167465637268 0.9996870216882863
62 0.17034262506786782 0.9853848943864463
422 0.18153656262391682 0.9833841957397387
658 0.12403558310495806 0.9922777706488305
1816 -0.029811396111517532 0.9995555415592884
1877 0.08575094749026059 0.9963166037984726
1279 0.056645184291953185 0.9983943725284767
1371 0.13662485295093513 0.9906228593951057
1472 -0.11730154073071027 0.9930963440382818
1630 0.267446047849236 0.963572836629294
130 0.11178924162366961 0.9937319384306841
1390 0.05567707068096055 0.9984488288342008
1712 0.2281520455103648 0.9736255153442911
512 0.07420131012357727 0.9972432830437841
776 0.1257156432601693 0.992066316855724
1 0.19317946728845076 0.9811634386880458
59 0.04816327495011677 0.9988394760651381
1287 0.04978491763052712 0.9987599621413153
1863 0.07098564005484873 0.9974773375400584
499 0.27360666263681066 0.9618416679270797
277 -0.017703689049589882 0.9998432774160335
197 0.14562358624110305 0.9893400684952975
1515 0.0950610467654471 0.9954714447877736
1970 -0.3422084656879247 0.9396240556794598
1234 0.1382533275583511 0.9903968989344845
701 0.16654884471916068 0.9860332054868705
646 0.012241630522064449 0.9999250684337108
431 0.0674062666013737 0.997725611189201
792 0.033658480831232684 0.9994333928122142
482 0.07430093290255343 0.9972358654650415
897 0.0836560969257906 0.996494685107323
1516 -0.08071277266006521 0.9967374018915537
942 0.19159632709719068 0.9814738139364018
1575 0.12579987389379851 0.9920556394317328
1413 -0.006842355768290169 0.999976590809775
129 -0.038671189293650154 0.9992519897996773
22 0.08454143337109501 0.9964199646953892
557 0.10530247685942588 0.9944402387108389
969 0.08979312553791802 0.9959604382735951
16 -0.022317162778673245 0.9997509411075892
372 -0.1770349894487417 0.9842045582656505
20 0.15070338595459326 0.9885790254005093
144 0.14701884177961091 0.9891336917534361
793 0.10351727734337388 0.9946276556035504
226 0.08633264798674385 0.9962663669378772
941 0.21581910711030478 0.9764333633208724
249 0.12776604536694008 0.9918043343579886
1834 -0.03610655664039358 0.9993479456963795
1773 0.0836208527416705 0.9964976432419476
283 0.13957883470765373 0.9902109618165482
1708 0.11258669940095803 0.993641904872172
1429 -0.07973452127500864 0.9968161345589492
224 0.08959836354176456 0.9959779782960252
1040 -0.03578612647881615 0.9993594714374014
94 -0.029549300686164376 0.9995633240715459
839 0.10304803739665098 0.9946763805322304
397 0.15202518338482882 0.9883766203309391
1299 0.07092397234545605 0.9974817242169106
1408 0.11262011075583157 0.9936381185589369
1219 -0.034556389831651456 0.9994027496068854
724 0.15052862257440047 0.9886056513017987
191 0.09477319221641309 0.9954988910275645
593 0.10196849485550084 0.9947876286207543
356 0.1270024285450311 0.9919024060580074
1258 0.04980681752345305 0.9987588702625803
1271 0.036109883273275 0.9993478254992054
882 -0.1655289754558183 0.9862049271244527
1538 0.17606797011611547 0.9843780116902199
406 0.13575118326414515 0.9907429617425423
1534 -0.016275391933675346 0.9998675470368089
1973 -0.10031224428062184 0.9949560058853782
1998 -0.00220996343290071 0.999997558027831
257 0.046584107750665064 0.9989143711575454
1242 -0.07315176625420403 0.997320820545671
427 0.026729136639440827 0.9996427128001835
167 0.15235039830386488 0.9883265432723405
409 0.058272153272381055 0.9983007343245822
1159 -0.151519615981544 0.9884542508243898
1715 0.16474685370516107 0.986335883051129
1043 0.12868034539807807 0.9916861240877737
243 -0.027741064015391274 0.9996151426260479
1227 0.1995150761646596 0.9798947567892228
1032 0.10822840106361956 0.9941260549865959
1478 0.13098148479306929 0.9913848146110587
27 0.10106324535733766 0.9948800030344577
1034 0.12497673251060593 0.9921596728001861
1696 0.060139502811198446 0.9981899820182638
305 0.18126502919141765 0.983434283108045
551 -0.03596077776562125 0.9993532020574565
1674 -0.16929768533392997 0.9855649617049976
458 0.05074988159519803 0.9987113945069783
1163 0.12782646196708178 0.9917965495105225
598 0.135954091081593 0.9907151382300453
1113 0.06441337269529229 0.9979233023724906
1161 0.21512953080274871 0.9765855236366088
857 0.15178611408689788 0.9884133627032767
47 0.10854316186320716 0.9940917372218409
1494 0.07154637639719523 0.9974372742305306
1609 0.15098900065365023 0.988535442804967
534 0.20854477285003908 0.9780128208346379
172 0.10393333376292092 0.9945842659789693
723 0.1416587946273048 0.9899155448343759
791 0.09297475892786164 0.9956684660077902
1256 -0.17037333595026594 0.985379584930182
1019 0.13293748951829176 0.9911244240157611
1691 0.049719380716040755 0.998763226786616
421 0.20747103826904276 0.9782411605936265
632 0.053544618936436424 0.9985654579360091
98 0.12418924686139618 0.9922585504615212
380 0.20623388595009579 0.978502725742715
490 0.06439322695694447 0.9979246025236934
617 0.017408044924925536 0.9998484685050489
863 0.045623330524230635 0.9989587137173772
1189 0.07108582785028715 0.9974702026019822
1129 0.017632736475188936 0.9998445312169271
1598 0.2502234773475906 0.9681881074378469
1231 0.09291963019625848 0.9956736123470334
1089 0.1713482962033594 0.9852105162797471
393 0.1506173503942097 0.9885921372134353
453 0.010290922321358706 0.9999470470568808
348 -0.016644179312096167 0.9998614760530715
1419 0.17843313055228205 0.9839520404579242
1153 0.06466147310170417 0.9979072571618656
1827 0.0703988500631631 0.9975189230835595
1967 0.07967535155730696 0.9968208657297557
18 0.03184612678203297 0.9994927834701873
914 0.09942373978209168 0.9950451848874717
425 0.027169100930962475 0.9996308518421203
232 0.06831645692589851 0.9976637017116999
634 0.1428003273862636 0.9897515175529542
345 0.06479506405587698 0.9978985918789517
76 0.16810440379502034 0.9857691968329709
1197 0.13146612302131092 0.991320663810528
1025 0.007041218105906406 0.9999752103165284
391 0.25784524348393106 0.9661862296745448
508 0.11154159181648585 0.993759766389767
439 0.1423119484000977 0.9898218573776636
69 0.03805490859051298 0.9992756496243504
1351 -0.0003995072449613772 0.9999999201969775
1039 0.12202355602925237 0.9925272045510771
1214 -0.03938164389053162 0.9992242421621282
1114 -0.13039862977497696 0.9914616469399149
1403 0.1842844795116302 0.9828729473391398
519 -0.09426610037038102 0.9955470367194919
929 0.1827089653254954 0.983167042770295
1394 0.16012517886000033 0.9870967161808679
43 0.12962749911826793 0.9915627622457105
853 0.025584947842461347 0.9996726516434761
485 -0.19763009859388686 0.9802766671352382
1602 0.013393453264793114 0.9999103036821071
1677 -0.062176082021721334 0.9980651956783325
523 0.10500898203158471 0.9944712734376445
472 0.06830966716496471 0.997664166627133
1573 0.026550839909779682 0.999647464309336
889 0.08094641513196896 0.9967184546687611
746 0.10309514112475045 0.9946714994793345
1467 0.20117301308848784 0.9795557252167428
930 0.18346021989219033 0.9830271347816952
343 -0.04384774297769469 0.9990382252125102
1137 0.17938496692152028 0.9837789556818977
1681 0.3804685774487806 0.9247938481489274
1302 0.05682499063618165 0.9983841547416495
504 0.05131680150080793 0.9986824249398438
1908 0.28377994751762775 0.9588894312624853
574 -0.13770714232518527 0.9904729895118953
1765 0.16807361895416553 0.9857744461141453
871 0.07303775412369633 0.9973291765874327
1619 0.17804643265725204 0.9840220870580227
528 0.03521264449868689 0.9993798425360647
1650 -0.1907738811223194 0.9816340083154858
917 0.15684447546972008 0.9876233140801347
1221 0.042808083397485625 0.9990833138411601
1066 0.15273758740532214 0.9882667804766088
1430 0.012156069725478473 0.9999261122547153
1632 0.131566253201077 0.9913073796853477
1912 0.05487831526226632 0.9984930498075464
1596 0.04388820346552858 0.9990364485826173
487 -0.06255902967629004 0.9980412655827217
361 0.15732969089939383 0.9875461348015602
496 0.14546812009243465 0.9893629394902425
1200 0.1523161924306851 0.9883318154969102
28 0.10733628239114403 0.9942227730656991
910 -0.051388477868983415 0.9986787393062441
1172 0.042297617677957144 0.9991050553063823
1410 -0.0422601288775923 0.9991066417091067
884 0.24551105929741174 0.9693937898308731
273 0.12291491505552785 0.9924172124952753
1149 0.06676617103652739 0.9977686497405704
469 0.13269189195319606 0.9911573345387106
707 0.19394253757616664 0.9810128909033342
392 0.4715873492111746 0.8818193534188153
1985 0.2906604052152756 0.9568262793423328
1061 -0.11677925545048774 0.9931578955515733
1327 -0.11265482235499735 0.9936341836914448
355 0.1645025107448126 0.9863766643421025
1999 0.016402965201807874 0.9998654623161
294 0.09430118372892256 0.9955437141317924
388 0.029158081084678343 0.9995748127616358
533 -0.03447599515351342 0.9994055261795258
521 0.14729349212671394 0.989092830414374
561 0.12828289248368133 0.9917376162554389
73 0.0759351068029024 0.9971127617049297
1254 0.16064215352175065 0.9870127144631392
1570 -0.021359444648159663 0.9997718610384683
616 0.09303195408052518 0.9956631235111396
1411 0.09783687750277224 0.9952024645269462
1140 0.008967955254153694 0.9999597870807403
1788 0.4088514649872379 0.9126009421306717
697 0.07017653703049878 0.9975345876962899
1416 0.11576919273394345 0.9932761418728082
587 0.04833744998706566 0.99883106225665
481 0.18571005122706763 0.98260458826185
739 0.17658395597567858 0.9842855817759292
1791 0.004674423782124396 0.9999890748214728
1881 0.044618876564205504 0.9990040820007435
1297 0.029447390487439717 0.9995663315625833
1115 0.005286933345317261 0.9999860240702377
887 0.03613872076887333 0.9993467830844254
1014 0.21454754558866948 0.9767135458679161
890 0.019817362231038 0.9998036167939202
1582 0.06850679875157786 0.99765064953861
1272 0.047480872936448225 0.9988721473267702
328 0.14450713152611663 0.989503758930755
954 0.04387182389000125 0.9990371680115634
596 0.019828274079608008 0.9998034004478201
66 0.028864243228226644 0.9995833409290402
474 0.03832421963735654 0.9992653572446047
1252 0.0879780721225101 0.9961224115667744
611 0.1452137870640586 0.9894003012161025
648 0.13022954987517535 0.9914838699340042
677 0.07955876308503321 0.9968301777215514
1110 -0.004321316662707811 0.9999906630675611
573 0.08910726565218931 0.9960220355032263
225 0.17228434033179907 0.9850472608339342
939 -0.08975278897702887 0.9959640740864325
1689 -0.05573256004972046 0.998445733002202
524 -0.11011678499666461 0.9939186554552633
1209 0.15027883793864297 0.988643652115266
510 0.14780814274872645 0.9890160529218787
1320 0.0700998550861927 0.9975399793075438
1312 0.04686455105552613 0.9989012533050321
346 0.15753683333762403 0.9875131118835606
1530 0.19100927207750387 0.981588232397079
1839 -0.04833520984924075 0.9988311706634059
178 0.14412215215144691 0.989559904836102
607 -0.08922437278156954 0.9960115517913111
289 0.07812633613779131 0.9969434666026378
448 0.08958509595324743 0.9959791717616627
1439 0.10032711780373518 0.9949545062128194
704 0.07468623770334605 0.9972070827554923
274 0.04126972503308325 0.9991480419816143
1207 0.010945065818899733 0.9999401009731632
1764 0.17741100609234656 0.9841368476575304
1123 0.035477872619784204 0.9993704621182148
1870 -0.07918103081611558 0.9968602531743841
1388 0.08003889065625194 0.9967917415300533
800 -0.038585860610834535 0.9992552883827642
1016 0.12932611391502888 0.9916021159011498
17 0.13196132272102784 0.9912548659682416
902 0.024558002831820292 0.9996984067692177
932 -0.019210684621198765 0.999815457770275
1448 0.1297734287406189 0.9915436738706488
568 -0.07633184992681347 0.9970824683479046
1098 0.29329928327620663 0.956020674687354
1012 0.04738461040989283 0.9988767184674506
645 0.01730080842901718 0.9998503298132688
1395 -0.3073974813560393 0.9515812043414705
1485 0.12922647042206248 0.9916151064512158
37 0.04745265837899726 0.9988734880918434
270 -0.07401421322099563 0.9972571866079868
1886 -0.10712774843025276 0.9942452642664508
991 0.04479069203919776 0.9989963933401611
1800 0.1457373540747465 0.9893233160232766
1561 0.14234105606229558 0.989817671977557
956 0.11698406015875878 0.9931337924311969
99 0.18631493097636426 0.9824900745021665
539 0.12086126358103112 0.9926694086983826
1889 0.07726101454992557 0.9970109004573201
1251 0.11356030381958125 0.9935311053995262
1771 0.003679994667565669 0.9999932287966987
1587 0.16224879063550185 0.986749882157235
1079 0.06484705075954428 0.9978952149438283
320 0.04012227768573084 0.9991947772247957
1964 0.15606985332685336 0.987746020433661
1288 0.16095892721039012 0.9869611054906269
1635 0.11263993387664191 0.993635871582878
19 0.11276153371333668 0.9936220793212156
1654 0.04732070300401995 0.9988797480513885
935 0.16887022188793793 0.9856382947915115
138 -0.010233588618719116 0.999947635460969
1852 0.16208209550060657 0.9867772769567265
1199 0.1954952247581775 0.980704653347148
297 0.1832061974761858 0.9830745084714163
1949 0.012242132922637414 0.9999250622829216
1499 0.0946805376426749 0.9955077075501194
1639 0.13001003876473188 0.9915126775893452
996 0.11377901411529424 0.99350608249117
302 0.09397410370435283 0.9955746420198556
332 0.12867987538367237 0.9916861850763287
1947 0.088677358750475 0.996060402809508
619 0.1803317748406853 0.9836058412711915
801 0.19508113893386622 0.9807871069871716
1135 0.10847925968191931 0.9940987125124258
824 -0.003560690559919682 0.999993660721275
1122 -0.07161550750930917 0.9974323130339141
333 0.1636767829612181 0.9865140195250478
145 0.1358412540915296 0.9907306161045193
757 0.009067633363670195 0.9999588881674996
615 0.18387884189939593 0.9829489160183946
751 0.03557024266017853 0.999367178687141
2 -0.03005228437228988 0.9995483280982501
1375 -0.030361274916073995 0.9995389902277302
323 -0.01772233996625017 0.999842947000238
721 0.008987748446783623 0.9999596093732274
228 0.2600944260694144 0.9655831862287277
804 0.17569695829757406 0.9844442995136803
317 0.05544199129628072 0.9984619099400353
815 0.1522888925586309 0.9883360224150822
205 0.16704219398845363 0.9859497479220347
354 -0.012083417736587068 0.999926992842879
1366 0.08678590597315267 0.9962269854427851
564 0.20471265389786747 0.9788221132228735
480 0.12614148778471362 0.99201226053888
443 0.2479873997838955 0.968763257740725
1382 0.1664508808013454 0.9860497473659513
1997 0.19803368498844864 0.9801952150515201
82 -0.021682672692097563 0.999764903217215
1969 0.14671742745499403 0.9891784452165285
116 0.10420536554320499 0.9945558012459669
1660 0.0793499789185834 0.9968468191480677
1468 0.09897545001210963 0.9950898754860791
1075 0.1726276598156326 0.9849871527418914
1684 -0.033039428550055414 0.9994540490493227
11 0.15379499365884994 0.9881027780172842
581 0.04947712403077032 0.9987752571012378
378 0.08068604151189793 0.9967395661380862
656 0.16325202593036572 0.9865843988375406
1567 -0.12054422827672688 0.9927079575732071
186 0.06344484696857096 0.9979853462817652
1364 0.23766276897651326 0.9713477277692147
690 0.10957335014586046 0.9939787125174325
953 0.15239797073855688 0.9883192088160434
488 0.16488489482013494 0.9863128162303038
862 0.17127966266738148 0.9852224505950664
24 -0.025715189783403123 0.9996693098292072
799 0.010422549831944752 0.9999456837523729
995 0.14187619197478285 0.9898844104999001
52 0.052804143178211804 0.998604888062949
1961 0.1888756314247911 0.9820010162183573
843 0.09029716385607414 0.995914866943731
663 0.03631548483284358 0.999340375228258
655 0.0921216407027418 0.9957477608883863
1358 0.049421360045967776 0.9987780179655572
212 0.11348009167899925 0.9935402703426398
1887 0.07926481940203406 0.9968535942680666
1316 -0.11166119262210415 0.9937463348673088
1992 -0.011337472295362503 0.9999357287955821
1352 0.14905080683313504 0.9888295388904963
754 -0.10289489158782676 0.9946922344550246
1069 0.3658795542548554 0.9306622114270399
484 0.02238152788764801 0.9997495022301409
390 0.002336153697980757 0.9999972711892265
204 0.043786377796835814 0.99904091663927
1021 0.16449895771833165 0.986377256889869
107 0.024496156524310714 0.9996999241350059
65 0.05328203418157059 0.9985795035116001
1808 0.18129807344871968 0.9834281918695349
92 0.18212231660117487 0.983275882850699
1121 0.0037866478714073297 0.9999928306232491
1920 -0.11267954763973638 0.9936313801122146
1814 0.020402132708559298 0.9997918548282648
1073 0.2032519598167312 0.9791264682515013
1099 -0.017190766953045843 0.9998522278474785
1717 0.14035287172348598 0.9901015460037271
1385 0.024344548800746553 0.9997036275535306
1175 0.10374521965824532 0.9946039057826298
1072 -0.17450956678827742 0.9846554783777764
1722 0.05872476819295179 0.9982742116275889
1945 0.09591433095094752 0.9953895926310623
338 -0.27393355885210485 0.9617486185769234
856 0.10694673892916862 0.9942647509755217
1638 0.2027023542096236 0.9792403972456796
1041 0.03157196893304093 0.9995014811283128
1557 0.023291303409680057 0.999728720796536
997 0.18456872375234912 0.9828196102095383
163 0.016494307642676866 0.9998639596542065
1176 0.13790327959181092 0.9904457004186664
1017 -0.10644692898938989 0.9943183852814589
1204 0.029949845024804942 0.9995514027717585
259 0.038846252099348805 0.9992451994870096
976 0.1824550455905382 0.983214196570897
1565 -0.03815418851772242 0.9992718638581566
1092 0.10288738670968804 0.9946930107606321
1363 0.10712960089757649 0.9942450646654103
516 -0.10430812109294059 0.9945450295859211
1475 0.16184511042710442 0.9868161734744918
1519 0.14161405176575328 0.9899219465909858
728 0.14709801587697288 0.9891219205563375
905 0.09731832179576916 0.9952533065721787
1953 0.03534742593877162 0.9993750844800481
1658 0.15784925295685132 0.9874632212598927
764 0.06261034612563593 0.9980380476505031
1257 0.06601382918032048 0.9978187081614333
1554 0.018006155636397354 0.9998378760375094
1446 0.0871692580251162 0.9961935155658015
652 0.17029200500505426 0.9853936436934017
1436 0.15119127433557106 0.9885045263248854
1657 -0.06785556025510119 0.9976951553167263
562 0.07197178189137593 0.9974066686218718
210 0.24394526509844647 0.9697890016060445
1052 0.13727081906679234 0.9905335543194546
591 -0.016432445598523443 0.9998649782503893
794 0.0058565420704447535 0.9999828503104325
1342 0.1789523979516348 0.9838577332456963
1758 0.095857174785637 0.9953950984619703
128 0.1226723413552308 0.9924472261366978
1695 0.1733911111334339 0.98485304618502
314 0.0490367815946897 0.9987969733889038
518 0.16668945820985429 0.9860094444383913
585 0.33375131086910176 0.9426611599578907
507 0.15062592273770883 0.9885908311325843
1533 0.13496523169397162 0.9908503349314631
1076 0.0843693582507598 0.996434549475456
1960 0.02522444449162021 0.9996818130785861
1120 0.009026104344682274 0.9999592638904642
301 -0.13621253755121362 0.9906796377305124
1854 0.1873073927241462 0.9823013491952876
1328 0.12087132419903701 0.9926681837282645
269 0.03221391118918566 0.9994809972810366
1020 -0.10780166106151368 0.9941724205953304
30 0.1583337207992321 0.9873856555864435
1672 0.07741907006283348 0.9969986397135184
1011 0.08395028855293388 0.9964699438778267
1205 0.16488582144657332 0.9863126613229137
264 0.06827204032797823 0.9976667422087672
1693 -0.046539070794407646 0.9989164704266283
807 -0.03386559453913773 0.9994263962426201
1830 0.17450568321009963 0.9846561666527948
1847 0.026623207069678197 0.9996455396015754
752 0.14053186684097194 0.9900761558598365
1993 0.046372114643330686 0.9989242348564309
371 0.06625732469093142 0.9978025691111445
401 0.10787729800812658 0.9941642161003713
1804 -0.028600436922607667 0.9995909238322624
164 -0.10039639648151014 0.9949475179995815
768 -0.0754321215635284 0.9971509389437614
1902 0.04369354578175151 0.9990449809978617
760 -0.05936581659010269 0.9982362945818942
1749 0.09537299778799098 0.9954416061693081
1955 0.087200393283092 0.9961907906677687
46 -0.05088061472211934 0.9987047426769832
1243 0.27334766559847357 0.9619153048537409
261 0.09803987983480733 0.9951824867640993
1108 0.0305290381188466 0.9995338802819733
1267 0.0726765061380815 0.9973555662127531
550 -0.16980947256250922 0.9854769114637048
131 -0.03416882410330228 0.9994160752456395
1107 -0.21983686414742365 0.9755366488050703
470 0.16287323050223118 0.9866470041437145
1507 0.10541231455497378 0.9944286017307443
826 0.21251006320707216 0.9771588780928749
216 -0.06716046429126907 0.9977421871586774
963 0.15375177932629694 0.9881095032201632
1523 0.07081699973417838 0.9974893245286635
683 0.1922450023622259 0.9813469616128373
464 0.1260732264616246 0.9920209380701377
8 0.08281922569636152 0.9965645868959296
53 0.0160643057155251 0.9998709607153705
575 0.09936523884704412 0.9950510284949562
938 0.285358278551462 0.9584209163317265
984 0.23952514241328385 0.9708901617340121
6 0.11426788088930064 0.9934499742800684
155 0.42414903726799513 0.9055923995841798
1026 0.09712289478888594 0.9952723965366602
1191 0.20130802349790056 0.9795279882042006
967 -0.0008140810175176341 0.9999996686359937
1812 -0.07847759696936298 0.9969158774811013
1165 0.01787657295118337 0.9998402013019487
1707 -0.004922087505666701 0.9999878864539243
1088 0.03138545242984093 0.9995073553385059
1087 -0.0690889983815593 0.9976105002969008
1937 -0.016317561716598566 0.9998668597266464
410 0.0901137198083463 0.9959314823331488
362 0.08801251378809233 0.9961193690601047
202 0.10440531038908983 0.9945348315481753
316 0.005539948899951408 0.9999846543653488
3 0.11628089257496602 0.9932163681806545
915 0.14390318846411165 0.9895917705548396
113 0.16946247876300932 0.9855366397509008
665 0.13466605699441994 0.9908910399703771
1548 0.040771187468018354 0.9991685094479547
691 -0.1748861169887009 0.9845886684725832
1240 0.061406799560560846 0.9981128217630154
1767 0.07289971055094994 0.9973392763756914
1401 0.07783500483695806 0.9969662542042387
819 0.06776839939298454 0.9977010795041333
1023 0.07641965289074666 0.9970757426856085
135 0.10576533213603567 0.9943911174775014
1337 0.046927899043532756 0.998898279251376
809 0.17394863485763298 0.9847547270417978
1306 0.06991522450417534 0.9975529366317011
110 0.0015217497932957886 0.999998842138113
1479 0.12237444709148267 0.9924840022383504
672 0.18660459827171863 0.9824350990797562
725 0.12106369035456568 0.9926447415252516
1190 0.08381230404415681 0.9964815591323353
1685 -0.017024651938497275 0.9998550701108502
268 0.12156793468164667 0.9925831135261364
1132 0.1874158066270806 0.9822806703922871
1262 0.026607009212458708 0.9996459708620689
437 0.18586153212287304 0.9825759466203813
1486 0.10779391893257925 0.994173260071481
901 0.19420038396711714 0.9809618804352309
886 0.12853903706455946 0.9917044498995232
674 0.2180643818253382 0.9759343857960602
1823 0.17183584237970834 0.9851255977151624
303 0.06922763527761716 0.9976008893910777
1627 0.2513657368396933 0.9678921770233697
743 -0.08364966286531889 0.9964952252281587
1348 0.07945607947134545 0.9968383677583057
376 -0.021075768477018014 0.9997778813231982
668 0.1386544374361522 0.9903408236457105
209 0.1958617930158405 0.9806315098122332
78 0.36473869291933647 0.9311099214848341
1284 0.08530126676027568 0.9963552046780768
1838 -0.009145877167130386 0.9999581755907813
1273 -0.08596918873856153 0.9962977961370955
784 0.1533851533271871 0.9881664812868302
651 0.03844121217845041 0.9992608634416997
1783 0.0934784563128062 0.9956213026072588
9 -0.29405595745745366 0.9557882055579991
747 0.0805423969592507 0.9967511837424917
1624 0.11886612728698367 0.9929102898972266
972 0.13237544027747764 0.9911996483107447
1589 0.09987780307664246 0.9949997107801507
1675 0.18820948134327775 0.9821289075943618
1938 -0.022287516127415634 0.9997516024617666
1289 0.08041972054092549 0.9967610890018328
276 0.16595845582463226 0.9861327450907933
124 0.04198331866811867 0.9991183117897555
1623 0.06199808655265914 0.9980762682600007
577 0.04443328457713005 0.9990123538884231
1150 0.11963224463290437 0.992818274430972
1646 0.11922103940865188 0.9928677372955175
1857 -0.6329880351419063 0.774161577041375
1568 0.44158524762818463 0.8972192982081666
1102 0.04438738605836258 0.9990143942701256
642 0.07209563575451114 0.9973977237316881
1340 0.14564061922235358 0.9893375612158518
1496 0.12154560412680146 0.9925858482355322
1946 0.17186518306714949 0.9851204793573703
1317 -0.045547459007494843 0.9989621759496005
541 0.2213445319549185 0.975195671736528
1182 0.22299691700631558 0.9748191498968813
1640 0.23754308880245395 0.971377002487803
1335 0.19511339019264004 0.9807806915756115
386 0.07416043492058558 0.9972463235792798
429 0.0817303311877769 0.9966544802307048
960 0.07243561834984638 0.9973730902697723
395 0.08519393171067051 0.9963643881631246
1033 0.09864338378681987 0.9951228481122751
777 0.07082892944759096 0.9974884775040301
1524 0.18427825778034185 0.9828741138667973
1127 0.15928017352226406 0.9872334203838103
152 -0.01348735602974574 0.9999090414769372
1415 0.1299364976412066 0.9915223177421357
626 0.09603352126822172 0.9953781004185425
1241 0.07060961818683531 0.9975040259665668
1046 -0.10738308551831086 0.9942177190859994
1128 0.11219429724778364 0.993686288355171
842 0.007069974260804159 0.9999750074196612
347 0.16819399460327072 0.9857539146153034
578 -0.023881749043528182 0.9997147903590413
1319 0.14414984041887108 0.9895558718471706
1331 0.060628757162679736 0.9981603848104315
1181 0.14016436675097046 0.9901282494168618
463 0.1539664202386425 0.9880760807948432
419 0.2492741206982323 0.9684329676080442
55 0.05719189927524083 0.9983632037777087
1462 -0.12079202526555116 0.9926778362753176
1842 0.24891030752401996 0.9685265400639766
820 0.23971498331141286 0.9708433070150966
908 0.04075449998995112 0.9991691902428583
1917 0.16669269446685975 0.9860088973287098
576 -0.19615601369376343 0.9805726991364648
147 0.14018782567593727 0.9901249282450437
1423 0.10633590902684582 0.9943302642741165
1736 0.1269481240323764 0.9919093576555573
208 -0.08190729412605662 0.9966399526252937
731 0.15478932308925789 0.987947501367137
311 0.11105160401862002 0.993814641291268
1923 0.1272003603250799 0.9918770429509747
1977 0.0814371630875644 0.9966784779798595
1332 0.0679487071790746 0.9976888158101663
15 0.11096757464257181 0.9938240273700095
898 0.22548889111680354 0.9742457390119365
1962 0.07987195896112288 0.9968051314934694
325 -0.12458265824977789 0.9922092326033957
236 0.09369870091044896 0.9956005993608553
687 0.14776361418951656 0.9890227066764705
502 0.00229406075649725 0.9999973686391608
322 0.05820007153098801 0.9983049392213723
633 0.22378033921413631 0.974639605075233
762 0.18925189570928738 0.9819285717252763
1414 0.09733693926714132 0.9952514859341356
934 0.04674099040060401 0.9989070426302793
1334 -0.004210544113988384 0.9999911356198434
604 0.1671517608758858 0.9859311785495429
527 0.19951652741734388 0.9798944613004629
526 0.21680219233778036 0.9762155547815923
1728 0.08879608327807373 0.9960498258593661
1083 0.15774650819750125 0.9874796398668156
530 0.018859505465632195 0.999822143710366
1738 0.1978935942240633 0.9802235078618966
1862 -0.0798808761006423 0.996804416941154
251 0.1323095471880619 0.9912084461519132
32 0.26258132237848175 0.9649098658102568
1296 0.05303689750949898 0.9985925532981742
1097 -0.03538011785299258 0.9993739276470586
1591 -0.23625121778520797 0.9716920098956285
1927 0.08767559973455982 0.996149079812447
1614 0.0964794896407985 0.9953349727999369
1445 0.021064372016036552 0.9997781215007507
909 0.11706083674954403 0.9931247456888267
1714 0.09434007037265553 0.9955400298943696
1427 0.06315733849855953 0.9980035824553829
1944 0.18745850817467793 0.9822725221204777
1603 0.09889667674356308 0.9950977074283104
185 0.19534655615582733 0.9807342774666633
891 0.06315476187146964 0.9980037455104855
1768 0.010763503495061713 0.9999420718184188
1643 0.07738561972276832 0.9970012366392146
558 0.20527260895187976 0.9787048360021977
1836 0.04054796738126823 0.9991775929939821
1504 -0.0926130591530662 0.9957021749872352
974 0.07609173349349205 0.9971008214287839
770 0.15251361093724733 0.9883013702706689
193 0.11148663976742332 0.9937659327796303
1188 -0.011152638994204446 0.999937807387772
137 0.13303596669086906 0.9911112104938709
35 0.07052586246801028 0.9975099511900336
335 -0.028532155223168702 0.9995928751838525
1386 0.013495662407546115 0.9999089294011637
1652 0.13331755123556144 0.991073372930861
1466 0.20127577925650056 0.9795346143371804
1760 0.060674724424876 0.9981575916737624
1631 0.138763554200876 0.9903255404287726
594 0.16072045177380523 0.9869999677718454
1222 0.09350264177553555 0.9956190315482102
61 0.040999847132308656 0.9991591527555195
1062 0.13356224931070984 0.9910404257945605
1913 0.1261773545077822 0.9920076991684175
1682 0.18415407593395608 0.9828973884983674
405 -0.35223914113795757 0.9359100317073185
1101 0.3788172894901972 0.9254714804807872
937 0.15838506635904304 0.9873774206221456
719 0.13695784576836087 0.9905768766140718
1871 0.0007973940365336758 0.9999996820813247
711 0.1427253624542585 0.9897623305179382
1513 0.15796312331201262 0.9874450119745979
1929 -0.04693564157571269 0.9988979154797932
287 0.14019736191372126 0.9901235780004601
830 0.047588306156972154 0.9988670347534301
860 0.20386550378081222 0.978998905192542
432 0.21446917079750866 0.9767307585908356
1112 0.057875830942746107 0.9983237892551128
134 0.17618925195524546 0.9843563112488543
461 0.056275942886683514 0.9984152534152384
1179 0.05203878912384886 0.9986450642878698
609 0.12089994498252653 0.9926646983262888
865 0.2109204474759631 0.9775032300900798
948 -0.39759454289870844 0.9175612129210603
1370 0.012261812132481884 0.9999248211556845
1454 0.15258630701443193 0.9882901491524124
1878 0.13641084055105573 0.9906523520287804
664 0.09768247595714687 0.9952176314208272
1100 0.12589445731206178 0.9920436409846601
798 0.2297479315428194 0.9732501671984424
220 -0.01789074957244461 0.9998399477315038
1574 0.1540515603759883 0.9880628101217671
644 0.11653517438168923 0.9931865651184723
946 0.2843491690416542 0.9587207883765329
262 0.17623031006584602 0.984348961402457
924 0.08676148302735345 0.9962291127360685
359 -0.027359836267371665 0.9996256496106043
1710 0.10772467242145811 0.9941807657321126
1136 0.3549027486088317 0.9349032244194563
1314 0.060973557323847426 0.9981393817034149
570 0.08285405132293945 0.9965616921091116
769 0.13196155195916312 0.991254835450768
1229 0.03538964789137446 0.9993735902164538
446 -0.1420610282453674 0.9898579010412903
156 0.059262372967431684 0.9982424410684354
957 0.26386433629544587 0.9645598022058373
1193 0.23823626428576156 0.9712072293692859
340 0.1159409767896471 0.9932561048899032
1782 0.11867274834989663 0.9929334211310857
1833 0.03822266495568562 0.9992692469418266
434 0.020040322357200675 0.9997991725740824
540 0.09304546659540217 0.9956618608473681
945 -0.05494908770162986 0.9984891575579369
892 0.1155927894279979 0.9932966863089067
1290 0.02813680994114409 0.9996040815874733
513 -0.2957498516514017 0.9552654213610864
1781 0.03568733134700957 0.9993630043089092
1762 -0.24763078439022004 0.9688544754617612
1198 -0.014887708551667104 0.9998891719256093
309 0.2501047555864136 0.9682187827309798
1822 0.2971192700417685 0.9548403737640374
700 0.12166534562741183 0.9925711781395642
326 0.11699127814342927 0.9931329421776155
279 0.1784544512068363 0.9839481738610356
1891 0.25239619316306433 0.9676239774193243
544 0.0172470192541931 0.9998512591014953
1713 0.0981487748396813 0.9951717530142572
263 0.21295920094610402 0.9770610926305462
1187 0.17896962871575645 0.9838545990121428
1042 0.17192518134343993 0.985110010110559
825 0.14686249206396423 0.9891569179987381
785 0.1845757159313266 0.982818297086719
169 0.006914204990871404 0.9999760965989858
452 0.1592689934379146 0.9872352241129131
237 0.39712119177495697 0.9177661788512571
1544 0.13765347977273798 0.9904804488259504
93 0.029349422639837384 0.9995692129065942
1865 0.06825547156014536 0.9976678758996415
532 0.25469404119737776 0.9670216881634809
1236 0.1848077752093055 0.9827746874142551
430 0.15559714955139323 0.9878205945673948
782 -0.13283593542339797 0.9911380399622399
1571 -0.01177500330387211 0.9999306722454281
1936 0.18520114437832094 0.9827006340289806
1442 0.1151731157699181 0.9933454350848193
572 0.19123808580798665 0.9815436793828879
1293 0.06759737802024277 0.997712681329043
1897 0.022531810752619688 0.9997461265262336
1785 0.04487794181720962 0.9989924776184509
363 0.09663501052095484 0.9953198856355755
620 0.038551671357035855 0.9992566080019581
1883 0.12342696731084518 0.9923536586018351
219 0.12359865756013931 0.9923322890288975
1067 0.05802503958659765 0.998315127993648
1154 0.11522907885161428 0.9933389448657534
1848 0.1425130221059572 0.9897929270964847
834 -0.06468813373321926 0.997905529273244
60 0.14960846130019056 0.9887453202455065
1526 0.21446891173611413 0.9767308154751374
403 0.18787155954055101 0.9821936047011307
1932 0.04520110962270468 0.9989779075079069
1819 0.3987025326752 0.9170803075185842
1599 0.04166879640314738 0.9991314785383918
450 0.10471233486291859 0.9945025524992663
227 0.07557241542052269 0.997140316117801
1981 -0.08918341223386231 0.9960152202563598
1402 -0.004754958145005731 0.9999886951226196
973 -0.017556223248592 0.9998458776357713
881 0.001690045021838418 0.9999985718728923
755 -0.24979542326409954 0.9682986349862883
1680 0.18680436123931787 0.9823971348807825
1925 0.16285213955212857 0.9866504855536706
831 0.08954695216915608 0.9959826019350011
1237 0.08373732322423921 0.996487862795749
1249 0.0479444408963488 0.9988500040482238
352 0.07325904622777633 0.997312945943146
1910 -0.0367357156486474 0.999325015796053
1003 0.15743421166695587 0.9875294775331035
1719 0.0932473232238081 0.995642976529034
1404 0.08370141276573534 0.9964908797881795
254 0.06459140980917771 0.9979117945885111
803 0.00201211168909063 0.9999979757012265
1261 0.027009280313449905 0.9996351828426955
1724 0.15162049984705386 0.9884387811220934
761 0.004379692872288618 0.9999904090991796
1989 -0.17914971840291816 0.9838218224842115
408 0.09271781634586727 0.9956924256677131
1753 0.20438534286388083 0.9788905105385453
1959 0.3020413337090317 0.9532948299090209
647 0.11637248035291323 0.9932056412528629
1298 0.15902469532310481 0.9872746053036073
1167 0.09815631819815118 0.9951710090219587
659 -0.006704536544890917 0.9999775243422815
1018 -0.08410809864490339 0.9964566361575093
1954 -0.12843702229711296 0.9917176671328644
1171 0.1920516934641427 0.9813848108859008
112 0.041814541332949956 0.9991253895948772
1147 -0.19398268861366413 0.9810049523413296
260 -0.008824269915564955 0.9999610653722761
978 0.01022253183649235 0.9999477485563193
1916 0.01885148503683943 0.9998222949664134
117 -0.018396188881756165 0.9998307757988982
1304 -0.1319431473273519 0.9912572854074531
588 0.04017367123009373 0.9991927122131629
1633 0.03182004663548847 0.9994936141027192
1263 0.17760634627879238 0.984101613534648
40 0.06664406121927098 0.9977768132724883
906 0.023909773419424563 0.9997141205039727
133 -0.034136944097680776 0.999417164675328
1377 0.14739356505566886 0.9890779226027544
1473 0.117104096994404 0.9931196455951948
290 0.10210535785167357 0.9947735902696561
1106 0.12365736387348504 0.9923249751769129
1849 0.0755226301749274 0.9971440880491953
1449 0.18434447692563807 0.9828616961846733
1431 -0.013609441355817726 0.999907387264432
1723 0.12440176202309822 0.9922319293418995
1313 0.1400605982036983 0.990142933535771
589 0.05257547856041416 0.9986169531177324
151 0.2634644935453351 0.964669093855971
217 -0.037684512855263995 0.9992896864727774
670 0.021770388365036492 0.9997629970100091
229 0.20662685359626431 0.9784198195932602
1387 0.07471011389070233 0.9972052942511076
1629 0.06600095079480037 0.9978195600879863
334 -0.012484124099312656 0.9999220702862163
1217 0.12267334373337196 0.9924471022363227
1461 0.028982822492378286 0.9995799097622837
680 0.15016355199378884 0.9886611692853162
447 0.04033574634751225 0.9991861826339419
423 0.05127441330483471 0.99868460213435
1829 -0.10330005933658155 0.9946502388986085
101 0.07070876628659357 0.9974970026873404
848 0.05040078418660114 0.998729072848776
441 0.11603362242191946 0.9932452861542548
921 -0.1225780311585118 0.9924588788848144
836 0.0579479494317073 0.998319605715855
554 0.017345613196800915 0.999849553534344
1884 0.11841196497277534 0.9929645545291566
383 -0.032497914876980095 0.9994718032684307
89 0.06503311608751308 0.9978831062864769
517 0.08817363083464055 0.9961051203690484
157 0.07207310004020674 0.9973993524414353
1124 0.07727237312075436 0.9970100201865009
899 -0.054300544355096056 0.9985246370935174
379 -0.04129397641395364 0.9991470399855689
242 0.030815000984412144 0.9995251050945797
165 0.050939498342404424 0.9987017410161175
494 0.0021828285660512505 0.9999976176268878
413 0.17473381512276914 0.9846157087171837
143 0.026703255200272513 0.9996434045006796
628 0.09126691521438762 0.9958264659001838
696 0.0986883070022838 0.9951183939919024
1720 0.01702430917816853 0.9998550759470126
1058 0.20676760209008546 0.9783900851531131
1055 -0.07122264858929406 0.997460442487784
1987 0.16612788678974316 0.9861042162118436
1053 0.04111734487140495 0.9991543243917458
278 0.15336541386196093 0.9881695450837116
1626 0.07438981298315565 0.9972292393047504
183 0.005477315019802222 0.9999849993975779
250 0.22662043761276468 0.9739831503964527
1029 0.15387441567214832 0.9880904129691549
468 0.01058041923805562 0.9999440257978178
1701 0.1650615329696411 0.9862832708373959
1037 -0.026381470408843283 0.9996519484395893
888 -0.013686290486206818 0.9999063383401103
950 0.06085715134817857 0.9981464858074615
566 0.033978040858757906 0.9994225796625772
771 0.17837470707720227 0.9839626333734033
1876 0.19442332724284825 0.9809177181720291
1604 0.033754757529001804 0.9994301458051775
267 -0.0007408966451307127 0.9999997255360429
1498 0.21914869052412017 0.975691473490244
922 0.003920221604792791 0.999992315901762
1177 0.07440981158548148 0.9972277472773274
964 0.09256754357871447 0.9957064074694923
952 0.10845679090553073 0.9941011641208726
1418 -0.054249705557287996 0.9985274004487547
1809 0.13888073667541384 0.990309113853091
1070 -0.155280493144254 0.9878704208796198
627 0.07714931261981672 0.9970195502407612
806 0.04088500464875328 0.9991638586312414
1489 -0.03871591767438076 0.999250257802634
1737 0.020936900647523165 0.9997807990711143
559 -0.004929715976537789 0.9999878488763704
1742 0.007204921404145625 0.9999740442169287
992 0.15226475727698896 0.9883397410260196
190 -0.007996880169654629 0.9999680244425581
68 0.12466998088278904 0.9921982643941104
414 0.040185985093728026 0.9991922170443717
477 0.04289015393788147 0.9990797939580126
385 0.17381581517010145 0.9847781792854435
880 0.014469388788440219 0.9998953129143514
583 0.18340536964387366 0.9830373697809226
816 0.1914541810450807 0.9815015519908041
1063 0.2208127771669574 0.9753162140761403
86 0.0949644033896312 0.995480668867483
567 0.21976780250737546 0.9755522092543686
1860 0.1259201308407614 0.9920403825697045
331 0.16059729643627374 0.9870200141726406
1068 0.13756007138470833 0.9904934259048034
823 0.02393172583997197 0.9997135952353156
1853 0.1585133653361917 0.987356831651959
818 0.10681240158093235 0.9942791916099389
883 0.21218723354331012 0.9772290304331103
188 0.12382507877090633 0.992304061196657
382 0.1351377630217725 0.9908268188767758
981 0.09588638190764665 0.9953922853652528
1424 -0.027622698129916343 0.9996184204725438
449 0.0705552331368091 0.9975078741929864
1145 0.15715993458227973 0.9875731643590229
748 0.0817681529898852 0.9966513779434726
231 0.2808005530945138 0.9597661430691411
1716 0.18705691583431153 0.9823490775882855
1770 0.1339142028413618 0.9909929294789962
977 0.1161225499870133 0.9932348933583203
1690 0.1959686113842664 0.980610168901038
1143 0.10830586207129478 0.9941176189168934
1979 0.38800460137207865 0.9216574359891501
869 0.17777585618672306 0.9840710060544805
168 0.08934002177463808 0.9960011849939272
1900 0.06206285764256892 0.9980722427265666
822 0.05925201661942469 0.9982430558368696
699 0.2008812209808063 0.9796156057644552
998 0.061214961777917534 0.9981246056753275
245 0.09275937883666774 0.9956885545379317
1966 -0.08201437450110073 0.9966311466009846
1422 0.1998220424978579 0.9798322057025806
1780 0.07363366951097826 0.9972853567130866
445 0.027735947508357117 0.9996152846049392
366 -0.10187777348005388 0.9947969236335358
1215 0.12972459526606342 0.9915500639821754
486 0.1410155382793104 0.9900073827824701
1551 0.0627967670223045 0.9980263353496974
173 0.16434929167925474 0.9864022051498705
1492 0.006936084611896891 0.9999759450758086
10 0.08475646726949108 0.9964016967348037
148 0.2549605283750933 0.9669514615381132
292 0.07162917541447641 0.9974313315860105
420 0.2176968599517052 0.9760164328366443
599 -0.1123971331618947 0.9936633657617591
365 0.24295846793594847 0.9700366915010055
1477 -0.016379497830779764 0.9998658470268956
373 0.09732715320527374 0.9952524429756288
1757 0.19433895588473604 0.9809344372717427
1156 0.09537414319003439 0.9954414964279753
713 0.15609092939280755 0.9877426900571269
1892 0.04724696243829713 0.9988832386922678
200 0.09114070279447128 0.9958380251296542
109 0.11638369889375039 0.9932043267282966
1071 0.14579396173934747 0.9893149754857375
87 0.030636569747204252 0.9995305901242466
1651 0.22969065831637386 0.9732636854841502
1784 0.30753136502204975 0.9515379443446672
1321 0.07589415662242781 0.9971158794195238
308 0.026530071515731276 0.9996480157062136
1607 0.07047681269302163 0.997513417891024
1455 0.14756694455886926 0.9890520698494895
1826 -0.005956543445616805 0.9999822596377301
1246 0.10714661761858378 0.9942432309716255
1512 0.12451597464214537 0.9922176031793211
1879 0.010135676138409917 0.9999486327153098
350 0.15211737681541998 0.9883624353802584
1978 0.20700523832473036 0.9783398342631877
920 0.027301140515263455 0.9996272543936393
1542 0.04428108309960665 0.9990191117689019
