500 2
204 0.04022290437483835 0.9991907315240932
297 -0.3496422563798018 0.9368832865163307
57 0.09837698562495271 0.9951492193130373
406 -0.15385665541512747 0.988093178594241
179 0.10308786459558515 0.9946722536459546
218 -0.13372404929745016 0.9910186066060984
109 0.12833458910698006 0.9917309278421959
327 -0.05061566744309144 0.998718205606211
290 0.024751052339144153 0.9996936457775977
405 -0.11916216804573948 0.9928748046489241
488 -0.3874267659953699 0.9219004832357822
94 -0.1905303771904187 0.9816813003045727
71 -0.20953628540021305 0.9778008719062794
332 -0.2574368764379276 0.9662951177822866
499 -0.2921413307295791 0.9563751580209258
26 -0.2699818618893524 0.9628654081701963
64 0.04243772591613322 0.9990991139116614
176 -0.36871349005263565 0.9295430932738971
3 -0.09621672813649407 0.9953604077050221
122 -0.024130645169291164 0.9997088135870934
125 0.0671004180110066 0.9977462272054692
22 -0.033984716053195044 0.9994223526991899
287 -0.05332334779949042 0.9985772982495921
490 -0.29038392101118216 0.9569102248477501
390 -0.664509808712677 0.7472795421558397
337 0.04020080509092122 0.9991916208966335
277 0.02888440607290171 0.9995827584976722
255 0.08162594055373017 0.9966630352474797
389 -0.05740148143406452 0.998351175653725
496 -0.11288191118271215 0.993608410857989
484 -0.2033606526374746 0.9791038989600953
262 -0.17658620367072034 0.9842851785296591
205 -0.09164885292806786 0.995791387669611
230 0.015564242647908295 0.9998788698391405
318 -0.2357589823330116 0.9718115569642619
401 -0.07778693184405348 0.9969700061858875
229 -0.11632239568527843 0.9932115083213834
272 -0.21265420322991813 0.9771275197478826
147 -0.25663235820369085 0.9665090960372865
474 -0.09629229221135524 0.9953531003923597
333 -0.16535720880938987 0.9862337418151783
440 -0.40389987755028195 0.914803196821517
338 -0.125421202200897 0.9921035843290165
65 0.13927621968401901 0.9902535708749193
7 -0.42480770756312236 0.9052836083763832
420 -0.18225575479942313 0.9832511580682184
386 -0.08189343526540548 0.9966410914970498
487 -0.3277002048681627 0.9447817609000314
369 -0.07676213915487917 0.9970494340765492
77 -0.10660207319351439 0.9943017640489453
37 -0.253567072627886 0.9673178069687978
418 0.014972502945058027 0.9998879057952247
345 0.10476023156321167 0.9944975082335915
480 -0.06315702651084452 0.9980036021990645
275 -0.005555854513981126 0.9999845661212073
343 -0.20011283754103637 0.9797728574783416
330 -0.14742126918812135 0.9890737937034645
470 -0.19601355542868595 0.9806011860528242
292 -0.23940054566918403 0.9709208921087736
347 -0.2691637057950516 0.963094439545092
213 -0.006133012326422673 0.9999811929030485
208 -0.05686579591113054 0.9983818313928763
150 -0.29546328806761646 0.9553540942521117
95 -0.023924135424858762 0.999713776910258
27 0.04002558923042348 0.9991986550264953
295 -0.2757413085863077 0.9612318818782025
415 0.1804876491392986 0.9835772509102523
335 -0.033767138863368906 0.9994297275611638
396 -0.2430279639494201 0.9700192826632877
32 -0.03203978195429662 0.9994865943935021
468 -0.11137270522959002 0.9937787080280212
328 -0.17287445594977918 0.9849438676798125
116 -0.05386294604860181 0.9985483378599983
222 0.03294123603885322 0.9994572902171621
103 -0.3649090700954806 0.9310431625666189
243 -0.05960592532860831 0.9982219861662638
363 -0.16541681991335666 0.9862237452473714
157 0.020012290819521585 0.999799734054853
221 0.057958742054087735 0.9983189791942791
430 -0.135443529850766 0.9907850676214114
70 -0.12622705436161882 0.992001376383717
128 -0.232214649782074 0.9726645652158759
291 -0.2804232333513139 0.9598764556945828
476 -0.27694763753611057 0.9608850118839231
211 0.05153105846173859 0.9986713924078394
215 0.0842453900425942 0.9964450382517699
477 -0.11730781242242612 0.9930956032249185
127 -0.10649461213035599 0.9943132793979998
471 -0.30455844109898855 0.9524936513989759
239 -0.2140533513856342 0.9768219708629501
195 -0.2636004335086191 0.9646319564756645
314 0.10187887377150993 0.9947968109513866
10 -0.23011557679369876 0.9731633066021876
346 0.026703564245244633 0.9996433962451811
36 0.02227991819022217 0.9997517718141025
151 -0.0716505290272245 0.9974297978755793
162 -0.09653624879165627 0.9953294694066057
321 -0.24474714454391416 0.9695869405255004
159 -0.003769520169206145 0.9999928953336088
99 0.09373763125170687 0.9955969347518698
344 -0.17299624137170627 0.9849224844987865
220 -0.09963845882221233 0.9950237070158351
307 -0.40495321346181345 0.9143374075837382
370 -0.2247535004643797 0.9744156525985243
264 -0.1934016133978859 0.9811196746244031
115 -0.12484006012908162 0.9921768790830431
148 -0.33889353801634414 0.9408247285710365
68 0.013603703803106422 0.9999074653400871
185 -0.05667669824221047 0.9983925840451547
493 -0.12197123393063802 0.9925336357491558
464 -0.22202579385008428 0.9750407924108816
206 -0.08518880434194925 0.9963648265644414
232 -0.3108432264169493 0.9504611978353988
28 -0.2612902906190698 0.9652602675072677
47 -0.01122500411184148 0.999936997656697
132 -0.25992028697372094 0.9656300763851023
325 -0.16986326948865701 0.9854676400971388
177 0.2953161005989489 0.9553996026412359
466 0.16699440612809693 0.9859578430754148
224 -0.17481525710609896 0.9846012522249443
56 -0.039608247516293035 0.9992152854759018
12 -0.060663520450603185 0.9981582726634786
2 0.08286185960667566 0.9965610428982881
385 -0.21805350196036774 0.9759368167472829
18 -0.12925509552627876 0.9916113756308429
240 -0.15422011338549696 0.9880365158370233
353 -0.2673795725365952 0.9635912848247163
315 -0.08708554837718023 0.9962008368114563
489 0.0034773671364352766 0.9999939539406218
181 -0.15140290983617996 0.9884721335946389
165 0.11394779349733375 0.9934867388934233
143 -0.05996459339147307 0.9982005046779906
432 -0.255156101024054 0.9668998728463061
214 0.08714077802390696 0.9961960072221672
281 -0.1310176466437525 0.9913800362464098
241 -0.024832015779739675 0.9996916379525813
66 -0.3392642296168281 0.9406911196043578
354 -0.003732878086957754 0.9999930327863229
380 -0.26713058327493905 0.9636603403062673
312 -0.1707210136538159 0.9853194078556524
265 -0.011378090457809764 0.9999352674336144
87 0.07314991030572843 0.9973209566745621
408 -0.41629694080892027 0.9092287154908464
306 -0.001104818946954489 0.9999993896873609
259 -0.08626952961298545 0.9962718345212588
258 -0.23803614738774453 0.9712562960088341
48 0.034283031665338484 0.9994121640943907
73 -0.09117837107068309 0.995834576949855
449 0.02413064516929349 0.9997088135870933
282 -0.13404700384746762 0.9909749748401909
387 -0.28954058601051896 0.9571657375045793
340 -0.21757338625536018 0.9760439649899875
361 0.10991941621879275 0.9939405022123405
398 -0.09820534448755637 0.9951661722114957
53 -0.24853117851842219 0.9686238967237202
184 -0.26318624584283645 0.9647450440396956
249 -0.2804733909604281 0.9598618009709309
402 0.1762750745133149 0.9843409460676343
52 -0.07456379197430311 0.9972162458195378
280 -0.4071153067685347 0.9133767716527292
85 -0.03816953505639929 0.9992712777787512
202 -0.1448565879248244 0.9894526612904619
427 0.008013301118687073 0.9999678929871605
38 -0.10570423945634683 0.9943976135133045
269 0.02469751468700326 0.9996949698624503
59 0.12426511723249613 0.9922490517199771
422 -0.1349739062770644 0.9908491533146255
123 -0.19935463206309337 0.9799274109213338
274 -0.23045844865261766 0.9730821668516121
463 -0.30735047114562447 0.951596389172722
276 -0.08699565254868002 0.9962086912076351
350 -0.1951478518541515 0.9807738352529141
82 -0.12347565625819004 0.9923476015548227
60 -0.21162660614046594 0.9773505919440926
437 -0.2122376254266448 0.9772180874059072
90 -0.0035842689756410777 0.9999935764873243
231 -0.1390733123206959 0.9902820879931891
357 -0.2356588687939061 0.9718358387910876
4 -0.11828108534385724 0.9929801533011016
75 0.0628784718269605 0.9980211910479188
228 0.09366983183511757 0.9956033158863931
145 -0.2414663517907759 0.9704091925331568
299 -0.13950857857161295 0.9902208624872171
465 -0.12847956422359302 0.9917121566144661
61 0.046397251904446137 0.998923067616178
91 -0.15651939918031585 0.987674884605371
495 -0.23224931581407002 0.9726562883690705
414 -0.3102571432433906 0.9506526732021796
384 -0.17745654984296708 0.9841286363671319
419 -0.036636433446122996 0.9993286605238277
479 -0.12175941587076172 0.9925596428662667
155 0.07386881490708559 0.9972679670902013
25 -0.17877469845584984 0.9838900381607792
411 -0.011282071034863018 0.9999363554112654
203 -0.30274698870622474 0.953070963165552
435 0.25996469966016134 0.9656181206515349
278 -0.07721608655413205 0.9970143810283103
152 -0.02021563723094047 0.9997956431248073
443 -0.21227157064184277 0.9772107143790663
400 -0.3014519047258502 0.9534813837391672
35 -0.09483718090425935 0.9954927971201665
194 -0.06863695677718312 0.9976417033005222
444 -0.3666960799475668 0.9303407896846659
248 -0.08158862266803706 0.9966660908504577
412 0.3108352275241459 0.9504638137930409
173 -0.28448813344976365 0.9586795616504347
141 0.04001565341518983 0.9991990529828155
372 -0.012245546170239431 0.9999250204885327
483 -0.17275623245484534 0.9849646106069027
49 0.06459191584691854 0.997911761834294
448 -0.08299684137745468 0.996549810256048
404 -0.00645170555324931 0.9999791875311478
207 -0.20488936561561383 0.9787851387601016
348 -0.17380729449324475 0.9847796831682396
469 -0.09013572372304621 0.9959294911332442
97 0.11432461644818435 0.9934434468423332
446 -0.10575630078860895 0.9943920780273289
227 0.1615681442618704 0.9868615580514704
81 -0.0011401466687499422 0.9999993500325756
245 -0.15782620704572634 0.9874669049490011
352 -0.2289650938782431 0.9734346335452255
29 0.0013198818788021304 0.9999991289555337
461 -0.11129599230066956 0.9937873022421897
164 -0.3807198488658261 0.9246904328906959
39 -0.09799428802710541 0.9951869771626137
9 -0.11093518921230136 0.9938276429011375
146 -0.2521701981356228 0.9676828980467933
54 -0.12425525395414247 0.9922502869058751
457 -0.1751816781233037 0.9845361240959639
223 0.12620932840820814 0.9920036317588505
113 -0.13533049243619893 0.990800513633787
58 -0.09065561232608645 0.9958823022595504
124 -0.4079487309761816 0.9130048372790383
244 -0.11426779722331767 0.9934499839034326
46 -0.09223837874074728 0.995736953962882
399 -0.07843020874345219 0.9969196067669943
11 -0.211831881374129 0.9773061209434314
431 -0.20205937973556135 0.9793732725885878
475 -0.054763584221747375 0.9984993489447991
300 -0.22050758945700538 0.9753852587525919
358 -0.3540091137345719 0.9352419726428359
478 0.14247314468910624 0.9897986679332302
45 -0.005820008244016861 0.9999830636085991
392 -0.3145882917076477 0.9492282163528768
313 -0.22971703528650783 0.973257460130246
454 -0.28631024119743687 0.9581369660885992
175 -0.27781935644580935 0.9606333354532499
126 -0.07558111545992827 0.9971396567110512
247 -0.2533933827849399 0.9673633203511518
355 -0.3583741364419494 0.9335780515465683
270 -0.20852868568300825 0.978016251013917
250 -0.29697256120546617 0.9548860130356218
331 -0.20549811354625752 0.9786575117623781
302 -0.133415643466832 0.9910601727838382
407 -0.13713766909115774 0.9905519974823351
310 -0.3669163459031103 0.9302539411951498
114 0.01963379221230556 0.9998072385231885
78 -0.28935545713529875 0.957221719052604
108 -0.12901453027099993 0.9916427032852878
140 -0.06314329766175741 0.9980044709120289
268 -0.3130088240403667 0.9497502177272015
383 -0.14996927372886057 0.9886906578587856
31 -0.18175325555993793 0.9833441686883407
167 0.0750678516117599 0.9971784281934676
452 -0.2972873178660394 0.9547880658219479
467 0.14636372960076302 0.9892308419460822
349 -0.11414324186725913 0.9934643024970915
100 0.2210298099719686 0.9752670521983995
451 -0.06010547512334602 0.9981920315551496
199 -0.1243411018262426 0.9922395327725236
322 -0.35683344881506346 0.9341680201156254
80 -0.07821426008458733 0.9969365724655809
236 0.07664968132229803 0.9970580857468586
98 -0.09339484928339824 0.9956291488939701
190 0.09487557336492913 0.9954891388552042
14 0.18810253724400025 0.9821493957043244
209 -0.07458058602349614 0.997214989953717
237 -0.028066483870621106 0.9996060586466751
336 -0.4204967180139908 0.9072940593542219
379 -0.38199728920782744 0.9241634438982488
160 -0.09956771959283002 0.9950307880739588
296 -0.05366588099767658 0.998558948293361
362 -0.22519004693133582 0.974314858124961
133 -0.06945735788605874 0.9975849214154593
329 -0.18579581674910162 0.9825883748948662
455 -0.0754887568442512 0.997146653000505
44 -0.08547808098613935 0.9963400512229381
388 -0.09101562321883179 0.995849464693378
17 -0.26796093023676737 0.9634297794165625
149 -0.03505298276352103 0.9993854553671372
397 -0.20044424890608525 0.9797051102655714
118 -0.18121566710124487 0.9834433801684013
163 0.13280364649805596 0.9911423669063993
311 -0.09886774027742876 0.9951005828218747
168 -0.33882166252975165 0.9408506156667885
417 -0.2553634748749688 0.9668451249811323
326 -0.12192988413630108 0.9925387163000283
200 -0.1500800447170826 0.9886738492433784
188 0.0792327372996108 0.9968561447571113
210 0.1253452212231709 0.9921131868474052
339 -0.401631772658736 0.9158012443707432
364 -0.1491745063946876 0.9888108851756747
178 0.15409401893271257 0.9880561893582596
107 0.10595096668216245 0.9943713555101611
197 -0.15396375232397844 0.9880764965175118
434 -0.18755250999237144 0.9822545779967439
5 -0.09056691408848715 0.9958903725172207
324 -0.08036814272553787 0.9967652490104414
284 -0.16128436307674038 0.986907976574782
170 -0.024444301286690197 0.9997011934246179
393 -0.21679950473075532 0.9762161516531568
438 -0.1914290718736621 0.9815064495160428
266 -0.049123705475853416 0.9987927019959254
212 -0.01816226298261004 0.999835052497836
395 -0.07186879374965009 0.9974140947896065
426 -0.04500932597813285 0.9989865667640352
0 0.6645098087126785 0.7472795421558383
19 -0.010216749940857169 0.9999478076483022
423 -0.07173922478463832 0.9974234224376822
334 -0.15712154917818186 0.9875792721517843
453 -0.012926598375052063 0.9999164480367597
161 -0.17250862273609197 0.9850080076231343
377 -0.3395251241097115 0.9405969860138214
89 0.11949536529610777 0.9928347584934513
166 0.05847760595119634 0.9982887205624517
409 -0.3292667548451947 0.9442369428028722
368 0.05342605225509003 0.9985718086048877
130 0.10547931602050285 0.9944214970986129
105 -0.10871200591443325 0.9940732869210702
217 -0.13697198466583002 0.9905749216574704
286 -0.17423857610219726 0.9847034673432803
96 -0.19102379863237381 0.9815854055333435
261 -0.10421082752630091 0.9945552289472332
442 -0.3739373354024761 0.9274539714681781
356 -0.11070866976721284 0.9938529018111153
104 -0.36455637971231447 0.9311813174731604
428 -0.04141932137471526 0.9991418516991759
285 -0.11279588242157432 0.9936181806452308
101 0.04490560389852931 0.9989912345654032
254 0.11269187419945415 0.9936299821812014
1 -0.12229001183193593 0.9924944095591395
74 -0.3151157540318118 0.9490532448503416
367 -0.3238707551809502 0.9461013338636199
462 -0.0546873765368891 0.9985035257061001
351 0.07931410694132215 0.9968496739429175
86 -0.3866432782544052 0.9222293507477879
279 -0.28611825417936676 0.9581943146488354
429 -0.1671842372420593 0.9859256720553486
494 -0.2256772692614333 0.9742021197568308
235 -0.11086406600214399 0.9938355793940324
425 -0.1780039869873814 0.9840297661232591
69 -0.18066329225005082 0.9835450039695046
293 0.45234346376293555 0.8918438152451078
135 -0.21341132695269865 0.9769624381358213
136 0.02704749266812155 0.9996341496469436
102 -0.011661918297035338 0.9999319975186478
15 -0.2951391167243136 0.9554542907848559
142 -0.14315160502474436 0.989700771940105
267 -0.19355155843909608 0.9810901050493768
374 0.04277479845725714 0.9990847394575403
119 -0.11590994776412276 0.9932597263602901
273 -0.28808802758799956 0.9576039308401236
129 -0.1296205668432644 0.9915636684808651
234 -0.19872957584282785 0.9800543636377166
111 -0.043431132075799544 0.9990564232147324
43 -0.0320587329142094 0.9994859867171403
225 -0.26215545013505887 0.9650256576715899
271 -0.061860923935918875 0.9980847790091752
373 -0.09041236517417911 0.9959044152043965
72 -0.0911013514191943 0.9958416258470002
257 -0.28992444406407253 0.957049537241484
112 -0.06053416072488409 0.9981661261460109
323 -0.0011507092255503856 0.9999993379339198
138 -0.01366917238901952 0.9999065724987507
55 -0.29717557520049054 0.9548228513731003
144 0.2473333648686165 0.9689304446774123
180 -0.2722063156475723 0.9622389109371822
23 -0.2518406203696986 0.9677687233692797
20 -0.08316237988816033 0.9965360096711696
189 -0.19699218798950388 0.9804050580607527
485 -0.21768391921609895 0.9760193191298617
441 -0.06553276697281732 0.9978504178747868
34 -0.15145439751425882 0.9884642459257658
410 -0.13647837425289921 0.9906430504279963
305 -0.09757584742538912 0.9952280914439751
242 -0.17186111529491682 0.9851211890166546
117 -0.13216987496276375 0.9912270800136201
110 -0.04863897797789883 0.998816424485133
226 -0.05856566679826133 0.998283558250097
83 0.038852463714717955 0.999244957987428
413 -0.34280080311950173 0.9394081165183877
436 -0.07876223346435236 0.9968934299009633
288 -0.21089460102930122 0.9775088067412445
394 -0.10072189698926409 0.9949146191844224
187 -0.22267081901667446 0.9748936897726046
309 -0.25845395528359166 0.9660235778687118
260 -0.022871995158957194 0.9997384017018895
424 -0.1588490683407035 0.9873028782938346
41 -0.04710971260776259 0.9988897211294218
378 -0.01586919472628197 0.9998740764009934
120 -0.029460587168976538 0.9995659426989592
341 0.08932082371975951 0.9960029068481796
50 -0.008545944255640562 0.999963482751635
139 -0.07262860705132539 0.9973590554247672
263 -0.13404700384746784 0.9909749748401908
171 -0.1700048943318755 0.9854432180005137
219 -0.2746066619674231 0.961556644822919
371 -0.31617507228251535 0.9487008610026377
106 -0.2667205306166729 0.9637739146436578
92 0.16137235877007677 0.9868935919464579
403 -0.24382774738200358 0.9698185549919212
492 -0.34947403188691584 0.936946050227388
16 0.07996626029510694 0.9967975708309161
93 0.01289880433132645 0.9999168069628704
497 -0.16128436307674054 0.9869079765747818
319 -0.001111192946257337 0.9999993826249276
246 -0.31515576725668487 0.9490399582551043
450 0.13129052363064922 0.9913439354758721
256 -0.14485658792482414 0.9894526612904619
137 -0.1687643318012057 0.9856564311724915
482 -0.07260578227891526 0.9973607172832037
460 -0.14990489386378514 0.9887004211568271
186 -0.31808702031438535 0.948061520950785
13 0.14826322085285887 0.9889479345963247
320 -0.20664617752259004 0.9784157384850788
24 -0.29298788409364035 0.9561161539134937
67 0.026407631365265857 0.9996512576922396
63 0.050858050757044325 0.9987058919788118
251 -0.20949582948666007 0.9778095404666985
154 -0.12757966401337306 0.9918283265415618
8 0.05773094876643548 0.9983321779620885
365 -0.16229838372751673 0.98674172641043
294 -0.06734522409525172 0.9977297333404272
156 0.1559340338392065 0.9877674711644604
196 -0.1960183584818276 0.9806002259524979
172 0.05040728508693389 0.9987287447601398
308 -0.06586552393285747 0.997828508691273
191 -0.04082596540327066 0.9991662727238599
21 -0.09810376833184825 0.9951761907517136
439 -0.1727974022019618 0.984957388820579
381 -0.1772280489181212 0.9841698119108695
183 0.3685911732190884 0.9295916022775679
360 -0.2572446741623001 0.9663463031517904
253 0.14501862306322963 0.9894289256762432
498 0.3052047760869131 0.9522867449742947
391 -0.019952916854914477 0.9998009207382141
51 -0.2558750108567286 0.9667098731362316
433 -0.2804965375129371 0.9598550372026254
216 0.1458781989853299 0.9893025578966206
201 0.09166181066231542 0.9957901950040008
153 -0.04880023248913741 0.9988085588885419
447 -0.17582711303340562 0.9844210614987562
233 -0.029719620595124945 0.9995582745151389
192 -0.35965128144338515 0.9330867889731002
238 0.023577855142719553 0.999722003732472
298 -0.4851720839996865 0.8744186919933727
382 0.15924918935404586 0.9872384188685522
289 -0.26468660976213637 0.9643344848197779
304 -0.3049285605686853 0.952375226971759
359 -0.2771839171208468 0.9608168795819231
198 0.13713766909116 0.9905519974823348
62 -0.06718789935612159 0.9977403400585304
303 -0.14789881552062353 0.9890024976548828
131 -0.11446103950225424 0.9934277379034991
472 0.10758934610293182 0.9941954197264959
84 -0.05100370169990889 0.9986984642087455
317 0.05397886058636396 0.9985420785374034
366 0.4617444738246194 0.8870129880066161
252 -0.08769820720395079 0.9961470897679784
193 -0.12368110659378677 0.9923220162183929
40 -0.07626622154663046 0.9970874903693259
174 -0.2353666169501054 0.9719066599347194
169 -0.11243385885111001 0.9936592108886472
134 -0.3311066052730709 0.9435933530629299
6 -0.10685817374749339 0.9942742733790061
416 -0.055667115132856874 0.998449383941312
342 0.06147426606326174 0.9981086687390224
182 0.06693227947480249 0.9977575206252804
33 0.06656992728839241 0.9977817621007202
158 -0.15976350883797147 0.9871553176900683
486 -0.08162612056710097 0.9966630205045058
121 0.2360815029296116 0.9717332576250006
301 -0.3173352563246352 0.9483134160673771
376 0.07769030552318937 0.9969775405833944
456 -0.0867362474760089 0.9962313101753932
481 0.17489999071175028 0.9845862040720608
491 -0.2717685694221615 0.9623626367821185
375 -0.172748033399927 0.9849660486313513
88 -0.2593525765107306 0.9657827090278877
421 -0.23027272684263433 0.9731261332799863
316 -0.31033381637854135 0.9506276465640634
79 0.11206566259114577 0.9937008036969717
30 -0.47370388680389497 0.8806841815468713
445 -0.09296161506678068 0.9956696932839604
459 -0.2705125541927487 0.9627164473634566
458 -0.0722557784319751 0.9973861350967284
42 -0.17299624137170636 0.9849224844987864
76 -0.07692740104011554 0.9970366969019813
473 -0.1647203982655798 0.9863403015162813
283 -0.042746378920857704 0.9990859558061831
