500 2
372 0.1256558687126673 0.9920738897169227
495 -0.573164878329103 0.8194400662952627
39 -0.18558866469538357 0.9826275222771772
395 -0.025854044768136405 0.9996657283157843
175 -0.05997475903223252 0.9981998939486147
219 0.09605078697416401 0.9953764344817713
234 -0.22064125167106774 0.9753550318017663
96 -0.12680522127407215 0.9919276364017858
218 -0.15788306666234472 0.9874578154338006
163 -0.11959699817123477 0.9928225209111796
76 -0.044821827379488054 0.9989949968795456
89 -0.15058338488165587 0.9885973114456579
12 -0.03253673273065654 0.9994705403478453
343 -0.11095841098888984 0.9938250505148383
245 -0.19160236509718143 0.9814726352217704
8 -0.2679972956850543 0.9634196642717532
336 -0.011882324572194482 0.9999294026893905
414 -0.11665645703342502 0.9931723269566106
42 0.4424123848355454 0.8968117314933638
305 -0.280259236267797 0.9599243514395241
394 -0.05623907831417509 0.9984173306139935
473 -0.11758783365943869 0.9930624861383498
345 -0.09887067604346582 0.9951002911358775
388 -0.22693662090286154 0.9739095287002745
334 0.16706993647190754 0.9859450473161641
224 -0.07331692203486441 0.9973086929047262
434 -0.5687423214771984 0.8225157577583102
139 -0.18898969264066295 0.9819790710985585
283 -0.0942846532197866 0.9955452798176607
382 -0.1314815584698987 0.9913186166830152
465 -0.08988451625030434 0.99595219450456
312 -0.1272989375923149 0.9918643962194974
13 -0.1339021600444076 0.9909945567637806
7 -0.11251866536962313 0.9936496112531009
449 -0.5133722682338961 0.8581660178592395
71 0.052590883925278456 0.9986161419324033
258 -0.1317270749135859 0.9912860221624789
226 -0.14848161219623046 0.9889151686770752
180 -0.10365418436847251 0.9946133972870597
126 -0.18567607702608707 0.9826110087009011
114 0.046105687275969934 0.998936567355911
360 -0.11497650361711871 0.993368211498628
484 -0.08183211425611979 0.9966461283105321
25 -0.06098829410612604 0.9981384813651984
270 -0.08997478280169056 0.9959440438397072
83 -0.0837163575192271 0.9964896243733363
80 -0.17463217270790102 0.9846337411724818
286 -0.11029044056810101 0.9938994007037605
186 -0.06573249831444393 0.9978372806551886
108 0.0671411744122601 0.9977434854202469
132 0.023234857536435553 0.9997300342568795
320 -0.1103660354883895 0.9938910092211196
239 -0.038479228973326465 0.9992594002247956
421 -0.04731066138435196 0.998880223710218
317 -0.05522909679508771 0.9984737086509584
485 -0.1589273368107644 0.9872902823456926
18 -0.3464075413834843 0.9380841195077602
458 -0.06892340603455817 0.9976219545000979
299 -0.25044101103304284 0.9681318608499295
130 -0.1303188763482565 0.9914721329756717
402 0.09295322939244463 0.9956704761845233
116 -0.34938399111855795 0.9369796298479851
32 0.449594025799062 0.8932330110143671
304 -0.2541985827366724 0.9671520462340277
266 -0.0027996148645774935 0.9999960810706261
211 -0.060797139190027286 0.9981501429475971
200 0.0957539131670273 0.9954050372151034
171 -0.21936794876247082 0.9756422003253785
6 -0.07629437119352335 0.9970853368313993
133 -0.06897045976908074 0.9976187025508502
406 -0.1832759015271525 0.9830615158368318
61 -0.0038616426909976174 0.9999925438300663
418 -0.11949226872850434 0.9928351311844855
35 0.044126905201852716 0.9990259337160906
2 0.43527010522806125 0.9002999141923499
228 0.10242473192070325 0.9947407573287484
335 0.04302815479253487 0.9990738600799991
220 -0.26222352590113424 0.9650071618718574
460 -0.22861665751108476 0.973516524722852
161 -0.09474058504358547 0.9955019947471723
51 0.04183676689407466 0.9991244591820634
383 -0.12921472963176758 0.9916166364307273
404 -0.5932739957461978 0.8050005999819755
4 -0.11569757723212185 0.9932844862488376
295 0.03672057632070761 0.9993255722109162
316 0.06780985048213739 0.9976982630923993
73 0.19646067304509438 0.9805117051553583
476 0.014109681527304423 0.999900453488845
44 -0.0012726223695594873 0.9999991902158244
75 0.006097941415383854 0.9999814073824046
97 -0.11377554198963312 0.9935064801222815
355 -0.11669586011762005 0.9931676979399847
48 -0.1694619626545119 0.9855367284953316
121 0.5219183261899508 0.8529954635208091
298 -0.5436897519271185 0.8392862763380732
145 0.011197744153191126 0.9999373032975015
333 0.0017730340778117548 0.9999984281738441
164 -0.0843708872668505 0.9964344200105717
425 -0.17006408877499932 0.9854330041708209
59 -0.5462981415990565 0.8375907953681304
156 -0.04173048299414495 0.9991289039904087
233 0.06777557388324161 0.9977005921541778
273 0.0807729569718531 0.9967325265195388
337 -0.022810408034792395 0.9997398087929111
374 -0.16381381450521812 0.9864912742529707
437 -0.1904726419310097 0.9816925041354961
236 -0.21445791537195646 0.9767332299734225
366 -0.08203712943232526 0.9966292737996932
120 -0.16925426139339828 0.9855724199672874
50 0.008027947891982008 0.9999677755071128
363 0.09990642599003774 0.9949968372039667
378 -0.07979734812850313 0.9968111070968554
384 0.3926506628735717 0.9196876953319235
309 0.09530852531087969 0.9954477811533187
474 -0.15182815014409015 0.9884069065035025
324 -0.057392369650053114 0.9983516995057162
142 -0.23621346430430742 0.9717011882679559
70 -0.09586817152018078 0.9953940394082019
310 -0.12211441258916288 0.9925160302171465
196 -0.18188519730647454 0.9833197725057626
311 -0.11121901425419282 0.9937959201306502
240 -0.12405112219703816 0.9922758281252524
28 -0.0934345669233855 0.9956254223872748
430 -0.07361108068054292 0.9972870242818977
413 0.0355924820595773 0.9993663868776249
37 -0.21475641471006185 0.9766676416984846
357 -0.14637620542921953 0.9892289959782533
45 -0.0862889317117654 0.9962701542573893
105 -0.06927466149357103 0.997597624934498
248 -0.5599188661831432 0.828547441787242
167 -0.16293559084861714 0.9866367078285766
313 -0.2258614003220663 0.9741594468281644
67 0.03772904198424084 0.9992880062279099
451 0.14525851597680065 0.9893937353431229
291 -0.11293639632179032 0.9936022193945863
339 -0.09831659661028204 0.9951551873104874
443 -0.027334042169767713 0.9996263552641363
487 -0.02891315489210728 0.99958192734472
375 -0.05637060194530207 0.9984099134305128
432 -0.10902656879709477 0.9940388359095093
181 -0.15304193182099704 0.9882196957683537
322 -0.11137679944155507 0.9937782491814537
285 0.04025187585060341 0.9991895648426816
152 0.47539185652263594 0.8797741657675346
420 -0.1453784967341789 0.9893761128546164
268 -0.14412602622001264 0.9895593405986465
98 0.046161307796850355 0.998933998651805
198 0.03277171074901114 0.9994628632293364
428 0.08303440409699155 0.9965466811626325
21 -0.010195129487174688 0.9999480283168418
107 -0.15999348094619908 0.9871180709797173
338 -0.22052022857618628 0.9753824013117658
222 -0.07443784294663001 0.9972256552743981
292 -0.08960911766094055 0.9959770107949418
385 -0.05981235276647458 0.9982096385311748
410 -0.03818577691447417 0.9992706572502957
256 -0.02907417219716525 0.9995772568996604
470 -0.26565916426243 0.9640670144981558
377 -0.09154535422661911 0.9958009078724136
444 -0.2634488389236248 0.9646733692135354
11 -0.20874144201353084 0.9779708637715705
422 -0.12688339800454845 0.9919176393788042
237 -0.511144363506759 0.8594948747114611
127 0.4164600123996301 0.9091540342934743
490 -0.06269842920249112 0.9980325179950501
81 -0.09688718421103705 0.9952953699960914
352 -0.1386955330467078 0.990335069111909
424 -0.05918312789952575 0.9982471424311861
52 -0.04535296650407578 0.998971024819679
34 -0.11191527715435204 0.9937177520500802
459 -0.0669685082527196 0.9977550896399403
162 0.0077953896760211226 0.9999696154882902
439 -0.16473410442837644 0.9863380124674203
19 -0.2742435468420576 0.9616602711017483
238 -0.10760955583542663 0.9941932324718883
369 -0.03346473324777728 0.9994398989577388
327 0.04561012658331079 0.998959316665626
483 0.0864785169317139 0.9962537157317364
455 -0.28939430330727894 0.9572099755086627
231 -0.18854977189286076 0.9820636351678796
297 -0.17942674481698395 0.9837713368686755
229 -0.2935534487416838 0.9559426618432005
390 -0.0897461504909763 0.9959646723012073
265 -0.07251184589967159 0.9973675512087922
165 -0.1898933141695169 0.9818047307044905
66 -0.05348143370816868 0.9985688440205406
191 -0.09368551670167173 0.9956018400748066
274 -0.20704100653373012 0.9783322654464075
54 0.43976534699697534 0.8981127098424951
416 0.0544190800650106 0.9985181839730702
187 -0.15840553857915185 0.9873741364586419
1 0.04685784202883179 0.9989015680438194
436 -0.149339965120352 0.9887859094960102
321 -0.20661948122568785 0.9784213764927806
342 -0.5647493582209808 0.8252624809047059
119 -0.06916847374744475 0.9976049930906766
178 -0.10120847220829597 0.9948652396949361
84 -0.15321620489092955 0.9881926910065773
201 -0.10487561302471904 0.9944853471985845
242 -0.055230759421947266 0.9984736166838235
340 -0.0945410784196141 0.9955209613520232
100 -0.5763486949858756 0.8172038801841791
150 -0.05504678433567085 0.9984837762999969
64 0.4905017427713722 0.8714402104207991
457 -0.22123732825534073 0.9752199980447687
109 -0.1938764885558534 0.9810259462344775
263 -0.11468404061898828 0.9934020187352662
158 -0.033868653806302725 0.9994262925745695
308 0.33784842563216677 0.941200531926043
401 -0.08812993349049723 0.9961089874220393
148 -0.22359594132428043 0.9746819250521213
368 -0.13465821337139453 0.9908921059185123
99 -0.0798008346773881 0.9968108279833202
151 0.36440411557739427 0.931240914345078
409 0.04098670400630804 0.9991596919885727
423 -0.15500612500669325 0.9879135089725262
426 -0.17088534478436473 0.9852909209659495
289 -0.1714422769796186 0.9851941664788946
172 -0.15526603259605154 0.9878726937828993
461 -0.17764787234845825 0.9840941181869068
472 0.007936233639081325 0.9999685076019273
122 -0.0856371301257483 0.9963263932787416
173 -0.03418012766572302 0.9994156887265453
359 -0.18761873168396664 0.9822419312579258
135 -0.08134746618302775 0.9966858029216634
210 0.13643259685980919 0.9906493559852996
497 -0.044621523340496023 0.9990039637833144
358 -0.018158039864000424 0.9998351292029588
82 -0.03847907907300594 0.9992594059971082
183 -0.05083133542628454 0.998707252070786
125 -0.04703393054772609 0.9988932922876356
86 0.02636704113984891 0.999652329133249
155 0.010942349101200467 0.9999401307059075
189 -0.16775721054379952 0.9858283411986913
480 -0.18730082361336226 0.9823026017850895
169 -0.2196907090537779 0.975569573303436
302 0.10500070482360459 0.994472147416179
243 0.08714825367792932 0.9961953532720815
41 -0.5895694101073423 0.8077177171918916
255 -0.11425921144493352 0.9934509714122696
16 -0.24043684753742295 0.9706647837159161
14 -0.26650154337358556 0.9638344916942415
131 -0.23609457899303643 0.9717300807169144
85 -0.2777881887551064 0.9606423487376338
452 -0.1946119374669813 0.980880315734467
111 -0.17578285804917573 0.9844289648400556
386 0.033007186727153116 0.9994551143620002
365 -0.19990714999373912 0.9798148454587635
227 -0.12880663804422526 0.9916697282844444
479 0.04501051953402913 0.9989865129876762
160 -0.06791870472107278 0.997690858707752
301 0.02051729607859999 0.999789498125292
213 0.0033485857329291144 0.9999943934710779
427 -0.19180421481898988 0.9814332087196106
387 -0.186735164672956 0.982410290191712
481 0.501031286780476 0.8654291707974144
307 -0.1466766989473441 0.9891844853139935
272 -0.0871214668361289 0.9961976962512618
450 -0.15809465411685827 0.9874239618014498
391 -0.057359383883967184 0.9983535952158693
26 -0.19323431734879679 0.9811526377678167
282 -0.11348823941780706 0.9935393396911097
24 -0.23353797420949418 0.9723476819544157
199 -0.00028069201162939306 0.9999999606059966
176 -0.069149183417476 0.9976063303892454
407 -0.12965217582842775 0.9915595359346581
261 -0.054482190973719674 0.9985147424383394
275 0.029609571233312815 0.9995615405223329
134 -0.09201239694423403 0.9957578615349099
440 -0.019415111936946346 0.9998115089497999
43 -0.0323363450056302 0.9994770436541686
250 -0.6007008467769092 0.7994738849277718
117 0.0873968461388228 0.9961735748778859
348 -0.07716746621246816 0.9970181453505986
94 -0.22393859815708358 0.9746032547941959
356 0.39723664850868834 0.917716211626222
393 0.47477748671014114 0.8801058675598077
184 -0.11702470144976107 0.9931290043345801
257 -0.28612293832622604 0.9581929159431136
246 -0.5562000456743036 0.8310484397385646
486 -0.06152095964274262 0.9981057917498706
112 -0.22749111293472143 0.9737801566758904
453 -0.06386168639649166 0.9979587591732416
10 -0.6127606656746875 0.7902685408150282
190 0.40734385819352026 0.9132748661777665
491 -0.012932252958295112 0.9999163749201343
159 -0.027455081117301886 0.9996230382103256
323 -0.12598154416729912 0.992032585417043
403 0.04836292342589533 0.9988298291689635
433 -0.14701549475311526 0.9891341892293971
214 -0.10459204263211579 0.9945152108530275
361 -0.16886609914921094 0.9856390011348621
74 -0.02451816709432893 0.9996993845563449
47 -0.17434969173986406 0.9846837994961705
77 -0.03360040717332319 0.999435346902333
300 -0.14423147552117016 0.9895439765209962
197 -0.051205405206067416 0.9986881427541244
331 -0.10173134484475072 0.9948119085918093
488 -0.5683776625724581 0.8227677878287829
376 -0.26822100533538634 0.9633574063123586
277 -0.3579179372389596 0.9337530456189196
290 0.4302537723564454 0.9027079767970637
118 0.09573509224067053 0.9954068475320381
462 -0.20327638893436958 0.9791213968154321
185 0.08031383410251601 0.9967696263689788
411 0.013717463785035338 0.999905911167299
332 0.08109638195664116 0.9967062640685783
30 -0.5745546417252039 0.8184662263478089
249 -0.30664708569735427 0.951823284456374
68 -0.0284879823856101 0.9995941350666265
194 -0.1616751935353258 0.9868440260726692
471 0.06366034332879277 0.9979716231873832
319 -0.0990006183566218 0.995087371824709
468 0.05981815576770016 0.998209290800557
498 -0.15809020420745337 0.9874246742580649
396 -0.04167611419282133 0.9991311733229961
288 0.017062554836718397 0.9998544240150382
419 -0.12530992374120042 0.9921176457517398
192 -0.17303920397245853 0.9849149373872741
0 -0.6499211409821984 0.7600016516458353
168 -0.18836146656780609 0.982099769836255
140 -0.15882988987498053 0.9873059637631597
58 0.04843565443608821 0.9988263049095913
341 0.10659026133502303 0.9943030303627418
370 -0.19925755317307747 0.9799471554647621
448 0.4312285558465241 0.9022427237847481
166 0.0005025072124267452 0.9999998737432428
328 -0.011713404360840502 0.9999313957258665
235 0.12278934487696631 0.9924327568075761
371 -0.09893785005063642 0.9950936146048561
477 -0.001871645740247456 0.9999982484695775
464 -0.029372390635101362 0.9995685382545706
379 -0.08122315587882846 0.9966959410718413
344 -0.5634531899888953 0.8261479907930164
144 -0.23861118033442655 0.9711151860718747
49 0.003156916336127955 0.9999950169272078
415 -0.5891573888069641 0.8080182988114561
284 -0.0757882854583816 0.9971239320100981
79 -0.08914869278421536 0.9960183284331999
303 -0.16735847776342747 0.9858961101052729
482 0.14715983704687957 0.9891127247995225
115 0.009071079140884114 0.9999588569152332
287 0.1274143134531724 0.991849581704432
353 -0.04089396453609141 0.9991634919594095
380 -0.584914658468068 0.8110948417473651
124 -0.1648038826826357 0.9863263558542518
230 -0.20265766137365523 0.979249647580514
241 -0.11572145108966003 0.9932817051359112
349 -0.1631722595042455 0.986597594629279
496 -0.09733131193286847 0.9952520362789653
281 -0.018323919161436594 0.9998321028985642
203 -0.05822138299823538 0.998303696558203
438 -0.07073017718214539 0.9974954847194961
23 -0.18453379181896673 0.982826169613383
499 -0.2533375927047595 0.9673779324145023
177 -0.150162860230519 0.9886612743540578
329 -0.11117269084787029 0.9938011032443281
101 -0.09754958472047977 0.995230665986967
182 -0.17361987506306606 0.9848127431055537
208 -0.17055640215282009 0.985347915045587
95 -0.13465631001538614 0.990892364575003
315 -0.04332885932804011 0.9990608639864396
494 -0.5076019247578046 0.8615917165236514
15 -0.16917316327736734 0.9855863436689499
293 -0.09114702404682953 0.9958374465782087
279 -0.11125570870368262 0.9937918128465546
442 -0.5326590980763704 0.8463298914941312
92 0.0845788192543615 0.9964167919769006
128 0.08116586179268064 0.9967006084474171
362 -0.19083903456790383 0.9816213439433713
179 -0.10713249685168824 0.9942447526229762
46 0.047735088699240306 0.9988600308886505
154 -0.018524553628872068 0.9998284057341295
264 -0.1040436713886107 0.9945727295899373
445 -0.07232708738548134 0.9973809665470525
215 0.01286967080367649 0.9999171823573215
113 -0.05222126885289597 0.9986355386623258
400 -0.10730410230899334 0.9942262467002473
431 -0.04298898181088302 0.9990755464142156
153 0.12543338581412114 0.9921020440071706
350 0.06466314022961041 0.9979071491354523
269 -0.09527647494031882 0.9954508492753155
405 -0.18489865076410608 0.9827575941938139
278 -0.09973448761146052 0.9950140863228416
147 -0.5598689058216215 0.8285812019917543
280 -0.003767045975110128 0.9999929046571387
3 -0.3583993640703746 0.9335683669844169
397 0.010383305878090882 0.9999460920264861
137 -0.0641468005582298 0.9979404731636765
138 -0.26106972021523067 0.9653199475752798
314 -0.12062449835906337 0.9926982071080941
389 -0.1574785590807044 0.9875224065457275
429 -0.2025971275629902 0.9792621732218729
143 -0.5866669856496588 0.8098282830012441
36 -0.06569199241237168 0.9978399481544588
65 -0.26388786945072723 0.9645533641830066
106 -0.1591659035904608 0.987251849901651
412 -0.0746733755910999 0.9972080459853052
78 -0.17185226642036208 0.9851227327222658
56 0.06686523198857475 0.9977620160895654
33 -0.22781886084452288 0.9737035311857013
271 -0.18147814966276304 0.9833949772065037
20 -0.055368130480523844 0.9984660084985826
205 -0.07163447332515568 0.9974309511096131
254 -0.0017139523711723458 0.999998531182556
202 0.40018463298108703 0.916434536410426
463 -0.10826895872731344 0.9941216387223967
478 -0.09651966413189192 0.9953310778006816
493 -0.14696320902118026 0.989141959070687
294 -0.02717041528259181 0.9996308161183165
87 -0.09409603342076277 0.9955631253187708
251 -0.583163586270851 0.8123547449530406
489 -0.16624404262677944 0.9860846405309767
253 0.01642411180263106 0.9998651151787897
149 -0.10793256976362242 0.9941582169776704
141 -0.026990935597692365 0.9996356783326419
170 -0.03034627960980417 0.9995394456017449
102 -0.16353541262997343 0.986537464476613
193 0.41207390412625283 0.9111504253075602
435 -0.07585503996479467 0.9971188559604816
129 -0.019287898553864685 0.9998139711813272
57 -0.06517892141541157 0.9978735932988324
17 -0.19513007288973414 0.9807773726254327
326 -0.06554343792721479 0.9978497170138804
447 -0.014461641181495465 0.9998954249992034
91 0.08328375412965779 0.9965258733711186
212 -0.16387944778959054 0.9864803731408845
62 -0.06012985050743364 0.9981905635087689
325 -0.18966050333507367 0.9818497305976545
90 -0.15583524197853238 0.9877830618903587
346 -0.06512130459747785 0.9978773550329332
38 -0.011591551756027626 0.9999328157070791
40 0.1509140358447149 0.9885468900285207
441 -0.15361005196249802 0.9881315458662772
157 -0.20960033389481408 0.9777871445417875
381 -0.13180656619190256 0.9912754557178844
93 0.513488356317331 0.8580965609571721
223 0.020900864847402924 0.9997815530647834
110 -0.10657618663711207 0.9943045390834195
69 -0.04340769322529653 0.9990574418765211
5 -0.15458949959282592 0.9879787885454017
103 -0.23678806829574314 0.9715613262747599
29 -0.16531950719509078 0.9862400623280178
123 -0.07293020018911159 0.9973370472916246
207 -0.12580460159499665 0.9920550399133731
276 -0.08954112179035362 0.9959831261163641
72 0.042356166144777926 0.9991025749088609
232 -0.060857844162785266 0.9981464435662024
247 0.003878290996571611 0.9999924794011933
296 -0.12097147482435992 0.9926559838528246
354 -0.11968886350520279 0.9928114503534058
267 0.08923284087345311 0.9960107931692573
88 0.04364682215112805 0.9990470233758308
330 0.06618049078817895 0.9978076681600696
408 -0.576737205495929 0.8169297373683656
174 -0.1902515195736242 0.9817353815055904
244 -0.1606253978551209 0.9870154414009357
347 0.022959997663026806 0.9997363845070928
456 -0.23236710266293853 0.9726281558746032
53 -0.06718705144500163 0.9977403971565584
204 -0.05243920523059853 0.9986241183522372
27 0.01091360229005555 0.9999404448691205
260 0.286770074312858 0.957999438662987
364 -0.16956488870666472 0.9855190249395983
63 -0.08442381605806738 0.9964299369660636
306 -0.11274509159038724 0.9936239451232418
217 -0.061650706340663934 0.9980977859947877
221 0.038843528497341004 0.9992453053649422
216 -0.08857078029139105 0.9960698855394505
104 -0.5583106303710281 0.8296319907131746
417 -0.1366332476754171 0.9906217015741519
467 -0.016936178681712644 0.9998565726401267
146 -0.0770957775397656 0.9970236913361382
469 -0.1969620040152354 0.9804111224248236
446 7.304316235995335e-05 0.9999999973323483
399 -0.14932984704334792 0.9887874376133682
492 -0.18038145964836777 0.9835967308887948
195 -0.5644218090775402 0.8254865361940416
225 -0.13019667914577002 0.9914881868884841
136 -0.08235821616873187 0.9966027916023035
252 -0.17511411959207965 0.984548142611366
206 -0.22060732480746226 0.975362705992645
475 0.13121994950516994 0.9913532795385611
351 -0.0636855840514699 0.9979700127679305
318 0.014876891335537901 0.9998893329284949
55 -0.09209250069910337 0.9957504563468629
31 -0.13160884020060248 0.9913017266105472
398 -0.17990943137794282 0.9836831789256465
262 -0.0747978711084551 0.9971987156417936
367 -0.07816205841643575 0.9969406665514783
188 -0.18395359552632093 0.9829349290227399
392 -0.13805975100257076 0.9904239017476851
209 -0.08826302795524464 0.9960972030360149
259 -0.08415846368329605 0.9964523837045439
454 -0.30929235136423816 0.9509670033116716
373 -0.026466331307773993 0.9996497053003652
9 -0.08665683501317191 0.99623822098206
22 -0.09969726858474286 0.995017816240866
60 0.003494282248148107 0.9999938949771495
466 0.6499211409821987 0.7600016516458349
