500 2
441 -0.07710767821438734 0.9970227710340354
124 0.13073202296055442 0.9914177415058907
426 0.05855940133725957 0.9982839258021848
254 -0.06944819425522805 0.997585559395628
273 0.12718484260959403 0.9918790328514727
415 0.09517846684113986 0.9954602249461152
149 0.33424099199074525 0.9424876440956892
334 0.2157887145539988 0.976440080430506
384 -0.025468770487876293 0.999675618253159
266 0.09393449767957804 0.9955783797098474
61 0.1763784387394584 0.9843224300745316
416 0.13498812897314313 0.9908472157887562
443 0.6548261245328192 0.7557795621934539
304 0.1227213537463701 0.9924411666868009
215 0.15499387875592288 0.9879154303624346
36 0.12226882476826638 0.992497019889625
209 0.2249818243206473 0.974362960464607
314 0.02007186921539664 0.9997985397399819
283 0.14067807845894217 0.9900553915014553
190 0.08990657312407964 0.9959502036292198
71 -0.06488516361651984 0.9978927374935933
85 0.07006459975749443 0.9975424561695718
82 -0.2456558957972544 0.9693570966677082
287 -0.023034879834529016 0.9997346619533649
79 -0.028063931520382817 0.9996061303071422
359 0.0560245224499144 0.9984293930390166
340 0.06718796887659065 0.997740335377015
349 0.09271473278814633 0.9956927128005018
106 0.3122966088314496 0.9499846462508627
291 -0.007921956746763334 0.9999686208083244
339 -0.0930647593235601 0.9956600577365992
121 0.35442587499016903 0.9350841134023469
39 0.12602224492672634 0.9920274158427419
476 -0.0848803199283024 0.9963911537588384
388 -0.009318557135038028 0.9999565813038689
1 0.1504310153138713 0.9886205084012964
172 0.024343588117030177 0.9997036509474135
162 -0.12122520321440691 0.9926250299612769
409 0.05166597545028406 0.9986644216055615
126 0.2444858988816416 0.9696528478007145
101 -0.006301903724889957 0.9999801428075671
320 0.04927068308753932 0.9987854623431838
100 -0.009481928170801894 0.9999550455086287
90 0.14195595292206925 0.9898729754013832
450 0.0955537591456676 0.9954242709082051
296 0.02720639635117304 0.9996298374886491
414 -0.06767314042503812 0.9977075453583646
353 0.014682853939311853 0.9998922010897958
166 -0.20944737195967014 0.9778199212427549
240 0.13958051445180403 0.9902107250405691
132 0.23303448158774567 0.9724684726977686
42 0.08620184573033073 0.996277693112058
354 -0.1341547885575899 0.9909603890706572
317 0.24530836422864136 0.9694451023340457
177 0.11443015516271603 0.9934312958576635
123 0.23050572582268233 0.9730709688213693
202 0.33295368644133283 0.9429431810481088
235 0.023573142607152174 0.999722114863737
328 0.20596039919519005 0.9785603271967233
208 0.03465520742983837 0.9993993278955088
319 0.19072939097002345 0.9816426536271761
184 0.21698218604926417 0.9761755635833559
489 0.19591271570254865 0.9806213376355076
404 0.20715752374428742 0.9783076000707217
492 -0.06010226040185395 0.9981922251222896
253 0.10794702975209383 0.9941566469966896
411 0.21739390137803918 0.9760839572719323
37 0.08851801496123045 0.9960745760370171
285 0.2767001818484546 0.9609562994044174
479 -0.003496308975516685 0.999993887893095
382 0.29704037551589896 0.9548649199302348
392 0.210753122241256 0.9775393196519321
372 0.1482526496455814 0.9889495193755162
10 0.08300370273769025 0.9965492387894505
115 0.009105686889524619 0.9999585423737675
241 -0.006847934013863437 0.9999765526249812
496 -0.08891407580678598 0.9960392999894258
141 0.06725735041031722 0.9977356607918672
375 -0.019732513981899517 0.9998052949909567
275 0.1730766096120358 0.9849083648772625
278 0.2054113907712319 0.9786757177642798
350 -0.031944552963926336 0.9994896425355967
472 0.1496553999829314 0.9887382167469551
369 0.15113937388644869 0.9885124630783428
212 -0.02129572609717968 0.9997732203104832
195 0.23310112319133125 0.9724525008281586
393 0.23728727388862844 0.9714395244432372
347 0.15504014577142805 0.9879081704283929
182 0.16174786596079066 0.9868321173619808
383 0.05469659349328845 0.9985030208568374
109 0.06096942955713675 0.9981396338486301
455 0.12795663935275875 0.9917797630752243
483 -0.05829145361059182 0.9982996075507414
478 0.10721741207044715 0.9942355991156804
434 -0.05245850420221658 0.9986231047481657
300 0.06761184198955168 0.9977117012558187
102 -0.13816730034431363 0.990408903996508
230 0.10844497278927266 0.9941024534104792
323 0.06424527300164182 0.9979341385567208
355 0.17443887132758285 0.9846680050504124
390 -0.05257997387549156 0.9986167164369183
499 0.08467586828497388 0.9964085494064098
164 0.12806600495460996 0.9917656469020117
197 0.19140131558141393 0.9815118625843011
59 0.17563892200820372 0.984454655672772
198 -0.17369096837336395 0.9848002068975834
298 0.08816015959738674 0.9961063127296018
286 0.016639237303198953 0.9998615583079329
201 0.30858171389809547 0.9511978373859531
220 -0.10992391139857668 0.9939400050822172
348 0.04008545056142003 0.9991962553238918
66 0.016192981675560505 0.9998688850766658
412 0.07204034306714795 0.9974017189531847
344 0.3091528964523799 0.9510123482979093
442 0.07570815276039826 0.9971300194085063
192 -0.010363774336436125 0.9999462946486194
474 0.15372407085025494 0.9881138143155503
32 0.09578929945228432 0.9954016325636806
154 0.12180409936164996 0.9925541604258669
469 -0.04623468111911472 0.998930605328425
284 0.17966103894015142 0.9837285759227214
326 0.1288278417580807 0.9916669739322544
5 0.06500327816233574 0.997885050408187
231 0.11932015590113797 0.9928558306197977
137 0.14205542646320454 0.989858704973774
433 -0.014983481570348832 0.9998877413390119
245 0.0916791195483361 0.9957886015810996
142 -0.023668292860453254 0.9997198667192084
407 -0.020966173390265158 0.9997801856275055
130 0.04088015140483905 0.9991640572103849
4 0.1650219236164977 0.9862898989272427
391 0.06832459296814997 0.997663144551174
38 0.14446241556538456 0.9895102882178711
214 0.1066038440951577 0.9943015741836756
484 0.006463806835654925 0.9999791093823867
332 0.11198903305831927 0.9937094426816436
395 -0.016989224599913703 0.9998556727085633
420 0.10055638253880489 0.9949313614168113
362 0.11045210702948906 0.9938814476851585
494 0.3022746128666439 0.9532208864771694
294 0.07271435283138107 0.9973528076324414
53 0.18286539029257906 0.9831379603255807
337 0.010477708224008094 0.9999451073085825
143 0.015463070860731258 0.9998804395724301
272 0.12130594130188646 0.9926151664189216
321 0.08054649302798556 0.9967508527515252
187 0.3873771147497035 0.92192134749565
125 0.17005197898006005 0.9854350939787792
394 0.12002661343360896 0.9927706744599475
401 0.18690798554468002 0.982377424893116
370 0.04403990529637806 0.9990297727002364
345 0.13021493321755312 0.9914857896950153
227 0.2567690837642087 0.966472781625478
439 0.0657689089327825 0.9978348814397057
218 0.14048590069571362 0.9900826792272017
405 0.11414090674920403 0.9934645707857274
223 -0.048099850873233554 0.9988425323072564
233 -0.04351230941426097 0.9990528909569492
152 0.2981355942054232 0.9545235290278492
270 -0.1903349414942342 0.9817192114074097
460 0.2624764187331932 0.9649384071581965
251 -0.003572679349407858 0.999993617960768
0 0.22316354171753855 0.9747810183051805
322 0.042918067420418024 0.9990785952510927
427 -0.05087661081016831 0.9987049466546517
54 0.0703439174590783 0.997522798374308
333 0.11892047440393588 0.9929037822304551
221 -0.07569612712669106 0.9971309323945475
363 -0.05748602118983748 0.9983463113407899
200 0.050697924462629315 0.9987140333725073
228 0.2451098756148855 0.9694953062681919
84 -0.05208770432319861 0.9986425141452465
46 0.15728152906914278 0.9875538064397669
236 -0.07934289288747313 0.9968473831777094
324 -0.04651252503145256 0.9989177068283445
365 0.06748757826467569 0.9977201144509261
446 0.12167085971854324 0.9925705022291115
89 0.12588921957443303 0.9920443056612643
131 -0.04198844499208135 0.9991180963665642
385 0.07793001804513905 0.9969588317917066
188 0.013781921501928597 0.9999050248097139
459 0.29071860642282527 0.9568085973064678
400 0.15084955589619348 0.9885567315465114
189 0.060769584491247385 0.9981518209174199
225 0.07799947476360237 0.9969534000827731
424 0.20636790535192107 0.9784744695906279
210 -0.04160990534805322 0.9991339328523109
216 0.24154236339763682 0.970390275448123
279 0.030434333490265173 0.999536768380735
30 0.07885700296598554 0.9968859378500745
150 0.18832923124318793 0.9821059518500792
435 0.2872285936230345 0.957862064707301
422 0.0780883888732175 0.9969464396461754
310 -0.4130860992453916 0.9106919757032156
103 0.11397207698312212 0.9934839534024459
17 0.017186522819400966 0.9998523008091637
454 -0.003411476780522578 0.999994180896157
105 0.17404809384580539 0.9847371532691562
107 0.045259741165655856 0.9989752528614599
378 0.12844236981532234 0.9917169745629163
73 -0.1671494228198642 0.9859315749335681
329 0.16413255946976935 0.986438291492125
18 0.25521149788253816 0.9668852524206537
65 0.05261533459409795 0.9986148539680105
364 -0.02887213869785992 0.9995831129060813
196 0.04147412924857107 0.9991395781386467
191 0.023470170561339036 0.9997245376071459
341 0.2109878348360327 0.9774886871730041
80 0.06684710952560055 0.9977632304049255
83 -0.03759976123286986 0.9992928789675384
336 -0.003622541301758416 0.9999934385757324
43 0.13874822335876627 0.9903276884520528
119 0.07308234338093253 0.9973259101647522
31 0.17301355316846795 0.9849194436196403
174 -0.07350210416227372 0.9972950619970592
316 0.1449549454461148 0.9894382566844249
297 -0.33294471053116925 0.9429463503982164
169 -0.32154863684175305 0.9468930637327589
6 0.1881966337036161 0.9821313695543112
118 0.12016324578204898 0.9927541459813314
22 0.1263678032422138 0.9919834566683747
170 -0.04539943500651191 0.9989689140814589
418 0.20845327355415405 0.978032327044744
282 0.08164225011054223 0.9966616993729055
271 -0.004881478268191743 0.9999880855139811
52 0.014218925631481107 0.9998989059669414
168 0.04562058017674825 0.9989588393243922
338 -0.01096209080048573 0.999939914477506
250 -0.16171098175185267 0.9868381622033331
87 0.09558451484766262 0.9954213180966827
13 0.11436814565880651 0.9934384365719731
396 0.04646132262718043 0.998920089646681
449 -0.022181034194111052 0.999753970595806
56 -0.13739248587621808 0.9905166857881563
97 -0.07586985202342411 0.9971177290340111
81 -0.0511697043695628 0.9986899725914602
167 0.01536515049872945 0.9998819491070691
261 0.12813947680997648 0.9917561567657976
159 -0.03426338498360476 0.9994128378450345
229 -0.012958965960377029 0.9999160290750607
193 0.05220550276867383 0.9986363629873838
242 0.0919337976290585 0.9957651213280665
156 0.05664490097323856 0.9983943886028868
16 -0.0906355144367271 0.9958841315749488
60 0.1174713105958233 0.9930762766207336
153 0.15265926235789654 0.988278882510571
207 0.1318522307637636 0.9912693827828131
260 0.15306517824052768 0.9882160954013021
179 0.16526201967405665 0.9862496970104738
232 0.1249309260125438 0.9921654417110325
377 0.07158593381401712 0.9974344359806188
497 -0.07001863321447534 0.9975456836670572
57 0.10854205987539378 0.994091857545371
413 0.07101001747202748 0.9974756024177346
432 0.2254827570995799 0.9742471587080827
389 0.10868492486829961 0.9940762481351075
417 0.07931232098491194 0.9968498160405038
51 0.1739786831506214 0.9847494187909814
139 0.07953617234312148 0.9968319804706335
462 0.23516771536937237 0.9719548063814232
226 0.17289788754599345 0.9849397547475344
75 0.09129545967697682 0.9958238494042856
120 0.1186260356928267 0.9929390029885039
430 -0.12365996077905744 0.9923246515632481
463 0.12359040675578538 0.9923333166622692
238 0.012173706158795415 0.9999258976936037
277 -0.14229838372218956 0.9898238075486226
498 0.28498955716427565 0.9585306214760747
343 -0.16749208327354118 0.9858734209018362
157 0.08678207926527536 0.9962273187974696
26 0.31336873119607134 0.9496315276508906
346 0.0762393606852537 0.9970895445657345
381 -0.0012234996394331359 0.9999992515240359
129 0.36422126376365926 0.931312445435152
77 0.2503976114227192 0.9681430866322379
27 0.0785375742637629 0.9969111542302874
219 0.0526506913955947 0.998612990450037
267 -0.00831846868346306 0.9999654009408337
465 -0.32417937354768905 0.9459956309445768
224 0.06545625106041143 0.9978554400298254
302 0.03672619611236126 0.9993253656938346
110 0.10735966312298682 0.9942202486039594
453 0.11850837992391781 0.9929530522073078
257 0.006331804894486301 0.9999799539224665
452 -0.049105637700728205 0.9987935904610145
325 0.09576186107406882 0.9954042726267709
480 0.2068414998626958 0.9783744650871415
307 0.1174174933240982 0.9930826412043892
306 0.17768408785871895 0.9840875799042558
402 0.042392678984040186 0.9991010263074281
158 0.046847035929670905 0.9989020748925312
371 -0.07480623237398988 0.9971980884448228
373 -0.27840154115567745 0.9604647738892582
133 0.10048100060808447 0.9949389772829277
155 0.076359231675295 0.9970803717544331
252 0.35717542839635036 0.9340373190348892
264 0.3093887137661297 0.9509356570210941
74 -0.058946571477161674 0.9982611390368192
290 -0.11751882933567397 0.9930706544609869
11 0.1902818493993372 0.9817295033710497
464 0.1769738263595294 0.9842155580886065
165 0.05373999455521867 0.9985549624258071
92 0.24804812088879383 0.9687477121126729
315 0.09216558190677088 0.9957436946884405
47 0.07974280628341632 0.9968154718131363
204 0.015611163914038228 0.9998781383554943
24 0.15786018919532568 0.9874614730039931
386 -0.019290135573431694 0.9998139280233891
145 0.09770106048906316 0.9952158071389906
33 -0.13118591819907569 0.991357783479943
138 0.04747153178982163 0.9988725913095864
295 0.15740162924300363 0.9875346713466054
25 -0.36081378352312204 0.9326378791469547
256 -0.055505210068232655 0.998458397558597
410 -0.016993863928095262 0.9998555938678312
98 0.0826640586769716 0.9965774698451948
403 0.008516969320715648 0.9999637299590372
140 -0.11022124660069045 0.9939070765407548
493 0.045259741165655704 0.9989752528614599
281 0.01514850983231171 0.9998852547416931
175 -0.1884443820747266 0.9820838634579403
447 0.047912321488096404 0.998851545250655
111 0.09917722406207664 0.9950697856066885
48 0.05235686079144906 0.9986284389742086
451 0.18162866636039507 0.9833671885700399
99 -0.3862523419931529 0.9223931527850824
186 0.2620433472338419 0.9650561041568951
436 -0.13339714029652755 0.9910626634883934
234 0.15817248707791562 0.9874114969614172
185 0.17270471302229864 0.9849736453834109
45 -0.01623467456512859 0.9998682089864466
491 0.1288278417580807 0.9916669739322544
163 0.039551945785183264 0.999217515651425
108 0.03578535315020681 0.9993594991292748
113 -0.007990541402388432 0.9999680751144492
495 0.1287676145447471 0.9916747962131818
481 0.2934328253086355 0.9559796948844634
35 0.3260937902793003 0.9453374212106912
475 0.05775186868271914 0.9983309679979149
112 -0.07047115757796697 0.9975138174229075
486 0.02938997318092214 0.9995680214354722
406 -0.04791342313866474 0.9988514924067217
471 0.07188082475707928 0.997413227820968
466 0.08591337207370127 0.9963026109064081
95 0.08455995627144756 0.9964183929431305
423 0.0416781795453318 0.9991310871701405
194 0.22705847407391672 0.973881126909863
136 0.21071683672787525 0.9775471419422176
58 -0.28735648047503065 0.9578237067065125
12 0.20693904203934674 0.9783538382813436
78 0.08953679416310081 0.9959835151703037
269 0.12190914576417956 0.9925412637160471
50 0.029032412370331842 0.9995784706724924
379 0.24769752112279356 0.9688374156841917
144 0.08287538906731025 0.9965599178609091
68 -0.050090777731947714 0.9987446690652264
274 0.1646664536659133 0.9863493088338895
93 0.11624361819688904 0.9932207313726872
360 0.23426999191896508 0.9721715748191201
205 0.03268670487688825 0.9994656468955254
69 0.12224454396311574 0.9925000108167507
467 -0.1702042442807985 0.9854088061453492
72 0.17279101361867888 0.984958509589429
199 0.16235584496936983 0.9867322735191557
161 0.11565247077270198 0.9932897392020966
2 -0.0036868746396741306 0.9999932034545991
399 -0.11950990984517659 0.99283300783606
213 -0.10908834048426087 0.9940320588242564
9 0.02849601363248462 0.99959390614742
134 0.12623171532685834 0.9920007832888234
292 -0.19657011484214112 0.9804897704468658
259 -0.1254308766600355 0.9921023612411649
276 0.2500395072221378 0.9682356349712142
44 0.11324088288399875 0.9935675630995874
49 -0.06311009760317378 0.9980065709104915
173 -0.017186522819402257 0.9998523008091637
330 -0.08250429499358986 0.9965907090213166
438 0.14217775969418586 0.9898411411172715
358 0.1688093446244092 0.9856487230080895
86 0.08241685731589342 0.9965979438219666
181 0.1971797605354294 0.9803673505554898
425 0.09041301404786609 0.9959043562967181
239 0.12153056336512244 0.9925876899136701
88 0.18525909629339746 0.9826897105600292
419 0.11485293618773493 0.9933825059105158
34 0.04818279522365592 0.9988385346213047
487 -0.019014130289684884 0.9998192150830704
303 0.30853493198643495 0.9512130128126538
265 0.10014295777169681 0.9949730589361383
128 0.2513711449309891 0.9678907725028086
21 -0.07324329484580706 0.9973141028583372
29 0.11830712599043522 0.9929770510640633
456 0.18377317996061318 0.9829686761678441
249 0.15266983600991335 0.9882772491425198
15 0.03881623183465152 0.9992463660910449
437 0.011916755639081891 0.9999289929465184
94 0.0477597625459703 0.9988588514307477
311 0.09270508948969616 0.995693610696939
244 -0.015850233049135538 0.9998743771655957
312 -0.12829399215529216 0.9917361804314985
255 0.22443245574712148 0.9744896473576906
335 0.003610849536295104 0.9999934808615635
122 0.08578874836863257 0.9963133496312008
211 0.21115116978104298 0.977453417560191
176 0.14102994302453817 0.990005330879837
96 0.2216113137288245 0.9751350807079933
14 0.18158546328158634 0.983375167230092
117 -0.13207741046644217 0.9912394048081821
63 -0.00784048162994355 0.9999692629515222
351 -0.013181880747738916 0.999913115235495
20 0.23268045299701465 0.9725532411097626
67 0.07101001747202769 0.9974756024177346
308 0.0011098371203359762 0.9999993841305935
263 -0.10024455821841632 0.9949628277215158
258 0.044985868525505374 0.9989876233632756
477 0.0916791195483361 0.9957886015810996
490 0.13600962729748256 0.9907075155071752
55 0.11335577196274998 0.9935544620013183
293 0.15353221211881318 0.9881436433241392
470 -0.14667394284756352 0.9891848939857247
8 0.17200608809333498 0.9850958865302545
440 0.1903736194856088 0.9817117117585735
116 0.15903710050149014 0.9872726070665989
357 -0.0669125770051904 0.9977588421249517
104 0.09361496527798595 0.9956084763982282
445 -0.023234647168018898 0.9997300391460574
458 -0.16200557848406583 0.9867898421346073
280 0.04350066344370697 0.9990533981124119
397 0.039893426068035406 0.9992039404228519
421 0.18603461780680247 0.9825431903878207
431 0.08723470160241911 0.9961877869339378
268 -0.010926095114347048 0.999940308441235
247 0.07519812417547524 0.9971686126831759
313 -0.06895056142358631 0.9976200780253835
28 -0.1400763016259975 0.9901407120822688
243 0.04315123734691237 0.9990685515596167
429 -0.0779247507324803 0.9969592435116296
488 0.13620777865990896 0.9906802920380184
171 -0.05592866880357363 0.9984347670257984
147 -0.04953671747412121 0.9987723031912175
482 -0.02170375782939248 0.9997644457051287
114 0.11751882933567255 0.993070654460987
380 0.060544676662131994 0.9981654883474372
408 0.14062456416620808 0.9900629939317316
262 0.13553175403099182 0.9907730030886404
352 0.20126550564696064 0.9795367253128763
289 0.1831858479433338 0.9830783006013721
428 0.16449595535940476 0.9863777575910745
217 0.036655003342602764 0.9993279795592405
146 0.12629242514739436 0.9919930560998851
151 0.09437262986045546 0.9955369439318772
356 0.097041686648816 0.9952803178262659
301 0.14855735791858746 0.9889037927969782
331 0.1265873240864886 0.9919554674382426
457 0.08594939733050537 0.996299503712876
203 0.016784982041695626 0.9998591222656619
367 -0.05664490097323972 0.9983943886028868
468 0.111317876438786 0.9937848511549968
374 -0.6548261245328199 0.7557795621934533
376 0.23471539915664125 0.9720641344061298
342 0.16268195229626797 0.9866785608277271
398 0.23368074842158618 0.9723133794292493
485 -0.03869568390989111 0.9992510415539959
148 0.21361917073785147 0.9769170127975418
183 0.05847049101389293 0.9982891373147332
248 0.2344163742181341 0.9721362885410789
444 -0.010950052737237669 0.9999400463753073
387 -0.05435185219198759 0.998521845611452
160 0.08528665216502591 0.9963564557739775
70 -0.032065415545810536 0.9994857723478981
206 0.18441292719476213 0.9828488552587623
135 0.11597559778620249 0.9932520630324071
222 0.026211141824690004 0.9996564290016074
461 0.23270612157750625 0.9725470996205555
23 0.18381205647362253 0.9829614071238697
41 -0.07822150991702395 0.9969360036563535
40 0.2417998894535864 0.9703261376775509
309 0.05155566621374616 0.9986701223533508
288 -0.01744019974682285 0.99984790815043
76 0.027263137644013495 0.9996282915793269
127 0.021275778180140776 0.9997736450131246
246 -0.09624683833638735 0.9953574966363841
318 0.04969843928464652 0.9987642690508458
19 0.14520516313608717 0.9894015669073011
299 0.09205373503196737 0.9957540408487753
305 -0.0012023348392135916 0.999999277195206
64 -0.09246121154536383 0.995716287081598
448 0.011520531027503842 0.9999336364803638
473 0.08586564300051398 0.996306725537928
366 0.008224285302865727 0.999966179993732
62 0.19317601542547622 0.981164118312699
327 -0.1554570954034446 0.9878426451053448
91 0.14048834664185256 0.9900823321612392
3 0.10710698094873883 0.994247501697664
361 -0.021541440235884377 0.9997679562541318
7 -0.005941894888498692 0.999982346786749
180 0.17140034750029004 0.9852014620760465
178 0.16572362031001675 0.9861722373253778
237 0.1936953321592501 0.981061730116774
368 0.10048012778291894 0.9949390654310083
