500 2
89 -0.12186495599786826 0.9925466903373552
362 0.07265796624129028 0.9973569170270388
175 0.17413015265052245 0.9847226461993782
486 -0.10487024072727898 0.9944859137312114
446 0.03409649459357008 0.9994185454835379
9 -0.06871836166603233 0.9976360993718785
227 0.011677976128445863 0.9999318101118413
497 -0.1742673785026771 0.9846983704616378
193 0.33152108912139316 0.9434478085552828
498 -0.11425757373822633 0.9934511597675316
441 -0.173849429515989 0.9847722456776313
194 -0.15508314067436546 0.9879014219437965
16 -0.08596346510228293 0.996298290005362
118 -0.08557478397507233 0.9963317501453115
372 0.18455071789876232 0.9828229914501653
480 0.007498941461247662 0.9999718825431847
287 0.4223246977006676 0.9064446203227419
230 0.3942247226697086 0.9190140739052866
310 -0.0813649846313596 0.9966843729465905
329 0.024853861021970514 0.999691095085027
427 -0.49798612406670056 0.8671849977006203
126 -0.0058963103899566365 0.9999826166108016
235 0.09154786923253232 0.9958006766612398
143 -0.08874090073388702 0.9960547437450104
367 -0.04032105421930407 0.999186775626381
184 -0.035629643756006565 0.9993650626702036
380 -0.048272859746599624 0.9988341859447368
286 0.25466264164418667 0.96702995762841
168 -0.03380256711247715 0.9994285299392881
39 0.10565121071719819 0.9944032490262641
398 -0.15677830260167108 0.9876338207216979
396 -0.05476401988025534 0.9984993250506258
327 -0.16519393627665377 0.9862611030642062
208 -0.006397490868572586 0.9999795358459024
414 0.06295517570448202 0.9980163555032641
390 0.2760518091646886 0.9611427566479926
317 -0.04673939936576793 0.9989071170769219
322 0.13753138756549874 0.9904974091002502
276 -0.22940864640963632 0.9733301972878979
274 -0.06064896329721299 0.9981591572745167
289 -0.1732009070457291 0.9848865141723367
303 0.33304851908826927 0.9429096902318435
136 -0.019887358111630105 0.9998022269365776
51 0.3609634068896023 0.9325799798873292
298 -0.1387116047054443 0.9903328181576335
142 -0.10855237188211272 0.994090731552592
364 -0.3883269376599503 0.9215216706554682
206 0.030290722561092488 0.9995411307828842
332 -0.08493070432141762 0.9963868603426421
358 -0.09563366207478978 0.9954165975500735
339 0.05831912507057168 0.9982979914088794
356 0.34246243880250005 0.9395315204980852
102 -0.10725935146101873 0.9942310755172369
11 0.03692776687512597 0.9993179374121213
340 -0.2508835768041267 0.9680172678676594
119 -0.020807702977674192 0.9997834963114729
218 -0.06187439192299466 0.9980839441771217
368 0.004690373331177785 0.9999890001385087
131 -0.2437305646647892 0.9698429830896251
321 0.28057893205831114 0.9598309553692347
357 -0.12419679985880129 0.9922576051131243
246 0.1624673474948087 0.9867139205453631
256 0.02467913318120925 0.9996954238093843
8 0.09282265215720027 0.9956826579018554
488 -0.3363007168202969 0.9417546537533831
241 -0.038579603184154036 0.9992555299912796
31 0.39468464265824116 0.9188166481130696
472 -0.26740573944595286 0.9635840235866113
187 -0.09653512185488923 0.9953295787067025
277 -0.06649325088940486 0.9977868748315739
349 0.35000789213274336 0.9367467509656995
417 -0.0650680082949238 0.9978808317111476
320 -0.11855160830797296 0.9929478919699628
299 -0.12182970470062386 0.9925510178588096
240 -0.20724410822379627 0.9782892617250397
127 0.09531405191945784 0.9954472519961541
129 0.2141868830052383 0.9767927001920624
20 -0.1389168178771713 0.9903040531629065
84 0.12216343339452086 0.9925099977034298
229 0.037254378653603266 0.9993058146889439
163 -0.26783642809048436 0.9634643988169624
475 -0.07458289642828031 0.9972148171584538
443 0.005285477729756375 0.9999860317650282
226 -0.03227409029054122 0.9994790558565587
402 0.40738661840782026 0.9132557928325672
42 0.09181889512567178 0.9957757229908253
425 -0.02548802757052207 0.9996751274541966
166 -0.36003560019030845 0.9329385652847696
479 -0.19716579090409683 0.9803701601421588
468 0.09939118742315745 0.9950484369429535
104 -0.12044978886650101 0.9927194207640019
188 -0.0019369729342206296 0.9999981240661665
378 -0.048631250071089746 0.9988168007780621
7 0.05973867973267561 0.9982140502636682
23 -0.046007171778616074 0.9989411094478657
448 0.31737117690415556 0.9483013951642544
97 0.06096697103970414 0.9981397840193746
186 0.0027891638659561825 0.9999961102748994
2 0.3908352917038564 0.9204606318353662
268 0.3378725612652119 0.9411918679759645
181 -0.12994671205087432 0.9915209791160081
161 -0.4790363566282343 0.8777950609500756
463 -0.2019734741507304 0.9793909922699331
130 0.18121587428060743 0.9834433419921632
224 -0.11965012729921479 0.9928161194487536
294 -0.006787170597692308 0.9999769668923769
66 -0.16760381193053817 0.9858544325742786
32 -0.25604867965381706 0.9666638886642747
457 -0.06663660887841592 0.9977773110054091
46 -0.0694111732134765 0.9975881359725208
403 -0.442988130007692 0.8965274768083175
386 0.07333573016898 0.9973073100507097
499 -0.4794296255573359 0.8775803291653436
128 -0.09726996149923223 0.9952580341750263
420 0.1952180403393106 0.9807598670041916
73 0.1361491965480992 0.9906883446772284
210 -0.11160042854990153 0.9937531606729503
195 0.023828917999735952 0.9997160510199693
216 0.39145140949069474 0.9201987796165285
432 -0.053426358522988646 0.9985717922187534
391 -0.0007424533141421828 0.9999997243815002
123 -0.07719596549347904 0.997015939146175
170 -0.2347884092401164 0.9720465024300513
40 -0.4689594151953777 0.8832197160953833
108 0.1654040700306114 0.9862258836682944
56 -0.06201964995634352 0.998074928559621
333 0.34159315427764536 0.9398479222462796
120 -0.00968524580611051 0.9999530969068875
150 -0.03983272532602593 0.9992063620659655
134 0.0635202342172549 0.9979805508350276
198 0.0366454256896239 0.9993283308182683
460 -0.09346818345785102 0.9956222670677316
4 0.4117312379033081 0.9113053208088985
61 0.15164440298303206 0.9884351142305295
190 -0.13261692938047812 0.991167367320824
201 -0.037995763356938383 0.9992779002694514
307 0.06646102898570057 0.997789021600339
442 0.23223334154275785 0.9726601025414195
450 0.3241260754123242 0.9460138937868747
1 0.18843353291745588 0.9820859451556396
483 -0.4412642092561412 0.8973772326226871
458 -0.6053281998898893 0.7959759860812802
461 -0.4292847426662564 0.9031692032581525
281 -0.019932570760761232 0.999801326575869
431 0.01327083608905654 0.9999119385773416
135 0.178902166353277 0.9838668684705795
36 0.13434602476932686 0.9909344809969423
438 -0.03686201542247539 0.9993203649576011
354 0.05407103312200463 0.9985370916381219
62 0.022391117418840183 0.9997492875019895
393 -0.05435581735537796 0.9985216297705467
467 -0.0722878560302443 0.9973838107120802
282 0.020322752770576033 0.9997934715329091
33 0.3430549420109138 0.9393153393626066
259 -0.003389507981320577 0.9999942556013232
111 -0.08625180822948349 0.9962733688988903
407 -0.1432311545145747 0.9896892625346715
306 0.4453646312747062 0.8953492867085698
92 0.1960716905512244 0.9805895635608125
101 -0.4468563979499099 0.8946057006364491
153 -0.3025469131446132 0.9531344948886626
455 -0.15550267738318865 0.9878354707777302
215 -0.034047292313631704 0.9994202228722961
418 -0.28513403747459865 0.9584876528539291
116 -0.039233848204167726 0.9992300561707962
12 -0.16621927364847267 0.9860888160139402
232 -0.04075749749592998 0.9991690679749194
283 0.4022836989904558 0.9155150602401668
140 -0.17928811613793133 0.9837966107949913
471 -0.24542350398098559 0.9694159600984993
449 0.05586561761315979 0.9984382969261046
43 0.06609497039171265 0.9978133366962573
313 -0.02884279070508224 0.9995839601676004
363 -0.530712550847906 0.8475518794578352
53 -0.1725880140895291 0.9849941001816368
379 0.04351672126666206 0.9990526987953137
330 0.08842895185345771 0.9960824867821433
239 -0.030856182372226728 0.9995238346379799
469 -0.1498138226664647 0.9887142249093319
68 -0.049877564650747254 0.9987553396826024
440 -0.13214759765581485 0.9912300502072143
202 -0.10710462501023536 0.9942477554922702
172 -0.11229808463309389 0.9936745645269072
222 0.5211732141267922 0.8534509247032008
413 0.17770605924439056 0.984083612559334
325 0.027647511598206283 0.9996177344877527
91 0.37626621490756573 0.9265115949188837
29 -0.09146459540994492 0.9958083288396895
263 -0.17905010442644428 0.9838399565502916
171 -0.16668329283360386 0.9860104867039432
49 -0.05595066322179761 0.9984335347358085
491 0.12849843559740798 0.991709711583495
485 -0.05893367326201552 0.9982619005831315
191 0.19445879972778576 0.9809106866623631
273 -0.04763578130419321 0.9988647717982345
160 -0.03751105964634295 0.9992962125437124
436 0.05690031971495708 0.9983798643884679
395 0.3639140662812805 0.931432527004841
423 -0.06354331964559233 0.9979790812078267
35 0.3799991314242757 0.924986843212808
366 -0.05561234705280379 0.9984524359503953
100 0.2552731946901914 0.9668689653063974
157 0.3850355870188376 0.9229017264742001
351 -0.4785761846543998 0.8780460326666465
124 -0.0526459445637071 0.998613240709833
334 -0.06697868321121808 0.9977544066529055
69 0.07278706790137891 0.9973475035043302
300 0.01910595184097817 0.9998174646425467
154 -0.4533894659852337 0.8913125109262321
196 -0.06867371812900541 0.9976391734682123
27 0.3465255172073125 0.9380405459915924
292 -0.06812162506159954 0.9976770239907137
384 0.09631508441826983 0.9953508951688854
109 -0.13246910424330738 0.9911871349149846
308 0.22243115205420882 0.9749483999657815
490 -0.19544941025050663 0.980713784971298
465 -0.076075986463058 0.9971020230065089
107 -0.06976760729596976 0.9975632716636049
415 0.025751972741459565 0.9996683629583979
178 -0.04110258423595073 0.9991549317143595
412 0.2763768798013289 0.96104933292276
326 -0.34668032320144365 0.9379833439379095
257 -0.4600882478605831 0.8878731914978504
221 -0.3587962140430789 0.933415918435267
85 0.04909111662211075 0.9987943042833165
394 -0.35694627496472897 0.934124914981291
452 -0.01757481539562965 0.9998455510046587
250 -0.023249982471171212 0.9997296826218026
60 -0.04166618154951345 0.9991315875874823
389 -0.04786933252215357 0.9988536063927903
482 0.4442619466828835 0.8958969375600827
165 -0.04956638206862578 0.9987708314566595
146 0.024114279951561436 0.9997092084713523
14 0.3897408583000987 0.9209245698598243
0 0.12747728141692963 0.991841490724475
145 0.26059239487968944 0.9654489130611045
359 -0.11304086408735273 0.993590339650293
159 -0.2791810037575914 0.9602384949276423
214 0.021863143213695268 0.9997609729174356
454 -0.4867306342981424 0.8735521104294397
466 0.32290358817911097 0.9464318637604374
58 0.28064320560855127 0.9598121645122842
295 -0.261418976401684 0.9652254238140933
408 -0.17986706696783689 0.9836909261655246
114 -0.026955541189488216 0.9996366333819413
406 0.04828141365774355 0.9988337725043192
397 -0.19873399463295885 0.9800534676114497
44 -0.10011105735575775 0.9949762691617887
83 -0.05724589376021195 0.9983601092028842
115 -0.08262086275291594 0.9965810519159813
409 0.0365272156021494 0.9993326585878968
255 -0.052325310284918373 0.9986300926286905
494 -0.055997588951509907 0.9984309039846563
228 0.09292518510852961 0.9956730939281956
125 0.0008937788430075304 0.9999996005796101
15 -0.0914981845123625 0.9958052431228416
173 -0.2655848880102282 0.964087479049798
99 0.16567902875634802 0.9861797297807096
492 -0.04265939210973404 0.9990896737855055
439 -0.06596940509531002 0.9978216461830095
24 0.14515739534030286 0.9894085761595252
435 -0.2236800699634157 0.9746626217831285
67 0.26896623077993265 0.9631496076415316
481 -0.10573407674278924 0.9943944413638635
113 -0.5155627234642566 0.856851841437082
453 -0.06157935967907197 0.9981021903901001
305 -0.02392249042471311 0.9997138162753777
331 0.028300198527877633 0.9995994691691681
261 0.25170948137767146 0.9678028399341384
138 0.1299262293269053 0.99152366332473
265 0.34641343508828215 0.9380819431106946
18 0.014872030538360316 0.9998894052382323
122 -0.23323712306236655 0.9724198910067555
249 0.09753977725070552 0.9952316272375406
158 0.3503198566301957 0.9366301287331084
105 -0.1750260888254204 0.9845637959169918
64 0.26695281169175894 0.9637096016590601
371 -0.06904886580246167 0.9976132788467652
338 -0.4646875544708638 0.8854747182838637
335 -0.12907990628891336 0.9916341955542102
213 -0.12170593848149941 0.9925662015897668
52 -0.21015227979371856 0.9776686653961569
103 0.008107823269994442 0.9999671310607277
47 0.33129526781586005 0.9435271302526587
462 -0.3481370461288957 0.9374436500999125
347 -0.038587592310778226 0.9992552215123307
496 0.24561686379897057 0.9693669873776174
72 -0.012380015608958591 0.999923364670274
192 0.0289202329192112 0.9995817225859519
155 0.2616790169260667 0.9651549575589441
176 -0.05111165298231923 0.9986929452686721
132 0.02347458796843272 0.9997244338915161
444 -0.00933804512714357 0.9999563995061002
428 0.18563110550063028 0.9826195055414958
88 -0.20212077874555395 0.97936060304634
141 -0.39143359391289145 0.9202063581373677
352 -0.0695103552399047 0.9975812300331348
495 -0.1313777239149598 0.9913323830375584
401 -0.1636539635038774 0.9865178053281509
316 0.12370933336085738 0.992318497680766
164 -0.4059000426692555 0.9139174773255496
319 -0.14161713336057238 0.9899215057461546
369 0.05182264942961334 0.9986563037432323
37 0.265044623682466 0.9642361471429185
252 0.0663120087756663 0.9977989364055946
245 -0.4214685823014764 0.906843004126284
476 0.034113774357236226 0.9994179558118332
399 0.22628175982908827 0.974061889804057
106 -0.13497097866543886 0.9908495521107601
267 -0.451051308746465 0.8924980206578058
203 0.04054435286167877 0.9991777396694883
426 -0.4586635425107385 0.888610012756721
385 -0.12317388163488656 0.9923851041218802
474 -0.02603499157311356 0.9996610321572948
433 -0.011413489190550062 0.9999348640108999
344 -0.44170785844970506 0.8971589423194616
247 0.014658752768202042 0.9998925547113954
76 -0.14179732609292356 0.9898957108265988
459 0.2113520130172443 0.9774100094604917
25 -0.10012535960801686 0.9949748300149935
149 -0.12359301097625242 0.9923329923154949
361 -0.09639085407884966 0.995343560410148
94 -0.08394894637919292 0.9964700569519506
311 0.06608331466950298 0.9978141087007596
10 0.2030006744807048 0.9791785976829656
272 -0.02134687266702751 0.9997721295511982
144 0.10935129966516521 0.9940031656194759
269 0.25292837199991797 0.967485006931617
262 0.13726462587264288 0.9905344125693176
179 -0.0638900637368483 0.9979569428365642
13 -0.46576178694282333 0.8849101411012466
238 -0.0038964602115531613 0.9999924087700965
411 -0.003665046302220823 0.9999932836952469
90 0.29961623119714037 0.9540598063031592
50 -0.03539793789088309 0.999373296617972
207 -0.05603231931585425 0.9984289555056415
38 -0.11681102375753488 0.99315415959896
424 -0.053946605917992226 0.9985438216272376
487 -0.12913144311474603 0.9916274857017141
156 -0.03889206215234118 0.9992434175422616
279 0.4299028596235466 0.9028751471202966
288 -0.042240722972150105 0.9991074623496663
231 -0.10470446780594704 0.9945033807994185
374 -0.054697810674665934 0.9985029541806064
270 0.10671696482402719 0.9942894394585248
464 0.31662658074022876 0.9485502666536716
456 0.3747955988090617 0.9271074690203703
180 -0.09353909292507778 0.995615607599014
236 -0.19292956777048498 0.9812126078887766
260 -0.1654574601991715 0.9862169278938786
197 0.13999190385144203 0.9901526482598774
26 -0.10251044930271974 0.9947319275984634
162 -0.05000167567640794 0.9987491338817527
302 0.042804708721542704 0.9990834584314084
323 -0.0404147922134816 0.9991829885313004
177 -0.11597394505658713 0.9932522560095254
234 0.42551308324991866 0.9049522727653364
70 0.023152167847513522 0.9997319526372859
312 -0.026378110694704467 0.9996520370989987
6 -0.04061840860767294 0.9991747319073777
278 0.12423407063138435 0.992252939372999
133 0.4685025778837295 0.8834621296446724
65 0.09685815031065434 0.9952981958781995
280 -0.12340983977075047 0.9923557887409927
212 0.19644593841452146 0.9805146573511474
237 0.025127120104694565 0.9996842640730343
304 -0.1298685134719188 0.9915312245252763
430 -0.10196070020310204 0.9947884275634158
309 -0.13349732229369096 0.9910491738256051
337 -0.055135206573609596 0.9984788976218203
387 0.6053281998898887 0.7959759860812807
244 -0.10037419884098574 0.9949497576295149
54 0.024992023723743213 0.9996876505940201
199 0.04083058439388889 0.9991660839810633
419 0.20706897609408165 0.9783263459292858
19 -0.14546784096429735 0.989362980531001
220 0.01744950442166767 0.9998477458070495
225 -0.09638777163605376 0.9953438589146144
315 0.37570751264142727 0.9267382936648252
21 -0.11207204207677558 0.9937000842229718
421 -0.10525698736188568 0.9944450545965322
253 0.05183708919183007 0.9986555543249727
211 -0.03998132765187724 0.9992004270611544
243 0.27494497177337063 0.961459964063268
416 -0.0526068827290437 0.9986152992466782
345 -0.0184266625872329 0.9998302146394138
405 0.37287022996074487 0.9278835010975359
350 -0.01698212000309207 0.9998557934023289
148 0.4895934114282563 0.8719508538249402
284 -0.07084492520781994 0.997487341559931
377 -0.1618514712112467 0.9868151302380578
98 0.13949733122912938 0.9902224470188253
242 0.18598520998394297 0.9825525439727021
370 0.03839922608807865 0.9992624777483826
110 -0.42152574599510173 0.9068164342706151
392 0.08732061786076188 0.9961802596399985
434 -0.05367668071048389 0.9985583678222845
314 0.055925012878508325 0.9984349718106528
147 0.09142032679087292 0.9958123939023101
437 -0.010943688819257221 0.9999401160444695
353 -0.05430579831814969 0.9985243513650673
79 -0.1381758347209399 0.9904077133681722
271 -0.02358688065674082 0.9997217908302714
451 -0.03569699823222775 0.9993626590568653
470 0.41360247280911894 0.9104575742373623
422 -0.40303310680741644 0.9151853991498998
30 -0.1388197474581261 0.9903176650528164
233 -0.17297475912785915 0.9849262574957879
209 -0.14442335525824837 0.9895159899950834
293 -0.16625996028721346 0.9860819568399445
77 -0.06552490815688167 0.9978509339631005
204 -0.18079297396404903 0.9835211744366437
95 -0.018261416797797247 0.9998332464248911
264 -0.13464094038094596 0.9908944530944427
388 0.34620320413894323 0.9381595501000506
478 -0.1780298551946463 0.9840250863973811
182 -0.025846688589190283 0.9996659185392756
258 -0.10960168482517699 0.9939755885752337
55 -0.3712211091775807 0.9285444997957647
223 0.016876040111649563 0.999857589494699
489 -0.13371687542295127 0.991019574593319
341 -0.44075458935413925 0.8976276466125941
251 -0.07924257764578532 0.9968553625717481
301 0.22306806462656262 0.9748028716329059
169 0.24118347211885205 0.9704795375363126
342 0.0567898993172743 0.998386151414138
410 -0.1560897013696621 0.987742884118296
45 -0.004137116178493364 0.9999914420982441
254 0.06653257891191099 0.9977842532047347
5 0.05879354585010406 0.9982701633157087
152 0.46393432644723925 0.8858695957893274
275 0.02997490230603001 0.9995506516589061
266 -0.27398108710823227 0.961735079898301
59 -0.13392981452039404 0.9909908197266677
112 -0.002405553060191301 0.9999971066530515
285 -0.12963024721198205 0.9915624029821625
205 0.3650873051314893 0.9309732862074113
41 -0.42218918395657884 0.9065077456646898
82 -0.002684995593357895 0.9999963953928352
174 -0.007899297953297031 0.9999688000592044
48 -0.5326778108670008 0.8463181138377812
63 -0.44023783086945 0.8978812016471677
477 -0.060427145186837845 0.9981726103858836
429 -0.14780782716312557 0.9890161000859975
355 0.24779186561145997 0.9688132902354262
381 -0.027614270394582627 0.9996186533226433
484 0.048461988275993004 0.9988250275660585
22 0.04150454285475497 0.999138315210871
375 -0.4027613034758037 0.9153050488347978
382 -0.004372645907613724 0.9999904399381859
87 -0.09893441364723683 0.9950939562655766
117 -0.10524285947205288 0.9944465498608488
81 -0.3272541612516636 0.9449363544405889
383 -0.15790710007278524 0.9874539724699088
346 0.37598081916384857 0.9266274459678396
404 0.0948686615877036 0.9954897975612595
189 -0.0331954463624748 0.999448879303387
185 0.17652024687459958 0.984297009262616
78 0.01730286956745534 0.9998502941464447
57 -0.13794837029121487 0.9904394212338269
183 0.31952760847384826 0.9475769664903126
217 -0.1007088053249832 0.994915944454613
96 -0.4790036674644022 0.8778128995154107
248 -0.05754671897245893 0.9983428144357553
80 -0.09356666344700779 0.9956130169354931
3 -0.031940349985969424 0.9994897768575594
328 -0.1464863642662502 0.9892126895082045
291 0.01610952673953633 0.999870233154397
71 0.23270099214688525 0.9725483269503142
75 0.027446896670470847 0.999623262966184
219 -0.45736881124413004 0.8892771055757206
86 -0.1790379654128496 0.9838421656652184
365 -0.0330364426394206 0.9994541477515275
343 -0.09197303438527964 0.9957614980234797
400 0.19164217827707616 0.9814648620838228
348 -0.0868354342230369 0.996222669569056
137 0.016711869000827148 0.9998603469657646
121 -0.06780846435762776 0.9976983573011736
151 -0.07009004749876654 0.9975406684650107
473 0.26618417790296856 0.9639221874374096
17 -0.03697615279248893 0.9993161482357154
324 0.11359942768340679 0.9935266327733758
297 0.20219657591936857 0.9793449569413645
373 0.09276970481037945 0.9956875925054982
290 0.3659475084905628 0.9306354931064845
28 0.10662871406827515 0.9942989074398836
445 0.4565939376374458 0.8896752082151846
318 -0.1074103602105109 0.9942147728330375
447 0.2975217748206026 0.954715032618424
360 -0.3975808134475091 0.9175671619987372
167 0.025923689953890876 0.9996639246762757
376 0.030001287767389542 0.9995498600531634
493 0.0239474275362951 0.9997132192355935
34 0.12058169735283952 0.9927034069970285
296 0.06620319888736555 0.9978061617654402
200 0.42216308146137943 0.9065199019608078
74 -0.449577992694403 0.8932410808314133
139 0.47571065040260346 0.87960182872339
93 0.11974473084064545 0.9928047136450862
336 -0.2800422222611125 0.9599876841663427
