500 2
302 -0.021206512794853773 0.9997751166212737
376 0.09841370299263827 0.9951455888779676
238 0.15565011289880878 0.9878122505590765
454 -0.1441838622540865 0.989550915246656
498 -0.10029588410726227 0.9949576551950052
358 -0.4966266695317362 0.8679642568158067
473 0.5319159884687508 0.8467971310835387
6 -0.06751945212608941 0.9977179579343016
322 0.11167921792854489 0.9937443093084198
438 0.08270577416695372 0.9965740087517057
250 0.13577450522235873 0.990739765898
257 0.1104566487683221 0.9938809429417951
260 0.5310737566932834 0.8473255955957445
391 -0.06034751518783484 0.9981774278206526
310 0.02584926378834146 0.9996658519533419
123 0.018064085885833133 0.9998368310885078
13 0.08067923359154074 0.996740117215657
192 -0.02000942414202234 0.9997997914310168
279 0.18561750154959772 0.982622075428028
223 0.0838136957440215 0.9964814420779388
71 0.272767576665697 0.962079959836979
315 0.09037640429761148 0.9959076792284688
62 -0.04479733247849206 0.998996095589373
161 0.2011808376442244 0.979554118241952
226 0.19148069342908453 0.9814963800462623
72 0.051325121005037944 0.9986819974114974
42 0.5253366774351879 0.8508944560527805
372 0.10670247885575943 0.9942909941290006
69 -0.527456837315192 0.8495818293545685
221 -0.1013268654853372 0.9948531883302765
355 0.09909346879636868 0.995078129817907
21 0.17774793262538313 0.9840760501340342
202 0.06607228035425523 0.9978148394210163
343 0.017742110356042094 0.9998425963721059
126 -0.04059307218248071 0.9991757615608916
316 0.4867987317069599 0.8735141640571693
12 -0.02966330910888972 0.9995599472231321
371 0.04967847455194149 0.9987652622944955
104 0.4486405334675678 0.8937122980746859
407 0.02221073355691803 0.9997533112297571
220 0.42464226237230224 0.9053612257034939
179 0.1098160089356688 0.9939519325306637
65 0.14923380993571386 0.9888019366749194
356 0.49551343240934553 0.8686002753291696
225 0.07029926567200562 0.9975259461517665
134 0.035106419023816934 0.9993835796846595
30 -0.007797930057366905 0.9999695956811988
336 0.0988164807238767 0.9951056743569237
39 -0.47083199973000534 0.882222890221198
240 0.027858638092769037 0.9996118728204544
440 0.16330266250048858 0.9865760185714284
108 0.5099309951351604 0.8602153103732024
269 0.48813185432646655 0.8727698968180588
259 0.12782426655636037 0.9917968324608264
249 -0.008545663471069073 0.9999634851512524
374 0.19276807958294134 0.9812443464774229
81 0.034986002528584664 0.9993878024205968
198 -0.002031743716259743 0.9999979360066057
482 -0.06697588564048408 0.9977545944482906
138 -0.055059187402224874 0.998483092437026
133 0.09119263120068842 0.9958332711928716
105 0.012478681435207008 0.9999221382235912
205 -0.042266186447846195 0.999106385468112
308 0.15731038563010824 0.9875492102031709
184 -0.043733144189089974 0.9990432483628205
201 -0.06996717412646127 0.997549294293148
171 0.06395494593512696 0.9979527869044883
242 -0.009815870573748213 0.9999518231819369
477 -0.07959932832684243 0.9968269393078799
455 0.013212052573919148 0.9999127170242331
325 0.20776139108634595 0.9781795358592749
16 0.14766867257184219 0.9890368866431981
486 -0.07063033203028612 0.9975025594941056
422 0.0069975194487917804 0.9999755170610747
491 0.0996972348877903 0.9950178196171809
248 0.05425190035357331 0.9985272812036865
362 0.16148743308458186 0.9868747686286
413 -0.08324047052101476 0.9965294898132419
306 -0.09874005402868666 0.9951132607549815
278 0.08069584776895995 0.9967387722732817
172 0.23732031348619267 0.9714314534782242
276 0.015962149961295566 0.9998725967685148
333 -0.09898734220677258 0.9950886925710891
68 0.03615409996029988 0.9993462268183438
121 -0.0020415642878248612 0.999997916005458
122 0.05866071644565899 0.9982779774922824
52 0.0567628965836685 0.9983876870091256
296 0.15626397975435086 0.9877153277292662
485 0.10260294024892684 0.9947223917517265
31 0.522929537979402 0.8523759137309368
450 0.07187879316230919 0.9974133742303288
410 0.041039840414835035 0.9991575108553831
116 0.6297674360593467 0.7767837385522671
253 0.5232360739552934 0.8521877791378205
18 -0.0768204508896094 0.9970449429815675
178 0.11338818198279732 0.9935507637693386
51 0.026366722271597153 0.9996523375437345
100 -0.0501220640087406 0.998743099450256
124 -0.04392801288973089 0.9990346989387103
433 -0.15113892473591606 0.9885125317514549
484 0.18760053193987178 0.9822454074292623
4 0.225912924155324 0.9741474994576493
213 0.0013169217272811947 0.9999991328582062
312 0.001958779213151583 0.9999980815901569
1 0.5163099733439278 0.8564017815404126
275 0.00029751820575762153 0.9999999557414576
348 -0.051157254784768284 0.9986906103908689
361 0.06471739729375012 0.9979036318640808
412 -0.029458155429902717 0.9995660143675693
351 0.03174331349902909 0.9994960540432876
35 -0.010830675053749985 0.9999413465188246
103 0.04822040078125107 0.9988367198639101
256 0.10986214066701418 0.9939468346184624
270 0.06590022525328326 0.9978262174905841
92 -0.11510244179671138 0.993353626807913
408 -0.057345438985477004 0.9983543963080259
160 0.19673764586663542 0.980456168678057
341 0.11170616335697686 0.9937412807507116
320 -0.015826584139303768 0.9998747517736817
446 -0.03270357645132414 0.9994650949819571
27 0.10997798598985245 0.9939340232619144
94 0.23898786186355142 0.9710225547750619
117 -0.010987573465972717 0.9999396347926858
442 -0.4941101936750504 0.8693992848550107
456 0.08182495755003454 0.9966467159038527
119 0.26670503891054276 0.9637782017765945
128 -0.4688425533780188 0.8832817558072733
106 0.0012805559079927097 0.9999991800879472
199 0.08225314060542534 0.9966114693603241
282 0.06539660524277896 0.9978593508219081
136 -0.08696614413943124 0.9962112676403132
196 -0.09485184152103587 0.9954914003446079
64 0.0891163294460364 0.9960212245861357
7 0.02275114119604909 0.9997411592878815
188 0.10757977653673884 0.9941964552744621
385 0.07389297906480692 0.9972661769281701
191 0.127520828509896 0.9918358928250931
26 0.5223895935497368 0.8527069323929182
170 0.5018147551029023 0.8649751161513342
232 0.5151869325966056 0.8570778403865664
90 0.14360317365233968 0.9896353512870163
467 0.0027386746657363506 0.9999962498235058
424 0.05246489338274038 0.9986227690986911
261 0.06074063345576583 0.9981535830960045
211 0.10547281170745282 0.9944221869963101
176 0.051142310464981175 0.9986913757914923
301 0.010678695117277532 0.9999429811097191
48 0.0021376783841147965 0.9999977151629529
490 -0.0058128634930202485 0.9999831051662881
181 0.1773521139231039 0.9841474623688293
120 -0.047248633609190745 0.9988831596448429
297 0.14171040728266898 0.9899081575922992
167 -0.049421174526912116 0.9987780271453616
480 -0.5401238956640559 0.8415855139750708
370 0.056671209727648435 0.998392895601729
318 -0.043937253468878223 0.9990342925833986
273 0.11456135997385748 0.9934161740181907
28 0.0535242753002059 0.9985665485853148
488 -0.06230105150980682 0.9980574026481506
140 -0.003553042997993311 0.999993687922806
84 -0.04001912020418101 0.999198914139764
475 0.08110326594736594 0.996705703933047
114 -0.1885175501546236 0.9820698209820414
82 0.021446770331148876 0.9997699915692423
428 0.3797653422396497 0.9250828529562105
73 0.008042086106604451 0.9999676619026507
243 0.07511694923794124 0.9971747308958369
241 -0.02688617156364757 0.99963850154876
61 0.1416412924324172 0.9899180492738145
214 -0.03034826370040193 0.9995393853622633
423 0.08556733336690066 0.996332390048862
190 0.02377276555764216 0.999717387874064
305 0.01806876845721145 0.9998367464773635
309 0.17936262609485823 0.9837830291077175
267 -0.1652968935416359 0.9862438526984516
395 0.021998165433920202 0.9997580110794522
411 0.18824183719294876 0.9821227065546461
231 -0.024316807666598432 0.9997043027140105
164 0.5051564777111249 0.8630277707156878
217 0.14185466945599448 0.9898874949980582
110 -0.15960246670411252 0.9871813676432323
339 -0.04792182636653034 0.9988510892809278
466 0.07857683025562061 0.9969080608295728
353 -0.13083089882345197 0.9914046983513077
227 0.1939014243323126 0.9810210179409514
137 0.23205185707353268 0.9727034160671612
392 -0.00924306926359897 0.999957281922877
436 -0.06134633170536675 0.9981165400825173
236 0.07459917364602672 0.9972135996321599
429 -0.019547575301797727 0.9998089278956357
74 0.4915098151817386 0.8708720351349061
244 0.09206184795917532 0.9957532908056803
66 0.5072733448877308 0.8617852131281978
0 0.5771205448043633 0.8166589721326246
189 0.04387754196868337 0.9990369168908556
369 0.10695530782168268 0.9942638292368726
154 -0.07667167223453744 0.9970563949329845
209 0.019038368269017465 0.9998187538417418
87 0.046809732400644684 0.9989038236750223
155 0.09104326436850549 0.9958469380447612
59 0.1958542692840264 0.9806330124991817
99 -0.12343465064823499 0.9923527029334621
169 0.13991387950175116 0.9901636765316981
182 0.13626090393785373 0.9906729864380269
38 0.25327961590067016 0.9673931135630482
58 0.17496058033440068 0.9845754391254384
113 0.1911353020103438 0.9815636995760462
222 -0.17177605138452853 0.9851360252121227
22 0.029982383291100374 0.9995504272882813
208 0.10648387168379632 0.9943144296806864
96 -0.0084709854708973 0.9999641205589088
431 0.06894703443625712 0.9976203217870242
439 0.4590681987910422 0.8884010292985641
53 0.09633111025581466 0.9953493442992174
430 0.1284311931526759 0.9917184220459858
2 0.03389861423753134 0.9994252768230224
40 -0.061266686728491164 0.9981214320398659
448 -0.5163533280046738 0.8563756422613255
364 -0.49920939509286466 0.8664813788253133
207 0.5196162327186392 0.8543997721765199
24 0.10235506505280947 0.994747928199921
63 0.11736034969003313 0.9930893959360523
150 -0.07737303242298445 0.9970022135650812
115 0.00413903798410959 0.9999914341455961
239 0.18606803111817707 0.9825368633266668
481 -0.08413640048696275 0.9964542468739332
233 0.06432095104548984 0.9979292636537942
404 -0.05345337263627072 0.9985703465223708
492 0.06233016839725273 0.9980555846783133
20 0.05565824263677704 0.9984498785750768
415 -0.11079846616350744 0.9938428949767735
293 -0.0019769227830279917 0.9999980458862456
129 -0.035461392886419606 0.9993710470163497
393 0.0882355097294412 0.9960996410112725
386 -0.10598648085015257 0.9943675708092053
67 0.04416271489564442 0.9990243513613901
78 0.049089948145856675 0.99879436171368
464 0.14803886408800151 0.9889815441753875
245 0.1607423699573795 0.986996398423259
495 0.0933505642969031 0.9956333020472193
218 -0.06593715206493603 0.9978237780177246
403 0.4625806642591957 0.8865771985865198
177 0.23860094618979732 0.971117700630224
34 0.22983742411696761 0.9732290370078758
474 0.02414190471964157 0.9997085417442965
54 0.16129046070541794 0.9869069800571045
340 0.04816042364053584 0.9988396135490242
290 0.10993428989687794 0.9939388572265747
399 0.17989716514032558 0.9836854222638833
143 -0.09600375895633494 0.9953809714206183
46 0.055051651822644806 0.9984835079417178
420 -0.0437755583749087 0.9990413907786629
390 0.011868671901292205 0.9999295648330934
41 0.13762426170050593 0.9904845090113175
432 0.1799703888876699 0.9836720282307618
447 -0.06625250580019981 0.9978028890894205
29 0.12135785212456769 0.9926088211010979
405 0.08390055952290443 0.9964741321839435
95 -0.02744610978006345 0.9996232845717136
291 0.010037817032416782 0.9999496198455318
451 -0.012387482721083804 0.9999232721923392
347 -0.510800959854076 0.8596990051245578
252 0.07334187478949782 0.9973068581947894
434 -0.03862764752872689 0.9992536739218908
400 0.11228991324229265 0.9936754879657839
60 0.06543408523291253 0.9978568937927582
91 0.1726949970991887 0.9849753489183936
153 0.07339217838714625 0.9973031575963194
206 0.16258444521057092 0.9866946326881335
332 -0.05831437114591372 0.9982982691149257
367 0.08166707725674947 0.9966596653283106
435 0.025528116422614003 0.9996741045320287
144 0.5296158580940398 0.8482376099038016
130 -0.0944887482526124 0.9955259295737376
224 0.05732925511552816 0.9983553257772999
15 0.051380204833094405 0.9986791649730705
377 0.10387370618862109 0.994590495210285
277 0.030017210154088772 0.9995493820190001
235 -0.013723518082914717 0.9999058280915398
14 0.01338451491911147 0.9999104233682035
11 0.5317270786798786 0.8469157654681853
234 0.5594766148162305 0.8288461361879966
357 0.07899642005846194 0.9968748996829777
379 0.06632281115116673 0.9977982184394832
111 0.5545849659527426 0.8321271029952066
258 -0.05267144967101235 0.9986118957781116
292 0.08607265803987402 0.9962888624981969
387 0.204264343708518 0.9789157664933835
141 -0.10921676444636698 0.9940179567612785
300 0.17892496819590417 0.9838627220075445
441 0.12492824139929574 0.992165779746953
394 0.07709473699645113 0.9970237717965644
366 -0.052489192864322104 0.9986214921743133
459 0.061175955615450736 0.998126997157444
268 0.12046026143573618 0.9927181500379824
109 0.01656588116368172 0.9998627763754738
479 -0.04491944680798963 0.9989906122173843
494 0.05779783754561062 0.9983283077099693
251 0.13855195626356864 0.9903551662992113
338 0.13904405577499387 0.9902861962855185
449 0.12662041761458653 0.991951243682424
317 -0.05414395231841066 0.9985331403750912
19 0.2009778310720088 0.9795957898120995
37 0.03364154723194786 0.9994339629509499
8 0.14464304393693486 0.9894839007485962
203 0.02484513670396104 0.9996913119469237
334 -0.08117654929885565 0.9966997380575208
186 0.10268418246131591 0.9947140084829665
33 -0.45963664806135557 0.8881070609779664
56 0.23960802676028442 0.9708697098540271
472 0.04814291110105512 0.9988404577862853
173 0.009637100521516279 0.9999535620685284
50 0.0033533873582541163 0.9999943773808058
185 0.19806399757930104 0.9801890903610929
416 0.035495426240211146 0.999369838806448
335 -0.04630522949412993 0.998927337558391
360 -0.1297863751733508 0.9915419793530491
287 0.010903478922284592 0.9999405553068599
262 0.052522216395613226 0.9986197558554969
210 0.19215291656749972 0.9813649966524196
418 0.07643835023193253 0.9970743094743845
247 -0.4335296517848854 0.901139301674983
468 -0.0492096697278471 0.9987884703005317
76 0.039682764289137355 0.9992123288963026
265 0.033350555534170295 0.9994437154965569
427 0.06464748387831064 0.9979081635241811
85 -0.10493307285025116 0.9944792859693982
380 0.18410694288825782 0.9829062181003536
44 -0.016293365336528053 0.9998672543122963
183 0.1325866381697828 0.9911714197750231
321 -0.1862988519783445 0.9824931235136208
313 -0.13004232215705322 0.9915084439620276
149 -0.44930996170154647 0.8933759333649832
193 0.13705280058489386 0.9905637434571475
118 0.03387005373573927 0.9994262451326451
131 -0.05563081472487667 0.9984514071566261
295 0.14247923417163513 0.9897977913846162
326 -0.05282955225756475 0.9986035441596757
49 0.03068945403432389 0.9995289677698567
337 -0.04209284593945098 0.9991137033995269
444 0.006830664157635328 0.9999766707414557
159 0.11748755569589994 0.9930743548479151
125 -0.14485541962362106 0.9894528323299018
23 0.2774661417931703 0.9607354163131555
43 0.013090867253135945 0.9999143109259716
327 0.00032142652706788086 0.9999999483424925
398 0.08404866835186157 0.9964616507163127
10 0.1130108736585186 0.9935937512056617
187 0.159084603946344 0.9872649536913761
349 0.5161879641727324 0.8564753269319613
409 0.09528629748766411 0.9954499090919102
354 -0.10282227314473698 0.9946997437143277
304 -0.039409359908732504 0.999223149427386
462 -0.5022850599327737 0.864702098163483
288 0.10560516194372205 0.9944081404387437
421 0.08330825961890916 0.99652382504347
266 0.1089337558723802 0.9940490112824099
497 0.011184637183965576 0.9999374499892797
298 0.01147674557063286 0.9999341399867828
216 0.5037046410199969 0.8638759370505213
314 -0.0982395426432079 0.995162796863535
70 -0.07639118690310272 0.9970779240177446
148 -0.12057611205555055 0.992704085415975
5 0.11065250477088459 0.9938591566152266
344 0.09424017647079155 0.9955494910544399
142 0.14695789626222103 0.9891427484070145
230 0.3937144534797665 0.9192327937585391
107 0.10201909940352727 0.994782440213383
330 -0.004630347188587176 0.9999892798849961
163 0.05881835596599167 0.9982687018040072
342 0.048287437102873594 0.9988334813261097
437 -0.0932382953645028 0.9956438219953567
166 0.19733006268069148 0.9803371085307514
323 -0.06608777965986423 0.997813812982978
145 0.020227385259860845 0.9997954055133226
228 0.10259129431943793 0.9947235929291425
329 0.4884750240186031 0.8725778767021458
303 -0.04846248020044692 0.9988250036982561
194 -0.17315496423981547 0.9848945925118627
463 0.2471549952752701 0.9689759585822969
294 -0.12852572736498716 0.9917061749355506
396 -0.519540865496587 0.8544456033470224
443 0.04416645912798627 0.9990241858374078
132 -0.19235916272070844 0.9813245908043821
324 0.034696289147816514 0.9993979024989851
157 0.268633443936395 0.9632424787138862
101 0.10579362744761996 0.9943881075271738
426 0.12587710067079158 0.9920458434602281
147 0.07667605754643082 0.9970560577014397
139 0.07860083557580731 0.9969061684264899
299 -0.10503041294926488 0.9944690102540686
465 0.14201264440372482 0.9898648437183033
237 -0.023339975972616583 0.9997275856560114
331 0.5391730524051914 0.84219500091135
215 0.19141495942195974 0.9815092018465692
285 0.1262784084413434 0.9919948404913814
373 -0.1286029308008399 0.9916961662673878
97 -0.009014645671403353 0.9999593672561996
384 0.055262467956747906 0.9984718622151199
397 0.06880355868109603 0.9976302272449531
453 -0.4720719764727922 0.8815600087510046
274 -0.13408999664088841 0.9909691583499693
425 0.0509437413939758 0.998701524587193
382 0.048181005847564684 0.9988386209370946
158 0.05581385806183839 0.9984411916824412
36 0.013784468568769595 0.9999049896996598
102 0.1311147170489833 0.9913672028936428
162 0.1730388274674433 0.9849150035351745
151 -0.1684923502347329 0.9857029612983701
174 0.13535864051473187 0.9907966685642435
381 0.257771822317554 0.9662058205263967
200 0.5250142879739061 0.8510934128656221
452 0.08792911987610251 0.9961267338435478
286 0.5350837288316479 0.844799031213708
445 0.16367229913967793 0.9865147634446896
83 0.040341461968184236 0.9991859518859687
89 0.03556128927700845 0.99936749732266
461 0.17499463171821011 0.9845693875343717
152 -0.04220901529169649 0.9991088023974694
289 0.1171455736416129 0.9931147539817228
25 0.15392141561188108 0.9880830925666296
55 0.03543062049260215 0.9993721384606983
383 0.06951529195012393 0.99758088603636
264 0.03728458284101345 0.9993046882119445
271 0.07617000831517003 0.997094844953712
280 0.005851795777185002 0.9999828780965113
389 0.0002912082967349567 0.9999999575988632
345 -0.4800611980123325 0.8772350005346139
79 0.017645366669250356 0.9998443083976163
246 -0.03365203142660006 0.9994336099916107
168 0.06304966483897556 0.9980103906090821
93 -0.0777212257989496 0.9969751306127494
45 0.10012246069629319 0.9949751217312518
489 0.16544432943622964 0.9862191307500561
346 -0.08665627002886717 0.9962382701265216
352 0.015606371847782833 0.9998782131628575
328 0.11729421470619981 0.9930972093387715
378 0.15298986946904966 0.9882277570680977
32 0.0018435284322520342 0.9999983007000159
9 0.16527629484150363 0.9862473048700636
263 0.06667708140861804 0.9977746072209036
470 -0.4808998341473638 0.8767755411261414
57 0.19882947204373058 0.9800341019815644
476 -0.6297674360593472 0.7767837385522666
77 -0.44769152713840227 0.8941880655256393
156 0.05216889316252314 0.998638276147173
175 0.49535021131712065 0.8686933683113299
284 0.05786184467656533 0.9983245999827035
86 0.5448283832764531 0.8385475733530963
471 0.22644869888203498 0.9740230935530396
80 0.23188918359083477 0.9727422097007902
204 0.050116806914996564 0.9987433632643798
17 0.09209533422933056 0.9957501942822748
165 0.15995724337118647 0.9871239437340638
483 -0.13869932969599807 0.9903345373871806
402 0.013009388956311138 0.9999153743187388
496 0.11437578226542414 0.9934375573890754
219 0.22623200154980022 0.974073447679779
368 -0.029391279018000024 0.9995679830395159
457 -0.2716493472081967 0.9623962968348125
388 -0.09267205990550574 0.9956966853981539
469 0.09709381007490694 0.9952752343171902
88 -0.058178779552665885 0.9983061802922801
406 -0.029677529151632583 0.9995595251226681
254 0.18678978165989016 0.9823999070986573
127 0.0162448548887648 0.9998680436385807
112 -0.14812750047255344 0.9889682722937849
499 0.0744245158194078 0.9972266499873771
281 0.01850772581394597 0.9998287173737289
3 -0.010211621591546633 0.9999478600329476
180 -0.49891013645891824 0.8666537230858375
229 -0.086023604497183 0.9962930991778032
311 0.10016087389749986 0.9949712555345953
350 -0.026369532848924807 0.9996522634082962
363 0.009970891694827582 0.9999502894238342
414 -0.06216533809685446 0.9980658649304183
478 -0.10118304715108922 0.994867825879006
375 0.09474041912198979 0.9955020105376934
307 -0.037286853080157126 0.9993046035055472
458 -0.4853164580055397 0.8743385703427232
359 0.1166638590071797 0.9931714575044698
283 -0.020803637808616424 0.9997835809083524
319 0.22460622975768066 0.9744496095509712
401 0.5462388214121913 0.8376294825173122
365 0.18819362884973745 0.9821319453415449
272 0.14142304204043266 0.9899492528306841
75 0.06656475354464632 0.9977821072686864
419 -0.11512482126745507 0.9933510333855482
487 0.021191424176926887 0.9997754365563066
493 -0.04509159622182171 0.9989828566848222
417 -0.0679970471460743 0.9976855223863953
98 0.1629412633688203 0.9866357710380121
135 -0.03036457784891106 0.9995388898947641
212 0.5342616011977233 0.845319195029691
146 0.16443018630616002 0.9863887234915664
197 0.06197778464858778 0.9980775291579573
460 -0.017894136389587253 0.9998398871233688
255 0.12087572408832857 0.9926676479699145
195 0.11592019977553983 0.9932585299326651
47 0.5464753340839935 0.8374751991777354
