500 2
465 -0.05431844917477672 0.9985236632545306
1 -0.007904785756731295 0.999968756692998
131 -0.05034987900192726 0.9987316404743024
227 -0.35535356205197405 0.9347319647561936
3 -0.0704746165097992 0.9975135730544206
449 0.04884545264805449 0.9988063484758227
451 0.029474182457178342 0.9995655419073234
351 0.08129821618839041 0.9966898213810482
250 -0.05532374110815217 0.9984684690413604
441 0.45080174525674244 0.8926241014410686
112 0.0999882360370936 0.9949886193591314
436 -0.04699121966150958 0.9988953024590334
487 -0.4837554612455671 0.875203207098265
133 -0.044951734878238205 0.9989891598668309
134 0.038635466493979705 0.9992533716374403
382 -0.4383112468863868 0.8988232589630182
484 -0.25446384031896996 0.9670822891409614
229 -0.4031112320173654 0.9151509900674544
277 0.039505836605903545 0.9992193397217989
423 0.4597689433932017 0.8880385795060364
181 -0.07945836805404058 0.9968381853371131
41 -0.08826649977276112 0.9960968953961583
320 -0.015093713409291807 0.9998860834192653
53 0.057050669342539315 0.9983712842062156
324 -0.14964240780197816 0.9887401831559322
132 0.0863783964708371 0.9962624014902534
65 0.14835730974370803 0.9889338241993796
319 0.061618315959594494 0.9980997861628382
120 0.030110336172399353 0.9995465810334128
431 0.18862442659324516 0.9820492990132264
362 0.5287753396362599 0.8487618277187999
305 0.15066076240699616 0.9885855221835604
194 -0.05212522764810138 0.9986405562776998
462 0.2328562037127537 0.9725111764871828
161 -0.06108215717079296 0.9981327417109221
290 -0.013814211337255916 0.9999045792300031
448 0.4682912165655135 0.8835741827869302
452 0.0797319499328132 0.9968163402352068
323 0.1582653026558299 0.9873966244500021
54 -0.034522872084774586 0.9994039079886661
383 -0.20974974151296022 0.9777551052974596
412 -0.03398282666024245 0.9994224169449972
372 -0.003264492520592647 0.9999946715300952
402 0.44620828263168555 0.894929141614509
148 0.00305383856541623 0.9999953370241366
84 -0.13172122055655447 0.9912868001013085
0 0.032773765567771326 0.9994627958511055
410 -0.002936719234830914 0.9999956878307705
7 -0.08495816367860204 0.9963845193620582
152 0.0070510162228795996 0.9999751412761342
243 0.0074390394891094514 0.9999723299629243
102 0.003576638566875077 0.9999936038078253
13 -0.04416101831308128 0.9990244263588111
25 -0.04424406729583171 0.9990207517910337
405 -0.10899151139695318 0.9940426803932555
396 0.01570837700588359 0.9998766158340944
214 0.1129600843184294 0.9935995266458076
158 0.15881504050585157 0.9873083524963844
468 -0.018506487409070606 0.9998287402969459
218 -0.08912655731131963 0.9960203094223691
453 -0.09368724539011207 0.9956016774047808
443 0.12234020942121446 0.9924882231839193
156 0.0419548385286467 0.9991195081290501
175 -0.09928828748214419 0.995058709810061
104 -0.13871310549042465 0.9903326079480581
21 -0.05586005699766858 0.9984386080436879
125 -0.5036893170387418 0.8638848719019485
116 -0.024515106739317664 0.9996994596085165
255 -0.05645129343915143 0.9984053542870484
390 0.13062375272042354 0.9914320124069192
9 0.04371575829806214 0.9990440092790835
47 0.008485639354674567 0.9999639963142385
413 0.1002031746927172 0.9949669963277681
44 -0.08073444478121237 0.9967356467117394
388 0.12266934662079097 0.9924475962989825
140 0.09064945427345718 0.9958828628106442
30 -0.08553922820151344 0.9963348033862359
327 -0.4502540812415521 0.8929004772791455
220 -0.023721636509295176 0.9997186023883524
494 -0.0875618507028413 0.9961590848360985
298 -0.14054606755892546 0.9900741400994785
437 0.47852181602521837 0.8780756639310345
136 0.17885344852841495 0.983875725866582
42 -0.022346857762813338 0.9997502777934741
361 0.1636996900555058 0.9865102186372584
300 -0.061655364896343094 0.9980974982332631
491 0.4972958007858828 0.8675810547267198
359 0.10123341584064281 0.9948627018424379
92 0.08108387163838572 0.9967072818837686
16 0.10660633662969556 0.9943013069439243
469 0.06433285375751348 0.9979284964001249
460 -0.025367414979811504 0.9996781953495044
29 -0.14861440335863602 0.9888952215044609
345 -0.01183442256897712 0.9999299707691828
485 0.052913197032119594 0.9985991155513009
146 0.12267900763354778 0.9924464021225771
233 0.09362046921953625 0.9956079588588643
95 0.051143714644653074 0.9986913038834104
464 0.05146517661316539 0.9986747897069274
240 -0.03629723568921108 0.9993410382253508
375 0.16409974953011378 0.986443750147039
420 0.09140710290510375 0.9958136078295453
28 0.03557384193813179 0.9993670505723915
245 -0.05084932490582352 0.9987063362954207
91 -0.24371795854799114 0.9698461510369569
406 0.4394330239003819 0.8982753572851514
417 -0.09793222319758385 0.9951930866216759
439 -0.08260725971798466 0.9965821795727061
404 0.1556611338462432 0.9878105139193962
242 -0.03869416870323835 0.999251100228749
415 0.12998737019924428 0.9915156496942873
58 -0.1744913465385842 0.9846587073616684
114 -0.4426616925464783 0.896688700693773
425 0.14880662372984624 0.9888663148950538
475 -0.023176445911376544 0.9997313901018199
450 0.00575454295340782 0.9999834424806229
163 -0.06947872038971047 0.9975834338104298
457 0.010467198663873698 0.9999452173754976
201 0.02881147342043081 0.9995848633304446
252 -0.024612562019442816 0.9996970650106156
322 -0.01615132722053887 0.9998695588070552
139 0.1582129449404751 0.987405015205646
71 0.029267728993380097 0.9995716082600435
271 0.05357959062187641 0.9985635820861846
333 -0.21530084038038624 0.9765477705322456
421 0.11692594488056443 0.9931406362715138
393 -0.06702646486521055 0.9977511979485031
108 0.04995982804779163 0.9987512280750573
38 -0.13011810375738897 0.9914985018014808
97 0.1522148952404925 0.9883474215410926
424 -0.07225777658087612 0.997385990338539
434 0.13127515147635668 0.9913459711951522
254 0.1183138168278692 0.9929762538689539
472 0.045881802302697325 0.9989468755731991
330 0.022464260175114863 0.9997476466662898
251 0.01825192413908129 0.999833419758122
94 -0.09064824880219956 0.9958829725369817
40 0.08547346256095047 0.9963404474364382
253 -0.0861521561568232 0.9962819912000469
312 -0.07389914908599804 0.9972657197379069
196 0.06016542391440233 0.9981884199715004
126 -0.016536349169898792 0.9998632652298669
186 0.0916713174272241 0.9957893198669874
313 0.018629151659913638 0.9998264622965487
173 -0.08448679162361902 0.9964245992754027
350 -0.10495799707338355 0.9944766557593716
184 -0.15449648166934318 0.9879933386171155
18 -0.17322262258612545 0.9848826950578351
191 -0.48194921293788134 0.8761991532457429
283 0.08939403007412065 0.9959963390430244
26 0.49647779644636386 0.8680494211943022
474 -0.48951760930452254 0.8719934117760207
338 -0.025331148422593434 0.999679114976197
27 0.012820474144517096 0.9999178143441138
442 0.4990626115755659 0.8665659292444954
492 0.042540383092642166 0.9990947481627211
403 0.08452006716089196 0.9964217772846589
342 0.012097038493198436 0.9999268281527876
17 0.09582267748692878 0.9953984199702328
332 -0.1102956404373585 0.9938988236739759
147 -0.049336424478360466 0.9987822171122648
280 0.15559921095756235 0.9878202698615696
409 0.4572534307658895 0.8893364380552637
486 -0.07821311023231788 0.9969366626761138
317 -0.10746478647707405 0.994208891364102
100 0.029980136211944206 0.9995504946888443
238 -0.07343329444454898 0.9973001309871667
483 0.4781282564093822 0.8782900263710867
419 0.10576710953319673 0.9943909284285495
381 0.14053376461364958 0.9900758864872508
72 -0.03920485435305842 0.999231194166373
179 0.004650564012394654 0.9999891860687128
260 0.06205664894784622 0.9980726287807735
287 -0.437825372904451 0.8990600329461201
356 0.09223601376205554 0.9957371730357796
268 -0.4529065183579647 0.8915580102432297
446 0.13245969607386174 0.991188392242373
387 -0.16724906677981283 0.9859146766638995
349 0.0024079731966723194 0.9999971008283395
78 0.10177588387014044 0.9948073529394783
151 0.03183342565089601 0.9994931880765014
211 0.030779242908547413 0.99952620686302
368 0.04332082501611628 0.9990612123988816
216 -0.04475256475601835 0.9989981020741524
45 0.040735769023322294 0.9991699540729189
75 0.18630315289015312 0.982492307971512
60 -0.0034947269203607855 0.9999938934232309
24 -0.012939972268405864 0.9999162750539131
239 -0.05672041373160578 0.9983901014463812
228 0.04152339663008525 0.9991375318404871
329 -0.14900896884916467 0.988835844416306
208 0.0017687494764204626 0.9999984357614214
353 0.12813258678807044 0.991757046964123
231 -0.04808883684602186 0.9988430626333631
339 0.06178624262355027 0.9980894049244605
343 0.1243108678991739 0.99224332102673
93 0.0630447703406182 0.9980106998087238
185 0.47723342714361394 0.8787765677444757
202 -0.17834850821148704 0.9839673823957465
34 -0.2201993533302642 0.9754548912138037
315 0.4584160262253845 0.8887377267224158
490 0.3533103992940987 0.9355061527059266
325 0.03508887197721204 0.9993841959243537
63 -0.022055075903644014 0.9997567572299197
6 -0.20273265057436046 0.9792341254220536
215 -0.10796728187291221 0.9941544477821216
197 -0.15889244260514965 0.9872958987471635
318 -0.23561007894995545 0.9718476684631165
154 -0.04133737849690515 0.9991452452666747
52 -0.14174735126254662 0.9899028681694241
246 0.1349914058572628 0.9908467693567355
86 0.057533837427306264 0.9983435568735285
471 0.0352278693474544 0.9993793059800862
261 -0.4547684498167652 0.8906097108449111
96 0.04651731484316482 0.9989174837892176
83 0.04905712153094548 0.998795974574937
180 -0.2318855929008653 0.9727430656679151
199 -0.005289960198773168 0.9999860080626606
115 0.04705599877015077 0.9988922529380951
461 -0.10539522328628574 0.9944304133062474
447 -0.07347610323885993 0.9972969779623483
279 -0.13694452350195827 0.9905787184685636
205 -0.07950023967499328 0.9968348468485734
337 -0.049758582723113266 0.9987612745022642
46 0.00977478627282762 0.9999522256354654
445 0.08099684405951901 0.9967143579042081
401 0.07904389263598281 0.9968711366254673
248 -0.4681351523516479 0.8836568786201461
171 -0.1495765401479666 0.9887501497533964
160 -0.06152951602520701 0.998105264317198
85 -0.002228240611354841 0.9999975174688075
138 0.016613091960605984 0.9998619930647973
440 0.03883410526469292 0.9992456716284993
459 -0.40595375359970837 0.913893620690235
162 -0.0008183145400896125 0.9999996651806007
187 0.45158531268214774 0.8922279447370872
59 -0.07465050721153435 0.9972097581617724
466 0.05591181864424959 0.9984357107675449
212 -0.12443209652647391 0.9922281256616476
244 -0.06100805633934092 0.9981372736561318
463 0.020601024956803618 0.9997877763659291
278 0.060037981881352565 0.9981960933261634
303 0.07259511275919582 0.9973614939446377
473 0.4676154773327231 0.8839319913652236
111 0.11457045465054601 0.9934151251723357
340 -0.056402173864082125 0.998408130367239
119 -0.10400971570465606 0.9945762811564715
168 -0.0001118622987245864 0.999999993743413
265 -0.029625760007620617 0.9995610608381916
400 0.1442281239461081 0.9895444650256936
61 0.08764041847391454 0.9961521756487395
35 -0.11606362036408627 0.993241781253679
394 0.07629128335290399 0.997085573100106
399 -0.08830772933237954 0.9960932410874792
155 0.00861088675129014 0.9999629256274236
249 0.12699606153301476 0.9919032212646065
378 -0.002739730653852696 0.9999962469309294
455 0.07700638012812683 0.9970306000417252
308 -0.07240940038578113 0.9973749940397402
310 -0.027435170064681602 0.9996235848775888
365 0.08258589546568508 0.996583950237074
269 -0.21356213553314365 0.9769294827501743
135 -0.05553124313834336 0.9984569500161288
14 -0.02242523608382231 0.9997485227728945
241 0.015800119940029028 0.9998751703137151
5 0.06361348164891197 0.9979746113767141
23 -0.3716658447789379 0.9283665762104742
282 0.09306167378441713 0.9956603461384022
210 0.06734785233517578 0.997729555934793
438 0.48929674026741615 0.8721173659340127
411 0.010718827281485356 0.9999425517207025
124 -0.04901363752088124 0.9987981093979762
99 -0.004991151689521369 0.9999875441248316
499 0.026280261262182344 0.9996546142883509
178 -0.003387584013446181 0.9999942621208143
371 -0.04285028100132049 0.9990815048924226
87 -0.009085439014459396 0.9999587265472084
76 0.02136644916558916 0.9997717113671771
380 0.04780096120093327 0.9988568806932587
430 -0.04347236064588622 0.9990546300677826
121 -0.1312929818014794 0.9913436099202315
292 -0.08424470629818384 0.9964450960593527
397 0.10915092608338718 0.9940251884812271
482 0.07037820092659333 0.9975203801598923
37 -0.0648468604377244 0.9978952273116504
270 -0.10164948464634121 0.99482027636711
144 0.02405434230499511 0.999710652447134
301 -0.1312762458590417 0.9913458262751482
297 -0.096089203056745 0.9953727266988581
153 -0.04562254537597513 0.9989587495754852
334 -0.3828918311087572 0.923793183385861
444 0.06552795073113565 0.9978507341646734
226 -0.06330489674547805 0.9979942334743445
321 0.009054797967808441 0.9999590044765646
103 -0.014952029910619679 0.9998882121525146
56 -0.08329549362849989 0.9965248921834239
166 -0.09405832990161453 0.9955666881611291
113 -0.2286206205423919 0.9735155940522019
335 0.11064826241366488 0.9938596289340044
118 -0.01334162754014404 0.999910996526481
488 0.05784277308110321 0.9983257051695544
235 0.005380130011966643 0.9999855269957932
276 0.07920623564013134 0.9968582508239174
273 -0.003165245661900318 0.9999949905974029
51 0.09904104544478361 0.9950833489297288
262 0.07093227501452498 0.997481133837259
237 -0.42600033085553285 0.9047230062903101
391 -0.03407903318761701 0.9994191410499387
55 -0.008895927251549446 0.9999604304562931
117 -0.1570615011428902 0.9875888237818115
357 0.03578767969564382 0.9993594158169532
22 0.14224551710591982 0.9898314062825394
395 -0.4298996285485415 0.9028766855854825
429 0.014755643344847628 0.9998911295683542
89 0.03770426851850071 0.9992889412654804
256 -0.026941488176782404 0.9996370122273487
346 -0.03738822491962523 0.9993008158894696
363 -0.03750137226503722 0.9992965761365538
263 0.05003655962479885 0.998747386830581
302 0.13296967718258754 0.991120106218191
141 -0.4256778213625636 0.9048747937698459
311 0.0037171238724438517 0.9999930914711945
230 0.034577767502674696 0.9994020102013658
259 -0.45142204066479874 0.8923105632020887
143 -0.11702256032554958 0.9931292566301997
366 0.027793418218913412 0.9996136883335025
223 0.027861670012445175 0.9996117883179036
203 0.21639625526479359 0.9763056184962648
217 -0.029955725079892657 0.9995512265686726
39 -0.10340421333332929 0.9946394164042138
193 0.06443295244519719 0.9979220383573032
344 0.09153106110356965 0.9958022217555323
183 -0.13578491886101518 0.9907383387201221
57 0.00832730993306503 0.9999653273535432
458 -0.42732230516404185 0.9040993571003628
77 -0.14242237005168376 0.9898059751834504
33 0.07630735881139217 0.9970843429676495
493 0.48644312515435967 0.873712244386022
373 -0.47733975926693467 0.8787188140827444
195 0.015641301123238156 0.9998776673669496
389 0.07412561371755919 0.9972489124541551
481 -0.0017911688641887435 0.9999983958557633
272 0.1288391952855443 0.9916654989250021
352 -0.4418253812500419 0.8971010714982204
407 0.08752804943120662 0.9961620553719001
88 0.013014769597465703 0.9999153042994816
328 0.07981053305507706 0.9968100515210832
222 0.007816080990434597 0.9999694539724455
247 0.424805162138368 0.9052848028220704
314 -0.007598356548045618 0.9999711320722059
377 -0.058062426192850326 0.9983129542706536
82 -0.22631175465180264 0.9740549212988056
176 0.1337992016740866 0.9910084629463953
109 -0.11118163710458472 0.9938001024203733
274 -0.4107292335247223 0.911757367246459
123 -0.052041514293410376 0.9986449222772069
454 0.4518470380125118 0.892095428886013
19 0.061158510475343236 0.9981280662301993
80 -0.08490794990923298 0.996388799637075
169 0.11103668054501786 0.9938163087681464
414 -0.03623365189801698 0.999343345637591
50 -0.00986892732459771 0.9999513009509322
296 -0.07625199528050247 0.9970885784200629
15 0.12063307354702402 0.9926971650843969
145 -0.004915479547313499 0.9999879189574341
326 0.13263174328636068 0.9911653851264284
456 0.10208982848295649 0.994775184109616
122 0.14963098848359369 0.9887419113628302
101 -0.056316566550203735 0.998412962822497
207 0.004974329695542443 0.9999876279455061
408 0.4724739105627384 0.881344656668181
293 0.04251800369297529 0.9990957008024627
221 0.06577677327064875 0.9978343630573672
81 -0.4200740690196148 0.9074898217265602
12 0.0793111950167971 0.9968499056252189
234 -0.030746022565662022 0.9995272292921248
105 -0.08955559953165312 0.9959818244288026
498 0.49159362227666137 0.8708247300903386
32 0.046354232014791164 0.9989250648443649
348 -0.0559005378030435 0.9984363424241579
129 -0.06835423500806305 0.9976611140845686
258 -0.1493783309969875 0.9887801141955447
36 0.07735488481805872 0.9970036217561022
418 0.014530132712547895 0.9998944320493818
476 0.0728975373135109 0.99733943522435
428 0.064461491460829 0.9979201952654557
497 0.020525546451303906 0.9997893287802563
165 0.016550417834240258 0.9998630324547018
291 0.0167786135955012 0.999859229154691
177 -0.017790360158332172 0.9998417390194494
157 0.036498241549497455 0.9993337172155228
128 0.005059323807040366 0.9999872015394075
4 0.07325262180338873 0.9973134178376072
304 0.05223313626814431 0.9986349180133817
385 -0.006408407866893904 0.9999794659434821
309 0.45595904221011796 0.8900007594529523
150 0.1674079980456799 0.9858877026265911
70 -0.05582137221633662 0.9984407716053493
286 -0.0196477180894984 0.9998069649556737
347 0.03454427234826451 0.9994031685200567
213 -0.04714841936575565 0.9988878948867639
224 -0.14848073044801266 0.9889153010676014
225 0.12755099064736805 0.9918320143980406
257 -0.16340026169855837 0.9865598585371506
470 -0.4476364034313961 0.894215662087734
376 -0.0816529154808813 0.9966608256540798
392 -0.045486669267050174 0.9989649457908871
174 0.009888677295011004 0.9999511058353578
192 -0.4180944564835748 0.9084035586993834
49 -0.00010335837324745185 0.9999999946585233
288 0.04625535568429503 0.9989296482087812
266 -0.02178965164650554 0.999762577355806
467 -0.08278315925854045 0.9965675835301765
354 0.007707850501144791 0.9999702940791052
477 0.018036227456475776 0.9998373340194586
189 -0.07794381746704589 0.9969577530260065
379 -0.003997678304970562 0.999992009252159
74 -0.12310471015119458 0.9923936871718756
496 -0.429901346459548 0.9028758676098657
432 0.16297480257694366 0.9866302315077348
31 0.015558659662855587 0.999878956729011
98 0.09609384100237309 0.9953722789596918
110 -0.11432100547261638 0.9934438623836427
159 0.0031071478556161844 0.9999951728044507
306 0.13778137511588903 0.990462665965343
67 -0.07570987141525938 0.9971298889163261
275 0.06758314021436157 0.9977136458717831
2 -0.0920818602758409 0.9957514403746249
386 0.08173903487114051 0.9966537664496806
307 -0.07870532928708672 0.996897924133565
370 -0.2026565036168181 0.9792498871798795
68 -0.05899929758897435 0.9982580242021637
367 -0.07922494217869212 0.9968567643030684
289 -0.032456118151200336 0.9994731614178319
172 -0.002918355315700783 0.9999957415920586
48 0.013884777077289658 0.9999036018364541
479 -0.061622881083479145 0.9980995043215739
495 -0.0492416120461023 0.9987868960109064
355 0.12104510529991185 0.9926470079957593
64 -0.10786197061439579 0.9941658791646287
264 0.07173858068195506 0.9974234687642649
142 -0.1242760336248368 0.9922476845357103
281 -0.029038727399146168 0.9995782872346909
478 -0.11564193366180267 0.9932909660210141
422 -0.041731316724694906 0.9991288691677482
489 0.021732959570788954 0.9997638113416061
358 0.007395791909699862 0.9999726507570235
167 0.03439528125306346 0.9994083072636142
62 -0.04717297207929123 0.9988867356738734
127 -0.0928545403536095 0.9956796846053053
149 -0.09392078653762213 0.9955796732839388
43 0.12028096290057269 0.9927398903860524
480 0.06511033909983208 0.9978780705789184
360 0.11488364045107928 0.9933789554629728
8 0.06769640550735483 0.9977059670470975
188 0.16286354597583147 0.9866486027923915
232 -0.02130545306453555 0.9997730130733249
435 0.025945182679874255 0.9996633670869949
106 -0.10483762069263265 0.9944893530287329
198 -0.01274816588895019 0.9999187388315453
285 -0.1747370920375427 0.9846151271772454
316 0.1257452253879282 0.9920625677305536
69 -0.1493461458383771 0.9887849759797234
20 -0.016892692377861843 0.9998573082916515
336 0.03970934619915315 0.9992112728669728
130 -0.06295547620361212 0.9980163365476421
90 -0.09919919428906347 0.995067595619715
426 0.211524370684072 0.9773727234820436
416 0.12547143105554892 0.992097233132354
369 -0.04672481279327178 0.9989077994837331
190 -0.06325915776380539 0.997997133742885
170 -0.14733930272343795 0.9890860073183579
433 0.08325869823281115 0.9965279670779832
219 0.14257541212328134 0.9897839420084953
66 -0.0570028889189537 0.9983740134112533
204 -0.4155663330860474 0.9095628745751534
73 0.04635747460360046 0.9989249143696318
11 -0.35677961727575647 0.9341885809067486
206 -0.37436217459249355 0.9272825687105196
398 -0.11787197140016539 0.9930288003669575
182 0.1574684890967814 0.9875240123367012
374 -0.05080215760416524 0.9987087367109398
299 0.47835338844730246 0.8781674303690522
284 0.026552085891200356 0.9996474312150392
364 -0.033060080572943705 0.9994533661319623
137 0.11466857871766269 0.993403803624121
331 -0.49235688845154724 0.8703934135747528
384 0.0027294430140808773 0.9999962750634789
236 0.5934517901138845 0.8048695377579065
294 -0.42992050199499177 0.9028667465159929
79 -0.04193705818564966 0.9991202545993817
164 0.020985345728394295 0.9997797833846511
10 0.015661848254343334 0.9998773457325943
107 -0.15469365776322805 0.987962485243156
209 -0.5934517901138847 0.8048695377579064
295 0.01964005482015915 0.9998071155211196
200 0.007665390132185174 0.9999706204654821
267 -0.09329701068462698 0.9956383217802098
341 -0.04655785935289333 0.9989155948990267
427 -0.05655957542705434 0.9983992259750163
