512 2
98 -0.15951224065704434 0.9871959507010598
211 -0.13194895651603533 0.9912565121472492
210 -0.18900692417547785 0.9819757545956648
90 0.043669314664332104 0.9990460404589707
19 -0.08015471979856402 0.9967824340817879
48 -0.050476056612316265 0.9987252713879179
161 -0.11923027653916178 0.9928666280807281
102 -0.14120720763443242 0.9899800626841362
83 -0.2083546459518966 0.9780533428756635
292 -0.048616741920919186 0.9988175070577182
289 0.012334713263539514 0.9999239245306146
111 -0.029988214255861234 0.9995502523664053
181 0.002811664574496502 0.9999960472633481
465 0.5402678844042733 0.841493085581415
379 -0.14972786694650275 0.9887272454320505
56 -0.11104662017227418 0.9938151981874269
478 0.03203596310169397 0.9994867168042538
258 -0.08611278627013078 0.9962853948747793
471 -0.05927372905565037 0.9982417668299786
165 -0.09248795316510765 0.9957138035195299
438 -0.12124657156356461 0.9926224200994461
101 0.01847922582544705 0.9998292445277304
335 -0.13935981705291178 0.9902418095551102
236 -0.05254280117246544 0.9986186729903216
89 -0.07293313979941883 0.9973368323284758
49 0.06921724038858963 0.997601610680831
147 -0.06716929263617397 0.9977415928619775
79 -0.12284275539866601 0.9924261470991499
114 -0.1563393937718549 0.9877033937144535
225 -0.08758271921552141 0.9961572502847205
337 -0.0024430908306022634 0.9999970156491436
60 -0.0038498734407869514 0.9999925892097852
422 -0.07089287109254762 0.9974839351228948
404 -0.0006057293602274455 0.9999998165459543
62 -0.07367906601960128 0.9972820038637413
398 -0.03157723577864371 0.9995013147467992
399 -0.06514664608060654 0.9978757009289525
93 -0.04767698796363864 0.9988628058040379
232 -0.07675254958839915 0.9970501723241818
459 -0.07875664642529354 0.9968938713041832
88 -0.5662535067510243 0.8242311363277706
313 -0.1331770672927858 0.9910922604618062
246 -0.5103795666683543 0.859949241483137
476 -0.0943793817157688 0.995536303861868
283 -0.08581458345696355 0.996311124732685
264 -0.22116197344110136 0.9752370898933437
484 -0.0022550053615942763 0.9999974574721774
230 -0.19102928240718337 0.9815843383342038
491 0.034353168242203726 0.9994097557217074
199 -0.14136364714579974 0.9899577361007074
367 0.03281322274478814 0.9994615012160804
32 -0.07610527314314314 0.9970997880853287
403 -0.06365367703133396 0.9979720484063623
243 -0.08317915259045126 0.9965346098226264
326 -0.05287111575808068 0.9986013444405608
293 0.024496462497547687 0.9996999166375408
84 -0.07410816601742617 0.9972502091900175
407 0.467516829212412 0.8839841709007987
280 0.5194969214803566 0.8544723217123139
397 -0.01608912544070816 0.9998705616441327
172 0.03806694496807935 0.9992751911764833
358 -0.5574380718859122 0.8302185230480686
144 -0.029954439491844162 0.9995512650958577
481 -0.024438308874010373 0.9997013399307707
372 -0.07918083035319358 0.9968602690972185
437 0.0035179669036601476 0.9999938119352864
327 -0.026285412859113778 0.9996544788429781
257 -0.5042280073860939 0.86357056258736
206 -0.064132833453006 0.9979413708596757
77 -0.046219174155123215 0.9989313229348745
307 -0.10062849634598373 0.9949240703305687
500 -0.055142743984047095 0.9984784813835048
488 -0.6171640643131975 0.7868344919488567
450 -0.0007718081049420927 0.9999997021560803
108 -0.10166387848058034 0.9948188055180129
128 -0.06469598465779756 0.9979050203146379
241 -0.056735635608726125 0.9983892365465855
55 -0.12144074226237733 0.992598683315046
146 -0.02508586563822509 0.9996853001545942
250 -0.13302321858226168 0.9911129215775647
8 -0.014595478785311084 0.9998934803262933
237 -0.0007443838991567891 0.9999997229462669
351 0.01759373824063917 0.9998452182086586
441 -0.48856920975588214 0.8725251442099036
508 -0.07083941837662693 0.9974877326584329
291 -0.05259522110870639 0.998615913510558
285 -0.5114606631505726 0.859306691495869
58 -0.10247830668469998 0.9947352394778405
227 -0.19151190117930328 0.9814902911932899
389 -0.07239514966299843 0.9973760285395233
130 -0.11765637211427209 0.993054368149553
47 -0.14876489993616093 0.9888725926766218
160 -0.09751876496829485 0.9952336863667037
447 0.06005152106059863 0.9981952789000299
171 -0.5461282726983944 0.8377015636606321
134 -0.01813574287008724 0.9998355338907245
117 -0.10720014095246579 0.9942374614647003
456 -0.010410244241601897 0.9999458119392423
350 0.02067417080230829 0.9997862664898117
467 -0.06180710032979594 0.9980881135194541
475 -0.037866589174807355 0.9992828035267426
384 0.5103843726683482 0.8599463891057026
57 -0.09183512329213028 0.9957742264840556
499 0.010264933534425355 0.9999473141818692
35 -0.06343162833739636 0.9979861865409092
174 -0.5195452769124537 0.8544429209947039
233 -0.06377024722599846 0.9979646063707545
179 -0.06891217570595226 0.9976227303141564
462 -0.009131206682357553 0.99995830966322
431 -0.5293229537284093 0.8484204209330609
377 0.549309973239075 0.8356186650022166
418 -0.030174128223356807 0.9995446573245041
14 -0.08870255381709787 0.9960581594195818
95 0.018154884971082773 0.9998351864940975
176 -0.22371186937816911 0.9746553234345593
96 -0.008344345250549914 0.9999651853451397
344 0.07796299931032541 0.9969562531718923
224 -0.08873415112139751 0.996055345061089
142 -0.1294359371183855 0.991587786422506
277 -0.004005555737712724 0.9999919777294375
401 0.015310564643808379 0.9998827864356341
72 -0.07673855951796911 0.9970512491758421
194 -0.04473365195117111 0.9989989491401438
440 0.017472559766945107 0.9998473431755422
387 0.05807320067795514 0.9983123275623808
405 0.6171640643131977 0.7868344919488567
369 -0.023003963737731503 0.9997353738126672
380 0.07295458403573303 0.9973352639249117
220 -0.08387653443507978 0.9964761547428825
325 -0.038705955931985586 0.9992506437202787
132 -0.142500938640951 0.9897946668306755
453 -0.016373852606277432 0.9998659394893037
357 -0.08944519351183758 0.9959917456272567
424 -0.5302366033893685 0.8478497180668905
392 0.02541463267753558 0.9996769960571594
43 -0.011701809743543448 0.9999315314803938
505 -0.05787521642262117 0.9983238248805016
411 0.031733027729626634 0.9994963806593352
328 -0.13164728122285202 0.99129662228146
215 0.027384260733409844 0.9996249808123467
278 -0.09182348471911915 0.9957752997810488
495 0.061798936595252756 0.9980886190292403
324 -0.0141082916122521 0.9999004731010901
18 -0.10118877457827131 0.9948672433542819
140 -0.08061132866943206 0.9967456113222416
269 0.5229505742348789 0.8523630077070511
409 -0.024055799372805386 0.9997106173871194
420 0.038621596076926654 0.9992539078314734
316 0.5065932806910904 0.8621851587441285
381 0.010826425392813158 0.9999413925391898
506 0.5363037168655144 0.8440250726585284
288 -0.0618799912444746 0.9980835970416424
178 -0.0969942165220403 0.9952849451093269
296 -0.005791377214499377 0.9999832298343604
340 0.010405060532721866 0.9999458658924043
164 0.025271721578715184 0.9996806190421259
443 0.009783422761306408 0.9999521411743032
497 -0.02458838187288464 0.9996976600337089
253 -0.0542941134953899 0.9985249867878869
432 -0.02292161640165891 0.9997372652359895
177 -0.16148836441700168 0.986874616229398
442 0.028736817503854956 0.9995870123804881
180 -0.051855878243945414 0.9986545788667616
182 -0.07819666570042955 0.9969379526697414
323 -0.022463650802852526 0.9997476603586566
315 -0.08138404468831084 0.9966828167828374
457 0.012958405433155575 0.9999160363393669
342 -0.5367574007429526 0.8437366252259465
415 -0.07454742559709904 0.9972174694302367
187 -0.011712255688573868 0.9999314091809927
262 -0.5066525212638059 0.8621503480814868
496 0.025901465067349545 0.9996645007738172
46 -0.08484487907953774 0.9963941722501084
295 -0.07458916778592735 0.9972143480962369
272 -0.008883643542046273 0.9999605396601497
12 0.0004912914613568019 0.9999998793163427
195 -0.053795534881518586 0.9985519718206015
304 -0.0022480390564024407 0.9999974731570079
312 -0.5217712110450566 0.8530854607391777
365 0.019784784045041314 0.9998042620034638
468 -0.08171303621295964 0.9966558983485019
201 -0.13222917339591472 0.9912191713758532
281 -0.03929832684479262 0.999227522392773
148 -0.016687818312029274 0.9998607486645251
207 -0.1818583451541979 0.9833247389839109
80 -0.0748740142873202 0.9971930013716013
329 0.05947101968510257 0.9982300325163606
3 -0.08430650341604222 0.9964398694762072
364 -0.06595329659036624 0.9978227110408256
402 0.5407569685741905 0.8411788757086403
429 -0.10179390728546114 0.994805508850629
433 -0.049185681173913164 0.9987896519124827
362 0.011472103172197871 0.9999341932591396
356 -0.5037001760221806 0.8638785404645866
6 -0.07804262371540935 0.9969500232627587
472 0.5170839895388281 0.855934663255677
463 -0.003370196885109648 0.9999943208703516
191 -0.027733053954864813 0.9996153648870831
169 -0.13768834328230317 0.990475602992913
470 -0.5407150381244218 0.8412058294770105
346 -0.06586044536618722 0.9978288439086973
267 -0.029084162359420317 0.9995769662711574
247 -0.508270618852033 0.8611974094316421
66 -0.06618304157959909 0.9978074989732604
400 0.017759297805274892 0.9998422912347044
64 -0.02166987542540039 0.9997651806794672
208 0.0340330581057473 0.9994207076881942
81 -0.12563626225746907 0.9920763728695349
320 -0.0038282332964582693 0.9999926722880662
16 -0.053644242489882664 0.9985601109836535
34 0.07225798793004794 0.9973859750268704
464 -0.0670205531670749 0.9977515950642121
149 -0.0017557113828385784 0.9999984587375824
473 -0.06249564246053829 0.9980452367871131
314 -0.04125968710041512 0.9991484565470619
265 0.017659905679384587 0.9998440517057624
129 0.011776660852226123 0.9999306527250637
282 -0.5152678683173236 0.8570291849638033
279 0.013209790361892437 0.9999127469127469
68 -0.0696214754300478 0.9975734810824429
510 -0.0010891919800172544 0.9999994068302395
69 -0.07946192184981993 0.9968379020562637
87 -0.03455533113226588 0.999402786213016
99 -0.10575031046362456 0.9943927150964285
393 -0.03029933587514975 0.9995408697224566
78 -0.032948889825932574 0.9994570379257123
82 -0.011104473271446945 0.9999383434359159
382 -0.04022427022185583 0.9991906765403284
91 -0.06878835622913371 0.997631275595996
331 -0.5434740915888311 0.8394259418029055
167 -0.03700421556513954 0.9993151094776906
385 -0.03739335963249643 0.9993006237641378
115 -0.09429458234130078 0.995544339414915
214 -0.09725508449891304 0.9952594880427463
70 -0.07416677909476088 0.9972458517731266
390 -0.06577064512406204 0.9978347670030168
452 0.03350610868579968 0.9994385127063773
51 0.5161566496506317 0.856494199058835
410 0.01247292024928585 0.9999222101045936
229 -0.5311921208736848 0.8472513975920705
333 -0.051192236848227775 0.9986888178439143
107 -0.034340354895251196 0.9994101960785011
427 -0.1951251548725563 0.9807783510742685
268 0.5548157880468736 0.8319732215245431
343 -0.06779425540799927 0.9976993229092996
339 -0.0739665421658905 0.9972607235021448
86 -0.13244733146607615 0.9911900445361198
352 -0.11175469389424132 0.9937358242473723
477 0.01606575338909576 0.9998709374554501
168 -0.09554706090833504 0.9954249138693378
31 -0.03812823252265145 0.9992728545721127
4 0.15535186445442184 0.9878591995879448
2 -0.07872887913849218 0.9968960645872751
490 -0.029319638586527117 0.9995700869839771
162 -0.18032022374300757 0.9836079589497392
204 -0.06143215671375901 0.9981112613939872
45 -0.12262338050088849 0.9924532767614476
17 -0.043240205033061835 0.9990647049459302
166 -0.011077035758655611 0.999938647757352
373 -0.07026114573587121 0.9975286318697237
163 -0.021437705777408222 0.9997701859782584
348 -0.11384268846577623 0.9934987882644267
426 -0.007725691909159238 0.9999701563969421
104 -0.06447212513871774 0.9979195083172275
109 -0.036778108472735854 0.9993234565130389
361 0.00401366547188413 0.9999919452123001
421 -0.0160760898945607 0.9998707713168247
238 -0.003173618081539048 0.9999949640614559
116 -0.033893025612416354 0.999425466362968
41 -0.002454097184946478 0.9999969886989694
259 0.039688426971312744 0.9992121039922118
301 0.02020860901218357 0.9997957852090559
263 0.03414270489934582 0.9994169678878563
455 0.039011710418757554 0.999238753476967
120 -0.06057793901228073 0.9981634702317174
97 -0.10506333589352923 0.9944655325605425
297 0.0806769539478426 0.9967403017344577
135 -0.027169867435000227 0.9996308310089103
67 0.03258714150874743 0.9994688980695142
10 -0.059896678159543464 0.998204582210206
308 -0.11740660531221232 0.9930839284919791
487 -0.015664428260578723 0.999877305316642
212 -0.06705421663890544 0.9977493332650955
85 -0.08514049750183472 0.9963689556008558
353 -0.04106440899239134 0.999156501412119
173 -0.5139271139031066 0.8578338543070118
290 -0.1385336453490985 0.9903577278470089
235 -0.09886113816505923 0.9951012387494598
492 -0.022277219237991218 0.9997518319578227
375 -0.11260984139671358 0.9936392824464051
113 -0.5154717782981518 0.8569065560363865
428 -0.20191218603326172 0.9794036293231048
193 -0.09507702530253186 0.9954699188120261
242 -0.046688002352559634 0.9989095206455526
61 -0.0675870570568207 0.9977133805449327
317 -0.046501365237745 0.9989182263984504
255 -0.06656891324903504 0.9977818297548029
254 -0.033389450782886305 0.9994424168387179
360 0.003749168737806765 0.9999929718421903
213 0.0070043825970509095 0.9999754690113324
15 0.03128688524258659 0.9995104455741407
245 -0.02143829612156579 0.9997701733195504
0 0.009220377715780907 0.9999574914138992
37 0.4988360981332107 0.8666963408248785
24 0.0015732704345225149 0.9999987624093042
5 -0.017500456220535237 0.9998468552893854
248 -0.03288915240182122 0.9994590054896147
216 -0.016765439201801784 0.9998594501470547
26 -0.09474892507167676 0.9955012010026717
122 -0.12319609718337488 0.9923823464969459
413 -0.1733270632882594 0.9848643201638831
123 -0.015478633264784845 0.999880198779961
306 -0.13007613357796127 0.9915040088034986
126 0.04473682304167587 0.998998807138496
52 -0.07952257555620135 0.9968330652506007
231 -0.06747080895033955 0.9977212486158581
311 -0.04969455653683434 0.998764462248536
274 -0.027367748783315007 0.9996254330130527
200 -0.0445453261093879 0.9990073642980857
503 0.06602515200169079 0.9978179590001142
454 -0.047149708682931835 0.9988878340289838
310 -0.029689067485671607 0.9995591824758707
489 0.5546954069625172 0.8320534871597424
374 -0.0370249516096679 0.9993143414153034
153 -0.07910171010058559 0.9968665504766236
226 -0.06830228461982085 0.9976646720796085
368 -0.06444748933811227 0.9979210996456654
451 -0.03816049836564982 0.9992716229156542
446 -0.111191633395915 0.9937989840318556
29 -0.13517506402315002 0.9908217307196775
137 -0.0386383672532191 0.9992532594772985
21 -0.012482590227009663 0.9999220894355842
38 -0.015363620420199226 0.9998819726185607
345 -0.05486895043441825 0.9984935644651022
383 -0.09104653428004295 0.9958466390943904
1 -0.032516466641462044 0.999471199883796
378 0.5167800621314798 0.856118197086935
294 -0.015797769234558095 0.9998752074570164
175 -0.006702039661285845 0.9999775410799878
388 -0.054880701787794514 0.9984929186385244
223 -0.03576317558487716 0.9993602930235347
59 -0.16831963670534938 0.9857324687253531
347 -0.07586580639599247 0.9971180368541559
141 -0.012381521629452746 0.9999233460231537
449 -0.05619653822931756 0.9984197259124247
309 -0.02599296929259291 0.999662125694154
287 -0.5163106154417341 0.856401394430309
143 -0.09755326739068701 0.9952303050155782
103 -0.12739575532322164 0.9918519655299504
131 -0.538740031949414 0.8424720636170343
192 -0.07008537560842822 0.9975409967143334
156 -0.09396081490915119 0.995575896283959
251 -0.07061480605958138 0.9975036587226975
300 -0.09176896212057095 0.9957803259712019
480 -0.009450169264326635 0.9999553461534547
219 -0.14631450538969104 0.9892381237662498
186 0.057992873348649235 0.998316997070954
460 -0.05142611940933056 0.9986768016943707
138 -0.1513968433326883 0.9884730627735374
53 -0.020642170086176952 0.9997869277071657
184 -0.13707736733377426 0.9905603441309577
139 -0.0195779661777833 0.9998083332520996
434 -0.009365113388113924 0.9999561463640432
376 0.02456849638554441 0.9996981489356441
483 -0.017426655953273074 0.9998481443010666
436 -0.08682290802413713 0.9962237613318768
322 0.0017438188266304417 0.999998479546794
106 -0.10270384009922058 0.9947119790315555
260 -0.04740947353727386 0.9988755387028548
412 -0.035751142747062925 0.9993607235589554
71 -0.05211570560557784 0.9986410532464769
479 0.012753943407864612 0.9999186651560961
408 -0.013732037580723205 0.9999057111267451
152 -0.08881925919109404 0.9960477594958714
100 -0.006479491048298728 0.9999790078775429
299 -0.010985115415119992 0.999939661799309
366 -0.006506453524190378 0.9999788328072438
298 -0.07887743152842305 0.9968843216720178
334 -0.1059407348731953 0.9943724456633578
355 -0.03825230023443576 0.9992681129340487
321 -0.04064783316589971 0.9991735353075145
25 -0.14476882998583213 0.9894655051413027
185 -0.06870685312623626 0.9976368920270992
154 -0.11103868365647254 0.9938160849633285
448 -0.1111465784400978 0.9938040239911786
256 -0.12968860406696975 0.9915547720500169
50 -0.5339226697813186 0.8455333125865527
416 -0.10554569155987174 0.9944144543363942
445 -0.11011157217891576 0.9939192329723211
414 -0.017154538591523237 0.9998528500763059
349 -0.015852833415574197 0.999874335940621
9 -0.012515939498772445 0.9999216725616378
33 -0.0020725953149309047 0.9999978521720236
197 -0.16966950024505206 0.9855010201347304
486 0.02834248077905973 0.9995982711986294
125 -0.1421004445352133 0.9898522433489227
435 -0.08054770847493967 0.9967507545316613
261 -0.1599259957757884 0.9871290067033399
417 -0.047628025704319704 0.9988651416319967
36 0.5385567018281772 0.8425892705915236
509 -0.007523220795771539 0.999971700173989
240 -0.06416309843115121 0.9979394254160492
276 -0.10366902926951997 0.994611850105515
127 -0.031429655670846074 0.9995059663375762
466 -0.07082364683068317 0.9974888525941544
42 -0.05604931517601781 0.9984280015445778
228 0.5293861824986988 0.8483809697178823
341 0.0016439771812145453 0.9999986486686008
202 -0.10945168326419709 0.9939921171873718
419 -0.49224658390039694 0.8704558005082104
44 -0.015115070845334356 0.9998857607913718
7 -0.10334063736876586 0.9946460238035526
330 0.5081049453238979 0.8612951669070241
198 0.015511232283023405 0.9998796935997161
504 -0.04635595324063906 0.9989249849709195
73 -0.1301914341890507 0.9914888756127312
273 -0.020378957657735636 0.9997923274784539
271 0.5137191552762268 0.8579584077927555
158 0.006959842301467643 0.9999757800042652
502 -0.046085818475170924 0.9989374841978218
188 0.533826588061825 0.8455939769642818
507 -0.031209808361322085 0.9995128552760337
13 -0.11315552746529528 0.9935772876852866
252 -0.07689803715592186 0.9970389620679659
482 -0.018230652102072115 0.9998338078520516
54 -0.03393269946244905 0.999424120134786
439 0.05132225848269157 0.9986821445205855
150 -0.1415439698129473 0.9899319696876102
136 -0.0738316644035627 0.9972707181760627
222 -0.008406562559699151 0.9999646642286565
302 -0.11303180384696258 0.99359137039283
40 -0.08929806576159938 0.9960049475033933
155 -0.012495940192831918 0.9999219226913155
284 -0.07985515307779233 0.9968064779719894
354 -0.16170478970519664 0.9868391768603424
244 -0.053306556005371125 0.998578194778379
332 0.04383620769679382 0.9990387314287488
234 -0.1256778674127503 0.9920711031184122
22 -0.06963771178619023 0.997572347800992
217 -0.03557792553080825 0.999366905202951
458 -0.13470776863762554 0.9908853702970248
423 -0.03917942606473071 0.9992321915216894
205 -0.1321329498430039 0.9912320028962878
63 -0.5156528863909011 0.8567975844718122
209 -0.06280643432492179 0.9980257270268084
157 0.02491064965264644 0.9996896816181925
203 -0.004419823718548613 0.9999902325314468
159 -0.09280308152008653 0.9956844821831744
286 0.012594463501466861 0.9999206865992474
20 -0.05525712222108031 0.9984721580714431
189 0.5090716365836376 0.8607241537368734
386 -0.5527221282204601 0.8333656154266537
266 0.02499498233468377 0.9996875766248619
498 -0.4912167521862547 0.8710373713977992
74 0.11734216071770552 0.9930915452857809
23 -0.046748962095954125 0.9989066695857782
92 0.025433922788397036 0.9996765054614387
249 -0.036739564945457215 0.9993248742864447
75 0.5369391905219418 0.8436209490533303
501 -0.06405613015924969 0.9979462972470119
395 -0.15403369187925883 0.9880655958821993
28 0.004310121523674284 0.9999907113830865
396 -0.06004677685567059 0.9981955643005259
119 -0.1558527402215847 0.9877803011628765
371 -0.09163191697966024 0.9957929462446662
221 -0.04322308166048425 0.9990654459102121
76 0.5087995884772952 0.8608849974098369
425 0.0010165969947412185 0.9999994832651417
65 -0.07186335171241162 0.9974144869013375
94 -0.06047673055715861 0.9981696073619538
370 -0.04900404083796015 0.9987985802861113
145 -0.07081561300293653 0.99748942297902
170 -0.08113809058761161 0.9967028695934392
338 -0.09270198899257712 0.9956938993670796
363 -0.06278441692124118 0.9980271123530962
394 -0.1221355890036794 0.9925134245433279
406 -0.07490835439108146 0.9971904223579467
305 0.040404953918056534 0.9991833864205707
11 -0.06179249748276687 0.998089017700747
118 -0.14586649626843767 0.9893042834570007
270 -0.09526010402875218 0.9954524160302347
183 -0.08457624039750736 0.996417010874575
105 -0.06852634420905061 0.9976493071963429
430 -0.07637063779596673 0.9970794981758662
336 -0.09902532142202686 0.9950849138225663
494 -0.020940229874056988 0.9997807293466012
444 -0.5111760739069201 0.8594760156427327
112 -0.4864039340133973 0.8737340630742804
30 -0.12031113406917208 0.9927362343638867
39 -0.08795757843546155 0.9961242213678823
190 -0.143794536428171 0.989607564286676
27 -0.10146195313042569 0.9948394202417591
110 -0.03594210908097727 0.9993538736577806
485 0.022328139920573017 0.9997506960076032
493 -0.09043435387107879 0.9959024187338439
133 -0.15024271408585427 0.9886491424484808
239 -0.018609685779698307 0.9998268248027661
124 -0.004467490511937039 0.9999900207144697
319 -0.06438599852052093 0.9979250689277805
196 -0.15678860972281872 0.9876321845004778
391 -0.012158135903701761 0.9999260871341177
303 -0.09159418940483698 0.9957964171793705
461 0.0030720525924133584 0.9999952812353013
469 0.044934028774162714 0.99898995643506
151 -0.031679838017437165 0.99949806796371
318 0.026814877144583107 0.9996404165317251
474 -0.09791476367810455 0.9951948045753961
359 -0.1340620246304997 0.9909729428960062
121 -0.00747476331665948 0.9999720635664578
218 -0.22593261211307372 0.9741429334465057
275 0.022647028429080247 0.9997435231614819
511 -0.01082571782749967 0.9999414001997914
