512 2
84 -0.18050498280977645 0.983574070002276
391 0.019292075926620463 0.9998138905848636
65 -0.08008677536685961 0.996787895397681
262 -0.02575718326354378 0.9996682287190726
178 -0.0863152008889984 0.9962678786829834
41 -0.09617025880060132 0.9953648985785191
229 0.16681369243612898 0.9859884340172681
292 -0.01565575183738761 0.9998774412068742
119 0.42577026722759626 0.9048312989419306
263 0.028860530596678476 0.9995834481291085
248 -0.032090624534942824 0.9994849632770657
374 0.054912606887317666 0.9984911645101519
174 0.018735172055572496 0.9998244812606101
425 -0.17269676238026477 0.9849750394113419
423 -0.06777985656405815 0.9977003012148266
130 -0.12015689207574959 0.9927549150151294
444 -0.009141212603656567 0.9999582182432099
474 -0.004541148118459222 0.9999896889337241
212 -0.07130578297477608 0.9974545028793814
390 -0.07230592978185323 0.9973825006076564
76 -0.09549634756170522 0.9954297803473503
92 -0.14844649900319337 0.9889204401435411
122 -0.1216504406558198 0.9925730050168826
400 -0.08048666880388698 0.9967556852834366
153 0.0390282195700163 0.9992381087994966
25 0.006304018420801616 0.9999801294784563
381 0.005987420643153851 0.9999820752363724
39 -0.03095052832892135 0.9995209176381256
34 0.008695393500269651 0.9999621943513042
50 -0.13066826394470776 0.991426146920524
72 0.06077604359550752 0.9981514276525767
143 -0.0243251678089665 0.9997040993269286
27 -0.10945595714465912 0.993991646567287
491 -0.03300722473713169 0.999455113106713
288 0.04161279372767749 0.9991338125587471
342 0.06939060710819223 0.9975895667282995
170 -0.002965286982414972 0.9999956035268915
461 -0.054491900030440174 0.9985142126334869
490 -0.11146459569830386 0.9937684055683264
185 0.09121763699757224 0.995830980990539
327 0.14318374979212378 0.9896961219462602
289 -0.02403365595887288 0.9997111499734563
144 -0.03129004089458919 0.9995103467902745
307 -0.11753414648143098 0.9930688417279446
488 -0.0732602478548586 0.9973128576751853
431 -0.014334125496153854 0.999897261145494
316 -0.11177456115242165 0.9937335897911389
20 0.0044802323197826515 0.9999899637088168
267 0.06820301751329201 0.9976714631591311
198 -0.06836374317126542 0.9976604625921653
271 -0.06881062772233194 0.9976297396892589
233 -0.035975635639553284 0.9993526673003531
177 0.07970540428444246 0.9968184631756444
413 0.007534509885392846 0.9999716151775444
187 -0.07290865556699538 0.9973386225066254
266 0.0015452487253598966 0.9999988061024757
237 0.07347723982928628 0.9972968942231142
98 0.05220176459538623 0.9986365584000656
10 -0.0912756522632186 0.9958256651161005
37 -0.03397374588445113 0.9994227256724647
352 -0.1413903725365767 0.9899539194093673
12 -0.027498525974016853 0.9996218440336606
436 0.015739721775952474 0.9998761229064406
340 -0.09302333229961565 0.9956639290683755
137 -0.08421840096889555 0.996447319700466
60 0.01895766520029537 0.9998202873167525
496 -0.05299533784658635 0.9985947597331593
457 -0.10323515009895017 0.9946569779497086
319 -0.04021375250746202 0.9991910998949443
168 -0.04659322367203583 0.9989139459972752
200 0.05810730384308052 0.9983103431499084
245 -0.03437588123896992 0.9994089747390927
192 -0.12327109075209189 0.9923730337855766
213 -0.13710090416718818 0.9905570867327836
303 -0.17795951051328246 0.9840378105631272
207 -0.003818716034331298 0.9999927086773429
386 -0.0006986887301294771 0.9999997559169994
287 -0.0324861207930225 0.9994721866844626
48 -0.00649183222696683 0.9999789278351504
334 -0.029867983117212515 0.9995538522683558
372 0.05196252906425537 0.9986490352337234
97 -0.16349818075944314 0.9865436355723716
264 0.06281459776544485 0.9980252132624533
333 -0.04619793784689469 0.9989323052833432
231 -0.035399846631096146 0.9993732290083093
380 -0.027335049188743316 0.9996263277274409
120 -0.12004322990500248 0.9927686653767707
345 -0.026627787862493927 0.9996454175924332
138 0.06311807372148198 0.9980060664994426
370 -0.46864618385951873 0.8833859600162943
28 -0.03335601751419235 0.9994435332201579
252 -0.04744420815027663 0.9988738894940609
77 -0.41875873621348764 0.9080975282671364
471 -0.021178430803692305 0.9997757118817666
484 0.0029353496379436145 0.9999956918519715
437 -0.002130568044461738 0.9999977303373282
66 0.022956631994060755 0.9997364617975526
338 0.010431800346689479 0.999945587290392
219 -0.016757722579156326 0.9998595795080227
6 0.02534519516688913 0.9996787589430679
141 0.414642620174175 0.909984339170238
257 -0.009308990199603287 0.9999566704120053
83 -0.08000963995250575 0.9967940898273175
179 -0.03298599289183774 0.9994558140673052
243 0.02513878527457851 0.9996839708002317
230 -0.04403747771957814 0.9990298797113617
133 0.07041063027338353 0.997518091637693
146 0.025481674864240432 0.9996752894045711
139 0.05829957583923022 0.9982991332546403
499 -0.0545418280987209 0.99851148665784
448 -0.09022755472125875 0.9959211757810064
373 -0.46985207646302174 0.8827451649504441
502 -0.06628156858064987 0.9978009589424579
295 0.07738345283025048 0.99700140482753
384 -0.0031538702312754207 0.9999950265389146
154 -0.10356212314912228 0.9946229871910492
110 -0.028110057157752825 0.999604834265315
226 -0.12372905565961866 0.9923160387626409
354 -0.03381328002833673 0.9994281675506876
387 0.012130864054616579 0.9999264183615155
506 -0.003395649124652517 0.9999942347668921
158 0.00323889358309847 0.9999947547704224
75 -0.09597986829700318 0.9953832753676797
176 -0.08129892725245774 0.9966897633805614
371 -0.05818901278414147 0.9983055838725969
351 -0.021247166969918626 0.9997742534671277
349 0.014236292391862006 0.9998986588544528
148 0.2172542491712073 0.9761150501949322
458 0.44555803714890296 0.8952530567007391
196 -0.09006423747580845 0.9959359583466705
13 -0.046533799982329115 0.9989167159774656
382 -0.04527390660655594 0.9989746109789681
426 0.033788038201295334 0.9994290212288754
404 0.40095957806864835 0.9160957464997921
195 0.015535795333261231 0.9998793122489149
403 0.020873530475129833 0.999782124127804
358 0.05161832854537498 0.9986668854819317
166 -0.009379846421072447 0.9999560082729225
8 0.13118061526980868 0.9913584851996953
509 -0.06470255803699536 0.9979045941288522
480 -0.035665260842895646 0.9993637922043245
317 0.4331569187565828 0.9013185251248879
149 -0.01803487998769294 0.9998373583257575
21 0.016741061423962485 0.9998598586113953
392 -0.014321795921735055 0.9998974378212878
312 0.02123756273197795 0.9997744575298998
399 -0.04785516113693259 0.9988542854453587
223 0.4379789455519473 0.8989852297191564
320 -0.19484157873356522 0.9808347257293718
331 -0.0779804672131991 0.9969548870100449
63 -0.021444340825358246 0.9997700436833293
489 -0.0014266130260934553 0.999998982387119
510 0.0014104284406829851 0.9999990053453122
268 -0.007758092701794018 0.9999699055459772
299 -0.08173195218106216 0.9966543473003429
468 -0.00204664760615879 0.999997905614595
336 -0.06410371895563922 0.997943241480224
314 0.006248451506706969 0.9999804782363346
348 -0.016929940217982144 0.9998566782915517
311 -0.06251161346874064 0.9980442365855007
469 0.42139974026701954 0.9068749962938049
276 0.05139640711653578 0.9986783312636314
296 -0.09031401186275573 0.9959133392325128
467 -0.14630827676002364 0.9892390449994948
142 -0.04441257430215699 0.9990132748086261
463 -0.09680618718340953 0.995303251337506
269 -0.00686642588223857 0.999976425819931
58 0.041649763057060495 0.9991322721428283
114 -0.149845043559201 0.9887094936940483
57 0.04731563579173862 0.9988799880914742
291 -0.15811148271919154 0.9874212672574654
160 -0.045476491642402264 0.9989654091648512
135 -0.11604744198259921 0.9932436716180452
283 -0.07895738414900531 0.9968779922780653
99 0.09729711154909801 0.9952553803342147
339 -0.05545564257711572 0.9984611518263287
452 0.0836974870748193 0.9964912095233757
396 0.018648331113211996 0.9998261047535676
203 -0.057656233464578814 0.998336495748141
15 -0.5109113376123456 0.8596334132053988
350 -0.08225015995612027 0.996611715357186
82 -0.005930778725166984 0.9999824127772013
405 -0.046579911837998096 0.9989145668239924
31 -0.0672855263450562 0.9977337610527512
450 -0.08235941074306803 0.9966026928832044
104 -0.14767632064805775 0.9890357447129259
421 -0.007819596583801196 0.9999694264872634
222 0.045556025624512435 0.9989617853197882
240 -0.1169462031882989 0.9931382509801147
91 0.011947482671599898 0.9999286262818021
184 -0.08118143651757735 0.9966993400042675
273 -0.011368254456989843 0.9999353793073835
329 -0.05079728533054504 0.9987089845410659
453 -0.05109566011270741 0.9986937636320989
103 -0.01614242211219789 0.9998697026154716
410 -0.017052704963090654 0.9998545920549856
155 -0.06798704236111129 0.9976862042100155
363 -0.061377423650104734 0.9981146286204182
376 -0.017751364116645206 0.999842432122181
290 -0.06504752412108436 0.9978821671949634
116 -0.0017371812448157375 0.9999984910995229
493 -0.011726578161729466 0.9999312413184304
472 0.09440225238833519 0.995534135398686
67 -0.09677560822316088 0.9953062250649483
129 0.008779229017394419 0.9999614618263347
424 -0.03006798263339862 0.9995478559930774
182 0.006992291843078058 0.999975553628578
94 -0.11507615232433044 0.9933566726842012
123 0.04234722482780644 0.9991029539288647
460 0.012698277852124209 0.9999193736194886
202 -0.08990301685986994 0.99595052465446
90 -0.030897205431090556 0.9995225673773199
26 0.057773499115349895 0.9983297164764597
157 -0.06281414078811029 0.9980252420239939
270 -0.23664721986852633 0.9715956429134999
442 -0.434219131434703 0.9008072745577115
225 -0.0053188927643048976 0.9999858545898346
258 0.05243972990033522 0.998624090800928
125 -0.1528741832360325 0.9882456597931083
173 -0.07476875886535278 0.9972008988652861
398 0.0822615248394916 0.9966107773504568
337 -0.03696250389630759 0.9993166531714137
256 0.0039297690043423785 0.9999922784279749
109 -0.14142859431934696 0.989948459622446
108 -0.11977504003059902 0.9928010575063205
478 -0.04199177542971191 0.9991179563976721
508 0.0143330494889647 0.999897276570122
366 -0.05338053261455717 0.9985742429773493
227 0.4099572457202392 0.9121047399731433
128 -0.12654577496671762 0.991960768799892
45 0.11434716734908305 0.9934408514447353
107 -0.05851525949852603 0.9982865141860928
432 0.07219839603171044 0.9973902905134219
297 -0.10738242534436145 0.994217790389592
466 -0.040766352420276035 0.9991687067309233
211 0.006094205409584752 0.9999814301577934
359 -0.12198782733081995 0.9925315964658786
475 -0.07806558445289098 0.9969482255985156
80 0.021189667596389676 0.9997754737875673
419 -0.009278372635051104 0.9999569549741854
368 0.038849884448685396 0.9992450582706546
183 -0.16897560617963825 0.9856202334145865
56 0.05579090868045547 0.9984424743111688
500 0.02729171819462024 0.9996275116852205
501 0.001181052848140126 0.9999993025568417
186 0.0026959161036810273 0.999996366011578
49 -0.022444202909511442 0.9997480971503555
9 -0.016211127779314438 0.9998685910339032
361 -0.009666052840594947 0.9999532826199846
38 0.146475645666034 0.9892142766998051
422 -0.04038544349492456 0.9991841751918003
242 0.4679349927450135 0.883762888202896
434 -0.0638573338550005 0.997959037692896
234 -0.0709329183392052 0.9974810880893349
394 -0.03895108492314942 0.9992411185411204
378 0.02226505092309872 0.9997521030272415
341 -0.023482585498719597 0.9997242460690324
253 -0.07582993524758472 0.9971207654644182
251 0.6303651427625968 0.7762987741777589
51 -0.05633512805111241 0.9984119156678093
221 -0.09420149918708176 0.9955531515448615
24 -0.18378823901353988 0.9829658606484266
411 -0.055973025593869054 0.9984322813320231
140 0.13755297340411152 0.9904944116488935
360 0.09494339216375057 0.995482673020701
306 -0.031226730963372706 0.9995123267240585
2 0.1913075708886728 0.9815301387734741
5 -0.12447954930819428 0.9922221736103407
346 0.07717797122534358 0.9970173322252429
395 -0.45108379273935206 0.8924816031313371
70 -0.002269317054651275 0.9999974250967377
440 0.001541688404390792 0.9999988115977256
164 -0.0607480688728033 0.9981531306008238
446 -0.12968862509604756 0.9915547692995564
220 -0.08902394012248703 0.9960294865540217
232 -0.11119939963285175 0.9937981150723186
401 0.40872831331745507 0.9126561049446106
228 -0.1907030747312268 0.9816477664050666
250 0.007481192663582177 0.9999720154865986
315 0.010080104062859988 0.9999491944604395
443 -0.04700571114529958 0.9988946206280844
238 -0.12756712928174702 0.9918299388135116
29 -0.1485826418119627 0.9888999942118404
156 0.03544446626608486 0.9993716474921192
279 -0.11795459422305829 0.9930189895977183
16 -0.007242317024073311 0.9999737740781618
379 0.021544445655404434 0.9997678914935213
199 -0.040033053259875544 0.9991983560068001
124 -0.006224243926613992 0.9999806292061572
465 -0.00904437091046891 0.9999590988409647
377 0.4383389432813938 0.8988097522851825
193 -0.03516452384632541 0.999381536883017
172 -0.08169140769757621 0.9966576713738717
356 -0.021408959126310852 0.9997708019686953
197 -0.05284042479346547 0.9986029689058841
449 -0.08699232736768589 0.9962089815792435
236 -0.06828928850062067 0.9976655617370377
131 0.05829836964835913 0.9982992036941346
330 0.05807265672315506 0.9983123592048306
55 0.01151339223283402 0.9999337187030414
427 0.013610086459427845 0.9999073784839109
406 0.05058086008710461 0.9987199690568165
441 -0.023862162413403647 0.9997152580634929
249 -0.051853883407711306 0.9986546824481122
281 0.017147326806898594 0.9998529737833346
492 -0.013662500082294325 0.9999066636899173
323 0.03829261080498117 0.9992665690183667
255 -0.14734339906580418 0.9890853970976091
162 0.024189108575777298 0.9997074007059812
302 -0.11434082430010017 0.9934415815227253
69 0.09836223609817536 0.9951506772895082
318 0.07120200146132463 0.9974619165601771
294 -0.09900228991362892 0.9950872055211332
464 -0.0399658889832046 0.9992010446941005
218 -0.03960826414661463 0.9992152848166865
407 0.04607082792596619 0.9989381756716559
445 0.03532210056063649 0.9993759799054529
47 0.3948594726262177 0.9187415288737879
17 -0.1754481000996957 0.9844886815862369
206 0.018024161439066454 0.9998375516074691
332 0.07533651143993299 0.9971581670146722
305 -0.22592811622958187 0.974143976164177
246 0.1102134504849881 0.9939079410751245
308 0.3910513783513709 0.9203688496953235
112 0.031179509954232975 0.9995138008847172
1 0.012190375795275217 0.9999256946083392
261 0.02959145925805846 0.9995620768811604
362 -0.11571231714438036 0.9932827692359706
53 -0.05467785587933746 0.9985040471006806
487 0.08884872773812053 0.9960451312964275
367 0.044825922744096025 0.998994813124743
151 0.002391415264359014 0.9999971405624284
87 -0.15968106368527557 0.9871686572720687
19 -0.08444782209303356 0.9964279027324272
180 -0.03950778692273546 0.9992192626107984
322 -0.046616039463000705 0.9989128815190963
298 -0.4842545117780133 0.8749271785826738
265 -0.12181522336421866 0.9925527952490615
4 -0.4757364600084347 0.8795878697541496
402 -0.09126457429359511 0.9958266804414355
473 -0.056669321461931856 0.9983930027824935
369 -0.01441202919195135 0.9998961413139718
365 -0.04915730287731021 0.9987910490056607
81 0.03367860609108219 0.9994327148396543
217 -0.031239791289313253 0.9995119186083776
247 0.4193447170620291 0.9078270806007974
389 -0.07418103308845164 0.9972447915782413
388 -0.4515774669331397 0.892231915680138
494 -0.03764006575491329 0.9992913616408208
435 0.02383312347254509 0.9997159507707888
71 0.010030608016908901 0.9999496921859674
416 0.005576439784287762 0.9999844515387888
22 -0.6303651427625969 0.7762987741777586
285 0.028056785966566147 0.9996063308929303
503 0.4233891264226904 0.9059479276575619
36 -0.11803268237363568 0.9930097108748154
408 -0.10233978291271105 0.994749500544423
86 -0.10179469013582165 0.9948054287448134
430 -0.10040815799445843 0.994946331119503
481 -0.010594088082012286 0.9999438810741883
235 -0.021627722868695715 0.9997660934456194
88 -0.013300033889831257 0.9999115506376198
459 -0.08925826128405193 0.9960085154217045
115 -0.38076092129272127 0.9246735212042779
201 -0.15061810521614535 0.9885920222119426
397 -0.11516642563295369 0.9933462107477581
152 0.045910429528096645 0.9989455603087416
483 -0.003397214152265825 0.9999942294513522
117 -0.0575162099146019 0.9983445725785559
438 0.011988367589490935 0.9999281369391199
260 -0.10876659752160198 0.9940673152576608
171 0.145577503020161 0.9893468505101812
175 -0.0020689051688474163 0.9999978598134109
414 -0.1291261731470808 0.9916281719517605
167 -0.4939665380619271 0.8694809136922528
52 -0.03871820060010703 0.9992501693481417
79 0.04052829799787841 0.9991783910100314
244 -0.05311237447775001 0.9985885417314457
42 0.020511837108529385 0.9997896101372695
95 0.024077615344728305 0.9997100921963882
181 0.00792062008453129 0.9999686313967436
190 0.02895964395074794 0.999580581555207
89 -0.02124846656326666 0.9997742258473709
353 -0.17224612178397142 0.9850539444773475
304 -0.453253521608685 0.8913816495471091
18 -0.09409305298540956 0.9955634070112687
476 -0.023786717362046107 0.9997170560099183
33 -0.01634980385965249 0.9998663330234452
145 0.3758482045998991 0.9266812435239166
64 -0.029952128009042407 0.9995513343634382
313 0.02297150643893218 0.99973612012967
486 -0.004772933414489928 0.9999886094884387
505 0.0432409514538166 0.9990646726400493
254 -0.030824831588727532 0.9995248019721805
241 -0.07658561682445801 0.9970630086888276
275 -0.022317937768860707 0.9997509238073977
214 -0.012933506548366818 0.9999163587062486
54 0.009004662184603905 0.9999594572076116
309 -0.11837149714449294 0.9929693795197169
439 -0.002617893498462339 0.9999965733109442
495 0.006865946189535812 0.9999764291136678
293 0.10978099414246704 0.9939558004886793
479 0.03819092949663207 0.9992704603380325
194 0.07236266666218372 0.9973783858062785
74 -0.036618129281998285 0.9993293314057617
101 -0.01368293407937388 0.9999063842755379
383 -0.07816146961679589 0.9969407127143232
278 -0.004755413565611271 0.9999886929569853
169 -0.09144102297971322 0.9958104936765949
43 0.027868772565379646 0.9996115903268123
511 -0.03691445473216745 0.9993184292465674
30 -0.06641151770284748 0.9977923182288008
284 -0.007486946360987609 0.9999719724243212
456 0.021141220393788483 0.9997764994238769
106 0.01765262887502817 0.9998441802069963
301 -0.04403611075938407 0.9990299399663592
159 -0.06872767943270575 0.9976354575093025
100 0.06222882936003266 0.9980619082985183
32 0.008606044185000297 0.9999629673160332
347 0.030753369337499316 0.9995270032742444
462 0.03305176221717558 0.9994536412532297
35 -0.061262800978898656 0.9981216705473435
326 0.04684726691410706 0.9989020640596746
105 -0.17807801247533894 0.9840163725634005
364 -0.39282995372516616 0.9196111283886705
420 -0.09709512901201246 0.9952751056477503
73 -0.13149397401807905 0.9913169698925428
204 -0.08144140109601372 0.996678131689222
343 0.37681395103693766 0.9262889647965867
239 -0.04532104690091965 0.9989724734484953
470 -0.028034066025820516 0.9996069683340848
113 -0.18140348093226052 0.9834087538280606
454 -0.09670836983083576 0.9953127604952438
280 -0.09815124710839813 0.9951715091837517
96 -0.06474159506182553 0.9979020622630513
482 -0.11244842456354912 0.9936575626508237
189 -0.11466466633380235 0.9934042552226952
328 -0.016018110105475467 0.999871701844116
85 -0.17203426801774374 0.985090965661344
0 0.003864838066125754 0.9999925314854718
477 -0.10606390891926698 0.9943593149484574
409 -0.08742108334747922 0.9961714481886905
447 -0.09445443252378298 0.995529185999391
40 0.08173139586794852 0.9966543929213761
344 -0.04695731009135862 0.9988968970964841
451 -0.018190447316346184 0.9998345401247304
205 -0.032362014162698884 0.9994762128431738
357 -0.1278865795480126 0.9917887994787549
224 -0.036544175764636054 0.999332038522574
165 -0.016851317299898253 0.999858006471548
3 0.010623931415524101 0.9999435644481535
325 0.005471830565635642 0.9999850294230714
310 -0.08263304250567609 0.9965800420870644
259 -0.05757490414961832 0.9983411893797441
102 0.013126852092954664 0.9999138391652203
126 -0.002611203922194936 0.999996590801227
11 -0.009829940961108168 0.9999516849631791
62 0.007129615453306186 0.9999745839687568
161 0.09580592066301816 0.9954000329344537
78 -0.09362603161784844 0.9956074357915843
59 -0.06108508725487565 0.9981325623959295
485 -0.04647581291497637 0.9989194155755969
274 -0.1133271958135424 0.9935577218707723
68 0.10196444048574213 0.9947880441965662
127 -0.11962905953542764 0.9928186582224717
417 0.38274013584018585 0.9238560431241634
136 -0.048885174641201075 0.998804405126599
272 -0.0496328251386158 0.9987675318455038
393 -0.06297470442375887 0.9980151234338788
335 -0.09602722562250106 0.9953787077988183
23 -0.07075894029239906 0.9974934447747998
46 -0.11057288341009903 0.993868018126339
191 0.02770208884816616 0.9996162234945211
150 -0.1676898187997953 0.9858398067997112
455 -0.052445896685962605 0.9986237669517011
147 -0.06586362140625017 0.9978286342730671
282 -0.12403606188582166 0.9922777108006894
429 -0.0390284585425937 0.9992380994656825
111 -0.04245121522766251 0.9990985408485464
216 -0.08501619228964126 0.9963795697667485
134 -0.04637881071520881 0.9989239239885302
118 -0.02152860853995277 0.9997682326491144
375 -0.009152649162316916 0.9999581136294218
209 0.1078513717245464 0.9941670290334182
7 -0.13507516640142034 0.9908353543458311
415 -0.05660596643411626 0.998396596831169
61 0.0008986422531010411 0.9999995962209689
14 -0.06010272230805493 0.998192197310298
355 -0.03878533113453737 0.9992475659659044
208 -0.4744783889102167 0.8802671517540374
277 -0.06225527295546987 0.9980602591974295
215 -0.06832085204919756 0.9976634007395839
504 -0.02820158055936618 0.9996022563269621
498 -0.030929640083114954 0.9995215642317723
507 0.08322147953286062 0.9965310759551664
385 -0.011084269431586798 0.9999385675986141
433 0.008548327293265181 0.9999634623827448
286 0.006279271907585686 0.9999802851778181
210 0.01385148284542875 0.9999040636095959
44 0.0715790473583076 0.9974349301980943
188 -0.04860095693837418 0.9988182752556514
163 -0.01970079973630435 0.9998059204114316
428 -0.032286241817379144 0.9994786633987289
132 -0.015943981041819932 0.9998728866553678
300 0.06435841464335826 0.9979268482532141
321 -0.2417951105896224 0.9703273285314353
412 -0.4477328385705955 0.8941673810118086
497 0.039725541926447075 0.999210629106121
324 0.01875422881170142 0.9998241239846529
93 -0.4410840366543347 0.8974658058158637
121 -0.10648628023577825 0.9943141717392684
418 -0.029465626186789492 0.9995657941693584
