512 2
256 0.04685941958128093 0.9989014940405813
47 -0.10671366958213738 0.9942897931309131
69 -0.0499925454079896 0.9987495909404069
165 -0.012747523962970353 0.9999187470153829
501 0.054933384460976384 0.9984900216184749
436 -0.06093232254611269 0.9981418997663292
11 -0.08415293283702369 0.9964528508137891
154 0.0654717546179809 0.9978544229231251
29 0.030744021158229013 0.9995272908545432
285 0.20146053771646247 0.9794966318180957
339 0.08213214728422773 0.9966214478840408
70 0.04261054297015433 0.9990917583624582
1 -0.011122119840368006 0.9999381473122506
259 0.058318538579493366 0.9982980256706673
261 0.07913585192403409 0.9968638407226221
277 0.016378228766861905 0.9998658678155087
209 0.11786819672334642 0.9930292484117407
274 0.11873661439761855 0.9929257859484721
310 0.4152082539060038 0.9097263906737715
184 0.09422552905666812 0.9955508774914474
30 -0.05816133715456008 0.9983071966385865
179 0.1167011392317016 0.9931670776370021
357 0.024753909967261307 0.9996935750225331
10 0.02691629796639953 0.9996376908179203
64 0.12183374231824341 0.9925505222570444
431 0.07900507022396656 0.9968742141709284
378 0.051180302521966765 0.9986894295193877
216 0.019968042243506803 0.9998006187680429
456 0.010558716131434748 0.9999442552030868
94 0.0525785632920732 0.9986167907070966
115 0.035516923685384144 0.9993690750328063
160 0.0529160607548786 0.9985989638058844
99 0.0756759145356367 0.9971324666057139
36 0.08337936825811258 0.9965178778872349
124 0.0020505821917693305 0.9999978975541274
432 -0.09538067738597195 0.9954408703591555
149 0.36132432473618686 0.9324402030982676
163 -0.12319750253372544 0.992382172033261
453 -0.042874427863491285 0.9990804689490124
18 -0.008640941228953052 0.999962666370439
42 0.08055626020872471 0.996750063426727
312 0.02379044341541908 0.9997169673473076
20 0.17742187609553703 0.9841348880528218
387 -0.019654311407790757 0.9998068353652548
212 -0.04492302746785464 0.9989904512071787
226 -0.029078297667397522 0.9995771368957806
198 0.07285222608590562 0.9973427460779609
313 0.15906328705148592 0.9872683883890827
79 0.060498526807938977 0.9981682865399346
373 0.10877291128214964 0.9940666244126726
231 -0.05813793382780192 0.9983085598402099
426 -0.011389869534813293 0.9999351333321477
505 -0.058285226622607864 0.9982999711296957
98 0.08697465295585231 0.9962105248104987
440 0.11643234974552279 0.9931986246127893
329 0.0019984057486588237 0.9999980031852382
338 0.12468636549193429 0.9921962055261105
263 0.04761130464859183 0.9988659387874125
316 0.14530975886302758 0.9893862107282316
182 0.0028225825685288357 0.9999960165058878
155 -0.021564819096447547 0.9997674522494406
303 0.002686741853669728 0.9999963907025923
172 0.1429374025344033 0.9897317308021997
278 -0.06401881323378392 0.9979486918434926
270 0.04822302677889211 0.9988365930863177
224 0.1306455250158021 0.9914291436070182
489 -0.06496563973330645 0.9978875015020692
101 0.044043498773793356 0.9990296142836622
412 0.034105015438114616 0.9994182547472134
322 0.029215882729112984 0.9995731249870411
86 -0.037803163461111275 0.9992852049501847
485 0.0005999044642896383 0.9999998200573007
320 -0.008702029839254995 0.9999621366215207
122 -0.08202591535552274 0.9966301968183027
85 0.046298127832560765 0.9989276667302793
169 -0.04006417623872457 0.999197108573835
349 0.1076276445531055 0.9941912744175291
89 0.006986846216032091 0.9999755916920939
266 0.08756208591588534 0.9961590641609698
73 0.006624491201148196 0.9999780578174333
258 0.014183008082055028 0.9998994160823099
255 -0.02554668400584195 0.9996736302095328
429 0.10354999460782707 0.9946242499641356
460 -0.011296011550608494 0.9999361980261783
358 -0.054237859822858524 0.9985280439536166
359 -0.006495679736489849 0.9999789028498356
428 -0.09530780153604536 0.995447850450422
470 0.04823496570572074 0.9988360166130213
399 -0.04952084617215084 0.9987730902434216
441 -0.03852829799179199 0.9992575094808422
447 0.052267436019938704 0.9986331233901173
397 0.08531932664531161 0.996353658346669
157 0.006920364659130351 0.9999760539897865
194 0.03045239914573536 0.9995362181463305
351 0.02367208913682811 0.9997197768354381
196 0.013059381727833145 0.9999147226383293
229 -0.05403705262934993 0.9985389311104165
2 0.05727615354569068 0.9983583736489672
153 -0.025899508598092577 0.9996645514643286
265 -0.009411039918619232 0.9999557151832525
14 0.0736222572645583 0.9972861992604085
474 0.057494271466515846 0.9983458362454036
201 -0.07928515763271936 0.9968519768647472
333 0.0014195590612370833 0.9999989924255283
479 0.08685423013158945 0.9962210310509656
134 -0.004856695807446623 0.9999882061833699
238 0.0850570493594814 0.9963760827891538
32 0.13291443326718946 0.991127516230511
105 0.024382608775366254 0.999702700001009
120 -0.028545848236190177 0.9995924842396906
496 0.0025403833859059394 0.9999967732209203
463 0.07498127696947308 0.9971849417756101
299 -0.08703664622446908 0.9962051105138924
286 -0.031141452980083428 0.9995149873345017
187 0.01930745477889063 0.9998135937213303
269 0.023501634228768355 0.9997237984506406
128 0.0032535119975813944 0.9999947073158345
87 0.019789694852101143 0.9998041648131202
314 0.024424485724998474 0.9997016777504526
390 0.07519735061533285 0.9971686710183162
65 -0.05485526081347042 0.9984943166393518
486 0.044166194682485685 0.9990241975284027
377 -0.5056653698007436 0.8627296991435249
175 0.04324564922730669 0.9990644693026115
267 0.0012053280348880491 0.9999992735919002
298 0.08485184810422455 0.9963935787997119
279 -0.07667714301272657 0.9970559742258235
204 0.06396121426018152 0.9979523851719396
39 -0.07237247522291734 0.9973776741185398
449 -0.45851576077838435 0.8886862759814733
63 0.05984174104052908 0.9982078771624868
15 0.0342570219436458 0.9994130559721304
183 0.06563725324959487 0.9978435503553893
71 0.06579113757777172 0.997833416065138
422 0.001472715808833598 0.9999989155534852
55 -0.07794429506552492 0.996957715686447
367 -0.026673463219877937 0.9996441998830672
336 0.050045206855258956 0.9987469535727327
448 0.05712732926386635 0.9983669006187944
304 -0.07695290085530276 0.9970347291092493
334 0.04468730285322204 0.9990010235048332
345 -0.10094302990994454 0.9948922075846206
306 0.413785316275253 0.9103744899957318
57 0.048609837235813254 0.9988178431145028
16 0.0640070126656817 0.9979494487846642
342 0.09863739631969197 0.995123441612784
404 -0.023844050437605513 0.9997156902133371
6 0.011027927927640447 0.999939190553917
102 0.0021729484873283193 0.9999976391446489
192 0.017746722478795197 0.999842514519792
139 0.05762317222625498 0.9983384045615912
384 -0.023475955023517996 0.9997244017906803
457 -0.04089491194930049 0.999163453183041
302 -0.029516425163045746 0.9995642954035493
294 0.13559268461110036 0.9907646662451961
62 -0.0009446782045393237 0.9999995537914455
76 0.11314714372376944 0.9935782424485515
465 0.02641990870601517 0.9996509332881982
360 -0.05740186119315365 0.9983511538189164
439 0.14395006791943765 0.9895849523643685
301 -0.4972029170157872 0.8676342889207365
343 0.08240535672339841 0.9965988948334679
418 -0.005502676407961885 0.9999848601615672
363 0.16572940199056213 0.98617126571192
251 0.05438675938237889 0.9985199449204222
240 0.06474339893583687 0.997901945230209
385 0.07741773308589586 0.9969987435317262
325 -0.024865495541889795 0.9996908057651906
35 0.40505014972234293 0.9142944690907342
138 -0.010623641392353562 0.9999435675294716
348 0.060881207010340846 0.998145018838928
477 -0.11743088788049738 0.9930810574024651
252 0.03187021556718374 0.9994920156558036
478 -0.09100928102860004 0.9958500443172442
111 -0.4798641327484155 0.8773428144696981
275 0.022033485090901743 0.9997572332995391
296 0.10262439385018111 0.9947201786366268
113 -0.11161393210609563 0.9937516441042077
162 0.12562005751717006 0.9920784248986483
309 0.03436581490597897 0.9994093209320434
506 -0.11058730938147378 0.9938664130574923
420 0.04718961906081981 0.9988859493720466
490 -0.01941139056779187 0.9998115812072916
244 0.12881576830968164 0.9916685423238888
475 0.0020858762796635037 0.9999978245577067
220 0.12991689938169637 0.9915248858475748
143 0.07775713482141337 0.9969723306011881
443 -0.07587498659746213 0.9971173383352807
26 -0.08004948928264231 0.9967908904407122
140 -0.0054081570277269096 0.9999853758118482
295 0.009332574594231506 0.9999564505774455
17 0.011369397010594003 0.9999353663170513
395 0.40785104054213395 0.9130484810395878
51 0.44897250357204893 0.8935455730046714
444 0.15456870943322543 0.9879820413672241
28 0.02069385772550881 0.9997858591980767
495 0.08682068407600621 0.9962239551509362
307 0.06924743024224027 0.9975995155396008
331 0.02848350470102513 0.9995942626685823
249 -0.07500903870504276 0.9971828539001989
483 0.054625122003921535 0.998506933399091
398 0.1774448619463702 0.9841307438388628
195 -0.13767986982772615 0.990476780870819
146 -0.01978437161906541 0.999804270164735
356 0.12478995349762553 0.9921831824346049
330 0.057365445633413614 0.9983532469257963
366 0.04029587396459561 0.9991877914293336
235 0.07086964197712688 0.997485585783591
80 0.12237358214367224 0.9924841088870523
281 0.11382255175254674 0.9935010954762651
437 -0.08633307606870788 0.9962663298418323
311 -0.16863009453905897 0.9856794059001882
135 -0.019951927018591796 0.9998009404917785
103 -0.007474900496058648 0.9999720625410362
476 -0.11014821158147738 0.9939151731840108
425 -0.0694189026327142 0.9975875981372612
497 -0.10828346692457795 0.994120058539608
494 -0.634674351710282 0.7727797016492691
346 -0.04002358878237983 0.9991987351578159
434 -0.027170469457589 0.9996308146458143
27 -0.02314607654118727 0.9997320936834776
409 0.03157712299721677 0.9995013183098952
417 -0.05109987984762411 0.9986935477310137
350 0.08141360814712924 0.9966804023399205
438 -0.46818271773237174 0.8836316782555559
116 -0.11291651404818293 0.9936044790837079
393 -0.162017972638024 0.9867878072525341
129 0.12651164391564088 0.9919651223474352
4 0.07322100569647692 0.997315739535277
321 0.01630119619801077 0.9998671266735966
147 0.01206249856486216 0.9999272454175716
203 0.042435087912509786 0.9990992259599932
214 0.08961100561130717 0.9959768409322227
53 0.06447486894760313 0.9979193310454454
106 0.0894278208274168 0.9959933056311471
68 -0.4826144365541925 0.8758329210696978
319 -0.08194353891222483 0.9966369732407787
257 0.1034543121945562 0.9946342067757127
31 0.4384602561679442 0.8987505792827845
254 0.03919602169777825 0.999231540676668
502 -0.048962214638642754 0.9988006315264721
340 -0.011499845029986074 0.9999338745958587
136 -0.10594947399113452 0.9943715145563061
442 0.046513370418521986 0.9989176674642958
37 -0.033445051061135475 0.9994405577919669
458 -0.026215875826871595 0.9996563048641419
112 0.03950783847790173 0.999219260572375
156 0.07055945034222202 0.9975075758947416
7 -0.12138256488990416 0.9926057993688875
109 -0.01713105202673766 0.9998532527608526
481 0.11616779275964212 0.9932296028237141
168 -0.0718343845213468 0.9974165735541192
289 0.0630409423771286 0.9980109416154732
292 0.12686770482635587 0.9919196466811677
219 -0.017390552729393754 0.9998487729030657
127 -0.10085019074068198 0.9949016227886897
227 0.03049666377326616 0.9995348685757293
13 -0.0341321121392903 0.9994173297081208
410 0.015010405121047536 0.9998873375226341
131 0.06030556473296912 0.9981799631640766
96 -0.032189034106029926 0.9994817987754058
49 0.1883929827486601 0.9820937246775702
469 0.029476862312230748 0.9995654628828597
25 -0.16923449801628537 0.9855758137663363
239 0.12318081253164619 0.9923842438410857
190 0.061924186098527324 0.998080856031231
272 -0.044076164546106675 0.9990281736362114
150 -0.06322336774315578 0.9979994016888054
243 -0.054842507213612564 0.9984950172146704
402 -0.04685999543427921 0.9989014670266029
151 0.06642582978176924 0.9977913655358035
208 -0.011530337900863366 0.9999335234443798
114 -0.011447879212550893 0.9999344708837348
374 -0.10335312437285109 0.9946447263633234
193 -0.13712073200008126 0.990554342202265
5 -0.040755669502036844 0.9991691425396607
132 0.06926494839061717 0.9975982993792868
34 0.0129657576874973 0.9999159410308394
368 -0.013488095985815097 0.9999090314957044
401 0.007769961309571882 0.9999698133950083
445 0.09267587872380606 0.9956963299634937
144 0.06828489976166316 0.9976658621324775
414 0.03409569196175371 0.9994185728660685
466 -0.4881238400608626 0.8727743790718409
507 -0.13781679174337952 0.9904577385802797
375 0.030668775926018656 0.9995296024546745
181 -0.0452755310321009 0.9989745373580657
199 -0.04501582519898612 0.9989862739205451
300 -0.48439374416673675 0.8748501017958047
8 0.10221257689854141 0.9947625792739491
362 0.061729824290443554 0.9980928958734606
92 -0.06376660956095723 0.9979648388120197
400 0.02886893572769558 0.9995832054161126
197 0.030069342099290356 0.9995478150972649
472 -0.026671942350985075 0.9996442404631888
24 -0.09386544110449437 0.9955848928977673
66 -0.002016601101645187 0.9999979666579313
415 -0.10638091600772734 0.9943254500963741
83 0.0065802517819599 0.9999783499088797
264 0.15074350988544072 0.9885729078967409
205 0.04592718822748842 0.9989447899566406
369 -0.010087201824741564 0.9999491228854331
355 -0.040100492601784166 0.9991956517585002
110 0.0057443741531844035 0.9999835009466848
0 -0.12686568645787769 0.9919199048308143
327 -0.07063952161107803 0.9975019087633658
158 0.07724406610767892 0.9970122136920653
328 -0.10272879303241265 0.9947094023291946
164 -0.029860927611540872 0.999554063071217
60 0.08227609739042137 0.9966095744062475
145 0.11707094042029427 0.9931235547046038
382 -0.057835345464569435 0.9983261354963086
78 -0.12501843594819378 0.9921544187640688
38 0.11265226250384247 0.9936344739152145
419 0.09562936343154349 0.9954170105285913
492 -0.012408098148340938 0.9999230165869476
188 0.42212201406486377 0.9065390257687879
386 0.004558998503721656 0.9999896077123217
228 0.243936059989948 0.9697913170556749
230 0.06648230594072847 0.9977876041507048
173 -0.007403052342045652 0.999972597032549
189 0.03262567148904579 0.9994676410769329
341 0.1958000904156325 0.9806438316704135
75 0.04295988883095493 0.9990767978246878
347 0.0686653079785571 0.9976397523556336
141 0.08457784116445562 0.9964168749995959
119 0.061283284124364026 0.9981204131200465
202 -0.05793551836007747 0.9983203272058268
381 -0.061957053980280424 0.9980788162575561
459 0.1499590910114094 0.9886922023678713
371 -0.05851264968974148 0.9982866671584298
123 -0.13458144907676126 0.9909025348460861
482 -0.01838432332222394 0.9998309940464857
125 0.10478586144553999 0.9944948080513625
84 0.019952745924474838 0.9998009241494394
137 0.0915967561154993 0.9957961810878357
370 0.044240825547020225 0.9990208953545056
394 0.6346743517102813 0.7727797016492697
297 -0.5112243144464519 0.8594473225967694
315 -0.059034528827912415 0.9982559413327158
473 0.003594610374575509 0.9999935393672577
452 0.062464297630022224 0.998047199045009
210 -0.08727514906800714 0.9961842441813448
72 0.13264659589999764 0.9911633975264335
44 -0.48474534908443645 0.8746553301392542
471 -0.06803596132269596 0.997682869436424
222 0.2703988597062999 0.9627483869991851
308 0.03647911153980782 0.9993344157094092
45 -0.06089032921922279 0.9981444623938835
167 0.015501807830043884 0.9998798397577584
217 0.07338694567689659 0.9973035426610177
389 -0.03740939668189741 0.9993000235364234
424 0.13058460544999406 0.9914371693755836
21 0.07887524315528645 0.9968844948223412
250 0.03970627626768643 0.9992113948634465
396 -0.02700669862617972 0.9996352525943224
54 0.13918385188294344 0.9902665577383833
293 0.10433345256363236 0.9945423724890521
450 0.03896703270227679 0.9992404967586029
407 0.013584986695634063 0.9999077198104229
427 0.031477165433524676 0.9995044712537662
379 0.07555863257768616 0.9971413606119195
318 0.11716086923536194 0.993112949628598
159 -0.05844594783346915 0.9982905745231933
117 -0.06223342891248491 0.9980616215073069
282 -0.10627168801395155 0.9943371301156693
9 0.12632924673410761 0.9919883675828024
61 -0.12239042230481868 0.9924820323451947
213 0.03260043724770441 0.9994684644806251
455 0.04304086699621695 0.9990733125092542
332 -0.05768189672792543 0.9983350133045866
283 0.013538605969705126 0.9999083488742341
260 0.07934937031111111 0.996846867593629
317 -0.10635975804171591 0.994327713517685
233 0.0076085632628381744 0.9999710544636156
58 -0.09106141020421012 0.9958452789322347
335 0.11862480070991427 0.9929391505306522
364 0.03181549464570871 0.9994937590102546
508 0.05685119533432947 0.9983826629048893
178 0.08390623695467582 0.9964736541424996
284 0.03509851565162034 0.9993838572836029
423 0.09388940451395199 0.9955826332957076
337 0.07966913349821521 0.996821362716331
236 0.08168053696199325 0.9966585623379757
354 0.06442181172583768 0.9979227576190258
142 -0.037407213043194 0.9993001052798609
59 -0.031820047631571445 0.9994936140710078
177 0.0895030450134995 0.9959865485704671
273 0.04443067209410666 0.9990124700809625
23 0.1756164525833956 0.9844586642322897
174 -0.019640657384623297 0.9998071036842557
353 0.02129548397419404 0.9997732254678081
90 0.028626735803153773 0.9995901710187313
232 -0.10836108343971046 0.9941116011775398
487 0.11448106304098048 0.9934254306212454
82 0.13302430810942506 0.9911127753449699
430 -0.07612002100084801 0.9970986623212522
468 0.045637256114924 0.9989580776260338
499 -0.5116043005588371 0.8592211820303914
488 -0.06724691167954908 0.9977363644117434
461 -0.48960675597773795 0.8719433608331195
291 0.07655130826876004 0.9970656433767745
451 0.1176430426178537 0.9930559473280516
509 -0.11654496813032621 0.9931854159236839
421 -0.046027070794635555 0.9989401927813625
133 0.08340907523405063 0.9965153918372763
206 -0.04346168753196887 0.9990550944351736
234 -0.028117180761035802 0.9996046339158554
408 -0.1074399496241153 0.9942115756843547
107 0.030855713631331494 0.9995238491083148
19 0.045050453173150505 0.99898471293053
403 -0.04243411011779744 0.9990992674897278
391 -0.002994774085338959 0.9999955156540341
500 -0.04180686214183238 0.9991257109482538
223 0.05067222775402684 0.9987153374883376
91 0.21539963791175765 0.9765259832628539
454 -0.01655980831229955 0.9998628769729677
287 0.0384360599535195 0.9992610616326694
361 -0.03590253500520702 0.9993552961685848
12 0.026769979930797008 0.9996416198690932
148 0.020715998005481247 0.9997854006868857
383 0.06559891673538563 0.9978460713572729
392 0.04140893709981615 0.9991422821241543
435 -0.05424772201839846 0.9985275082118744
433 -0.03756113011853991 0.9992943317682824
200 0.020345857004421933 0.9997930016272146
108 -0.031013702950169798 0.9995189594146369
464 0.01391979032016903 0.9999031150253721
88 0.035987887956116356 0.9993522261547517
352 -0.13026110893929213 0.9914797241990913
81 -0.093984531650369 0.9955736576519393
246 0.09403541899922185 0.9955688524525266
405 -0.06769834070103549 0.9977058357383334
406 0.043247077748007755 0.9990644074664345
104 0.047459032272259546 0.9988731852721748
41 0.1012208658383295 0.9948639788025994
241 -0.12593490223514095 0.9920385075182442
245 0.16179403403939713 0.9868245490203709
67 0.027731541964505467 0.9996154068341837
186 0.021666113888443195 0.99976526220357
242 0.06779439396404234 0.9976993134943254
462 -0.005145979458535822 0.9999867593600489
191 0.07458879616284905 0.9972143758926548
215 0.08887387550704506 0.9960428877575295
280 -0.0893296828237158 0.9960021123303978
211 -0.02951246746949962 0.9995644122635927
510 -0.05948431725996956 0.9982292402049319
446 0.10893851363229771 0.9940484898874832
40 -0.07569549645858224 0.9971309802708415
411 0.015414877764604195 0.999881183713096
484 0.08857066466536008 0.996069895820939
3 0.02720401499744488 0.9996299022978548
95 -0.013037351871006629 0.9999150101164556
166 0.000837769809711793 0.9999996490708113
207 0.018268533098324928 0.9998331164241537
126 -0.031612375187401426 0.9995002039694694
480 0.010981447566693376 0.9999397020867509
170 -0.1120285351331864 0.9937049900830289
130 0.09172443065981377 0.9957844288901756
503 -0.040829867604504334 0.9991661132721619
262 0.12884098008765518 0.9916652670382544
365 -0.04713949241012956 0.9988883162072301
43 0.0009867389054842117 0.9999995131730478
305 -0.02793382829909816 0.9996097744803003
248 0.0078665921825075 0.9999690578850097
121 -0.0016838414139419692 0.9999985823380414
290 -0.06775799708017431 0.9977017860220976
176 0.21579322168951123 0.9764390843636185
493 0.007075175077187934 0.999974970635579
388 0.1032054289067942 0.9946600622545194
152 -0.07822730676857033 0.9969355488073118
511 -0.08388958125212197 0.9964750564652101
498 0.03274779148351082 0.9994636472393343
380 -0.09406780626892507 0.995565792815197
323 0.012146448668720845 0.9999262291713014
221 -0.05640889267754214 0.9984077507846649
48 0.08478189628108515 0.996399533351448
50 0.029058566727613675 0.9995777106857361
504 0.014567242736463025 0.9998938920900841
324 -0.03263681265060135 0.9994672773332849
218 0.0741524286929211 0.9972469189317865
46 0.08460595194377028 0.9964144885014912
491 -0.08389799643414332 0.9964743479861067
253 0.034763674359851615 0.9993955607991272
376 0.08331125975291398 0.996523574231128
52 0.03224756560311651 0.9994799120105778
344 -0.12346833155852488 0.9923485129238387
326 0.05718560262699184 0.9983635644654645
93 -0.038832787116099894 0.9992457228553925
180 0.13524578912915994 0.9908120793181877
100 0.07495372756643297 0.9971870129137749
372 -0.039118351141784934 0.9992345843714318
97 -0.11447506824462685 0.9934261214355038
225 0.07325710226638939 0.9973130887377001
118 0.10495518425900345 0.9944769526224118
288 0.0475137496726255 0.9988705840057794
271 0.06573394308221352 0.9978371854801085
74 -0.012339998442551244 0.9999238593205174
467 0.11166393741042983 0.9937460264484078
77 0.17572127265913684 0.9844399597410972
276 0.09875715551448265 0.9951115637126766
56 0.18801176380350135 0.9821667764038328
185 0.03933078383299612 0.9992262453734299
268 -0.0047529238257130475 0.9999887047937627
161 0.08415532075896819 0.9964526491449331
416 0.11389558757078655 0.9934927252536403
22 0.05252688210588463 0.9986195104524218
413 0.06832448465749572 0.9976631519687834
247 0.11456928347378494 0.9934152602433202
237 0.03493002647978685 0.9993897604288936
33 -0.02291990146252879 0.9997373045540254
171 0.006169698577440748 0.9999809672286085
