512 2
344 -0.05778187958200366 0.998329231462232
143 -0.07031650946188142 0.9975247307696673
184 0.05582610034947801 0.998440507251068
350 0.054275328164944764 0.9985260080501596
198 0.040220069490324376 0.9991908456397074
310 -0.08419984745805825 0.9964488876445393
363 -0.06343368309809913 0.9979860559389646
365 -0.10876931860079474 0.9940670175250351
149 -0.06598034594391465 0.997820922785808
467 0.009736684090501352 0.9999525973679562
431 -0.09829243593685794 0.9951575739738902
430 0.030432031747549416 0.9995368384625531
388 -0.5228876949316649 0.8524015828757301
135 0.024189617879901194 0.999707388382633
419 0.013461826986887249 0.9999093855015939
277 0.04112886395785078 0.9991538502901026
340 0.010215723310468187 0.9999478181371486
3 0.04270795697902187 0.999087598967517
269 0.03763001917203453 0.9992917400124512
487 -0.0685802632279943 0.9976456021531789
301 0.016325226763404165 0.9998667346057292
94 -0.06368751070905711 0.9979698898161626
72 0.04140748868742282 0.9991423421518082
445 -0.0449736216495025 0.9989881747827286
432 -0.03702227244140165 0.999314440675844
348 -0.05749603947332085 0.9983457344251451
191 -0.05832669644773095 0.9982975490711646
181 -0.02283784266603731 0.9997391824582856
324 -0.04547537600421997 0.998965459952082
411 -0.005843754925360141 0.9999829251184104
278 0.10202134685184162 0.9947822097255944
162 -0.145371027497809 0.9893772103521645
87 -0.09198715547221462 0.9957601936350593
271 -0.12244286289056933 0.992475564095742
385 0.004575757851886611 0.9999895311652423
297 0.04672321954074873 0.9989078740082826
40 -0.4691008219234039 0.8831446194541339
92 0.06787901636312829 0.99769355973544
60 -0.06929236167717626 0.9975963956496632
99 -0.15498625745837363 0.9879166260363507
497 -0.09458142024966888 0.9955171294074029
31 -0.10204468457921942 0.9947798160141407
19 -0.023870715214076094 0.9997150538804387
474 -0.09160601250327217 0.9957953296100813
315 0.06759160564417589 0.9977130724043072
391 -0.07727168315133111 0.997010073661726
110 -0.009143421164730263 0.9999581980510007
389 -0.034637474403124785 0.9993999426490742
32 -0.14707777589850143 0.9891249303484116
231 -0.07636121249059923 0.9970802200560221
93 -0.11245436521700616 0.9936568903518157
89 0.02348354429364737 0.9997242235473782
167 -0.05498150862051316 0.9984873728344351
161 -0.10090245577768558 0.9948963234518622
304 0.023612581168950878 0.9997211841361269
96 0.06569194307550923 0.9978399514025104
410 -0.019697055223345777 0.9998059941886369
201 -0.07654846604051696 0.9970658615893155
4 0.09480878902937932 0.9954955015080594
81 0.05010641456326294 0.9987438846969799
477 -0.1087963382732923 0.9940640607014839
74 0.033195472003379765 0.9994488784517558
421 -0.1236966525475838 0.9923200784769611
156 -0.13605722797733055 0.9907009794661176
292 -0.07580849219959472 0.9971223959526854
466 -0.007841497604730244 0.9999692549850296
416 -0.10344109723565517 0.9946355812068477
412 -0.03844134435908072 0.9992608583567489
244 -0.012928886333067853 0.9999164184561561
500 -0.17405683225067523 0.9847356087533651
299 -0.027037204448589317 0.9996344279663467
429 0.012718304085511304 0.9999191190997343
367 -0.49306084975116954 0.8699948266757996
225 -0.018523343393163194 0.9998284281563207
330 -0.007981106506476297 0.9999681504622696
148 0.05310425948870034 0.9985889733139242
399 -0.13136188865256293 0.9913344814993735
409 0.018213621294594824 0.9998341182412896
78 -0.015571267733353164 0.9998787604610753
121 -0.011664710299912525 0.9999319649524256
144 -0.07867723251728798 0.9969001419818438
118 -0.012789269108164034 0.9999182139533608
253 0.0508064766711515 0.9987085169999623
449 -0.09690517773560105 0.9952936182494247
187 -0.07604762438244893 0.9971041865451102
319 -0.05170169982106158 0.9986625727619979
23 -0.06173442364191127 0.9980926114031708
22 -0.0009268370316972607 0.9999995704864661
309 0.06731793818545169 0.9977315747226104
230 0.013141294006338832 0.9999136494677122
53 -0.036481414448883816 0.9993343316427236
281 0.028465297845582535 0.9995947813081869
227 -0.07238193938025245 0.997376987328038
504 -0.17904493547698522 0.9838408972390008
481 -0.1487918619375489 0.9888685361670465
390 -0.04314914146227007 0.9990686420817486
331 0.04330844070534312 0.9990617493246711
335 0.01945486137685003 0.9998107362740248
2 0.08823363241382241 0.9960998073039984
393 -0.15274287117298777 0.9882659638507401
76 -0.07493960426585485 0.9971880743934302
108 0.04299987165544218 0.9990750777782498
84 0.0429746979590006 0.9990761609283512
107 -0.04382116801852436 0.9990393912321436
413 -0.04085540551432495 0.9991650693655479
482 -0.17584208115228805 0.9844183879306767
46 -0.08928179636765671 0.9960064060222525
462 0.0702341622149103 0.9975305320931133
139 -0.05402278833080498 0.9985397029367261
16 -0.14144678314929138 0.9899458609119578
152 0.07331527754765303 0.9973088137974669
369 0.03124362224578052 0.9995117988643072
178 -0.12049738413055694 0.9927136447222297
38 0.05222539647207977 0.9986353228097502
461 -0.06846950359299658 0.9976532098268059
68 -0.14702342376356556 0.9891330107042425
43 -0.09248992375069044 0.9957136204775906
88 -0.0052350996518918565 0.9999862967719282
112 0.4127751365208019 0.9108329631003883
37 -0.11663723770167578 0.9931745842405165
83 -0.036784639273577995 0.9993232161385588
82 -0.0007713493097504605 0.9999997025100769
103 -0.11024750711668896 0.9939041639788795
115 -0.09674758154937711 0.9953089497559774
423 0.06551469320197527 0.9978516046861131
58 -0.07341161751396272 0.9973017268680444
7 0.06528657439477559 0.9978665558098414
190 -0.06900812068285057 0.9976160981458856
351 -0.04181117828272356 0.9991255303367091
182 -0.08659725564899226 0.9962434016414177
499 -0.15598203818185233 0.9877598917574225
480 -0.16464345302258263 0.9863531484092302
446 -0.08976938579426148 0.995962578300069
117 -0.024831588190704194 0.9996916485736627
64 -0.011031926538637448 0.9999391464468456
382 -0.08207799569318693 0.9966259090666816
95 -0.05755225143244618 0.9983424955169727
473 -0.08514571372083958 0.9963685098571557
202 -0.11136533886855274 0.9937795335479054
168 -0.05486636427290105 0.9984937065757967
12 -0.023130567295226636 0.9997324526375049
346 -0.12363174916441527 0.9923281667868484
174 -0.049595462506871205 0.9987693878462283
54 0.013346260847892095 0.9999109346943756
356 -0.014899046100775389 0.9998890030524823
240 0.08726999897270457 0.9961846953649229
217 0.016199140798781923 0.9998687853100432
384 -0.010764908045312029 0.9999420566986749
289 -0.04298254984175625 0.9990758231531283
475 -0.09408525527154117 0.9955641439608444
224 -0.04603349555107605 0.9989398967342075
77 -0.18386125140471335 0.9829522064840653
11 -0.14503651962292954 0.9894263024478718
377 -0.08691917817984812 0.9962153665069314
220 -0.10700610595871632 0.9942583634486319
397 0.06373832292246333 0.9979666458309274
177 -0.17448646750277144 0.9846595719630233
280 -0.05920817079156254 0.998245657396774
371 -0.1704800595329862 0.985361126339795
327 -0.053104007566320686 0.9985889867109472
34 -0.02680409887729771 0.9996407055954535
62 0.05541136663665112 0.9984636099765772
302 -0.09157289056681081 0.9957983760346463
366 -0.0374972426114952 0.9992967311046979
245 -0.08826444679995406 0.9960970773127978
283 -0.028515704073573005 0.9995933446262976
49 -0.11987215609573514 0.9927893362606991
316 -0.1472139526735416 0.9891046719828152
272 0.013716884827749116 0.9999059191097043
460 -0.1244418133802597 0.9922269070543455
380 0.05826790487512721 0.9983009823001593
352 -0.018806254842635102 0.999823146750861
456 -0.04017598092323882 0.999192619346668
508 -0.10584980737226612 0.9943821289017891
425 -0.07221266673554473 0.9973892573929906
455 -0.06054566565709492 0.9981654283585157
154 -0.08793269681459136 0.9961264180970771
41 -0.04565192834633799 0.9989574072192771
347 0.03647689119859822 0.9993344967569595
116 -0.10987898349472776 0.993944972815983
323 0.009480193661535564 0.9999550619543559
325 -0.0010320876473249136 0.9999994673974023
222 -0.11781685137021958 0.9930353415328215
433 -0.09652446499335027 0.995330612237837
223 -0.013817089077982223 0.999904539468349
420 -0.07185730448836768 0.9974149225832075
427 -0.04590515181117783 0.9989458028527837
373 -0.18721360517941546 0.9823192281716396
127 -0.015757489312072295 0.9998758430578167
113 0.07440218625796503 0.997228316224542
173 -0.07014383784876843 0.9975368875444385
14 -0.09230168534398202 0.99573108763494
426 -0.1325364923522661 0.9911781263703097
406 0.10959712511374566 0.9939760913456631
451 -0.08971680368633307 0.9959673162992387
362 -0.004005017160552739 0.9999919798866107
259 -0.10466521650225982 0.994507512517897
165 -0.07779307805351726 0.9969695266190233
503 -0.5296732631451221 0.8482017650943662
9 -0.5022866037900622 0.8647012013713437
66 -0.5516010016838364 0.8341081074665252
284 0.02684900795757534 0.9996395004058682
20 -0.002411862769776987 0.99999709145476
36 -0.006786358637681895 0.9999769724030854
428 0.014507938167359504 0.99989475432674
142 -0.009763968238942407 0.9999523313259634
133 -0.5049394817368863 0.8631547484566626
136 -0.0808965912031523 0.9967224997619498
303 -0.11704148309562279 0.9931270267366491
13 -0.146909858128151 0.9891498842868894
120 -0.13419790449270383 0.9909545511423654
50 0.2989746190918854 0.9542610634092025
261 -0.037180434190790916 0.9993085686180142
5 0.0007052073096269737 0.9999997513412944
312 -0.08327759904411057 0.9965263877577193
180 -0.05393474774005353 0.9985444621979619
318 -0.04073846686501351 0.9991698440793177
322 -0.013299443378229112 0.9999115584919644
175 0.007896613077067896 0.9999688212648988
403 -0.02265739213617156 0.9997432883403558
386 -0.005329035541036806 0.9999858005892897
63 0.06275439522177019 0.9980290005207011
440 0.008079590818013497 0.9999673595734081
376 -0.15882888124823066 0.9873061260224387
246 0.03218093637305915 0.9994820595359144
73 -0.10347699218909288 0.9946318475131883
104 -0.0859336436319113 0.9963008626374583
317 0.05413129731609339 0.9985338264930621
159 -0.035313975454182106 0.9993762670474126
279 0.3857931146677922 0.9225853199975185
288 0.0682319850352752 0.9976694824530548
185 0.08941572676760187 0.9959943914533966
160 -0.03604100158910265 0.9993503120550142
436 -0.04576706974766873 0.9989521386566586
155 -0.06169378341581756 0.9980951242681442
131 0.015599291414562672 0.9998783236511148
163 -0.04431647789899076 0.99901754228173
213 -0.1928252100613396 0.9812331213146039
67 -0.5316704093629903 0.8469513420544243
24 0.06365711415410329 0.9979718291703286
501 -0.5087440031387638 0.8609178469925833
130 0.010598168092198369 0.9999438378394506
176 0.01589822412782128 0.9998736152482379
21 -0.04149655025525342 0.9991386471941285
372 -0.03599352627221654 0.9993520230962116
48 0.38378172287927687 0.9234238404891948
510 -0.14334415197053937 0.9896729025773349
234 -0.14569714683599913 0.9893292381224004
470 -0.04228065897217972 0.9991057731175804
153 -0.491669868541045 0.870781683528559
328 -0.085574412426044 0.9963317820575318
465 0.012423232887376073 0.9999228286646055
355 -0.11578968562507391 0.9932737531531005
35 -0.0029639353742067845 0.9999956075339018
27 -0.04000713175268623 0.9991993942196538
294 -0.046597077805499605 0.9989137662180797
511 -0.016880762122917926 0.9998575097833438
505 -0.11857207786085586 0.9929454478226682
349 -0.055718136984901495 0.9984465379833473
492 -0.05524634183793124 0.998472754617534
490 -0.1345042908288532 0.9909130111915108
368 -0.01895396762987005 0.9998203574198146
262 0.11806113516717699 0.9930063284607191
332 -0.023360434953398537 0.9997271078043187
308 -0.1300065920130771 0.9915131295313973
496 -0.5219011631640288 0.8530059647435262
374 -0.5366763219778969 0.8437881993890864
381 -0.010285281103538886 0.9999471050973753
442 -0.01628724260273142 0.999867354066728
379 -0.027699664379237175 0.9996162906802177
300 -0.07471876851892992 0.997204645812992
263 0.024554933900113218 0.9996984821540749
338 0.006310051837482173 0.9999800914247284
211 -0.060056137239864305 0.9981950011795424
69 -0.10514428294384676 0.994456977331963
265 0.037897676973551064 0.9992816250086901
258 -0.06896499830859841 0.9976190801143966
105 -0.07860385339641722 0.9969059304825278
6 0.021058565265300488 0.9997782438265833
171 -0.06727552743550405 0.9977344353124606
360 -0.07051670813438779 0.9975105983767238
61 0.05924504139866771 0.9982434698357261
441 -0.10745331431993319 0.9942101313312299
267 -0.032889713616727906 0.9994589870215834
471 -0.0937251593862536 0.9955981089264994
132 0.006177998276100206 0.9999809159865506
489 -0.01612517994922224 0.9998699808333107
17 -0.13515891084260956 0.9908239343192308
257 -0.10681233510117583 0.9942791987516554
150 -0.03142438952052953 0.9995061319187902
341 0.04020983594929981 0.999191257514261
464 -0.02449381996673859 0.9996999813861343
293 -0.05769545625578532 0.9983342297684862
407 -0.047582697504658336 0.9988673019466501
141 0.03872699570461702 0.9992498285232251
476 -0.08332770253602871 0.9965221994466892
47 0.37360547264772076 0.9275877051835439
238 -0.06231833936630863 0.9980563233498525
387 0.1087067372336037 0.994073863090678
417 -0.023340010396212862 0.999727584852346
507 -0.09792508817964925 0.9951937887190655
30 -0.11837299657375826 0.9929692007721834
206 0.0990840063101022 0.9950790720809778
453 -0.06044063720708049 0.9981717935175297
405 -0.111580825005748 0.9937553619936028
210 -0.0563152722582281 0.9984130358275987
164 -0.01305115438397762 0.9999148300576632
172 -0.019976703428550274 0.9998004457491144
140 0.061590675814098605 0.9981014921603728
212 -0.1053545813787816 0.9944347199200666
502 -0.05288030647242802 0.9986008577942349
137 -0.0028972521026109175 0.9999958029563193
247 -0.2501100261836768 0.9682174212450427
402 -0.07258726825945433 0.9973620648924995
151 0.034155374932992616 0.9994165349658702
219 -0.009794967687658621 0.9999520281533498
91 -0.0910871446702316 0.9958429254033109
443 -0.1850811238568748 0.9827232456759514
491 0.010995938488505939 0.9999395428408445
166 -0.043320896671817655 0.9990612092917779
204 -0.08258909359308114 0.9965836852063521
192 -0.10549729416916881 0.9944195899734598
296 -0.06893489564543734 0.9976211606428328
28 0.03237997769003487 0.9994756310409938
158 -0.14358011142248714 0.9896386975072802
98 -0.04759061254657587 0.9988669248690946
307 0.022117836136833022 0.9997553707405747
435 -0.13851158933092214 0.9903608128460163
401 -0.05172687200818534 0.9986612692561221
404 -0.13950739746417962 0.9902210288883847
358 -0.03238538013263396 0.9994754560036303
353 -0.03551322716650026 0.999369206397826
18 -0.09925733411931735 0.995061797891732
111 0.02262419158178216 0.9997440402199309
311 -0.00032507644001926033 0.9999999471626526
128 -0.11700248501899817 0.9931316219411096
65 0.6204001464613434 0.7842854443828111
260 -0.07324125187515594 0.9973142528931189
101 -0.11383335320872874 0.9934998579251316
248 0.004817218267962767 0.9999883971367662
326 0.06797286945315369 0.9976871699176574
329 -0.10190521191391383 0.9947941132640363
102 0.07912333521073402 0.9968648342805206
493 0.0825096066186648 0.9965902692760115
241 -0.09068395943562528 0.9958797214026792
57 0.021840934557452184 0.9997614583377662
229 -0.16175508891181514 0.9868309334486485
483 -0.059537918613811344 0.998226044664802
484 -0.10552470415072772 0.9944166816852487
459 -0.0649921601684204 0.9978857745837657
305 0.043562770500316275 0.9990506919202533
457 -0.0694148769851036 0.9975878782609293
268 -0.003605192810100056 0.9999935012712844
249 -0.6204001464613424 0.784285444382812
85 -0.16021984790930727 0.9870813544667523
398 0.3752100402871391 0.9269398177161899
80 -0.17646447263696705 0.984307009980604
468 -0.08259597231360614 0.9965831151276697
55 -0.01969539843963451 0.9998060268273561
189 -0.07357352333056337 0.9972897957287677
486 -0.02856930762010994 0.9995918140231579
193 -0.034021695858790814 0.9994210945396799
370 -0.06394344891199243 0.9979535236378695
306 -0.0541379213742213 0.9985334673756703
179 -0.018409734008403195 0.999830526486234
8 -0.04736944447285747 0.9988774377922113
334 -0.05070891223764618 0.9987134755372408
114 -0.030271801554558032 0.9995417039977078
242 -0.016223011002113503 0.9998683982975086
414 0.019036201773008146 0.9998187950934196
232 -0.04259666099104712 0.9990923503222382
437 -0.05713285962446894 0.9983665841518989
359 0.019619272380049114 0.999807523552047
147 0.007818671137627648 0.9999694337236723
458 -0.16834434561079245 0.9857282492152054
339 -0.15429467869853922 0.988024874244224
488 -0.04494205499375829 0.9989895953877288
434 -0.09433771769229535 0.9955402528379297
415 -0.04712845776507754 0.9988888368926171
218 0.019250556919534218 0.9998146908594051
237 -0.11672487807851147 0.9931642879390884
215 -0.0762819074001275 0.9970862904500285
75 -0.02593655720075863 0.9996635909147497
188 0.009127986580600395 0.9999583390626753
266 -0.057200640384966445 0.9983627029990402
251 -0.17119228006390563 0.9852376379567119
494 -0.05378051252310258 0.998552781014981
129 -0.1027482194279543 0.9947073958729697
42 -0.0746693694554938 0.9972083459664379
395 -0.031845783355618835 0.9994927944124794
485 -0.05668496862352585 0.9983921145182137
243 0.004048401731847279 0.9999918051881314
285 -0.03238690728050305 0.999475406519242
125 -0.05738906410096292 0.9983518895267417
226 -0.044032354093394406 0.9990301055488737
33 -0.00798866059015408 0.9999680901418682
236 -0.023965800869171345 0.9997127789463829
235 -0.12534971796662198 0.9921126187110456
29 -0.16053766030888897 0.987029715673519
126 0.01818531430968408 0.9998346334986891
439 -0.09314236410233909 0.9956528009348576
298 -0.05671846844047596 0.9983902119601167
214 -0.07063275278911009 0.9975023880840749
392 -0.13110653747326775 0.9913682846610389
295 -0.14374237035715923 0.9896151428530716
15 -0.03850718526437035 0.9992583232993436
138 -0.06560600445705703 0.9978456053815042
343 0.022885931027898935 0.9997380827801781
361 -0.10392783622533677 0.9945848404522962
383 -0.059279849315714214 0.998241403401555
333 -0.09430459478266176 0.9955433910196372
472 -0.14765540372496083 0.9890388676643698
276 -0.13849132635560105 0.9903636466087931
170 -0.0029342702126644695 0.9999956950198932
291 -0.11421037934565924 0.9934565864947098
239 -0.15805413979413377 0.9874304476234953
357 -0.0474837958854328 0.9988720083816097
70 0.003456533538858708 0.9999940261701041
396 -0.020326776896530476 0.9997933897265966
287 -0.03757956062049457 0.9992936388387402
273 0.08544540511804258 0.9963428540137245
26 0.013801179904762971 0.9999047591812115
394 -0.1544509630228568 0.9880004554762675
447 -0.0021010269672786853 0.9999977928404056
408 -0.08106821459180612 0.9967085554879604
375 -0.1685817502967561 0.9856876754159413
134 -0.06146905400028473 0.9981089897402539
282 0.0347680566926936 0.999395408351376
321 0.015007836171339979 0.999887376084654
255 -0.012951873641055019 0.9999161209667471
506 -0.03230738896874105 0.9994779800566006
342 -0.036169008289456156 0.9993456873571612
400 -0.1310442533101632 0.991376519630348
320 -0.04428341774192991 0.9990190082841736
25 0.033174823747497015 0.9994495640447908
52 -0.023019620236083102 0.999735013433153
0 -0.15664904434348206 0.9876543306776282
195 0.01833137220117603 0.9998319662789453
39 0.005325622327258197 0.9999858187728602
146 -0.05022440582301918 0.9987379581550531
169 -0.02054291557624868 0.9997889720434143
264 -0.07538784034013356 0.9971542877252499
106 -0.5367286193992061 0.8437549342776148
45 -0.08004740475214456 0.9967910578413344
254 -0.5387559746997792 0.842461868410251
422 -0.1152955258373176 0.9933312346452701
124 0.05581565164987114 0.9984410914174658
509 -0.49323728951137985 0.869894807568977
463 -0.10833316442664337 0.994114644035239
10 -0.0537385438673236 0.9985550404975279
186 -0.07449059785453312 0.997221715984602
97 -0.01831528381094483 0.9998322611212965
90 0.03867490315923999 0.999251846065657
216 -0.5345558463289338 0.8451331535063319
424 -0.1041352109167934 0.9945631492506221
275 -0.04130877482088876 0.9991464282690485
250 -0.5233576653435266 0.8521131111103578
233 0.014554485814182496 0.9998940778615927
498 -0.044511544158784624 0.9990088700490104
209 -0.02716792006649729 0.999630883936296
79 -0.020614211666758253 0.9997875045615233
364 -0.09111584208328438 0.995840300109136
454 -0.013922570487713217 0.9999030763184072
119 0.01577958891905193 0.9998754945359677
44 -0.17121825875993604 0.9852331236145158
51 -0.11212688430198937 0.9936938974436385
378 -0.08151717258350825 0.9966719372862821
71 -0.1699327694532956 0.9854556579907252
122 0.05214805905821015 0.9986393643034814
290 -0.057905431494057566 0.9983220727818688
345 0.0143144594983713 0.9998975428759036
418 -0.06267740739273238 0.998033838405555
444 -0.18951418202782047 0.9818779836671796
270 0.00818239772874567 0.9999665236233705
256 -0.023335321232423864 0.9997276943162972
438 -0.03764308210890754 0.9992912480199864
199 -0.0160311833682838 0.9998714923227946
252 -0.14233782568475872 0.9898181365176812
469 -0.004897380602313924 0.9999880077597111
314 -0.11682037672916447 0.9931530594932768
194 0.005856364222650134 0.9999828513520078
495 -0.025847929728978303 0.9996658864484302
203 -0.18694468904543882 0.9823704409425724
197 -0.17458163319909134 0.9846427033952662
157 -0.10326519932240717 0.994653858691004
286 0.010585190290768234 0.9999439753038708
228 -0.025190718607106633 0.9996826634968007
1 -0.0037296309036386676 0.9999930449024746
448 0.01094566229239582 0.9999400944441525
200 0.001605103656437024 0.9999987118202963
123 0.016223191043722916 0.9998683953762909
221 -0.07049477582429187 0.9975121485884183
86 -0.07022900023605651 0.9975308955244665
56 -0.12363995301128193 0.9923271446551123
274 -0.09854729332350944 0.995132368571443
109 0.01678021794992079 0.9998592022307707
354 -0.10366602420059597 0.9946121633211819
205 -0.11580851470839916 0.9932715579946073
207 -0.13146281812915936 0.9913211020903064
313 -0.1668685139476312 0.9859791575144523
100 -0.08787260109645624 0.996131721197826
183 -0.008787868213199202 0.9999613859406108
59 0.06280313420268205 0.9980259347002561
208 0.36777444495353434 0.9299150271068425
337 -0.08520859064714197 0.9963631346451592
450 -0.11613276392761153 0.9932336991577226
479 0.010414737400279211 0.9999457651517322
336 -0.091158156213873 0.9958364276103214
452 -0.037481044332956265 0.9992973387914685
145 -0.11800988406971073 0.9930124204972732
196 0.011087406412812428 0.9999385328204113
478 -0.09241956347202082 0.995720153601222
