512 2
468 0.4220401845774092 0.906577124464249
486 -0.06140182190180642 0.9981131279905795
408 -0.015266703686452119 0.99988345708815
105 -0.041699382648293426 0.9991302024695036
81 -0.04998950577324356 0.9987497430850968
172 -0.013192225402204256 0.9999129788081247
311 0.06494439346632995 0.9978888844742639
9 -0.15878435372968974 0.987313288176881
190 -0.049537027691225095 0.9987722878051428
345 0.05293682986066305 0.9985978630281076
451 -0.015215025137649753 0.9998842448053977
113 -0.015330247405732765 0.9998824848523346
392 -0.018551383653242888 0.9998279082744942
287 -0.01559617146622512 0.999878372321152
495 -0.1720053599853266 0.9850960136638044
84 0.07939515676921607 0.9968432219168627
165 -0.08333630580070801 0.9965214800171098
16 -0.08738950775393055 0.9961742186658545
106 -0.4693609075474707 0.8830064203992034
10 -0.11401576649090081 0.9934789403865049
504 0.484122919815347 0.8749999991482647
363 -0.031264200983047837 0.9995111553839165
250 -0.46784453383730895 0.8838107784806378
292 -0.05052433946038272 0.9987228299794153
142 0.06760397803852634 0.9977122341403689
357 0.008987414834381136 0.999959612371717
63 -0.10063749561689173 0.994923160086225
217 -0.12090184450431404 0.9926644669753495
183 -0.047925006111487124 0.9988509367213978
123 -0.05969776727322593 0.9982164978513388
453 -0.14965543856024946 0.9887382109078922
155 -0.09158548624386927 0.9957972176650596
350 -0.1413398886654765 0.9899611284651689
510 -0.011546615378337899 0.9999333356145822
503 0.02405676753263367 0.99971059409005
323 -0.02281167085510952 0.9997397799791694
300 -0.008461078856259985 0.9999642044316327
25 0.005198276019155207 0.9999864888719391
66 -0.11982076420546237 0.9927955401114668
449 -0.02753248628439879 0.9996209092445993
238 -0.005712495802922054 0.9999836835627378
59 -0.003990257920963449 0.9999920388891724
23 0.1854710688659005 0.9826497252906249
393 0.12663221778422104 0.9919497373451186
179 0.023597547935436457 0.9997215390954798
52 0.04911113050667145 0.9987933203923406
309 0.028162758534643267 0.9996033508505859
101 0.08611815092262885 0.9962849311726376
153 -0.039236923639634824 0.9992299354119138
252 0.08034192207213364 0.9967673628072677
494 -0.022909448226576853 0.9997375441494402
125 -0.0796172681963694 0.9968255065982948
212 0.0035282247828911225 0.9999937757955702
99 0.05388175874653631 0.9985473229018142
445 0.0013685550817117097 0.9999990635280557
406 -0.11912711173666446 0.9928790113852142
154 -0.0056875984038625045 0.9999838254813908
469 -0.06883706401692793 0.9976279159173171
255 -0.10767931069133067 0.994185679865205
108 -0.2213454321867658 0.9751954674064343
463 -0.10522443640840014 0.9944484994118773
144 -0.058586918628371516 0.9982823112555049
12 0.017362355351985295 0.9998492629474862
448 -0.07679831451863128 0.9970466483004179
262 0.0627901128105453 0.9980267540167643
404 0.022266613929384723 0.9997520682169753
38 -0.0010575228807633064 0.999999440822522
51 0.01118893024295152 0.999937401960752
128 0.1314387330183192 0.9913242958096704
29 0.24542009102669138 0.9694168241373009
159 -0.06648765380317452 0.9977872478097468
92 -0.10424356538749674 0.9945517980856012
485 0.008845708146977565 0.999960875958344
243 0.09215734706363497 0.9957444568674197
305 -0.017431438622945234 0.9998480609310268
187 -0.09375419398542452 0.9955953751952364
256 -0.06375107767415532 0.9979658311261884
447 -0.11122914704283828 0.9937947860841908
284 0.04044691346433636 0.9991816887789771
293 0.07821102968381484 0.9969368259001157
157 0.01509820194777833 0.9998860156527565
30 -0.04411390147893624 0.9990265080048211
435 0.405896055079881 0.9139192483313777
370 -0.001965209069601291 0.999998068974792
427 -0.048021883210093076 0.9988462838359846
85 0.0682604913725909 0.9976675324563652
207 -0.630490943342386 0.7761966054829332
258 -0.1391851299999486 0.9902663780957612
249 -0.03989061849447365 0.9992040525118623
215 0.44112177547977527 0.8974472570561296
120 0.43365396088852637 0.9010794871739631
253 -0.0510548163119388 0.998695852465281
383 -0.04684352159151163 0.9989022397036187
146 -0.04618053545389526 0.9989331099454015
443 -0.04887081250354556 0.998805107959127
489 -0.05504639802188203 0.9984837975975457
124 0.017072571206365315 0.9998542530351129
399 -0.01569568892206791 0.9998768150873694
307 -0.0326789371153567 0.9994659009035829
458 -0.03473237846636976 0.9993966489267757
4 -0.0657590452357519 0.9978355315229471
464 -0.11768131003680649 0.9930514132047853
402 0.008973270401220479 0.9999597393986953
5 -0.28036895349052826 0.9598923116259584
135 -0.002602212774153296 0.9999966142386074
365 -0.012239840110323608 0.999925090351309
334 0.08193650321723737 0.9966375516909503
69 0.02169809836361256 0.9997645685497176
476 0.052642621268919214 0.9986134159052426
195 -0.08362642314460231 0.9964971757872872
394 -0.013398035730736139 0.9999102422910557
475 -0.007154673637902244 0.9999744049950153
75 0.03136413769314215 0.9995080244133938
374 -0.085529685348517 0.9963356226313417
273 -0.04789155499872077 0.9988525411489948
411 -1.0084551791354465e-16 1.0
467 0.1398311380582297 0.9901753646851351
302 -0.029467811984018367 0.999565729733105
68 0.094816612343929 0.9954947564018714
477 -0.02507905721269436 0.999685470980409
412 -0.0523300232407784 0.998629845672369
91 -0.034186404395236125 0.9994154740419647
198 -0.12882303607188475 0.991667598228974
308 -0.005176156940857463 0.9999866036099302
272 0.011240436709868337 0.999936824295701
418 -0.10995281188305871 0.9939368084335184
149 -0.10841800479666697 0.9941053949335099
122 -0.04740202320282913 0.9988758922890664
403 0.06152846930590008 0.99810532884304
498 -0.07612067153357273 0.997098612658386
336 0.014089801125413885 0.9999007338252365
1 -0.10219545006863907 0.9947643389191574
480 -0.011691391609855684 0.99993165334548
497 0.02482289611088598 0.9996918644405727
136 -0.09419190633580363 0.9955540591955955
127 -0.11552686378665303 0.9933043560478431
421 0.02130308296223144 0.9997730635780824
61 -0.09653987777978966 0.9953291174271268
228 -0.05955678516205561 0.9982249192146831
466 -0.04618943004070605 0.9989326987102358
508 0.003287060952466877 0.9999945976005545
161 -0.05662493814552841 0.9983955210135986
493 -0.034077631192706535 0.999419188855354
58 0.03499148209692158 0.9993876105799294
294 -0.0059113927273004825 0.9999825275653688
175 0.10125927928021 0.9948600697382786
62 -0.06486348381209597 0.9978941469252928
313 -0.012403421760244027 0.9999230746055606
446 -0.08177749859793994 0.996650611158727
487 0.07098447880877705 0.9974774201796481
390 -0.03857503170450213 0.9992557064780749
160 -0.11295371478072552 0.993600250763472
353 -0.05434724878694677 0.9985220961747866
344 -0.0701412074402633 0.9975370725034843
76 0.04499569973509241 0.9989871806011074
301 -0.04920428294345948 0.998788735689395
482 -0.033715300998094076 0.9994314776304617
285 -0.12703424299234292 0.991898332041829
93 -0.022534325027435555 0.9997460698575205
214 -0.016224803621582858 0.9998683692103882
222 0.025788015621603877 0.9996674338250195
98 0.054473501686959434 0.9985152165159832
501 -0.06521361158088707 0.9978713268075082
209 -0.1521447383212025 0.988358223824324
90 -0.07562614833491281 0.9971362422899018
71 -0.01652738474924633 0.9998634134487321
295 0.08324515237518576 0.9965290987251862
227 0.042662732137117 0.99908953116655
385 -0.040557555746894666 0.9991772038391575
111 -0.06989030183502064 0.997554683067254
395 0.0232816418891658 0.9997289458402935
168 -0.010353086443929776 0.9999464053643496
333 -0.05386294887996419 0.9985483377072711
442 0.06325964892227551 0.9979971026101381
210 -0.12418651256609822 0.9922588926770425
297 -0.04314964990362719 0.999068620122359
233 -0.04379189582699666 0.9990406747774975
431 0.08034399249849827 0.9967671959236025
18 -0.02956812134238937 0.9995627675140175
67 0.020539376826370307 0.9997890447487332
439 0.00374144010343787 0.9999930007884817
265 -0.015186142356179919 0.9998846838912664
288 -0.0010001961333148087 0.9999994998037224
223 0.059114470703109524 0.9982512105444658
341 -0.05511755637595086 0.9984798720951483
434 -0.0289048903636469 0.9995821663640593
73 0.01698010850915029 0.9998558275646632
343 -0.03918238142028193 0.9992320756392059
114 -0.023495738751116407 0.9997239370248865
462 -0.016119095135126358 0.9998700789462722
201 0.053181492495681555 0.998584863121774
509 0.03034634004316871 0.9995394437669702
163 -0.0346663401761818 0.9993989417939111
452 0.010361975848495818 0.9999463132871261
203 -0.055506378221718694 0.9984583326191971
83 -0.06794016229449756 0.9976893977322789
303 -0.032395115130765505 0.9994751405190947
490 -0.07121806184274533 0.9974607699891574
321 -0.04784182235443874 0.9988549244178588
37 -0.03866579173189644 0.9992521986714593
474 0.39399407813420445 0.9191129780365297
329 0.6304909433423858 0.7761966054829335
191 -0.19801251226146174 0.980199492444219
342 -0.05782912513543235 0.9983264958349399
178 0.009207771379427777 0.9999576075745533
396 -0.1135875040555562 0.9935279960436086
21 -0.027987173029352424 0.9996082823515545
312 -0.03682971209545268 0.9993215560103594
298 -0.03795148366535982 0.9992795829434313
242 -0.019358329623740685 0.9998126099795795
479 -0.04350556337144327 0.9990531847483062
257 -0.06912160938935272 0.9976082413028803
368 -0.05065567013067203 0.9987161774416256
426 0.02835059598946322 0.9995980410680295
28 -0.039132751800779894 0.9992340205059566
70 0.08644195085344593 0.9962568891268208
387 -0.139031141345594 0.9902880094882204
366 -0.03922382791940686 0.9992304495577327
42 0.0024877796646427643 0.9999969054713821
186 0.014797630150270835 0.9998905090768366
225 -0.1264641751743417 0.99197117518478
132 -0.049490236523003085 0.9987746074509991
441 -0.1025585252549358 0.994726972036816
24 -0.159664468543627 0.9871713415029232
49 0.011385971454573873 0.9999351777260542
247 -0.056121130432422124 0.9984239674201472
372 -0.03274592481471444 0.9994637083996742
388 -0.5008195872973987 0.86555169746195
500 -0.0295429542296058 0.9995635116666611
259 -0.04301990599994122 0.9990742153052277
229 -0.07016592439541534 0.9975353342382096
461 -0.029524661966574103 0.9995640521426126
318 0.04908179390638765 0.9987947624546951
267 0.05463599806394542 0.9985063383452087
423 -0.23175458839375576 0.972774285617399
348 0.12656274094952358 0.9919586042791019
48 -0.05510245451870205 0.9984807056253088
429 -0.09083415425651653 0.9958660333702036
384 -0.015718657143522503 0.9998764542770294
35 -0.08274344662122105 0.9965708815940997
167 0.036804692011764326 0.9993224778047971
268 -0.036971229917633845 0.9993163303771122
415 -0.028250345495306105 0.9996008793410478
236 -0.14470202411866212 0.9894752772131106
200 -0.041716067098804724 0.999129505992996
94 0.07364129624642396 0.9972847935705961
382 0.061032048091009865 0.9981358069450352
33 -0.0731680282004886 0.9973196276265962
19 -0.06934738980069154 0.9975925719089085
369 -0.07629285181267302 0.9970854530892973
89 -0.08660003557132423 0.9962431599961153
283 0.09905150155790343 0.9950823081731103
100 -0.021898786026202134 0.9997601928315502
97 0.01148147943387315 0.9999340856426536
417 -0.18160827278757777 0.9833709550597439
156 -0.03492006210341711 0.9993901086476158
455 -0.043022485613766946 0.9990741042243128
254 0.04260453049103479 0.9990920147722323
351 0.12429863742531239 0.992244853216287
405 -0.018198482575252552 0.9998343939032893
260 -0.06512715881805538 0.9978769729702595
400 -0.00923324294233995 0.9999573727038407
471 0.009653930744283393 0.9999533997247995
246 -0.057742171273209714 0.9983315289304727
499 -0.4823898186965552 0.8759566557872055
40 -0.05712962923960321 0.998366769009739
181 -0.024558631545622385 0.9996983913244065
377 -0.021175401695027688 0.9997757760433358
14 -0.03197912146293315 0.9994885370980795
109 -0.07760080537780768 0.9969845109151473
208 -0.12771413631403183 0.9918110199960277
460 0.0036858859666749283 0.9999932070992485
473 -0.46544962022756686 0.8850743759876983
424 -0.20259241882606557 0.9792631473889967
290 0.08376029493835231 0.9964859321595264
169 -0.030225307743455623 0.9995431110121331
121 0.05828413768153957 0.9983000347063599
134 0.08952776985283055 0.9959843263953398
291 -0.04251703806952058 0.9990957418955376
320 0.06334093372380878 0.9979919469189098
361 0.10422433278296836 0.9945538137556685
192 0.023671228349621518 0.9997197972174103
306 -0.03766433631236261 0.9992904471524527
391 -0.28243164999730375 0.9592874246438345
322 -0.00593435137822632 0.9999823915818317
289 0.03203861451493974 0.9994866318165355
422 0.023599956976013733 0.9997214822292909
151 -0.12632239807625115 0.9919892397320977
213 -0.03609998498167074 0.9993481831095322
275 -0.017668493810453798 0.9998438999796267
358 0.034942032989211835 0.9993893407129079
413 -0.21938927716496998 0.9756374045028368
117 -0.030505770259844973 0.9995345906875127
185 0.0025722973972840996 0.9999966916375773
171 0.014985389492090153 0.9998877127466715
280 -0.049739951100992066 0.9987622025609855
0 -0.07735101765512324 0.9970039217915427
367 0.025861272843450838 0.9996655413521648
239 -0.1184318931645931 0.9929621778705623
177 -0.12589380289959334 0.9920437240321005
430 0.06401651777659105 0.9979488390953513
196 0.00031735302864662406 0.9999999496435263
269 0.055864048477372225 0.9984383847227218
277 0.03869025986341018 0.9992512515837554
428 0.004615537486787365 0.9999893483501252
437 0.016587965012059145 0.9998624102429087
2 -0.06575524188694849 0.9978357821627709
310 -0.011508179605988702 0.9999337787084486
328 -0.01772124075323916 0.99984296648332
502 0.042146054788820185 0.9991114602814531
46 -0.04395462441249542 0.999033528462762
335 -0.084350808111946 0.9964361199649789
205 -0.0985360316652913 0.9951334837415816
263 -0.016396969832269393 0.9998655606531908
158 -0.04692308765761257 0.9988985052770257
270 -0.010967060005842083 0.9999398599890038
193 -0.5056563665396254 0.8627349760951761
410 -0.15053944336108865 0.9886040036296301
43 -0.13255734567606647 0.991175337721493
107 -0.15838983667604592 0.9873766554044792
60 0.39776399605995677 0.9174877674598254
164 0.008899615332119755 0.9999603976392967
326 0.018557346793601454 0.9998277976131599
221 0.023661968616854705 0.9997200164251865
279 0.09238511664009443 0.9957233502451351
8 -0.01898409992945832 0.9998197857363438
346 -0.11035689590733125 0.9938920240779168
264 0.44132032540602745 0.8973496366431081
27 -0.0077108923016208615 0.9999702706280384
380 -0.06893884659249921 0.9976208876274072
266 -0.05828215146166167 0.9983001506666218
409 0.09634403808800766 0.9953480930432813
96 0.02758835171932079 0.9996193689847206
478 -0.0628073275616732 0.9980256708144138
488 -0.03963422615961468 0.9992142553610454
77 -0.0051274798420396775 0.9999868543888312
407 -0.05839758697377829 0.9982934046840337
416 -0.08102610997377252 0.9967119792109043
319 0.030107732300893836 0.9995466594690304
378 -0.05559374765750436 0.9984534717358611
202 0.013601220863527802 0.9999074991173039
450 0.020370968435514777 0.9997924902923603
364 -0.09392680146420018 0.9955791058307243
492 -0.012444686417713641 0.9999225618916521
56 -0.05228864842824644 0.9986320129284596
47 -0.014887084675866602 0.9998891812145252
148 0.0062663588117794 0.9999803661808777
481 -0.0957262358708306 0.9954076992700036
376 -0.07927945443155154 0.9968524304554989
330 -0.03451596154964207 0.9994041466785614
50 0.1327200794096252 0.9911535605149703
13 0.042393387817888206 0.9991009962307724
316 0.43590449248038554 0.899992929658571
398 0.05071515241869429 0.9987131586772795
88 -0.03889605246961206 0.9992432622251106
224 -0.11002792031056764 0.993928496800515
454 -0.044350221003862274 0.9990160448646
119 -0.02692536891478269 0.9996374465318929
184 -0.004934244420333917 0.9999878265419037
397 0.07978387144635231 0.9968121858489852
102 0.0001446226197923093 0.9999999895421489
440 0.04230108116074727 0.9991049086720732
145 -0.15155272638566675 0.9884491747809147
131 -0.07560690302673241 0.9971377017316647
78 0.07236071974162639 0.9973785270590468
188 0.07998272957625067 0.9967962494760563
470 0.0030405844494822377 0.9999953774124185
420 0.029501052949333934 0.9995647492158177
80 -0.03286815676664666 0.9994596961712678
360 0.0883512479090223 0.9960893820300056
282 -0.016737404530370214 0.999859919833567
352 0.019267250339355124 0.9998143693028024
11 -0.012386075522314374 0.9999232896243369
26 -0.017755464255658333 0.9998423593192409
483 -0.13936193440881714 0.990241511570704
230 -0.13012937772425956 0.9914970222109076
219 -0.1143325647060159 0.9934425321314487
359 0.08365628259338692 0.9964946695204422
317 -0.003563384663200387 0.9999936511247168
138 0.08280348522565038 0.996565894878249
444 -0.05090145583712125 0.9987036806749345
337 0.05528449858334651 0.9984706426412285
271 -0.032226116825314004 0.99948060381098
496 -0.0999444462930959 0.9949930188977039
7 -0.041924897635988494 0.9991207649519712
401 0.06585787413811912 0.9978290136160644
72 -0.03981019607967326 0.9992072599256362
20 -0.1456134247044163 0.9893415641454933
206 -0.014284288859496485 0.9998979743412717
232 -0.14953352839347567 0.9887566555458415
130 0.06713769249712694 0.9977437197227359
505 -0.09374937629216007 0.9955958288607033
34 0.022612475486377667 0.9997443052862958
54 -0.1661381383542352 0.9861024890873104
472 -0.015556206585550311 0.9998789948972164
174 -0.2145802124177444 0.9767063696110289
235 -0.014882919184689774 0.9998892432247394
381 -0.2256146664185584 0.9742166198011829
143 -0.03951727188490825 0.999218887543052
36 -0.016719141045267543 0.9998602253928839
507 0.041980513615502514 0.9991184296551527
349 -0.024947122738180158 0.9996887721021409
32 0.013495547724966443 0.9999089309490156
147 0.12495778511820976 0.9921620593120619
436 0.0320482948647896 0.9994863214653112
57 0.3869610148628133 0.9220960757840484
248 -0.1138945299966672 0.9934928464950507
170 -0.03548227323671219 0.9993703058856388
74 -0.1928716752639931 0.981223989148686
194 -0.0033934004297255477 0.9999942424001869
459 0.07059148516305389 0.9975053093705688
347 -0.10643429572399125 0.9943197376567248
218 -0.021926848701670602 0.9997595777515784
220 -0.11716291841857879 0.99311270787743
373 0.06330247407160991 0.997994387146748
126 0.040632178652006676 0.9991741720330802
281 -0.11743912264109373 0.9930800836152591
379 0.0322527142517745 0.9994797458795217
189 -0.057225980210467244 0.9983612508450792
112 -0.0008438679329279365 0.9999996439433926
39 -0.09388782185031282 0.9955827825490977
296 0.35348083346708914 0.935441767493526
87 -0.03390581295457041 0.9994250326302065
315 0.0037965011638657863 0.9999927932634879
245 -0.07272402906619463 0.9973521021165892
166 -0.07865001665506385 0.9969022895350166
438 -0.02560019662932396 0.9996722612599291
511 -0.036563887314725894 0.9993313175040779
234 0.033235392488894185 0.9994475517435165
237 0.06964997203306086 0.997571491872033
22 0.008527488793561508 0.9999636403064242
325 0.3883084776587665 0.9215294494362788
110 0.12314321512667648 0.9923889099381678
65 -0.033794719232540744 0.9994287953386144
304 0.12968957747866816 0.9915546447339172
3 -0.05002296124528169 0.9987480680072693
331 0.009449517702391346 0.9999553523108881
414 -0.009812539325779496 0.9999518558770618
211 -0.12133767089798096 0.9926112882800867
371 -0.03629135754124213 0.9993412517092517
241 -0.04401659669113052 0.9990307999334807
79 0.05850268840119437 0.998287250970297
433 -0.12308908909763958 0.9923956248115533
55 0.0027159921727977045 0.9999963116864569
103 -0.08194648031696448 0.9966367313939726
327 -0.05856468861471115 0.9982836156360887
6 -0.08204241701986129 0.9966288385399749
484 0.06224438623882189 0.9980609382105645
180 -0.1679461274995408 0.9857961748038526
140 -0.11740312783389426 0.9930843396080808
226 0.12835085236025662 0.9917288231660888
332 0.0012897716699856506 0.9999991682441737
152 -0.015097741222286482 0.9998860226095697
389 -0.044178171492488066 0.9990236679696735
162 -0.054755957549196474 0.998499767207219
355 -0.03217743198477988 0.9994821723627015
240 0.03595148204632871 0.9993535365118155
457 -0.27260760132488737 0.9621253014550087
182 0.01571795328691112 0.9998764653418294
129 -0.040697971540892885 0.9991714943454186
338 0.012336565312892019 0.9999239016826634
95 0.008843191040974583 0.9999608982216319
150 -0.03417231208041286 0.9994159559898365
356 -0.48185096773697583 0.876253185381337
425 0.06620511518854667 0.9978060346193901
41 -0.009553910075798885 0.9999543603596434
274 0.15401339181534715 0.9880687603307436
251 0.04580102580550572 0.99895058237891
116 0.018661029817150006 0.9998258678220739
15 -0.07685595374850396 0.9970422069167422
432 -0.06306571942840536 0.998009376224982
314 -0.04897764848343111 0.9987998748242981
45 0.46768799761198626 0.8838936230620124
216 -0.029633230674091928 0.9995608393888868
176 -0.02717863932962028 0.9996305925511635
456 -0.5008931310683611 0.8655091398989
53 0.06953353112875053 0.9975796148923488
386 -0.21097323759408546 0.9774918378273394
340 0.060408174939830715 0.998173758621433
82 -0.01669021690962027 0.9998607086287117
506 0.015947923499435263 0.9998728237811328
17 0.07784657743026147 0.9969653506428366
197 -0.12581396215382346 0.9920538528362038
339 -0.09361485538378059 0.9956084867313425
491 -0.05774415498682389 0.9983314141931314
44 -0.08065772355236062 0.9967418580712616
354 0.05974601164171033 0.9982136114544363
244 -0.05951450877685594 0.9982274406391809
137 -0.1373498031173424 0.9905226052865362
118 -0.13616155170747132 0.99068664664293
324 -0.10552206017644464 0.9944169622528162
231 -0.0882855484700822 0.996095207262507
64 0.009182498550576837 0.9999578399714504
375 -0.003190584953311683 0.9999949100708743
139 -0.06324282734403182 0.9979981687305508
204 -0.05503971359502013 0.9984841660874639
115 0.39968080803572864 0.9166543796262073
299 -0.04502122793520476 0.9989860304504795
31 0.37787196492836606 0.9258578606466414
141 -0.4929479373503046 0.8700588089675779
261 0.4656952278737462 0.8849451704685548
86 0.009628663471486396 0.9999536433454067
173 -0.027177778669977407 0.9996306159509951
199 -0.020055959885954076 0.9997988590076772
133 -0.49239565612624553 0.8703714826601365
419 0.09728911461365321 0.9952561620897865
362 0.41996360893823403 0.9075409451741414
286 -0.08636625206050948 0.9962634543658723
104 -0.03473506512593697 0.9993965555527481
276 -0.004904127648881472 0.9999879746936976
465 0.03596321632760372 0.9993531143051358
278 0.007066098520394208 0.9999750348142197
