512 2
412 0.042065661389979796 0.9991148483191628
342 -0.09017592876504407 0.9959258515930599
118 -0.020217282988334504 0.9997956098466174
205 -0.08103504903329908 0.9967112524839733
283 -0.06896825759670921 0.9976188547957952
476 0.4343925384783565 0.900723666012129
165 -0.021268900786412522 0.999773791344491
458 -0.08588589395123147 0.9963049800237866
464 -0.0360884997638858 0.9993485979300676
277 -0.13409589933744034 0.9909683596265236
357 -0.25100794157934897 0.9679850273966524
488 0.028403727892368075 0.9995965327279884
286 -0.05133836816020265 0.998681316514256
123 -0.02872237556133241 0.9995874274630078
323 -0.1239694386979613 0.9922860365181566
382 -0.13263437924309057 0.9911650323951102
447 -0.05424186966403567 0.9985278261397373
295 0.4045323664855053 0.914523681741286
356 -0.028569010819435886 0.9995918225059662
38 -0.05603176695434695 0.998428986504285
63 0.483017988072478 0.875610428899985
403 -0.08267906391897735 0.9965762250773804
492 -0.050791682805532534 0.9987092694862615
144 -0.07522383823098927 0.997166673210551
312 -0.18778087054890266 0.982210947126887
14 -0.43991038946413247 0.8980416745572085
486 -0.0518784068236117 0.9986534087987903
36 -0.11724785370108722 0.9931026839166675
279 -0.1533657586807674 0.9881694915672475
504 -0.17343519677651628 0.9848452835441163
243 -0.188028850220294 0.9821635054739278
158 -0.022405640703752613 0.9997489621223191
455 -0.04971976499358463 0.9987632076568413
355 -0.02573888429048356 0.9996687000379082
54 -0.22792438994461475 0.9736788343536975
503 -0.06781526259861806 0.9976978952361685
446 -0.13950208007121356 0.9902217780153113
352 -0.04099445535789587 0.9991593739889096
317 -0.0028725281356065126 0.9999958742825442
285 0.12038382370233519 0.9927274223022172
441 -0.010822975544495492 0.9999414298849525
241 -0.17799086274819734 0.9840321401144134
280 -0.06993712911103085 0.9975514011677327
207 -0.007905705217509294 0.9999687494242077
330 -0.022795282058353444 0.9997401537979157
44 -0.010237853464960943 0.9999475918049056
177 -0.11357209593539926 0.993529757493373
5 0.01579372517193696 0.9998752713439778
95 -0.04140309738483024 0.9991425241310381
305 -0.08267805416502297 0.9965763088491947
157 -0.021706881536230124 0.9997643778880961
178 -0.10494975892869846 0.9944775251863704
327 -0.14287107382965028 0.9897413077480209
22 -0.09416826197515948 0.9955562959655158
487 -0.05607428211294642 0.9984265996484256
459 -0.043698485812513406 0.9990447649318291
366 -0.08471381009164877 0.9964053243433397
108 -0.11972546616679107 0.9928070370173372
66 -0.04399981901834974 0.9990315390048267
194 -0.03993317378435667 0.9992023526951428
191 -0.02749681107900712 0.9996218912071131
289 -0.10696957243458825 0.994262294655269
329 -0.05150980472520951 0.9986724888656795
126 -0.26030202955286724 0.9655272411541056
272 -0.0782548965220849 0.9969333835168316
31 -0.06060654301920934 0.9981617338604304
148 -0.11385378133736047 0.9934975170956314
369 0.038174409815875006 0.9992710915638507
120 -0.034627632899669296 0.9994002836900565
390 -0.08750792118687524 0.9961638237406295
10 -0.048348960156746515 0.9988305051667983
238 -0.06566754083782293 0.9978415576033666
117 -0.00652962739834503 0.9999786817557856
372 -0.07390711098728597 0.9972651297150186
495 -0.05048296939678465 0.998724921988474
344 -0.018593670765344746 0.9998271227604649
229 -0.10647084856673346 0.9943158242759086
104 -0.07043813267978997 0.9975161499768234
6 -0.13737112105579613 0.9905196490226096
339 -0.49330729727262895 0.8698551088874364
176 0.05164903969642255 0.9986652976340158
282 -0.1076551841409072 0.9941882926928819
407 -0.08783525776047209 0.9961350146913577
141 0.05011961273382807 0.9987432224648191
293 -0.27984511807600343 0.9600451603383185
413 -0.18057842088827863 0.9835605898517364
349 -0.05707704230472837 0.9983697768070426
394 -0.05017657099761613 0.9987403625181677
490 -0.041217878114419515 0.9991501821666976
129 -0.005055271242339602 0.999987222034695
325 -0.15947626320063243 0.9872017633065505
206 -0.02247600079775706 0.9997473827863412
397 -0.06152751186347205 0.9981053878643729
221 -0.04336008333917107 0.9990595093250552
436 -0.07506964348512588 0.9971782932991552
335 -0.035606977912279514 0.9993658705018671
56 -0.0618082466778778 0.998088042530621
28 -0.06616295304500489 0.9978088312118532
218 0.039521971683598896 0.9992187016635752
273 -0.06864877907769922 0.9976408898652567
215 -0.12299887088838529 0.9924068106175926
220 -0.10785404623961517 0.9941667388872667
291 -0.041475384526936304 0.9991395260314461
3 -0.08061059152250825 0.9967456709383751
179 0.029414983307984234 0.9995672857576877
507 -0.03530190576369862 0.99937669346921
93 -0.16641610966872575 0.986055616303019
0 -0.02898319042804675 0.9995798990939202
251 -0.01765461955267716 0.9998441450588439
111 -0.04413178532079661 0.9990257181496375
67 -0.10426142466270702 0.9945499260104053
501 -0.03209639531741315 0.9994847779769477
450 -0.05556833240937122 0.9984548865288014
228 -0.0897770261535552 0.9959618896197907
112 -0.23469348532322162 0.9720694254768218
387 -0.00800928216662037 0.9999679251851907
322 -0.13558965323231 0.9907650811046693
136 -0.6313293409856175 0.7755148375180618
316 -0.044832859481153675 0.9989945018420988
276 -0.045521846335997235 0.9989633434246533
480 -0.048230291279427275 0.9988362423356001
498 -0.09915496727183709 0.9950720036586904
250 0.03186898254684208 0.9994920549716386
389 -0.05372119602662119 0.9985559739431082
308 -0.10994114103828044 0.9939380994343666
246 -0.44756770438390536 0.8942500489194961
292 -0.11858386765335276 0.9929440398795756
309 -0.05383121511035002 0.9985500489608636
508 -0.10545546013887244 0.9944240272272683
140 -0.5069651639715038 0.8619665437355131
151 -0.048275725552791 0.998834047438488
267 -0.059429381265380755 0.9982325123148484
152 -0.04527133618321425 0.9989747274682109
482 -0.06573705034859552 0.9978369807796594
421 -0.0905365424359117 0.9958931340679835
483 0.4460995014150495 0.8949833712629774
190 0.008844507892777518 0.9999608865751374
163 -0.049829862906590104 0.9987577207524909
131 -0.46396842839984964 0.8858517355902024
159 -0.22299584281062745 0.9748193956262761
107 -0.0032713600681402518 0.999994649087336
299 -0.053684283899756866 0.9985579590900922
166 -0.4548913113005237 0.8905469638953859
12 0.040297208286771274 0.9991877376170568
175 0.01699525304715775 0.9998555702569563
324 -0.43841700647481074 0.8987716775876206
398 0.012452572156220452 0.9999224637174096
399 0.006067561671047868 0.9999815921782601
96 -0.10661705651759858 0.9943001575276568
314 0.03607106323715368 0.9993492274460121
378 -0.009498575692931695 0.9999548875123346
23 -0.035645923410113085 0.9993644821306391
374 0.016417412040454826 0.9998652252088249
59 -0.008013613411508311 0.9999678904845349
226 -0.15172475780888342 0.9884227829566837
370 -0.15671822963902693 0.9876433549104704
82 -0.12096517124968247 0.9926567520268701
429 -0.08882696814066582 0.9960470720457629
79 0.008640416661253937 0.9999626709032291
20 0.0406530105651726 0.9991733246699434
347 0.4563267612277719 0.8898122762624553
164 -0.021965457940462833 0.9997587302231804
304 -0.0930425803024195 0.9956621305697368
211 -0.12655860222013568 0.9919591323255638
139 -0.06910083030527563 0.9976096808126519
259 -0.1426556914285635 0.9897723746917967
170 -0.12221933040558905 0.9925031160027707
461 -0.14958408334076 0.9887490086018315
106 -0.13365695594771304 0.991027657599318
46 -0.14086053398538048 0.9900294490394483
113 -0.2694099354478139 0.9630255898375726
84 -0.030829871990927828 0.9995246465160442
313 -0.07977724677063258 0.9968127160593898
340 -0.12991901575491055 0.9915246085424584
473 0.014092246953669566 0.9999006993575896
364 -0.12223797421111363 0.9925008199798945
439 0.0018653355472284315 0.9999982602601348
138 -0.2675138020917843 0.963554028423107
7 -0.2483424923144561 0.9686722905663422
260 -0.10296739944785659 0.994684731284715
256 -0.06442586200514899 0.9979224961413055
310 -0.4763958063720467 0.8792309342096235
26 -0.037810955501278755 0.99928491014529
30 -0.0871694600467588 0.9961934978884157
76 -0.11130665348810562 0.993786108219107
424 -0.109454558585201 0.9939918005722777
134 0.06902896574881084 0.9976146560108515
472 -0.19702486450800388 0.9803984918213627
499 -0.12327767428630532 0.9923722159666502
414 -0.09814747210752874 0.9951718814953032
334 -0.10407901382681878 0.9945690317322557
244 0.03613716894675432 0.9993468392007422
154 -0.10825053291039931 0.9941236452899682
425 -0.027790684346881055 0.9996137643427746
385 -0.2292832031226509 0.9733597550576134
354 -0.11938339385052603 0.9928482287201454
197 -0.011661630077508986 0.9999320008800276
252 -0.4795679902063938 0.8775047252120073
219 -0.1137289189945895 0.9935118182408913
496 0.4151752415935082 0.9097414571007371
43 -0.0913306970755103 0.9958206182700283
281 -0.1105299919541676 0.9938727890824921
102 -0.02855020464641407 0.9995923598220666
255 -0.05376744860342134 0.9985534845318393
306 -0.1072710432530761 0.9942298141171368
396 -0.028342577958460933 0.9995982684432125
445 -0.4905538058809354 0.8714109039573292
353 -0.04668397332719241 0.998909708949906
50 -0.0538041473899043 0.9985515077969915
21 -0.11046488052662651 0.9938800280568264
174 -0.1096752392817427 0.9939674752669186
40 0.02259046238125938 0.9997448029419312
212 -0.4852774934323003 0.8743601971545044
261 -0.1290110051760023 0.991643161900226
183 -0.13223013154174304 0.9912190435582103
442 -0.0784202200489524 0.9969203925527222
408 -0.06989791650644302 0.9975541495417972
55 -0.2064359825147218 0.9784601091118541
358 0.002360264892855253 0.9999972145709384
427 -0.08058442323021565 0.9967477869213724
1 -0.4932197861863905 0.8699047318610533
239 -0.1987904077029652 0.9800420265505397
64 -0.08273461655337622 0.9965716146989969
51 -0.0552258573748513 0.9984738878294276
153 -0.048166637856427615 0.9988393139026956
133 -0.09516242158563717 0.9954617589430331
137 -0.08553724692973916 0.9963349734841596
422 -0.03917222498750991 0.9992324738465659
94 -0.059941683415139176 0.9982018806781319
401 -0.11411906184290797 0.9934670803424209
199 -0.2769235340703418 0.9608919586915025
121 -0.12391910252416119 0.9922923238792116
478 -0.01064778670585014 0.9999433107122957
98 -0.029188272958211286 0.9995739315937151
485 -0.02347865724316108 0.9997243383323516
300 -0.13018361757548927 0.991489901973267
161 0.40822042605472664 0.9128833900075614
49 0.02662621874743819 0.9996454593880839
234 0.024328415787108107 0.9997040202906506
77 -0.09283546144448566 0.995681463671183
343 -0.038566515728123696 0.9992560351904773
216 -0.03855092178827481 0.9992566369203031
319 -0.02807748034863796 0.9996057498320384
24 -0.04787667716031967 0.9988532543792841
91 -0.1578472442987275 0.9874635423484242
341 -0.1575885789976221 0.9875048555675613
18 -0.0324086868910448 0.9994747005372364
367 -0.14258248380707067 0.9897829233278408
248 -0.0235230078682731 0.9997232957677985
466 0.0495263644328652 0.9987728166235118
110 -0.07185816328891673 0.9974148607118021
135 -0.1015092794008816 0.9948345923798158
415 -0.043127599638793625 0.9990695722267775
60 -0.09923142543499609 0.9950643819402536
395 -0.1170587682204023 0.9931249895067196
363 -0.0461019004591858 0.9989367421283748
465 -0.09784828477658107 0.9952013430287767
69 -0.05406963096350875 0.9985371675643676
71 -0.07166175274126621 0.9974289915548122
204 -0.06870200283882189 0.997637226052604
479 -0.06028953866437016 0.9981809312582751
11 -0.035749652916233964 0.9993607768550699
122 -0.05612039395508345 0.998424008817059
48 -0.13436772701633898 0.9909315384709797
146 -0.11184808800304787 0.9937253167802772
497 -0.02479559002184095 0.999692542092552
460 -0.022347184208819232 0.9997502704965561
19 -0.029206781713635003 0.9995733909533266
406 -0.02377756080554034 0.999717273834027
265 -0.16440549114682554 0.9863928398365285
130 -0.00611545618390916 0.9999813004229942
404 -0.022180516209638776 0.9997539820879303
448 -0.027457545824320553 0.9996229705130356
500 -0.03362358208555641 0.9994345675069157
68 -0.19417587324800914 0.9809667324880967
99 -0.061264450675935375 0.9981215692907232
162 0.01381750116131159 0.9999045337739284
237 -0.06946665974309583 0.9975842737253514
90 -0.10694455060822668 0.9942649863568587
346 -0.09080220875821773 0.9958689466413887
213 -0.02513221410165242 0.999684136022148
393 -0.09411443725807557 0.9955613857013518
302 -0.05384172474759918 0.998549482337357
336 -0.04227167421136182 0.9991061532987213
505 -0.14169167273413202 0.9899108393576684
233 -0.19509325119581283 0.9807846977486179
264 -0.02406219036898402 0.9997104635816545
257 -0.007833058266233739 0.9999693211285023
351 -0.11446743669482076 0.9934270008090766
438 0.6313293409856183 0.7755148375180612
432 -0.07682693610528307 0.9970444432865943
236 0.008913017226060178 0.9999602782730562
494 -0.040140573287390034 0.9991940424042567
119 -0.04973282523489395 0.9987625574150021
457 -0.03742924855983929 0.9992992801719843
383 -0.08120766520151346 0.9966972033233157
430 -0.09939719401607255 0.995047836951436
467 -0.0793434409442152 0.9968473395556271
8 0.08181381718804195 0.9966476304678207
2 -0.08908786306435552 0.9960237711292972
373 -0.012767024080111338 0.9999184982267993
87 -0.10984876868035826 0.9939483125492035
73 -0.001236548397595104 0.999999235473738
365 -0.05745612999304457 0.9983480320640805
184 -0.13860554008957388 0.9903476683753426
81 -0.1294632312263043 0.9915842232309086
124 -0.1379773408722628 0.9904353857803242
171 -0.007248278998570354 0.999973730880746
284 -0.0857482991882912 0.9963168317289011
116 -0.08892392349016105 0.9960384208609205
201 -0.13833028357796662 0.990386153298419
270 -0.13013164412282952 0.99149672475399
185 -0.0005294482884446473 0.9999998598422452
348 -0.008819105089404082 0.9999611109365314
301 0.058304625570181186 0.9982988383430689
188 -0.03495796862789259 0.9993887834218529
297 0.0002814721855832937 0.9999999603867036
409 -0.11452782894558212 0.9934200402634383
72 -0.09401180286205826 0.995571082807564
105 -0.021770359026189085 0.9997629976488782
321 -0.11905724813561627 0.9928873912314398
420 -0.062036330678882944 0.9980738918917278
182 -0.050774979201989055 0.998710118846824
245 -0.49883451049533467 0.8666972546044436
27 -0.06332548736992419 0.9979929271539761
142 -0.10076657077435583 0.9949100955435002
368 -0.09630659812978998 0.9953517163076915
262 -0.04170464419519713 0.9991299828613652
47 -0.19846407215217984 0.980108163451756
74 -0.0621928197083794 0.9980641528362397
29 -0.13883319656556223 0.9903157797043264
471 -0.06768221555034545 0.9977069297635436
266 -0.21266379108354036 0.9771254330749847
294 -0.03366825490577244 0.9994330635973576
224 -0.02677893791047539 0.999641379938019
470 -0.035987423049694746 0.9993522428964885
209 -0.034849892203262706 0.9993925580138273
169 0.10485024382523889 0.9944880222354556
189 0.00415802346886048 0.9999913553830514
83 0.017201859376810798 0.9998520370704759
149 0.026699680259507214 0.9996434999908917
419 -0.05785592098437153 0.9983249432960443
328 -0.09533372578763145 0.995445368027522
376 -0.04133877129489471 0.9991451876418302
235 -0.03869967045716788 0.9992508871682357
511 -0.01706921649124039 0.999854310311445
86 -0.12993636704184 0.9915223348568443
298 -0.03273158970964845 0.9994641779649129
227 -0.05709346345381267 0.9983688378704777
451 -0.0831336875640384 0.9965384036714314
195 -0.03964954134552437 0.9992136477606226
52 -0.05577620796079144 0.9984432956485383
85 -0.17340116395165212 0.9848512762545483
75 -0.023444881800283306 0.9997251309821968
410 -0.07105726456677318 0.9974722377852365
269 -0.012302157039617043 0.9999243256027792
493 -0.05782631520205168 0.998326658599355
34 -0.14329973268616703 0.9896793352455496
362 -0.02101962582726712 0.999779063258519
469 -0.08684813063566846 0.9962215628087406
510 -0.032768135981644055 0.9994629804371388
128 0.0010168735359264815 0.9999994829839725
88 -0.07091968845331019 0.9974820288053742
242 0.06573203552495327 0.9978373111413236
65 -0.0879727894585559 0.9961228781204057
268 0.002201901112387316 0.9999975758128072
437 -0.08210821705792459 0.9966234196985182
147 -0.08902327546719999 0.9960295459599032
231 -0.08924975414390776 0.9960092777606301
222 -0.07466904781615971 0.9972083700502258
320 -0.07896202338754542 0.9968776248178834
101 -0.1783555957510918 0.9839660977209902
440 -0.11013520615046347 0.9939166143928749
89 -0.14698230890357794 0.9891391210893306
249 -0.08043613799490545 0.9967597642884991
167 -0.04915536345681559 0.9987911444558508
402 -0.0061399260988672984 0.9999811504760979
361 0.46902211779544684 0.8831864203092539
509 -0.026804588024242713 0.9996406924794783
431 -0.06850069801968547 0.9976510684456844
78 -0.07015347310420382 0.9975362099750654
359 -0.003412396372149653 0.9999941777585504
475 -0.13855621575966115 0.9903545703809128
371 -0.04220627324787388 0.9991089182359076
187 -0.12056056823940407 0.9927059732799999
449 0.08069614182063013 0.9967387484668511
32 -0.06268946159226772 0.9980330813180852
16 -0.0750875216730754 0.9971769472310295
375 -0.04053882395748963 0.9991779640044829
275 -0.0650507207332886 0.9978819588168131
332 -0.20004518713600666 0.9797866722423407
4 0.013549552369642765 0.9999082006017264
287 -0.023144026567985986 0.9997321411429264
180 -0.06487705035787662 0.9978932650022555
57 -0.07325200900444466 0.9973134628474704
214 0.015762671557159248 0.9998757613750725
435 -0.06245365512961427 0.9980478650650735
263 -0.15511959384183632 0.9878956987487817
484 -0.04176945349482158 0.9991272755533921
33 -0.0825912097131859 0.9965835098365378
311 -0.04241350141591717 0.9991001425771303
388 -0.031504209968137006 0.9995036191801826
506 -0.06250335883288818 0.9980447535730084
433 0.0041830466008436155 0.9999912510222952
35 -0.07754477729748542 0.9969888703059244
132 0.038007642028878116 0.9992774485333914
223 -0.16696210498789302 0.9859633134645588
193 -0.0018801551168610316 0.9999982325068062
278 -0.038768125130529754 0.9992482336606173
42 -0.1716676858720018 0.9851549145324058
377 -0.15331977257113946 0.9881766276019355
307 -0.08907963062365128 0.9960245074334034
360 -0.05641614915923921 0.9984073407753183
115 -0.0614257504155331 0.9981116556707915
150 -0.0618989885127028 0.9980824190522065
155 -0.18844168306791545 0.9820843813453767
58 -0.13491259001909903 0.9908575039097895
481 -0.04081547982819264 0.9991667011096768
17 -0.2100187429822189 0.9776973599208341
13 -0.11358475513722742 0.9935283103165284
303 -0.08905851113436954 0.9960263960330213
331 -0.16292672731878008 0.9866381715325998
454 -0.043415122444912746 0.9990571190593126
70 -0.0610675268242822 0.998133636928225
416 -0.05974427101165809 0.9982137156347259
37 -0.1304663803644277 0.9914527339185688
61 -0.009386586238094054 0.9999559450289771
240 -0.049574964584402526 0.9987704054919004
333 0.00630320388363176 0.9999801346130838
337 -0.04173267715442263 0.999128812344797
15 -0.12423309434749363 0.9922530616071924
443 0.45474229874284955 0.8906230637784253
254 0.46174719875617076 0.8870115695078781
468 -0.10244173373704177 0.9947390065685315
172 -0.4427192859321083 0.8966602666917746
400 -0.09284840446256748 0.995680256803737
168 -0.049756496565008475 0.9987613784330951
274 -0.0933711746061628 0.9956313694097156
456 -0.007088211683370165 0.9999748783120163
379 0.4970992281346176 0.8676937002122163
392 -0.016019902834678048 0.99987167312269
417 0.01389495312462206 0.9999034604788928
196 -0.07666816529578804 0.9970566646034607
434 -0.4777244426674602 0.8785097363592874
258 -0.052180915861332826 0.9986376480084618
489 -0.03380151239758617 0.9994285656111876
103 -0.1088855914756387 0.9940542882403357
100 -0.11345978503442397 0.9935425895148844
502 0.42396388427411297 0.9056790959446986
462 0.016677262362361535 0.9998609247890913
80 -0.16003733795110853 0.9871109615750007
444 -0.18461190451062504 0.9828115000919352
350 -0.08063924002808746 0.9967433536109948
345 -0.0848775186668407 0.9963913923880315
192 -0.18556978179662367 0.982631088498605
156 -0.05198601675456947 0.99864781282592
230 -0.06590779104843766 0.9978257177879891
25 -0.24248113826864467 0.9701561202115576
203 -0.05171556573234347 0.9986618548142228
380 -0.13765796780668363 0.9904798250844559
39 -0.13344579514573918 0.9910561133245288
474 -0.047786110481396686 0.9988575912736809
210 -0.02768292342730627 0.999616754436678
386 -0.1084920581196315 0.994097315822232
428 0.003361325828783134 0.9999943507283793
181 -0.06793443145977059 0.9976897879713101
290 -0.04104818133796335 0.9991571682217196
326 -0.04766686063635998 0.9988632891427506
391 -0.18093074724486408 0.9834958386802738
491 -0.00973855573469327 0.9999525791417323
296 -0.04328913857598724 0.9990625858680472
200 -0.020571284485347407 0.9997883887376483
208 -0.07181582356556147 0.9974179101488002
145 -0.09424937430136952 0.9955486203314233
9 -0.11786061742231077 0.993030148012049
453 -0.11604837212229044 0.9932435629430308
125 -0.008006417636582067 0.999967948124653
114 -0.11333143246907901 0.9935572386201544
225 -0.04970753432619213 0.9987638164407091
186 -0.1080202754924848 0.9941486911335385
288 -0.07674248534027274 0.9970509470151453
381 -0.07007607093319901 0.9975416503999045
202 -0.03808888964876055 0.9992743549623019
253 -0.00898177826060922 0.9999596630161024
411 -0.08074530335520626 0.9967347671201581
97 0.06280256246581417 0.9980259706779817
62 -0.05295542578942365 0.9985968770627419
426 -0.06394953436160432 0.9979531336966351
143 -0.09064417131500539 0.9958833436736535
423 -0.05009344306545451 0.9987445353852246
247 -0.11410432315386493 0.9934687732574177
418 -0.0813017210493175 0.9966895354895721
477 0.01993078983452856 0.9998013620797742
92 -0.15432302319765887 0.988020447415505
338 -0.1314223055159214 0.991326473777877
463 -0.5001632383613197 0.8659311375576685
217 -0.0935019880752619 0.995619092939651
173 -0.2245101464768773 0.9744717513242398
405 -0.06622988430458862 0.9978043908627586
41 -0.15797415092934364 0.9874432478062488
109 -0.09758888391535851 0.9952268132120209
452 0.0021088322557702866 0.9999977764107865
198 -0.0457036257070423 0.9989550433313956
384 -0.02891944722629108 0.9995817453175732
318 0.04371620900260223 0.9990439895572372
53 -0.12605145537091914 0.9920237046557271
232 -0.04982890635841503 0.9987577684759825
315 -0.061841340883840794 0.9980859925666169
271 -0.03808341612255719 0.9992745635792178
160 -0.04543949793893681 0.9989670925646436
127 -0.4587329353314832 0.8885741916363323
45 -0.015894724207957855 0.9998736708916548
