512 2
80 0.03329841951728831 0.9994454538681192
106 0.08932754542869246 0.9960023040272973
216 -0.0685955703011558 0.9976445497946947
66 -0.016688324234725705 0.9998607402204752
231 0.14564684571516787 0.989336644592336
509 0.16573144834668446 0.9861709218126998
254 -0.4920497186466645 0.8705670992977728
143 -0.44696995254968136 0.8945489710003223
489 0.6287751757674572 0.7775871516033448
286 -0.44763438386682985 0.8942166730609331
311 0.028039415797362063 0.9996068182849408
304 0.14895660876926692 0.9888437332076083
248 -0.08568725250933132 0.9963220838450796
442 0.11570268447466006 0.9932838913449453
493 0.1613761739834349 0.9868929680925222
282 -0.11029679333227178 0.9938986957334325
300 0.03910556608114703 0.9992350848031074
59 -0.17011102349668764 0.9854249031178932
21 0.004538912641955472 0.99998969908296
89 0.024563915645431224 0.9996982615010213
63 -0.07231784146852947 0.997381636990241
102 -0.009890806563851511 0.9999510847764087
508 0.11129544662119163 0.9937873633536449
346 0.12883937935114934 0.9916654750108075
71 -0.029265200247313397 0.9995716822992159
433 -0.008950058352581234 0.9999599474256383
119 -0.037350372823112495 0.9993022313844668
278 0.036992195982510336 0.9993155544853647
315 -0.025824333177654073 0.9996664962956043
297 -0.07859841078320319 0.9969063596057329
428 -0.08931135531228497 0.996003755922779
503 0.568853877910125 0.8224386090077561
160 -0.014655628136594705 0.9998926005146362
369 -0.06409879962614354 0.9979435574652945
469 -0.5140634024713218 0.8577521892945582
445 -0.21992582199064503 0.9755165979222185
82 -0.014314835705383772 0.9998975374900809
287 0.10273349857932221 0.9947089163517396
377 -0.004950671722241298 0.999987745349661
411 0.048060653368738326 0.9988444191152944
224 -0.13079301567478782 0.991409696871427
402 0.09529956306940182 0.9954486391968101
194 0.14768841988661144 0.9890339380584451
133 0.5760396404530259 0.8174217593303648
414 -0.47544953877255625 0.8797429943346884
87 0.01674965494287784 0.9998597146896631
64 -0.11163312404968165 0.9937494883595707
201 0.08789038259900694 0.9961301524633215
495 0.1037873769496877 0.9945995075335115
28 0.010236360670184692 0.9999476070876063
44 -0.1139429096773823 0.9934872990301646
359 -0.44547860812502493 0.8952925832949754
107 0.10297890533017996 0.9946835401558618
292 0.22101844808800059 0.9752696271312726
454 0.1349672899642338 0.9908500545691614
34 -0.05571084643849566 0.9984469448043327
96 -0.04300705255653402 0.99907476868871
79 -0.09982621117529086 0.9950048882102973
335 -0.5190934937074524 0.8547174648915227
453 0.1708504928344048 0.9852969649289706
329 -0.055086656717499294 0.9984815773221298
412 0.1333726855768801 0.9910659547890901
176 0.007419255787693552 0.9999724769430189
198 0.08508683711002427 0.9963735394673084
340 0.08534413084385124 0.9963515340132254
125 -0.0942924037842441 0.9955445457580434
475 0.16404647866166694 0.9864526105387462
41 0.007820583770695229 0.999969418767137
238 -0.1673865127021114 0.9858913506900371
156 -0.03839508433255417 0.9992626368973756
148 0.12009575869076586 0.9927623123107008
86 -0.006967586790597087 0.9999757260725459
421 -0.025330772310929502 0.9996791245065246
131 0.14431525577177784 0.9895317614667689
269 0.06426164745858909 0.9979330842626214
243 -0.021450737070775952 0.9997699064680433
447 0.06781745058949032 0.99769774651221
325 0.04952880178343141 0.9987726957590989
51 -0.16640375087714782 0.9860577020103927
401 0.0273585138729863 0.999625685803772
104 -0.014453593793795539 0.999895541357418
11 -0.1593870762915744 0.9872161667594507
400 0.5655700501954345 0.8247002596834402
333 -0.07944267134198282 0.9968394364039024
214 0.07942252663742405 0.9968410416222475
174 -0.4880923216684191 0.8727920058801708
266 0.06174550338084295 0.9980919260329912
487 0.1500828314835097 0.9886734262100364
3 -0.0760633037321539 0.9971029905808878
302 0.08535364593656722 0.9963507189365275
306 -0.03368307404644627 0.9994325642697367
52 -0.019449591275857173 0.9998108388086229
255 0.057330636300359714 0.9983552464636003
72 -0.03018881160817865 0.9995442139563842
46 0.09953263751058583 0.995034297936602
77 -0.03153318986538449 0.9995027053174561
129 0.040935798264147935 0.9991617789029347
337 -0.4995747449995892 0.8662707857007504
490 0.5724695687639815 0.8199259679014814
314 -0.6287751757674568 0.7775871516033454
510 0.15859040813946826 0.9873444598751526
276 0.11726934784784868 0.9931001460353029
171 0.01954915549115135 0.9998088969996131
379 0.1264850425629886 0.9919685146252571
511 0.16856829728133232 0.985689976185044
24 0.027979666593623463 0.9996084924895895
459 0.12666375351982118 0.9919457109863776
163 -0.49432960000174464 0.8692745518891687
355 -0.09313627875811596 0.9956533701942111
393 -0.022761907599686104 0.9997409142184907
166 0.12448636152971254 0.9922213189571637
376 -0.05087140051311122 0.9987052120670216
126 0.5569801209767232 0.8305258243045515
25 0.0821460987161852 0.9966202980401868
110 -0.009178134442125325 0.9999578800370355
247 0.03002164982954204 0.9995492486823809
434 0.5517910704693425 0.8339823826378453
272 0.07040008109360094 0.9975188362041162
20 -0.08615694950015455 0.9962815766904594
382 -0.08832547231974361 0.9960916679400016
152 0.07316541109955424 0.9973198196258978
347 0.044339704556255174 0.9990165116752897
70 -0.06654787899107724 0.9977832328726459
92 0.02014351996879583 0.9997970987171682
450 0.13300023713001088 0.9911160057850751
370 0.025789461514883 0.9996673965248504
228 0.03443288215817695 0.9994070124960508
371 -0.5258950841829053 0.8505494462006632
153 -0.4436125492425933 0.8962186709472681
339 -0.4357757649662883 0.9000552664520365
275 0.11662885355222088 0.9931755688291444
108 -0.006608972705993427 0.999978160501404
323 0.14419710854760415 0.9895489850868983
444 -0.021672965928944854 0.9997651136881317
290 0.006081321554114329 0.9999815085931115
15 0.0634621225297962 0.9979842478736891
289 -0.445217927598073 0.8954222450583171
471 0.07647297362670842 0.9970716545488036
45 0.031647163727002166 0.9994991030651483
388 0.0046617262441532815 0.9999891340951784
362 -0.1147013653545194 0.9934000185151042
385 -0.01490704683754257 0.9998888838038872
121 -0.1405953879247356 0.990067137569111
345 0.07359088461298474 0.9972885147748761
430 -0.4789497170675945 0.877842336938058
180 -0.14872652557330165 0.988878364911931
35 -0.02643021731519081 0.9996506607873932
291 -0.003927147748528265 0.9999922887255488
137 0.01702466028343697 0.99985506996876
344 -0.020226310557165707 0.9997954272556188
240 0.03241949498990622 0.9994743500183482
331 0.14183174897045453 0.9898907793206189
274 0.07865565321407895 0.9969018448259922
268 0.15185185375751925 0.9884032651253258
280 0.03603739517982546 0.9993504421116013
225 -0.0012770861335824335 0.9999991845251711
208 -0.05002650414111941 0.9987478905526753
140 -0.02411891882770837 0.9997090965648869
246 -0.12382932211194635 0.9923035316803502
470 -0.5121855314865382 0.8588748344990976
356 -0.09853388774196176 0.9951336960260437
43 -0.06037156569191282 0.9981759734916019
203 0.07520562208337728 0.997168047225267
281 -0.04940291856766524 0.9987789303129079
477 0.031144317749917376 0.9995148980740067
358 0.05085556497243822 0.9987060185616856
69 0.10667596570840364 0.9942938390336025
395 0.06950911084877787 0.9975813167401504
294 0.08609015435189925 0.9962873507797168
250 -0.10457556351170812 0.9945169438054882
138 -0.1042344356829381 0.9945527549697196
424 0.055298835458299 0.9984698487170036
218 0.12901662971835076 0.9916424301410856
61 0.057276763899154856 0.9983583386325976
423 0.08414690693006432 0.9964533596983368
195 0.025902026399975516 0.9996644862294424
404 -0.1709525170374142 0.9852792684912093
415 0.010712996850385488 0.9999426142026769
233 0.007593209614346095 0.9999711711683256
288 0.04082422680126232 0.9991663437616777
157 -0.09517134217515703 0.9954609061276989
273 0.11713143173173807 0.993116422027384
1 -0.17248102097261075 0.985012841238248
270 0.030584869927853368 0.9995321734349008
394 -0.015164936056137723 0.9998850057453673
251 -0.09487503139124043 0.9954891905081197
98 -0.02810758683275356 0.9996049037306886
221 0.1006900622087302 0.9949178415187869
10 -0.09850056565133168 0.9951369948737548
374 0.18573438186221095 0.9825999895146866
284 0.1464414471433673 0.9892193399638708
419 0.10419876938933488 0.9945564923410577
219 -0.49988945121649253 0.8660892197472925
324 0.07004317600286682 0.9975439606831528
460 -0.4245280931350166 0.9054147658057861
95 0.10787386244970666 0.9941645888886718
342 0.11897597009396227 0.9928971339168025
261 0.12594850805870644 0.9920367802242949
241 -0.5526883448588956 0.8333880209465063
187 -0.12514846431835583 0.9921380256187933
372 0.01276392601969384 0.9999185377782351
305 -0.04307917747741653 0.9990716613275893
440 -0.4348263613440493 0.9005143171989517
350 -0.05307067729606466 0.9985907586250419
14 0.07300503522339123 0.9973315721624536
136 -0.056315317147031176 0.9984130332956542
237 -0.4750252516627625 0.8799721644931326
118 0.11090518083481196 0.993830992102781
279 0.17518447465222128 0.9845356264964844
111 0.06763576870958507 0.997710079527647
159 -0.1477231943837225 0.9890287446990957
257 -0.07008899361058703 0.9975407425136354
177 -0.03651346747751963 0.9993331610092644
307 0.05794916613130637 0.9983195350911882
437 -0.02592848269282796 0.9996638003775308
465 -0.09035414367878693 0.9959096990792253
242 0.07374865828156177 0.9972768599549824
405 -0.5192655901540278 0.8546129222531035
496 0.10508856626083006 0.9944628666980198
310 0.030898508392339027 0.9995225270993788
38 -0.033204960710591355 0.9994485632508598
338 0.1122666358545828 0.9936781181418329
429 0.5617298395153622 0.827320728253587
196 0.13274904439307456 0.9911496815379227
507 0.15517620978754346 0.9878868072385483
386 0.07626392231655128 0.9970876662324607
319 0.04981278234646095 0.998758572786689
301 -0.003577144663304079 0.9999936019975617
117 0.15782150413849233 0.9874676566001865
256 -0.13048558262069967 0.9914502068828956
33 -0.03868923576850283 0.9992512912354176
332 0.5658792985509314 0.8244880954092094
2 0.04965097975208144 0.9987666295034383
147 -0.04824398749833227 0.9988355808992093
189 0.21518654039744503 0.9765729633938156
17 0.01401191265583717 0.9999018283330244
480 0.043559355393772085 0.999050840827272
481 0.08153994482749646 0.9966700744968362
235 -0.19839659705114465 0.9801218242027497
40 0.5640480877524965 0.8257419419544778
466 0.0549270636636965 0.9984903693462869
209 -0.11559232635678088 0.9932967401977254
73 -0.0029448167070063526 0.9999956640178808
406 -0.4921964754433812 0.870484135157622
8 -0.10970341325020352 0.9939643661224759
409 -0.1474374947712775 0.9890713751471981
452 -0.01961936989435993 0.9998075216385143
299 0.16903219222165833 0.9856105305812942
116 0.06154445902348805 0.9981043430240679
127 -0.035625441476205194 0.9993652124822165
322 0.05203412957866908 0.9986453070830456
141 -0.09366460191833205 0.995603807921344
78 -0.4794192237319298 0.8775860116913178
253 -0.09380802494745384 0.9955903045206185
320 0.1393369137354392 0.9902450325402712
262 -0.12939741358014994 0.9915928142936332
5 0.011246260818378413 0.9999367588090784
383 0.10075409875379993 0.9949113586567949
303 0.11770753668173743 0.9930483048715795
49 -0.06520433796003104 0.997871932820637
410 -0.08067692469396726 0.9967403041022892
132 0.16411837308171387 0.9864406518473432
244 0.07927953562300981 0.9968524239983568
389 0.06024397112186025 0.9981836824670439
316 -0.49685681162175727 0.8678325349657395
162 -0.07101584047743437 0.9974751878624769
18 0.03866020554615358 0.9992524148117576
57 -0.06221787102009346 0.9980625914869904
318 -0.46062661479710504 0.8875940072694044
417 0.12656046280192806 0.9919588949424073
368 -0.0784270886813286 0.9969198522253286
396 0.17122683082858975 0.9852316338833207
462 0.09907186653910227 0.9950802808117838
449 -0.49760889340142034 0.8674015155669338
207 -0.0895601452555518 0.9959814156809376
501 0.5526270051574556 0.8334286971125373
502 0.15887839747727245 0.9872981590254557
181 0.12947905098543117 0.9915821576429823
91 0.04633031588435466 0.99892617436428
26 -0.08505490174460172 0.9963762661209951
124 0.031220474244157765 0.9995125221766707
397 -0.03019683664037824 0.9995439715474824
403 0.03287947575367359 0.999459323871744
309 0.5794071518034785 0.8150382521323651
74 -0.0100190291389811 0.9999498082679511
399 0.05198045138187223 0.9986481025236752
441 0.1234154238667353 0.9923550942841953
161 -0.10450252126224993 0.9945246216408286
271 -0.07760141045076467 0.9969844638187959
463 -0.49951019529382135 0.8663080080419022
123 -0.06645987840184411 0.9977890982381058
48 0.03836514021406944 0.9992637870033892
472 0.15202887911159382 0.9883760518730067
390 -0.48458860013702315 0.8747421840846824
217 -0.0030459082487942495 0.9999953612107109
173 0.09948368248625993 0.9950391936597136
499 0.11955974009902416 0.9928270083692595
230 -0.13619613727454966 0.9906818925323566
158 -0.09082113541463688 0.9958672207488287
438 0.010315127178360667 0.9999467976604026
53 -0.14955782702786558 0.9887529804631201
144 -0.041112745955012034 0.9991545136364237
150 -0.06885811384342852 0.9976264632405887
264 0.08568753729635234 0.9963220593523392
418 0.07203356043292018 0.9974022088261872
197 -0.15330819724470054 0.9881784234932374
6 0.07879970329905184 0.996890468787811
151 0.10350630386218043 0.9946287976229072
226 -0.023347432741209883 0.9997274115399631
317 0.09792663846294732 0.995193636173055
328 -0.06845143102006834 0.9976544499932354
457 0.10299697815403067 0.9946816689228459
348 0.022375651244889848 0.9997496337740599
135 0.13475230929060475 0.9908793141149173
341 0.1289818504590909 0.9916469544410192
352 0.21851947722987566 0.9758325871127597
130 -0.10253163198434734 0.9947297444243971
435 0.09583023093722524 0.9953976928034936
260 0.11997754840056006 0.9927766052238496
392 0.1034705647325937 0.9946325161756567
29 -0.005467734747920549 0.9999850518266392
112 -0.10114344284776493 0.9948718530388226
122 -0.08187070676092048 0.9966429588245067
19 -0.09021588379773864 0.9959222330637031
375 0.0363287989819667 0.9993398913105229
204 0.058087498988724874 0.9983114957072441
56 -0.10307403019605203 0.9946736873463293
293 0.21407971711157933 0.9768161929050042
27 -0.09017077238416915 0.9959263184631896
497 0.140208461607777 0.9901220062666926
172 0.0018366325194085855 0.9999983133890721
200 0.12156338913635004 0.9925836702372673
23 -0.022624910112080357 0.9997440239593434
47 -0.09883639842379255 0.9951036962782389
134 -0.02264473928693139 0.9997435750144268
267 -0.02419910027561454 0.999707158894969
190 0.06529693026302652 0.997865878211208
313 -0.5018643031894181 0.8649463689641109
205 0.004511894144466707 0.9999898213538122
478 0.02009269441439252 0.999798121438108
398 -0.008178709244833094 0.99996655379822
155 0.5378643730795342 0.8430313850455151
249 0.06491822042942436 0.9978905875176279
94 -0.08664579933179746 0.9962391808487326
154 0.08532468739551737 0.9963531992826927
109 -0.04533969360228792 0.9989716273168376
451 -0.1932564063931271 0.98114828715542
422 -0.04328785279928365 0.9990626415796094
7 -0.4831948783912018 0.8755128265745236
384 -0.024870561679713247 0.9996906797413567
378 0.12502268859344262 0.9921538828915942
31 0.010094000198362771 0.9999490542822645
443 0.16084799870763727 0.9869791899081499
90 -0.015328071208777515 0.9998825182155244
88 -0.000507417468273255 0.9999998712637482
68 0.14971350776315623 0.9887294198076899
186 0.06719731399381747 0.9977397060315965
312 -0.43495168688014674 0.9004537911964803
50 -0.00912418212623709 0.9999583737838926
128 -0.0021937762223404535 0.9999975936700479
483 -0.0212696153373151 0.9997737761430846
113 0.17213065925328255 0.9850741272335958
167 0.03062916936959691 0.9995308169254856
353 0.03660401677083539 0.9993298484265545
468 0.15655191869281732 0.9876697306051236
474 0.06493090022457935 0.9978897625469588
365 0.08580857071827805 0.9963116426055083
448 -0.4658427654157486 0.8848675143261887
39 0.07045969670456538 0.9975146270307521
426 0.043007370915572045 0.9990747549842958
9 -0.0356052273687498 0.999365932871448
169 0.20287980603132183 0.9792036480246044
232 0.027647488779889602 0.9996177351188632
479 0.09372809513623855 0.9955978325519458
295 0.06271270103474733 0.9980316213071239
120 0.010487419683074298 0.9999450055019982
236 -0.04316577541187141 0.999067923533276
334 0.008990677534233672 0.9999595830419724
327 0.0317005181741679 0.9994974122765348
439 0.1500908643919862 0.9886722067632258
381 -0.05227288966128127 0.9986328379371766
54 0.01843574176889971 0.9998300472707501
215 0.03916624346486478 0.999232708318163
354 -0.030058702973817828 0.9995481350968204
83 -0.06653131347384847 0.9977843375837507
308 -0.08021453454666483 0.9967776223649194
199 -0.18612572073231257 0.9825259365949974
391 0.09099780157788988 0.995851093340762
296 0.5280782327137145 0.849195725456717
0 -0.030980516562019056 0.999519988591299
97 -0.03787219051391844 0.999282591255185
492 0.12893986910248606 0.9916524139817509
30 -0.08033204285457536 0.996768159047434
486 0.09165616581189953 0.9957907145925099
114 0.10577142635596799 0.994390469265783
75 -0.5110676000263975 0.8595405215597798
491 0.03516437520896569 0.9993815421130026
252 -0.07072097439010164 0.9974961372262623
36 -0.08566121992347935 0.9963243223976924
420 0.15193685858754183 0.9883902017940835
387 0.0643424548576211 0.997927877405424
467 0.0451671085132972 0.9989794453884163
498 0.5590652910817137 0.829123633909756
185 0.05264043981343604 0.9986135308998413
408 0.5573161317732273 0.8303003849603628
175 0.01629416663277302 0.9998672412544294
500 0.15882875256708665 0.9873061467234888
60 -0.049938158133694184 0.9987523118182076
142 -0.07856936960074888 0.9969086488543174
37 -0.04204627196551809 0.9991156644822469
330 0.04953840657207849 0.9987722194145666
202 0.05255482168762562 0.9986180404525957
76 -0.0336421528428706 0.999433942565539
326 0.07948137607358059 0.996836351091517
360 -0.019947516167816957 0.9998010285045393
188 0.14656600080420754 0.9892008933519324
455 -0.017930067472177277 0.9998392434188825
456 0.14900339248756653 0.9888366847094602
220 -0.04130163306200679 0.9991467235128241
259 0.0533847771960807 0.9985740160667734
193 0.5496885620172243 0.8353696695400403
494 0.5459697700833349 0.8378048759437668
183 -0.044113218405583826 0.9990265381669804
227 -0.10000821133411006 0.9949866118022654
222 0.0403741669744377 0.9991846309071812
432 0.1439087243870404 0.9895909655232787
210 -0.01734182212723014 0.9998496192954757
363 0.10515984358324094 0.9944553319770317
366 0.061625620659979403 0.9980993351757491
425 0.00452445408391392 0.9999897646052396
321 -0.06282536299432019 0.9980245356526221
206 0.15001873777275676 0.9886831536529127
100 0.044405439709564135 0.999013591961691
65 -0.09084058057197769 0.9958654471972336
42 0.10496802273776754 0.9944755975902694
484 -0.05145165121969079 0.9986754866255441
149 -0.05192684656744488 0.9986508912555785
22 0.0042765400819210295 0.9999908555606534
4 -0.13137030032559235 0.9913333668309384
373 0.09477274583594178 0.9954989335236457
416 0.14890362512009928 0.988851713062223
245 -0.016663633178650376 0.9998611520252636
461 0.5483434702404164 0.8362532144301137
223 -0.2116148729816154 0.977353132461842
184 0.0701635158778924 0.9975355036486935
431 0.165682181738741 0.9861792000718179
485 0.14020048341932795 0.9901231360032887
506 0.13445425430531793 0.9909198017494659
99 -0.12957264916196334 0.991569931265138
145 -0.5186585445420346 0.8549814700761289
213 -0.07481068762441799 0.9971977542178692
32 -0.15741670815192765 0.9875322678245054
182 0.08153839820544087 0.9966702010284502
191 0.02860713964246259 0.999590732030603
67 -0.06421810891129576 0.9979358869626129
229 0.5612558195413593 0.8276423774982508
170 -0.058113260569945806 0.9983099964169092
277 0.09824230046526033 0.9951625246155994
239 -0.15900581931283694 0.9872776455610922
146 0.1266839472992769 0.991943132188874
464 -0.4739900087272605 0.8805302218701704
212 -0.08115330684857898 0.9967016307739945
265 0.04702239844172765 0.9988938352221358
165 -0.0163640004391553 0.9998661007803131
168 0.0229012421141481 0.9997377321626053
55 -0.14753215272260373 0.9890572601791234
81 0.11026366854900044 0.9939023711603248
12 -0.06725657516768731 0.9977357130506621
192 0.016954013044746426 0.9998562703917391
179 -0.1176589069431455 0.9930540678215584
58 -0.06414521653804854 0.997940574981941
178 -0.057823745895530035 0.9983268074185974
211 -0.058787111277877 0.998270542261767
361 0.16572314408962469 0.9861723173528293
101 -0.19288833759828847 0.9812207138144653
436 0.09705737146121018 0.9952787884030488
380 0.11031610869340586 0.9938965520428897
482 -0.055993069650892534 0.9984311574420494
407 0.0572638055231291 0.9983590819825346
336 0.5456923909466189 0.837985569364391
283 -0.0012998581261571232 0.9999991551840691
364 0.05895662164526892 0.9982605455311637
367 0.07851616547240328 0.9969128406031844
505 0.11292642600500392 0.9936033526059262
504 0.5563338367490875 0.830958881105461
413 0.13462758180163814 0.9908962681422527
427 -0.0028914152819013036 0.9999958198500971
476 -0.04436557152306821 0.9990153632769775
234 0.019157325091336917 0.9998164816081723
93 -0.004638191932917966 0.9999892435299458
473 0.18023661520648057 0.983623282836936
349 0.03572885182404654 0.9993615207457887
105 0.10372268490401268 0.9946062560814217
84 0.09571402074142213 0.9954088738973099
446 0.10220025838689321 0.9947638449328826
103 -0.08932132058588611 0.9960028622894582
298 -0.5075351578423782 0.861631048392473
258 -0.02604772568283236 0.9996607004312772
164 -0.1320344467619438 0.9912451285470549
85 -0.024986155711828245 0.9996877972761018
285 0.549875819864011 0.8352464203628063
357 0.04340363492833367 0.9990576181957714
115 0.12095133970661492 0.9926584374411851
62 -0.0034160387086168056 0.999994165322749
343 0.009002883838433371 0.9999594732200858
488 0.16325666205756806 0.986583631677427
16 0.04547220503298669 0.9989656042974843
263 -0.08966200295261333 0.9959722512331985
458 0.04480047007629256 0.9989959548871773
351 -0.1769408729354521 0.9842214829421476
139 -0.09126208320632714 0.9958269087390847
13 -0.13922777139997308 0.9902603837733774
