512 2
256 -0.003170308709190188 0.9999949745587168
195 0.0892336448839497 0.9960107211374409
237 0.1755513624224342 0.9844702733712315
469 0.15377588960621888 0.9881057513119818
41 0.1768835928876205 0.9842317788850178
498 0.13542103415385243 0.9907881425959342
417 0.15553297900044363 0.9878307002939561
144 0.12432651944380507 0.992241360034437
509 0.12648282029666463 0.9919687979819736
71 -0.42773125916958094 0.9039059519270822
408 0.19964299161455837 0.979868703398159
495 0.5237105337059078 0.8518962829391107
310 0.22624330588555133 0.9740708221387071
159 0.09099072930149438 0.9958517395582447
63 0.16754969665146116 0.985863631113352
315 0.1772877761269594 0.9841590544398588
316 0.19332729980485736 0.9811343206463439
113 0.06141736964527009 0.9981121714045251
303 -0.3750640073180375 0.926998916080561
283 0.12973441229755256 0.991548779569522
23 -0.02094460327968869 0.999780637736827
319 0.08940387480793621 0.9959954553959205
451 0.0890539314565448 0.9960268055088342
262 0.1240440937118392 0.9922767067785117
500 0.18226014231633694 0.9832503447865292
33 0.16354152486456508 0.9865364512500148
9 0.16770911217752665 0.9858365248318941
292 0.04537493644802215 0.9989700271491322
44 0.021673864070288755 0.999765094217768
234 0.12837805294731094 0.9917253024509647
407 0.12394101236948624 0.9922895874959219
45 0.17243409670574963 0.985021056776591
148 0.1731977722684027 0.9848870654452024
290 -0.0035059786279036365 0.9999938540380439
214 0.14909803549883247 0.9888224187438253
114 0.025133333721696148 0.9996841078740993
94 0.17482827416162858 0.9845989409671667
192 0.1031358081979965 0.9946672836015801
493 0.17612221382632035 0.9843683080010835
126 0.11328941353683557 0.993562030665665
489 0.15855114283845498 0.987350765991813
20 0.15620679921472708 0.9877243724233447
354 0.15791072126015168 0.987453393386796
477 0.07942047236661035 0.9968412052925304
142 0.16007241182343615 0.9871052745138322
241 0.12071280754504615 0.9926874725182103
391 0.1837886211873757 0.9829657891920975
30 0.06019657770862647 0.9981865417005829
250 0.08757469243877798 0.9961579559709662
510 0.08226683188335798 0.9966103392860599
415 0.1308873741764812 0.9913972439346328
335 0.07325315132189375 0.9973133789443575
467 0.10887967557657463 0.9940549362315646
78 0.11559496128325654 0.9932964335614632
152 0.09891122629008846 0.9950962613304257
201 0.11733871035411471 0.9930919529693276
432 0.17194577383755213 0.9851064160076339
120 0.1391763744246953 0.9902676086806016
308 0.1675824113401063 0.9858580706214436
127 0.040333116968296195 0.999186288774832
346 0.15523446323224446 0.9878776550894331
240 0.16495102671892897 0.9863017584818407
441 -0.031275515304978414 0.9995108014135755
173 0.1064953521813045 0.9943132001355408
342 0.03871759018838423 0.9992501929997334
109 0.14149395633776957 0.9899391195017426
291 0.05850386771343869 0.9982871818582911
212 0.10154509075700921 0.9948309376688839
372 0.10248893774353816 0.994734144201455
265 0.10456781375833182 0.9945177586779447
191 -0.4036394387378261 0.9149181403248122
54 0.2014501724558981 0.9794987636630732
339 0.13224652225067157 0.9912168568747217
376 0.07815215294954828 0.9969414431095491
439 0.14338105195995324 0.9896675572831803
399 0.11167079860022198 0.9937452554553349
221 0.18797268155108743 0.9821742569373795
260 0.09089297643720466 0.9958606663757666
400 0.19132173956432014 0.9815273770863869
157 0.21648093141741012 0.9762868463380271
261 0.09638120384272256 0.995344494909088
171 0.2043490028129708 0.9788980973775281
448 0.20557933726764663 0.9786404529185349
473 0.1837803066472415 0.9829673437549418
479 0.02582042261982843 0.9996665973091897
314 0.14692169913354333 0.9891481255725618
115 -0.0010219326794549436 0.999999477826663
450 0.14153320115540116 0.9899335093685356
420 0.1494728750939582 0.9887658264782142
364 0.04574117616008638 0.9989533246370884
210 0.15280319265934564 0.9882566388914931
445 0.20977566892820215 0.9777495429432455
34 0.14905692459445877 0.9888286167129479
66 0.21266218722121435 0.9771257821418331
175 0.17646745572991282 0.9843064751733636
411 0.16153387700909552 0.9868671676463912
331 0.16218762642799883 0.9867599372864972
79 -0.3268764919840817 0.9450670658679099
197 -0.2972661220149571 0.9547946652040892
43 -0.06512065124365848 0.9978773976704763
177 -0.3111084450857509 0.9503744185300477
369 0.07264336794880236 0.9973579804127778
179 0.2128020809300471 0.9770953251100128
269 0.10132978510715948 0.9948528909593302
361 0.15101783448442585 0.988531038292493
412 0.20735866640578485 0.9782649863234472
300 0.11315431083274928 0.9935774262431518
296 0.19028218665752444 0.9817294380025644
3 0.018274844932022825 0.9998330010770351
226 0.07515645724388521 0.9971717539794979
248 0.5353078373918554 0.8446570423709584
278 0.08327112352271666 0.9965269288821373
19 0.14479588028169205 0.9894615470312376
284 0.17662882733631602 0.9842775306557586
318 0.17280084721530845 0.9849567844335465
366 0.1375869727925818 0.9904896894555609
48 0.09924021873872735 0.9950635050009068
333 0.06085031751630521 0.998146902443806
35 0.2265232827372258 0.9740057506903904
404 0.015657750191418362 0.9998774099153072
131 0.1833937279929284 0.9830395416934437
31 0.20018005952148754 0.979759125382343
147 0.13364027858869326 0.9910299066823042
312 0.096414049042497 0.9953413138955054
209 0.13135631627129057 0.9913352198805593
426 0.1740907776157999 0.9847296081407961
371 0.19218163639988087 0.9813593728245856
304 0.15609760500964884 0.9877416351001165
320 0.14989295696650848 0.9887022309329724
101 0.113290331209084 0.9935619260290403
270 0.20189534260692085 0.9794071015842359
258 0.1623650198203942 0.9867307638554313
484 0.05663349592822467 0.998395035614134
388 0.21528777463957133 0.9765506510625761
119 0.036940393478276504 0.9993174707417409
122 0.16241994879984992 0.986721723806593
181 0.09577041623956092 0.9954034495486246
57 0.06602670559562582 0.9978178561983087
1 0.14464862826777417 0.9894830844133978
423 0.1511695183141317 0.9885078536525006
327 0.14426923757444118 0.9895384717582685
390 0.13663511926112115 0.9906214434305868
396 0.5480337249573756 0.8364562369361255
222 -0.38451240537413073 0.9231198243529386
172 0.09443589421684077 0.9955309447141588
73 0.24268274786936642 0.9701057075837527
503 0.20025386065120585 0.9797440437656599
37 0.13069333060267815 0.9914228428556501
116 0.17865688477938388 0.9839114378443449
302 0.0401725458147504 0.9991927574611227
187 0.1729030489691308 0.9849388486891856
53 0.07203258202284628 0.9974022794876307
447 0.1259247881732958 0.9920397914012877
305 0.5330604704391179 0.8460771447422666
83 0.14075969604233324 0.9900437909355676
491 0.496043220578275 0.8682978309994405
421 0.03318906010897283 0.9994490913943957
70 0.019758687530010286 0.9998047780777463
428 0.08285998368844794 0.9965611988749864
385 0.20469405213283692 0.9788260034456785
483 0.1804245625677796 0.983588825283322
307 0.20032094977873716 0.9797303287536548
149 0.12882666719843833 0.9916671265190466
285 0.15062568294520134 0.9885908676683653
38 0.16107994997496677 0.9869413608295389
406 0.13547944260725203 0.9907801575681804
207 0.18883586086196313 0.982008664754299
160 0.1659055030591713 0.9861416551665808
13 0.1301087537182296 0.9914997287976882
151 0.11609964822236853 0.9932375706157326
246 0.06680905679147374 0.9977657790937879
508 0.13689885011169997 0.9905850316040992
49 0.19523664452138387 0.9807561637002497
430 0.16795688042278478 0.9857943428112409
51 0.10982859806609763 0.9939505415496466
504 0.17619405509982153 0.9843554515252511
69 0.10420555814615616 0.9945557810658223
108 0.09481362856075347 0.9954950405899285
311 0.14693216436920137 0.9891465710771997
323 0.053378508322327 0.9985743511873733
64 0.07220932971004376 0.997389498993661
478 0.17076369300215272 0.9853120120815876
374 0.2139127120788256 0.9768527788828169
377 0.029752919929354464 0.9995572838790568
36 0.18672938368361514 0.9824113890164026
235 0.06733347707913476 0.997730526176499
203 -0.02773460009914463 0.9996153219900847
457 0.17611780569823846 0.9843690966888575
82 0.12537351100983124 0.9921096122591836
370 0.15359966266515174 0.9881331608792165
137 0.2051389938215338 0.9787328507891665
487 0.13321682742776128 0.9910869169200459
59 0.030855487243719785 0.999523856096968
494 -0.0006329625160137288 0.9999997996792066
22 0.11425926633851967 0.9934509650988232
170 0.021873248510788788 0.999760751879961
395 0.11424722460797768 0.9934523499742574
169 0.10053234254307808 0.9949337908136406
183 -0.0012804174590914821 0.9999991802652293
211 0.16794492591786056 0.9857963795117348
50 0.12250272789452663 0.9924681766476946
497 0.21245773064785942 0.9771702577790432
218 0.17819800097516839 0.9839946506198364
463 0.025781986848801397 0.9996675893286369
386 -0.3427559493465684 0.9394244829615271
424 0.0535715361835549 0.9985640142278982
25 0.11910735223134296 0.9928813819608256
150 0.08815265451008163 0.996106976937129
205 0.14478920756196245 0.9894625234810963
145 0.02425781989044754 0.9997057357913691
344 0.08982696840548986 0.9959573865116315
217 0.08367844009933077 0.9964928091373979
401 0.04724342819950599 0.9988834058547365
133 0.1078705696397156 0.9941649461762385
227 0.1867539937055285 0.982406711008753
419 0.15669429204840676 0.9876471530052869
263 0.09855667833314824 0.9951314391355226
80 0.028024291961637388 0.9996072424007586
135 0.18911919297111435 0.981954138873071
81 0.5142757212710658 0.8576249078187533
245 0.052050961698023146 0.9986444299080183
140 0.18596090712801258 0.9825571438955226
289 0.03474870663394171 0.999396081334757
158 0.2362172703653836 0.9717002630344026
15 0.07346830520340857 0.9972975524538996
322 0.04690819351628478 0.9988992048155003
251 0.19653341591983964 0.9804971271895085
17 -0.3489584252285688 0.9371382061691848
288 0.13192543504021795 0.9912596428733741
104 -0.34337366728604324 0.9391988738358525
264 0.026592159650345382 0.9996463659940602
282 0.20801108474931712 0.9781264686232617
225 0.024457941368890835 0.9997008598095711
92 0.1350414337053729 0.990839952354969
16 0.15453414328915102 0.9879874485831732
216 -0.42364972937442247 0.9058260908148862
460 -0.02507725283448632 0.9996855162451216
61 0.19349344451337594 0.981101568101055
353 0.1265102797121445 0.9919652963320617
272 0.1141458794640395 0.9934639994490898
88 0.044666336075982256 0.9990019611700206
499 0.06132429377251646 0.9981178943357853
224 0.16940079288822027 0.9855472446153164
232 0.14714608202665191 0.9891147711687486
76 0.14796504600059912 0.9889925910551811
326 0.07068307229819204 0.9974988237038119
168 0.0856089141446808 0.996328818121291
313 0.1091604718920707 0.9940241402382038
482 0.16830595629752942 0.9857348046380294
32 0.17377878222870807 0.9847847149743477
379 0.09901673938876698 0.9950857678214562
355 0.18451468642228028 0.9828297566183513
359 0.21156046407016665 0.9773649114033179
429 0.048728156390655385 0.9988120778078166
444 0.6332035427352045 0.7739853186382712
125 0.10034131597988732 0.9949530744248316
219 0.025167293185758506 0.9996832535126824
196 0.052978223682259726 0.998595667833319
239 -0.21926912225993211 0.9756644156795712
153 0.16467388279629183 0.9863480685461867
496 0.03636466206414109 0.9993385869428644
190 0.05533964892309973 0.9984675874844752
501 0.15965487658008032 0.9871728928532222
111 0.22511896630596032 0.9743312840144958
434 0.14031596872629132 0.9901067765248364
485 0.14602053731442854 0.9892815588508691
277 0.01981750126083894 0.9998036140381653
165 0.15832730072664156 0.9873866850654892
389 0.1392586356436367 0.9902560438586946
488 0.1767919384386892 0.9842482463805007
328 0.015742485564031204 0.9998760793959751
452 0.1766692077466414 0.9842702835269255
98 0.12099275418512812 0.9926533903809008
279 0.0850675634281213 0.9963751851849797
193 0.12710997521822068 0.9918886299378693
100 0.14422982784271873 0.9895442166777894
67 0.17492494272258374 0.9845817713189194
10 0.16827342891702504 0.9857403578633203
398 0.17310546531614904 0.9849032936677995
507 0.07982178047142159 0.9968091509222677
492 0.14054140652155883 0.9900748017462833
459 0.07505238011073322 0.9971795927713895
298 0.1537260002205534 0.9881135141552263
97 0.13289504003228003 0.9911301167530017
337 0.13733887681936294 0.9905241203090391
27 0.15872579713798607 0.9873227037412392
414 0.1038637211874798 0.994591537979833
254 0.09374710487223127 0.9955960427442824
12 0.04379795286289543 0.9990404092553111
182 0.10970471080167599 0.993964222911429
480 0.1693108071107887 0.9855627075917053
490 0.5248215033915237 0.8512123058190952
349 0.06660119984589737 0.9977796751683645
446 0.17130934842105283 0.9852172893040166
89 0.10946783632564201 0.9939903383887504
442 0.14188674920665223 0.9898828973164293
90 0.018956895350258636 0.9998203019136385
409 0.14469562910214429 0.9894762124067132
102 0.19143396894137446 0.9815054943989631
340 0.1706564275293077 0.9853305961670602
392 0.19538627631210972 0.9807263650116111
14 -0.0025842401008621257 0.9999966608459756
29 0.17950412958276774 0.9837572197766749
46 0.08925903585168357 0.9960084460077774
443 0.12792353012404536 0.9917840341730666
481 0.14232343049403212 0.9898202064680284
382 0.04256269519310407 0.9990937978878155
334 0.06565377991462361 0.9978424631087427
348 0.12696065556018651 0.9919077537451392
436 0.11135129394279429 0.9937811073557724
317 0.005284458500243793 0.999986037151699
242 0.11451030731539981 0.9934220601126859
403 0.0030667537007272256 0.9999952974998128
329 0.12249463083326106 0.9924691760538578
413 0.16089366089160406 0.98697174725769
306 0.5536913372553435 0.8327219842470772
410 0.03647780895642059 0.9993344632572916
433 0.1847551304330331 0.9827845856436053
470 0.07591080266398052 0.9971146122883318
422 0.06734700546814668 0.9977296130988963
2 0.07983800159359777 0.9968078518458514
274 0.010543618823836422 0.9999444145061754
375 0.1674875070432584 0.9858741983561768
174 0.17272208153442198 0.9849705998406331
394 0.11543238151636673 0.993315340311152
167 0.14317651011605803 0.9896971693154357
299 0.1386467072515091 0.99034190589327
146 0.08510156977671957 0.9963722812390647
223 0.17136676909299475 0.985207303287297
68 0.13104025504906688 0.9913770481288516
384 0.13629444808413055 0.9906683720708168
21 0.0597066163094049 0.9982159686004234
393 0.15926609338127246 0.9872356919697889
330 0.20144090414837165 0.9795006697985901
202 0.03444559017053693 0.9994065745820384
7 0.12612459838443305 0.9920144080013986
347 0.15373130924687184 0.9881126881875583
123 0.11962672637537444 0.9928189393523429
427 0.13512079856916873 0.9908291324915867
466 0.18045106569243985 0.9835839633150099
58 0.18135573729585297 0.9834175596102999
91 0.050835852912403764 0.9987070221334524
247 0.20038891099238115 0.9797164305814655
124 -0.3040138544983629 0.952667610593038
86 0.18177528741210475 0.9833400962465869
117 0.1495488159185685 0.9887543434328641
418 0.08569771869261211 0.9963211836606114
163 0.0569968643522065 0.9983743573700279
431 0.1633565380728582 0.9865670993241417
0 0.1827067442836396 0.9831674555197975
365 0.09994412542100731 0.9949930511284135
105 0.163475007890902 0.9865474756924116
360 0.06750900262873032 0.9977186650374312
462 0.2098725712653028 0.9777287475729096
39 0.07722756468094287 0.9970134920117434
143 -0.6332035427352046 0.7739853186382709
345 0.022789090338255578 0.9997402949574228
454 0.1322534107670245 0.9912159377958412
324 0.04669891568177475 0.9989090105080374
128 0.062115999672267545 0.9980689367897966
351 0.12400034016179194 0.9922821754116921
362 0.1340772334392781 0.9909708852803241
449 0.2106262983365904 0.9775666537116666
505 0.19291033352454973 0.9812163895998921
350 0.11381886413522528 0.9935015179490001
276 0.15162080542939632 0.9884387342475714
287 0.12855385062630847 0.9917025297382017
453 0.20168179254725543 0.9794510986031543
368 0.13851171167908405 0.9903607957344284
387 0.14302763788378894 0.9897186947822011
252 0.15032982615143364 0.988635900303686
162 0.08378094475457457 0.9964841962098702
244 0.16992657102856726 0.9854567268320173
156 -0.0558843450523168 0.9984372488935264
161 0.1923725082350216 0.9813219747235699
229 0.12356421804228516 0.992336577991358
435 0.4562311568661358 0.8898612990261952
129 0.18157374943567772 0.9833773301819957
95 0.15111905491806765 0.9885155695489426
164 0.04759415886566999 0.9988667558998394
112 0.06307029017347307 0.998009087382191
275 0.10672909794690873 0.9942881371370369
461 0.15515439131081157 0.9878902342147996
381 0.16534806923143291 0.9862352741620214
352 0.18737170455542354 0.9822890838912928
93 0.1143338566723924 0.993442383441746
363 0.14348810714350874 0.9896520414309127
293 0.1874739074260474 0.9822695831768435
136 0.08348907942179502 0.996508692193551
437 0.19268631372346606 0.9812604060613381
121 -0.1190396465360312 0.9928895016831313
253 0.19373133111595794 0.9810546219982041
383 0.18107033432165393 0.9834701490277398
52 0.17998978291386034 0.983668479746414
281 0.03169737177227935 0.9994975120643022
198 0.048009263581314326 0.9988468904744009
475 0.07871096605825931 0.9968974790930989
74 0.17478282189371358 0.9846070105229144
200 0.1231552607295788 0.9923874151532905
134 0.1585608615272269 0.9873492052925061
271 0.12775055510904898 0.9918063297183225
456 0.055307987767375284 0.9984693417872798
294 0.11727304512788962 0.9930997094382981
62 0.20451956133225777 0.9788624770786041
55 0.1121594971585769 0.9936902169172922
132 0.1717129981081528 0.9851470175972262
199 0.10437887605807551 0.9945376062436518
405 0.2265801700392239 0.9739925187315335
358 0.09834441909757066 0.9951524381884221
336 0.10580792517298891 0.9943865862784892
155 0.09263419748963962 0.99570020862479
6 0.07150400431331826 0.9974403126840026
502 0.17672322103617194 0.9842605870127079
468 0.1362496260352352 0.9906745375779367
332 0.08630758524755101 0.9962685384617627
107 0.13860421044323173 0.9903478544670091
176 0.18030953539782396 0.983609918333798
273 -0.037309190069713734 0.9993037697999252
231 -0.11514408791269315 0.9933488002805227
474 0.16381338088876393 0.9864913462579349
213 0.026021411497716317 0.9996613857420255
367 0.13569364801239212 0.9907508434965318
268 0.10297370559974782 0.9946840784666539
166 0.16100972273749986 0.9869528201408583
206 0.165130878402257 0.9862716628789956
28 0.060276501735417015 0.9981817185956374
440 0.043449889698864375 0.9990556076040796
96 0.02016884425660028 0.9997965881724907
257 0.1214890464605679 0.9925927722838315
228 0.0912409278519614 0.9958288472848701
65 0.25229890358877327 0.9676493493243835
325 0.0827184532704928 0.9965729564304548
215 0.1363600852131353 0.9906593396120921
402 0.15954435394790578 0.9871907612631642
47 0.14536260038419516 0.9893784485269248
184 0.08462360956826011 0.9964129890279625
87 0.06959164166518894 0.9975755627571998
233 0.11602884343386285 0.9932458444370156
189 0.1070261964817807 0.99425620101996
280 0.07737457295205094 0.9970020940100817
141 -0.008128423205079241 0.999966963822405
180 0.17820035352377453 0.9839942245785805
511 0.1682663677260894 0.9857415632366672
130 0.1284399762025598 0.9917172845690884
343 0.5447768421034624 0.8385810588773032
238 0.10515174712833379 0.9944561881128092
416 0.19358637561527842 0.981083235600395
40 0.06867822056221823 0.9976388635274828
230 0.11237015098379416 0.9936664174499807
267 0.12105952394430258 0.9926452496548698
341 0.07460151712202505 0.9972134243195346
297 0.0792898229716854 0.9968516057935197
506 0.1523037083893748 0.9883337393870778
5 0.09794105770433166 0.9951922172202498
321 0.11575910968976415 0.9932773170287507
139 0.1390989568002431 0.9902784861931941
266 0.06371105027199846 0.9979683873115615
301 0.0997411962007075 0.995013413869608
24 0.13960209960364903 0.9902076821486757
154 0.10779534904632614 0.9941731050093744
26 0.07684446681761077 0.9970430923082098
60 0.20764859211203615 0.9782034871098596
106 0.25702857808844337 0.96640380278941
56 -0.3421390274558607 0.9396493419843158
397 -0.3206504993534177 0.9471975809008403
356 0.13655801714347485 0.9906320749672112
103 0.0707472541570557 0.9974942736824292
380 -0.011856495675778109 0.9999297092847528
255 0.11214131666095432 0.9936922688124062
84 0.062227059356053306 0.9980620186561046
138 0.19225973819541203 0.9813440747612591
236 0.13939670002676216 0.9902366181987258
458 0.11585700027840015 0.9932659037168702
286 0.08784173030593377 0.996134443946629
85 0.08525141461645648 0.9963594714288077
425 0.09911621561345453 0.9950758643452604
77 0.1675711022591691 0.9858599929440525
118 0.09933055532258654 0.995054491361808
185 0.1267735578497599 0.9919316836507006
11 0.18931077950090652 0.9819172209329864
472 0.23154372252465533 0.972824498334322
4 0.12137925317997676 0.9926062043416166
18 0.0736830758123592 0.9972817076126635
75 -0.008515475960491238 0.9999637426772865
243 -0.001206266318018752 0.9999992724605203
471 0.1330289464713174 0.9911121527863188
42 0.03427569775226294 0.9994124156441101
186 0.10594844042119125 0.9943716246817974
373 0.12399560441878288 0.9922827672013763
178 -0.017469624971765314 0.9998473944574472
208 0.13672425353683462 0.9906091451701803
295 0.10820770876285497 0.994128307495714
357 0.11138620737313659 0.9937771947509303
8 0.12936278261050907 0.9915973328298469
338 0.12507686432720175 0.9921470546295416
464 0.11023772203110357 0.9939052493278187
259 0.16325293035527877 0.9865842491801775
455 0.16612450764808367 0.9861047854861479
204 0.07024212550985677 0.99752997138124
99 0.13848334123332925 0.9903647632063922
188 0.1803568920328592 0.983601236018056
438 0.10434123761828293 0.9945415557593785
476 -0.39153217353135106 0.9201644185088966
486 0.15592806835613593 0.9877684128877194
220 0.010999945899531703 0.9999394987649038
72 0.10912697883391223 0.9940278177649672
309 0.20191053740495338 0.9794039692000656
194 0.09870055676183082 0.9951171790773711
378 0.03890614985188417 0.9992428691282729
249 0.18269969557332125 0.9831687653894502
110 0.14119531987043799 0.989981758239355
465 0.06857685693315331 0.9976458363032293
