512 2
472 -0.18708878837716608 0.982343007947613
423 -0.19274908593769646 0.9812480776389743
194 -0.11422827854243563 0.9934545285926437
73 -0.03399118862209901 0.9994221325826524
379 0.006583872736045019 0.9999783260750182
110 -0.006365170784736134 0.9999797420952492
19 -0.014660267451844528 0.999892532504489
89 -0.05074118578986023 0.9987118363495241
54 -0.07611029283459537 0.9970994049364549
35 0.11565501014989918 0.9932894435295418
86 -0.013641054637468609 0.999906956485641
391 -0.17766121578944205 0.984091709346348
432 -0.006289175360685285 0.9999802229410752
484 -0.1738240754264738 0.9847767212937822
474 -0.15243587290550342 0.9883133635904846
349 -0.15223528564869176 0.9883442810091335
327 -0.05328849879312467 0.9985791585529789
222 -0.1396429230415162 0.9902019258941184
505 -0.10988757281940857 0.993944023242687
381 0.09952678890343616 0.9950348829516333
315 -0.48878436996572255 0.8724046307059654
429 -0.1388600758411435 0.9903120111042741
434 -0.013029634982170083 0.9999151107030194
287 -0.1635927911501251 0.9865279512936831
176 -0.030254915982773113 0.9995422152459972
300 0.01753313099239038 0.9998462828443198
115 -0.01914711006992445 0.999816677284376
361 -0.04790227397921533 0.9988520271529813
218 0.03922910716773044 0.9992302423119622
461 -0.5358636592655286 0.8443045295854793
250 -0.1466135801909749 0.9891938425321827
6 0.17675832663343508 0.9842542831838466
189 -0.03234846424449927 0.9994766514836765
124 0.16539654805941872 0.9862271451800688
339 -0.5455741440511208 0.838062559325309
308 -0.026630334749528996 0.9996453497471631
408 -0.03764573058201867 0.9992911482490707
388 -0.09627277359730775 0.9953549884658646
360 -0.19706215038949088 0.9803909979614611
178 0.07518449283863485 0.9971696405509933
244 -0.09617994443162119 0.9953639627237518
480 -0.14862119616578798 0.9888942006353614
107 -0.035742988797495816 0.9993610152251399
238 -0.02531674723109775 0.9996794797882153
149 -0.15584562675400862 0.9877814235050435
407 -0.08381035338783051 0.996481723196671
98 -0.12715916250114684 0.9918823253753476
177 -0.024063650490155738 0.9997104284366986
239 -0.051376479257736446 0.9986793566400978
227 -0.07516728094037976 0.9971709381425182
75 -0.059923530471773366 0.99820297059055
502 -0.14048001548567712 0.9900835142800549
394 -0.1518820497423901 0.9883986255383251
223 0.050742960710779855 0.9987117461701872
160 -0.07992895815917048 0.9968005626240335
322 -0.027435284452786098 0.9996235817381434
509 -0.1941306041784575 0.9809756921154097
109 0.06657593331870645 0.9977813613726921
216 0.48404703475686955 0.8750419807889688
295 -0.5055282226428133 0.8628100695469417
473 -0.10883510867770209 0.9940598166705628
114 -0.47748448144498107 0.8786401823153875
362 -0.10394282918210934 0.9945832736687356
289 0.06882212768915248 0.9976289464226357
370 0.001312505864383265 0.9999991386638071
85 -0.024862469291163595 0.9996908810331051
186 -0.12528305171582438 0.9921210394668435
465 -0.11363505637284445 0.9935225583564474
80 0.06480214024847215 0.997898132385875
198 -0.16258020026725506 0.9866953321471928
316 0.03988032525394022 0.9992044633895707
357 -0.09073940432889291 0.9958746710816768
319 0.07166451040738618 0.9974287934224025
78 0.051486038155157086 0.998673714420824
142 0.06764574323217097 0.9977094032946503
99 -0.028547619820173113 0.9995924336461349
148 -0.06268637505953911 0.9980332751877037
265 -0.03108824587657143 0.9995166436674869
212 0.046185927501577205 0.9989328606572211
448 -0.5373867739672401 0.8433359088554704
68 -0.05883582539305907 0.9982676723456076
150 -0.06364176252562008 0.9979728082781777
450 0.02239821921909451 0.9997491284196318
253 0.027784683267355798 0.999613931163293
191 -0.009963085555075881 0.9999503672314052
166 -0.025614622622470017 0.9996718917264347
47 -0.021849061046765098 0.9997612807722526
251 -0.11873200479970826 0.9929263371651706
174 -0.48954125430352086 0.871980137580516
231 0.08996013798775614 0.9959453667612616
44 0.0673566755176457 0.9977289603209936
297 -0.029989215290900085 0.9995502223331433
506 -0.08860870934879693 0.9960665121504388
288 -0.001935209704561101 0.9999981274799465
312 -0.02672288509031978 0.9996428799388558
334 -0.035819618597005325 0.9993582715540834
364 -0.09616581529393677 0.9953653278916503
143 0.510005066010883 0.8601713972478015
281 -0.07646498016239812 0.9970722675958669
463 -0.505087631020428 0.8630680650969378
82 -0.15855754880412093 0.9873497372852381
242 0.047014553475925105 0.9988942044888734
439 0.017567031452539333 0.9998456877968447
175 -0.030896654643234933 0.9995225844031022
455 -0.03879391145258034 0.9992472328879423
102 -0.02422276627610053 0.999706585751006
350 0.05051306101564336 0.998723400480248
446 -0.1475742113074536 0.9890509856205507
453 -0.02947524807466658 0.9995655104848991
118 -0.11196582941754797 0.9937120574104154
409 -0.040854641182243155 0.9991651006184463
491 -0.11736777083562505 0.9930885188990335
400 -0.18855440568775392 0.9820627454983403
383 -0.1302725791607714 0.991478217168083
483 -0.13968469460314936 0.9901960341738523
363 -0.03979365310149724 0.9992079188901766
71 -0.01032478520948133 0.9999466979846366
277 -0.0631113679209414 0.9980064905796692
39 -0.08745462115668115 0.9961685044400577
352 -0.16002027220396597 0.9871137282419734
402 -0.029104159848557177 0.999576384214588
199 0.019418027511289297 0.9998114523286733
411 -0.11221246444325748 0.9936842369805262
311 -0.18735239372166354 0.9822927672373256
282 -0.05710583790852962 0.9983681301387604
459 -0.19653702082073146 0.9804964046068253
365 0.06658125506474628 0.9977810062704157
393 -0.14168275010609532 0.9899121164640696
128 -0.07171629530850254 0.9974250713648738
70 0.12251197591816798 0.9924670350982074
252 0.013713289670225512 0.9999059684222414
106 -0.008199818777318488 0.9999663809208884
103 -0.021897465067704115 0.9997602217650035
414 -0.4991031446583927 0.8665425846385759
240 0.10043925552158728 0.9949431923231945
386 0.10168766521024764 0.9948163743847849
7 0.1552043411157497 0.9878823879889884
283 0.030967460601742092 0.9995203931805892
133 0.05783945706881209 0.9983258972930559
431 -0.07688901060080584 0.9970396582126657
475 -0.10571028711532944 0.9943969706299364
342 -0.13225968334280036 0.991215100854533
246 0.08705422090509504 0.9962035748894935
278 -0.08458373086984677 0.9964163750521854
410 -0.12981080781902418 0.9915387809729745
256 -0.07322553104651212 0.9973154072824485
153 0.017217799526498802 0.9998517627025844
351 -0.054866522820365735 0.9984936978637383
422 -0.10529636948107925 0.9944408854095371
420 -0.019545842296356076 0.9998089617766616
12 -0.036857854769278504 0.9993205184232968
438 0.04599160783630809 0.9989418261383549
481 -0.05271588678934374 0.9986095509657481
492 -0.05599039928308623 0.9984313071955028
380 -0.12150113994951857 0.9925912920185062
179 0.034385822558670426 0.9994086327458671
18 0.042106029714693294 0.9991131478774892
243 -0.13152119550439392 0.9913133586979926
214 0.15620299720392974 0.9877249736968834
55 0.011966647785990112 0.999928397106896
32 -0.004559465724069738 0.9999896055821335
263 -0.083433380250691 0.9965133571909327
95 -0.08155279235098621 0.9966690233270806
286 -0.04595486124511518 0.9989435172861088
318 -0.008635062754040763 0.9999627171506116
145 -0.008161927190221428 0.9999666909175232
385 -0.154223015656679 0.9880360628245103
117 -0.08084278725479457 0.9967268651686259
392 -0.00736432796112797 0.9999728829691737
151 -0.006644721026044348 0.9999779235975593
427 -0.004047812579282172 0.9999918075731036
262 -0.03405155387669549 0.9994200776843452
126 0.08997765800583868 0.9959437840861223
294 0.49534340482129485 0.8686972495064359
479 -0.48870222794907714 0.872450647542661
248 -0.5156740146633357 0.8567848683310167
173 0.042476078222569304 0.9990974841219601
424 -0.08537016981791377 0.996349303259284
215 0.4828430838104933 0.8757068895563017
397 -0.15498546464520527 0.987916750414077
419 -0.0920905687221549 0.9957506350248692
293 -0.10001794147731273 0.9949856337569105
16 -0.006545053305796786 0.9999785809092233
157 -0.08029905180983837 0.9967708173288586
266 0.0538271839997827 0.9985502662673789
28 0.008350957502805135 0.99996513014644
235 -0.1347670954719754 0.9908773031904846
329 0.10191892844923091 0.9947927080672438
201 0.07942847685420983 0.9968405675255299
333 0.06393261288215603 0.9979542178928152
123 0.5326105794070033 0.8463604260028561
8 0.06201336620121492 0.998075319007736
384 -0.04495177039128152 0.998989158268842
305 -0.032480266351578066 0.999472376955827
497 -0.19122049906621874 0.9815471057146805
303 -0.05550010983515563 0.9984586810721241
181 -0.02710716835937384 0.9996325331958421
313 -0.04278714663843537 0.9990842107062553
93 -0.07469259727230877 0.997206606432547
321 0.028966668268651834 0.9995803780234054
61 0.06390621058482857 0.9979559089702748
162 -0.11357795080309624 0.9935290881958964
100 0.023561852963308663 0.9997223810063149
34 -0.005390860367077865 0.9999854692066793
59 -0.13615242165850688 0.990687901448546
144 -0.04100786386643828 0.999158823761824
5 0.039641203740097615 0.9992139785681724
127 0.0841882087493098 0.9964498710459962
442 -0.06567607461137294 0.9978409959626038
169 0.017264358501291432 0.9998509598562871
425 -0.11042458950521793 0.9938845053790729
91 -0.016577657937953984 0.999862581186681
444 -0.05535796052045186 0.9984665724034111
486 -0.10860492443248357 0.9940849915319185
338 -0.1135605925291052 0.9935310724000727
415 -0.059135350886445906 0.9982499738419917
389 -0.022126143235072653 0.9997551869260499
496 -0.09149227970978191 0.9958057856597877
331 -0.12737991310993238 0.9918540002117782
510 -0.17858293826719682 0.9839248620498694
11 -0.032557278077090517 0.9994698713038883
60 0.09598401789576556 0.995382875233739
183 0.027436368416526784 0.9996235519875033
290 -0.12403363071585549 0.9922780146972131
498 -0.09838416510196396 0.9951485095487956
112 -0.02592903690770659 0.9996637860025933
50 -0.11239889886027238 0.9936631660351501
457 -0.1551221711192769 0.9878952940606822
119 -0.545571008864964 0.8380646003060059
477 -0.1066735095810175 0.9942941025439448
304 -0.19694075375192038 0.9804153913069835
490 -0.15226711496534523 0.9883393777949608
146 0.04524656218349138 0.9989758498635368
435 -0.13769696412372184 0.9904744045512285
511 -0.1101242926079227 0.9939178236542519
0 0.09419876343792935 0.9955534104038642
164 -0.1696973061695045 0.9854962325036121
462 -0.10510520262241056 0.9944611085315012
395 -0.08041347178810704 0.9967615931379897
237 0.6175594216077934 0.7865242277154898
130 0.06403425695178042 0.9979477010027296
359 -0.14495189329242897 0.9894387038270437
374 -0.04475044636565058 0.9989981969703824
421 0.046245934913441276 0.9989300843922869
433 -0.1005955821016384 0.9949273987892948
493 -0.15901554575848748 0.9872760790210258
134 0.030242479823931512 0.9995425915958254
255 -0.10372490076545841 0.9946060249974337
217 0.039996015695143904 0.9991998392356326
447 -0.5218830101301323 0.853017071187624
274 -0.15980790060412864 0.9871481321992667
500 -0.22165286049069316 0.9751256377699714
406 0.033251121716151674 0.9994470285636042
139 -0.10041185728936333 0.9949459577865023
196 -0.12448943392494265 0.9922209334825826
298 -0.09224401883645196 0.9957364314862144
494 -0.026881720040132707 0.9996386212665475
330 -0.07479668592189473 0.9971988045395469
185 -0.12063191350275305 0.9926973060528894
192 0.037362242626326446 0.9993017876627317
470 -0.11505763037495363 0.9933588181983892
138 -0.09695073437704159 0.9952891816470991
136 -0.008289143318817787 0.9999656444613685
280 0.02062489742581695 0.9997872841790769
152 -0.12328478209799996 0.9923713329712064
25 -0.012368558857949236 0.9999235064502572
299 -0.09485076937412423 0.9954915024997134
326 -0.11084989053214016 0.9938371605897078
340 -0.0006861497786930402 0.999999764599213
336 0.04064233036828225 0.9991737591541502
42 0.05583329165228533 0.9984401051356415
272 0.0031662182936669407 0.999994987518296
64 0.030802787390335377 0.9995254815606183
403 -0.11056041926651508 0.9938694047467265
247 0.06764315223457629 0.997709578963623
87 -0.00925429157998857 0.9999571781268197
507 -0.17622281056747902 0.9843503040258068
495 -0.1144316785475863 0.9934311203826774
104 -0.08215289589387391 0.9966197377617254
63 0.0018956449790685046 0.9999982032634425
17 -0.12198265925905026 0.9925322316378902
347 0.016243836892283932 0.9998680601774501
13 0.06824067446252659 0.9976688881331819
488 -0.0964505043219998 0.9953377819695342
369 -0.494525948261437 0.869162865345803
416 0.045520487036346285 0.9989634053657691
503 -0.22267229038879374 0.9748933537023466
258 0.02553510958781393 0.9996739259270186
390 -0.11896350064588855 0.9928986280150033
341 -0.08056139469126912 0.9967496484500998
125 0.009717168189784606 0.9999527872066618
111 -0.0737278867466346 0.9972783957932084
51 0.008927938154719237 0.9999601451659489
356 -0.03998951448764771 0.9992000994450722
113 -0.5199642041591039 0.854188050954349
458 -0.20437821220575794 0.9788919993418979
398 -0.22933016239731022 0.9733486922037874
233 0.0914470835711863 0.995809937139776
489 -0.1881595883731564 0.9821384674796341
284 0.10156998879652092 0.9948283959436796
259 0.046233145960905345 0.9989306763807774
168 -0.10281637058027424 0.9947003538456692
285 0.04620614887690508 0.9989319255114261
358 -0.17406552473817363 0.9847340722741467
156 -0.5071601491626009 0.8618518336125812
372 0.01797188892600492 0.9998384925618893
378 -0.12502958775949716 0.9921530134937303
260 -0.4700074054423439 0.8826624716330452
337 -0.1083212122265251 0.9941159464477853
292 -0.042859685633739965 0.9990811014864494
230 0.032881796906614795 0.999459247509468
33 -0.05185805626952078 0.99865446576879
97 0.031043526853341986 0.9995180335744352
456 -0.1496256234186188 0.988742723268591
22 0.04775110682711612 0.9988592652605197
121 -0.15164750504537597 0.9884346383112605
3 -0.0037453388090699577 0.9999929861940059
449 -0.18490782166281583 0.9827558687120175
65 0.01876899648971866 0.999823846870422
335 -0.11053005790818547 0.9938727817476507
328 -0.1598490710705469 0.9871414662944128
159 -0.13215783716089582 0.9912286850555497
46 -0.508905360662212 0.8608224752463565
413 -0.13644373457578177 0.9906478220311261
279 0.08026295143147598 0.9967737248882057
404 -0.03792774736554171 0.9992804841383504
84 -0.025416343004108874 0.9996769525743291
56 -0.15883836392349268 0.9873046004886781
221 -0.0880138604601818 0.9961192500734517
323 0.01253304248354147 0.9999214583386566
204 -0.014319301719187504 0.9998974735433003
155 -0.017241200816874074 0.9998513594501895
165 0.03530524347904854 0.9993765755624278
270 -0.14343391193442306 0.9896598975947183
219 -0.08833785075145854 0.9960905702417894
83 -0.062058882917220046 0.998072489877898
332 0.09424154363862579 0.9955493616353782
306 -0.01370782366765178 0.9999060433712242
317 0.12647123999386217 0.9919702744812543
501 -0.13416732879079055 0.9909586913111684
31 -0.020504554617107654 0.9997897595194474
57 -0.14923176310505384 0.9888022455883468
471 -0.14610522210797786 0.9892690554509318
43 -0.011276733462746819 0.9999364156197185
464 -0.1443430821433771 0.9895277028145044
241 0.015431676975011566 0.9998809245833922
206 -0.007181854080163184 0.9999742101534276
154 -0.17116671119804217 0.9852420803932636
53 -0.057269223380642734 0.9983587712107196
249 -0.1767249050193705 0.9842602846533505
268 -0.13729486706107624 0.9905302213858401
257 -0.15079824615004084 0.988564559833131
345 0.06969563203530416 0.9975683028621144
135 0.019217951708028758 0.9998153181123741
412 -0.17719807489701198 0.9841752091232501
202 0.0765083049703198 0.9970689440909133
314 -0.04415769444101673 0.999024573282186
309 -0.04336274260173982 0.9990593939071167
310 -0.0015287947341800579 0.9999988313926476
74 0.03546304305472473 0.9993709884608912
41 -0.5052764601061346 0.8629575301616029
276 -0.10062067415510757 0.9949248614506381
23 -0.06456152729897895 0.9979137283316745
396 -0.020860136439402908 0.9997824036797854
180 -0.08252310873076198 0.9965891513183408
10 0.0052465639191632855 0.9999862366888067
382 -0.15458436512462248 0.9879795919243564
77 0.07264702759385289 0.9973577138528473
208 -0.052654534728703455 0.9986127878074182
210 -0.5535599444770478 0.8328093346442315
105 -0.11320352786497814 0.9935718198896963
405 0.4798750458513709 0.8773368454414444
163 -0.18333153174264505 0.9830511428551902
437 -0.12630682545186414 0.9919912226649347
15 -0.01442045444909133 0.9998960198408041
94 -0.05626240641401128 0.9984160163100874
38 0.01534106256593588 0.9998823189752621
225 -0.1397561973751739 0.9901859448079594
485 -0.14467317503398322 0.9894794957075089
122 0.05945956100720274 0.9982307151179183
445 -0.17668673768963186 0.9842671368711826
376 -0.015043838582411834 0.999886835057201
24 0.5223229201765027 0.8527477745841914
90 -0.07470760949611199 0.9972054818759153
436 -0.12884797278130927 0.9916643584954271
116 -0.12322945756026794 0.9923782045114666
207 -0.022637476846382062 0.9997437394862893
468 -0.09275618664765832 0.9956888519204102
254 0.09513280465459421 0.9954645897662814
354 0.0329947884390348 0.9994555237407333
232 0.060161425027904475 0.99818866099481
9 -0.03063963640569606 0.9995304961235183
88 -0.0896104872300258 0.9959768875723961
195 -0.1271645957544057 0.9918816288179849
508 -0.10930052468786339 0.99400875011388
454 -0.0009857366996007138 0.9999995141614614
418 -0.14684243973587519 0.98915989500809
132 -0.06921002957594896 0.9976021109671411
353 -0.02742301911918202 0.9996239182924692
67 -0.5041800509850106 0.8635985619422675
36 0.030820340627390714 0.9995249404610231
440 -0.19192042838563067 0.981410489636358
96 0.09239792761151415 0.9957221615355849
348 -0.5387469610137993 0.8424676326117199
92 -0.002561016956889054 0.9999967205906961
368 -0.06215040445903006 0.9980667949719492
417 -0.10822457697867467 0.994126471299194
229 -0.07629644197142899 0.9970851783787082
307 -0.09863200589988982 0.9951239759005729
101 -0.22325691257933597 0.9747596375443245
224 -0.05560294377726571 0.9984529596547361
487 -0.17000982496230124 0.9854423673743115
499 -0.11251117768431752 0.9936504591133082
182 -0.1314190282122946 0.9913269082516303
131 0.08837478341311977 0.9960872941949838
147 -0.5291807945014099 0.8485090964337724
236 -0.11795490886149886 0.9930189522237102
190 -0.09214217816735713 0.995745860650485
375 -0.08937810565697665 0.9959977681848339
482 -0.1470244113083284 0.98913286391639
30 0.04321684241732378 0.9990657158222757
324 -0.025662319421887826 0.9996706684513101
158 -0.09032828490105117 0.9959120447844954
478 -0.04121675047939119 0.9991502286843152
211 0.021127120346767028 0.9997767974832449
220 -0.064179920422318 0.9979383436939303
387 0.028243459253376995 0.9996010739336982
58 -0.16305952313929603 0.9866162333519479
129 -0.478290653899291 0.878201600085418
452 -0.009681614995138112 0.9999531320672415
120 -0.02925792381853729 0.9995718953101014
291 -0.13320121418621733 0.9910890154468052
275 -0.1261252880416391 0.9920143203182168
81 -0.03400833664517874 0.9994215492166597
296 -0.013852919378543308 0.9999040437085409
302 -0.030804956588050526 0.9995254147092051
476 -0.12888963320270208 0.9916589446240441
108 -0.024471445695250654 0.9997005293314515
140 -0.10437692354729236 0.9945378111619501
399 -0.21769182798446232 0.9760175551847331
20 0.03661029264516507 0.9993296185305603
1 0.02697056970548434 0.9996362280198541
355 -0.06375104878811917 0.9979658329714576
213 -0.04124125997632558 0.9991492173222001
264 -0.08102224907177166 0.9967122930692446
377 -0.09551486161947355 0.9954280040313377
79 0.016780759297111557 0.9998591931454209
26 -0.0490108883021706 0.9987982443055416
273 -0.08650810761770136 0.9962511467076985
460 -0.15665143257409084 0.9876539518842037
271 -0.13046287702455583 0.9914531949207062
428 -0.17066937725276066 0.9853283532245253
197 -0.0749899887247998 0.9971842866747621
21 0.029240976930283897 0.9995723912094424
269 -0.00991674265790791 0.9999508278985806
234 -0.11744153691828206 0.9930797981060091
167 -0.00024594100373293465 0.999999969756511
4 0.052827612701930836 0.9986036467669317
69 0.007812623961708759 0.9999694809877113
367 -0.17196621033385245 0.9851028486931775
267 0.0740200654812063 0.9972567522489671
430 -0.038819637690901965 0.9992462337830187
62 -0.000841739674091747 0.9999996457370978
371 -0.016926604200572758 0.9998567347726558
37 -0.060606606633782076 0.9981617299978687
466 -0.5490729318756855 0.8357744405528555
200 -0.08507881960682297 0.9963742241017225
49 -0.16439099380473385 0.9863952560489594
48 0.03671127247091793 0.9993259140408428
203 -0.012438965368611127 0.999922633077459
187 -0.03829066235239606 0.9992666436825632
2 0.511232932571708 0.8594421962262101
171 -0.18096776791107352 0.9834890273802162
29 -0.027075499808279006 0.9996333914541531
451 -0.6175594216077935 0.7865242277154898
52 -0.10367160265542111 0.9946115818764915
504 -0.13492274544147054 0.9908561211207892
344 -0.02561816481519227 0.9996718009584453
161 -0.1501015228984469 0.9886705886307973
226 -0.09129334670343378 0.9958240431158945
401 -0.011290456460568775 0.999936260765111
40 -0.027431221255517415 0.9996236932468292
469 -0.5141999655172454 0.8576703302913443
346 0.013368047907081734 0.9999106436552988
170 -0.010823538843431622 0.9999414237878661
245 -0.1407394207172556 0.9900466733726098
188 0.0340803834722321 0.9994190950058868
441 -0.1259051216703382 0.9920422875750697
72 -0.09123768277565114 0.9958291446034956
373 -0.13466280712331066 0.9908914816354362
209 0.08287528860532585 0.9965599262154705
193 0.04182259184556303 0.9991250526392176
343 -0.14617582372758456 0.9892586257180487
137 -0.014810235323232631 0.9998903224502527
14 -0.055199162179221294 0.9984753639898744
325 0.02893043325680165 0.999581427414282
426 -0.07036414025549839 0.9975213720848815
467 -0.10377748330365269 0.9946005398948666
320 -0.5184623163582729 0.8551004774390051
45 0.017188289743983433 0.9998522704358264
172 0.02728933596275879 0.9996275767218067
66 -0.057842639981351036 0.9983257128813161
141 0.007152058279043692 0.999974423704113
366 0.01703408483509729 0.9998549094512816
443 -0.1344924574901286 0.9909146173501862
301 -0.07201965176984483 0.9974032132287074
27 -0.013714410081535696 0.9999059530556439
261 -0.17180193639848507 0.9851315113474601
228 -0.005855712145363267 0.9999828551706627
205 -0.07702103393803049 0.9970294681357802
184 0.0788019110219951 0.996890294274792
76 0.091531994996205 0.9958021359145675
