512 2
405 0.0858747521347043 0.996305940434866
315 0.12232638528119182 0.9924899271347984
226 0.5020356331708846 0.8648469361839175
9 0.04416886889654653 0.999024079299593
369 0.050104016369287886 0.9987440050101258
32 0.07658201555827647 0.9970632852999011
316 0.15031018933434498 0.9886388860358839
471 0.05769641779697662 0.9983341741988986
84 0.08294170943445367 0.9965544003395352
443 0.08176855968172317 0.9966513445772179
13 0.08994342144581212 0.9959468765645189
458 0.047852563823655894 0.9988544098793892
235 0.03373352725021857 0.9994308626109455
355 -0.0578085271048099 0.9983276887845857
426 0.08710403723095064 0.9961992203861983
272 0.04582710159549463 0.9989493864852995
133 0.05630346544724641 0.998413701718196
240 0.06844452886553536 0.9976549235423914
473 0.11065545427082221 0.9938588282246719
343 0.12679086612642906 0.9919294714176558
230 0.0661318039663648 0.9978108961642753
415 0.1417248856066985 0.9899060848382376
430 0.01478079850838464 0.9998907580308234
168 0.01910457038669997 0.9998174910404097
416 0.14121129893571807 0.9899794791069596
62 0.13412594864719551 0.9909642929487872
216 0.10836789303818314 0.9941108588877121
333 0.0640455098149982 0.9979469788884262
399 0.12258009999034399 0.9924586233623834
236 0.08042924901438347 0.9967603201888517
200 0.10555790276821443 0.9944131581808319
336 0.14976880966311373 0.9887210444064058
217 0.11843862371597849 0.992961375085791
218 -0.03913479808499561 0.9992339403657418
207 -0.3744448315511137 0.9272491941892741
322 0.13484469677717348 0.99086674570856
156 0.14337838460800528 0.9896679437201141
354 -0.041810507191204375 0.9991255584201688
459 0.10167602290072737 0.9948175643639847
275 0.08380139220321693 0.9964824768478383
119 0.09629915927026249 0.995352436036523
102 0.02760499134347286 0.9996189096115213
439 0.0717147617998165 0.997425181625166
423 0.15405368195724575 0.9880624793379291
262 0.08207525866425426 0.9966261344733017
324 0.17897783698710462 0.983853105838172
345 0.12168286700028387 0.9925690302838344
69 0.09874866357067826 0.9951124064360793
425 0.06388463614461556 0.9979572903008777
166 0.18423299193271908 0.9828825996442906
82 0.13449328793678728 0.9909145046369805
143 0.11596924643987441 0.9932528046173177
436 -0.04969776731835109 0.9987643024876145
6 0.05497923385554555 0.9984874980913166
223 0.010980074892582901 0.9999397171606663
175 0.05319536960547537 0.9985841239738077
72 0.03972189564438947 0.9992107740644195
107 0.1311270354023304 0.9913655736339627
132 0.11161120734184439 0.9937519501342857
499 0.08290024848770795 0.9965578502027247
53 0.10871445664516102 0.9940730189057277
38 0.05999306489367693 0.9981987939106433
403 -0.010870986863134976 0.9999409090764422
60 0.15234433580109566 0.988327477787258
130 0.1108085603774858 0.9938417695725357
267 0.01703184730273798 0.9998549475686243
281 0.0930391660778879 0.9956624496160993
106 0.004151368519223935 0.9999913830325827
16 0.013661963062370499 0.9999066710274926
341 0.08341823356066318 0.9965146252361873
19 0.06580118793163851 0.997832753354381
148 0.0696014516002119 0.9975748783600874
47 0.11698145934737235 0.9931340987847306
447 0.1477274290579077 0.9890281121909229
493 -0.02938909857100022 0.9995680471509601
51 0.11890766467079678 0.992905316373388
138 0.190046637856386 0.9817750635657252
380 0.09543497827548852 0.9954356658878347
279 0.134412722507455 0.9909254361596205
131 0.1148967857851855 0.9933774351253571
505 0.12819311284257043 0.9917492252680271
182 0.1374188961318893 0.9905130221182824
159 0.05285364190669365 0.9986022694432447
342 0.032940208485971414 0.9994573240838754
476 0.13521660267684815 0.9908160628292879
270 0.06150021959598296 0.9981070699026462
80 0.040461728282670965 0.9991810889645477
238 0.09800601230792692 0.9951858226238448
418 0.15880011862232313 0.9873107526637882
232 0.06964978305555085 0.997571505066336
313 -0.39597880502395594 0.9182596506281869
357 0.49058009919169066 0.871396101825726
172 0.06395362447803207 0.9979528715906995
432 0.10467552734909637 0.9945064273166809
33 0.02014272609866818 0.9997971147114367
386 0.08280528860380497 0.9965657450360415
303 0.10225424896943405 0.994758296556353
294 0.13015874508168496 0.9914931674392722
89 0.0842892270629123 0.9964413310381784
88 0.147379269168467 0.9890800528872112
169 0.11406756508876283 0.993472994396285
391 0.1689820092499915 0.9856191356451212
77 0.0769608729144848 0.9970341137795842
234 0.08419048305518578 0.9964496788914805
492 -0.01053086156388144 0.9999445489399512
196 0.0629041939926555 0.9980195701378477
144 -0.025319371294135327 0.9996794133307285
186 -0.012383559240995877 0.9999233207904118
136 0.11496767807067253 0.9933692329637748
233 0.05005724938333159 0.9987463500730178
189 0.016374701828878572 0.9998659255820329
118 -0.43640536005056096 0.8997501662790289
181 0.07930380651964006 0.996850493439962
99 0.0922059601426081 0.9957399564716582
461 0.12005904237694218 0.9927667532424379
22 0.07690452044278986 0.9970384620141114
411 -0.386243092964234 0.9223970257635387
208 -0.03502781307703841 0.999386337864912
305 0.11427846339109807 0.9934487570101286
474 0.0670650289803121 0.997748606557719
464 0.13399582697022178 0.9909818960781103
508 0.13524912876353234 0.990811623452564
466 0.07938181328887993 0.996844284589609
71 0.05169205879455638 0.998663071840338
78 0.05829595423890192 0.9982993447455406
438 0.04112590496867229 0.9991539720886404
490 0.17372199665901222 0.9847947338795057
277 0.14838148496666964 0.9889301971924439
10 0.019967135610179307 0.9998006368749345
14 0.17857138068826173 0.9839269596870939
424 0.08901407999328255 0.9960303677915395
428 0.052064880905532435 0.9986437043191595
54 0.04494556540385271 0.9989894374569374
115 0.02890750926780568 0.9995820906298449
244 0.4978226632316072 0.8672788455698606
151 0.01620044007069512 0.9998687642593482
393 0.1758126158371188 0.9844236507279321
185 0.14781003307013021 0.9890157704120836
180 0.10908942692271589 0.994031939594334
24 0.13311673479509992 0.9911003657135291
139 0.17896646796886687 0.9838551739675655
431 -0.3197933395304501 0.9474873191721155
441 0.2107076843577472 0.9775491147520906
50 -0.4405428090157729 0.8977316043364477
241 0.11613049850316758 0.9932339640373791
365 0.16874925759691897 0.9856590120627361
171 0.11843657877109727 0.992961619000955
49 0.042638846084431595 0.9990905508534191
346 0.06607625593849922 0.997814576161899
433 0.08793201402539498 0.996126478369809
290 0.08081927929903723 0.9967287715791012
57 0.1514493299426318 0.9884650223755658
465 0.06984014780016523 0.997558195673441
429 0.13342809957040805 0.9910584958745015
372 -0.02823901156564466 0.999601199592015
481 0.039704305234883906 0.9992114731856391
93 -0.015136278453964593 0.9998854399752823
349 -0.08448430611640624 0.9964248100183122
301 0.03556227322719488 0.9993674623094921
503 0.15333512897970805 0.9881742448681691
276 0.4744415835564843 0.8802869894485637
104 0.13763957268544383 0.9904823814843797
344 -0.031899705868397486 0.9994910748803661
61 0.052073985247500926 0.9986432296172858
302 0.08917367056311333 0.9960160924795851
1 0.08156411256044778 0.9966680969822534
378 0.15727824683871555 0.9875543291745219
258 0.11043427633106889 0.993883429085742
419 0.04087136246268804 0.9991644167655509
435 0.09710726009899089 0.9952739221119314
307 -0.09320693470519216 0.9956467583048026
374 0.0739833634691996 0.99725947572825
91 0.11716106318721071 0.993112926747428
251 0.21356319564383747 0.9769292510035678
312 0.06631080865988863 0.9977990161625093
256 0.11907615790537675 0.9928851235759822
395 0.10663272472479615 0.994298477328496
480 0.09523376248047409 0.9954549364405265
361 0.11606347072270187 0.9932417987397634
20 0.029434068599147965 0.9995667239387778
163 0.1293458879285521 0.991599536746551
437 0.01413152425309401 0.9999001450256342
309 0.07934682245061342 0.9968470704009672
404 0.14074276335736105 0.9900461981960912
114 0.10103499679207595 0.9948828722132194
39 0.030092197436062413 0.9995471272798842
455 0.05990549104136314 0.9982040533593787
152 0.040511320336541236 0.9991790795070672
478 -0.04693825179841993 0.9988977928287298
134 0.013355373057016916 0.9999108130280959
247 0.13758487565372188 0.9904899807627282
116 0.10919530110788 0.9940203147903766
250 0.1642158103213773 0.986424435849241
73 -0.04003167455418983 0.9991984112439267
43 -0.06465545992522924 0.9979076467799298
457 0.1625986308619682 0.9866922951162705
214 0.031133571399136785 0.9995152328663806
469 0.4510449787624572 0.8925012196816173
211 0.0611542741483531 0.9981283257945283
401 0.06411950882578535 0.9979422270792734
154 0.10751307643122165 0.9942036704801962
434 0.10876841016663227 0.9940671169241156
26 0.024717826610748058 0.9996944678488728
379 0.07451189747648887 0.9972201247139235
121 -0.10753285699448828 0.9942015312131656
266 0.01745469813260249 0.9998476551520734
409 0.12321470667735113 0.9923800361043215
147 0.05090379043145365 0.9987035616837014
191 0.17465927490734195 0.9846289340095797
504 0.08759448436049799 0.9961562158163841
278 0.07805706862979615 0.9969488923896366
398 0.1099649067527948 0.9939354703816788
453 0.12776072588044549 0.9918050196094502
155 0.03226091580770629 0.9994794811857061
407 0.13771332171863035 0.9904721303606786
402 0.10493040675685861 0.9944795672802134
482 0.1559271834252602 0.9877685525815575
112 0.16032295308497568 0.9870646132417638
11 -0.1448286964896342 0.9894567442152856
288 0.4771391383056742 0.878827766230061
224 0.16848100595956628 0.9857049003788367
479 0.13130610500163192 0.9913418718027099
389 0.13519991293574438 0.9908183403339722
381 0.041767990172964696 0.9991273367278622
269 0.12132835474837321 0.9926124270499804
37 0.09408156673173843 0.9955644925374255
296 0.10701113589593565 0.9942578220935763
448 0.13551654830422485 0.9907750830212216
377 0.1387304693708143 0.9903301756829151
219 0.1995398829473032 0.979889705585979
204 0.15462862807026548 0.9879726653005678
427 0.08495501623732582 0.9963847877281727
484 0.06440493364116615 0.9979238470558146
237 0.06378542175552986 0.9979636365977815
440 0.10080344593234518 0.994906360060164
199 0.020378337385872435 0.9997923401213812
383 0.09602897991128975 0.9953785385556578
293 0.0947625111161015 0.9954999078287105
124 -0.0847392860996117 0.9964031580596924
66 0.018150288970790972 0.9998352699371418
338 0.13662743566074995 0.9906225031891652
486 0.11397915949796121 0.9934831408736328
385 0.07674071739974682 0.997051083091018
388 -0.43750252985271254 0.8992171797583031
472 0.09195542972559173 0.9957631239125005
331 0.0806888418109443 0.996739339449993
314 0.16064797040849635 0.9870117677128429
179 0.037543457459707226 0.999294995885585
460 0.15431763106121446 0.9880212896206513
366 0.05742695118372674 0.9983497109118339
30 0.09451466084319968 0.9955234697814488
17 0.045211481155152396 0.9989774381695301
228 0.15920319804029673 0.9872458365238833
164 0.13632065623793646 0.9906647660449313
348 0.042309030681581455 0.9991045720657997
128 0.12349112838600987 0.9923456762690862
351 0.04254683725843955 0.9990944733303772
94 0.11937526400562014 0.9928492062461391
203 0.1434552715894711 0.9896568016505475
367 0.1343921667915801 0.9909282241943985
36 0.08138517961616623 0.9966827241097562
462 0.09130324110628278 0.9958231359852451
28 0.16677610557655415 0.985994792384178
410 0.025711170046919665 0.9996694132236008
422 0.033509358782485045 0.9994384037418147
162 0.13698795837757374 0.9905727127573948
327 0.1112152814000895 0.993796337879698
320 0.18330067936419203 0.983056896087213
149 0.074115957807088 0.9972496301319634
45 0.1512251176023063 0.9884993494212166
85 0.2178586258289949 0.9759803374822169
382 0.059774168758847085 0.9982119257698683
287 0.09163420599014903 0.9957927356094515
451 0.13626510548741172 0.9906724085319549
95 -0.030000020663813836 0.999549898084218
190 0.10090766289075083 0.9948957953323183
34 0.09809058714604914 0.9951774900555896
15 0.08640109276224649 0.9962604334055878
227 0.17932666568802452 0.9837895847045828
475 0.4649270877632311 0.8853489724758259
201 0.03697902373734937 0.9993160420024451
340 0.1475554044163686 0.9890537915743116
113 0.10929245313040117 0.9940096376236697
420 -0.4379865786333271 0.8989815108983457
470 0.13091017466577967 0.9913942334757526
450 0.07371419362130538 0.9972794080190168
215 0.05401391659855472 0.9985401828738213
176 0.13665327807520988 0.9906189386395252
360 0.1299189575570868 0.9915246161680908
387 0.11703028315331135 0.993128346602319
3 0.13656907506622792 0.990630550576528
123 0.12638362121061505 0.9919814415046743
229 0.07252897433668952 0.9973663057681806
101 0.14068573283351668 0.9900543038526203
323 -0.03364237412035893 0.9994339351170471
506 0.07190574959782153 0.9974114312432836
390 0.10105035967418254 0.9948813119210344
334 -0.01564798569219404 0.9998775627764517
352 0.08942567627697504 0.9959934981827971
454 0.03529907092509292 0.9993767936028058
195 0.08018905120500802 0.9967796727797175
97 0.11054338113961167 0.9938712999610274
231 0.11421512820116239 0.993456040542304
161 -0.0026037251982223755 0.9999966103018011
70 0.07769733607970246 0.9969769926964802
285 0.11808402961241657 0.9930036062122302
300 0.09854357886546129 0.9951327364047405
376 0.14347569214622324 0.989653841382512
298 0.04115322998191143 0.9991528469969226
188 0.07363652567728876 0.9972851458264973
140 0.03968136197108629 0.9992123845870403
209 0.030328297503397494 0.999539991381308
261 0.08898929990061258 0.9960325820490005
212 0.004524051075384905 0.9999897664285707
63 0.12912114461599605 0.9916288267356164
246 0.20694426318294154 0.9783527339030998
252 0.1424905211618261 0.9897961665812972
491 0.037018801385862735 0.9993145692643304
358 -0.4008914543104296 0.9161255600958138
67 0.1332697221620553 0.9910798056437478
109 0.12230907178628861 0.9924920609046586
497 0.1802890220802589 0.9836136784923966
356 0.041396343932928945 0.9991428039619696
384 0.16090879948181663 0.9869692792834641
412 0.039163231437811835 0.9992328263739879
318 0.15033058984601977 0.9886357841776454
146 0.07630490933508648 0.9970845304242586
452 0.055799981035858266 0.9984419673252911
337 0.6247584522717513 0.7808180814472767
243 0.07795646263948297 0.9969567643246818
23 0.05064553673297261 0.998716691363987
306 0.11035321454831741 0.993892432831065
167 0.15670350583221707 0.9876456911564452
446 0.08670864705112342 0.9962337128036591
292 0.09426820537872847 0.9955468373987604
249 0.10062860412481239 0.9949240594296088
328 0.06835413028820163 0.9976611212593901
177 0.09411564112390954 0.9955612718943196
363 0.09415104414361711 0.9955579244256291
120 0.09592005867226115 0.9953890406993188
7 0.01226800759557871 0.9999247451631722
417 -0.004074435759702822 0.9999916994521706
48 0.06925673030751765 0.9975988699407753
259 -0.0008337864065243734 0.9999996524000537
242 0.08365585978214328 0.9964947050155912
408 0.041318205041253116 0.9991460383408268
183 -0.10011098452869119 0.9949762764893926
326 0.013509803278881736 0.999908738443347
304 0.09202736548550496 0.9957564782625306
35 0.1100673334507419 0.9939241329734595
174 0.03907263080695738 0.9992363731979652
158 0.13907674417485047 0.9902816060241265
18 0.053717326961632776 0.9985561820869655
445 0.10888871194453192 0.9940539464289956
280 0.1366316806130348 0.9906219177127356
414 0.10159861617017164 0.9948254727299186
65 0.06282181853295678 0.9980247587691461
268 0.06300010703055489 0.9980135202060835
370 0.04521080864840538 0.9989774686054521
87 0.1574154902759068 0.987532461958186
368 0.06195678964234184 0.998078832666646
213 0.09082170698766912 0.9958671686223247
289 0.08406546931120945 0.9964602334611683
126 0.06344545067306619 0.9979853079023215
74 0.15632655397502945 0.9877054259860538
76 0.18116528396722956 0.9834526627576302
64 0.0542124209329199 0.9985294254134888
27 -0.0007092430072052615 0.9999997484871467
145 0.13626942369290926 0.9906718145614128
263 0.03764885785030332 0.9992910304323599
141 0.003954847645781088 0.9999921795594696
325 0.001380896412209796 0.9999990465620949
187 0.12823798076486845 0.9917434246262231
254 0.17323866944983618 0.9848798725769811
295 0.13563680170323456 0.9907586275292877
467 0.0476503118548469 0.9988640787315037
373 0.04532337167080119 0.9989723679764072
257 0.13060930960710726 0.991433915217729
500 0.09166296795839977 0.9957900884750046
129 0.0437595790540776 0.9990420908255117
160 0.0755503010529564 0.9971419919002547
286 0.24052574829769907 0.9706427583853042
400 0.005026623088527852 0.9999873664503596
68 0.07667146433203167 0.9970564109202557
184 0.17893918815052215 0.9838601358648656
350 0.06444802529015514 0.9979210650328008
507 0.09029061633468087 0.9959154605697731
319 0.09682230356815984 0.9953016836777456
297 0.1373246760060214 0.9905260891868732
335 0.11720114028144511 0.9931081978902043
265 -0.0017119729309203544 0.999998534573268
135 0.07036381479490347 0.9975213950424866
58 0.08897408407605434 0.9960339413708889
83 0.1356149715916622 0.9907616158694242
12 0.08000284458165852 0.9967946352478242
79 0.01640904270195752 0.9998653625951873
222 0.13589030087536766 0.9907238899552196
321 0.1199096158372294 0.992784812549914
271 0.037932508416899 0.9992803034210181
122 -0.02601029857186423 0.9996616749521824
92 0.05886016573431939 0.998266237478624
110 0.10702241942605513 0.9942566075919201
137 0.14727174937198634 0.9890960680524996
502 0.04828495154783776 0.9988336014842627
510 0.07634641895770299 0.9970813529057371
359 0.1456651016661439 0.98933395683995
197 0.08550008607654115 0.9963381631157686
371 0.09122144563800011 0.9958306321135705
25 0.08653788058184189 0.9962485609647839
157 0.06306730946643455 0.9980092757468063
489 0.03746866210481941 0.9992978031398223
59 0.04103199958601491 0.9991578328822596
310 0.4859292662885864 0.8739981396800774
330 0.13930106943168064 0.9902500755138522
496 0.031138034447081804 0.9995150938383933
2 0.512008267599562 0.8589805200990854
498 0.02070062677450776 0.9997857190674121
253 0.09239794597992922 0.9957221598310897
42 0.11747503124987846 0.993075836496307
449 0.019409100155607543 0.9998116256731312
103 -0.10282230468370288 0.9946997404541391
31 0.16517471366859607 0.9862643225649488
29 0.021859006429751277 0.9997610633735964
239 0.07798257313386205 0.996954722285532
40 0.14905895194686658 0.9888283111058773
150 0.07308276407535988 0.9973258793368922
332 0.5094038368657104 0.8605275887422162
41 0.19543826730161493 0.9807160056173972
364 0.14770238788678489 0.9890318521728922
100 0.12150298576354027 0.9925910660743148
127 0.06569479466410241 0.9978397636665125
142 0.08233807461104968 0.9966044558747192
8 0.0801581102954833 0.9967821614344113
173 0.07220078215419634 0.9973901177855746
468 0.04882587598335242 0.9988073056573316
55 0.09733012208498297 0.9952521526401851
308 0.19181161547007206 0.9814317623608689
485 0.0903023457413161 0.9959143971012848
264 0.017927678914970276 0.9998392862499061
299 0.14162189925635063 0.9899208239303908
396 0.10685538694756905 0.9942745728823027
511 0.1037780801979892 0.9946004776142126
194 0.15732201442517177 0.9875473577389623
347 0.07791500257069157 0.9969600054036315
291 0.09792363534070868 0.9951939316744551
509 -0.0037637562962689413 0.999992917044187
81 0.02517573037562836 0.9996830410685448
248 0.13084139624834867 0.991403313000205
311 0.15443121536475893 0.9880035423625582
421 0.07767452554984657 0.9969787701253253
52 0.05191675404166523 0.9986514159854665
329 0.07317390772238277 0.9973191962599718
165 0.03078609839854861 0.9995259957326746
202 0.1037331206491677 0.9946051677325958
394 0.12565808778859427 0.9920736086467145
483 0.13161723181919047 0.9913006124724494
488 0.11515361305800183 0.9933476961264308
210 -0.6247584522717508 0.780818081447277
206 -0.0013895192773734437 0.9999990346176229
260 0.09368601060658567 0.9956017935985364
225 0.16099794991410032 0.9869547406661852
44 0.14122921277412476 0.9899769237003462
282 0.03744715045852885 0.9992986094869424
339 0.5048175644268224 0.8632260576732906
86 0.06372073468252996 0.9979677690043496
117 0.13637258083057097 0.9906576195626869
273 0.03655981884844718 0.9993314663542666
442 0.040945010421255514 0.9991614014370268
283 0.11981834605763561 0.9927958319553989
220 0.1584520938305629 0.9873666664217049
463 0.08664091211220766 0.9962396058922596
444 0.1572341946466979 0.9875613439345449
477 0.07577722500264994 0.9971247726192033
198 0.07284539459494004 0.9973432450697741
245 0.025731158470789207 0.9996688989279157
406 0.18523118077372303 0.9826949728522947
456 0.16407629227887402 0.986447652089059
255 0.037404257033131515 0.9993002159290266
317 0.13904360557455545 0.9902862594971352
494 0.09770878501844497 0.9952150487860497
487 0.09005231970765129 0.995937036019482
284 0.04042001312003236 0.9991827773432528
205 0.0045353076117856835 0.9999897154395472
274 0.03692986741175639 0.9993178597888411
178 0.020656260265476116 0.9997866366939723
105 0.08552967686437435 0.9963356233596566
46 0.05657450673935557 0.9983983800002875
392 0.03491689074721171 0.9993902194541164
375 0.085453369084717 0.9963421709995373
397 0.12912157637827318 0.9916287705152519
90 -0.037862679259420426 0.999282951680503
108 0.07087092526258719 0.9974854946075279
170 0.04771458251957468 0.998861010659132
75 0.13074893323679615 0.99141551150738
111 0.03816063968860789 0.9992716175187586
21 0.06968290374798816 0.9975691920489769
96 -0.0032334759119218505 0.9999947723030991
98 0.05466552771423891 0.9985047221118805
193 0.19390451617202686 0.9810204068255116
0 0.15059492838478117 0.9885955530674728
413 0.1071119575336374 0.9942469655741033
362 0.15432808554067418 0.9880196566938082
495 0.12657718741558546 0.9919567609658999
501 0.1736667464013968 0.9848044786628223
221 0.1532962971099797 0.9881802696332127
153 0.052385339157250896 0.9986269454813342
125 0.12153946818719415 0.9925865995835196
192 0.057703887639619277 0.9983337424685567
353 0.13488741840113783 0.9908609308864067
5 0.02660034998204373 0.9996461480848274
56 0.14592946186023673 0.9892949975417755
4 0.14056052512504488 0.9900720876666363
