511 2
89 -0.07067859141437965 0.9974991412104971
23 -0.11968204642746995 0.9928122721657568
391 -0.1381522991946804 0.9904109966207078
198 0.04512886825393559 0.9989811736214647
257 -0.06437374528560895 0.9979258594293985
269 0.051571219393835195 0.9986693193095665
441 -0.11074596610147913 0.9938487465365391
456 0.003965179792566024 0.9999921386437058
410 -0.13130319849580438 0.9913422567734977
66 0.024368555505690996 0.999703042659452
177 0.02976161219642594 0.9995570251063565
305 -0.15142676011796755 0.9884684801854715
124 -0.1632300388410898 0.9865880368319576
487 0.06632107128669557 0.9977983340852924
30 -0.07252559967059867 0.9973665511698395
251 -0.1544765868146437 0.9879964494501474
482 0.09691845149999327 0.9952923257811462
256 -0.01615813601912335 0.9998694487983856
291 0.1725730335429395 0.9849967249152596
368 0.08579635855936944 0.9963126943173775
168 -0.06479456746215179 0.9978986241234089
165 -0.0415362102762085 0.9991369992327833
386 -0.06126579074392997 0.9981214870367839
348 0.023671094954353402 0.9997198003759163
182 -0.5307162819730545 0.8475495431234078
376 -0.08201889120138986 0.9966307749041741
232 -0.019237914836320154 0.9998149341916984
2 -0.11851729930604281 0.9929519876435124
74 0.10951429955175138 0.9939852203094818
425 0.06518029887645127 0.9978735033251341
159 0.12854536343350045 0.991703629891385
235 0.08350579084328663 0.9965072919430331
174 -0.07356850136007392 0.997290166204216
247 -0.11807485591259753 0.9930046970690618
133 -0.056589136407469355 0.9983975508987674
260 0.04334161993407086 0.9990603104825506
175 -0.10538915709001362 0.9944310562164963
382 -0.0020013426662461122 0.9999979973117608
472 -0.048803225128236684 0.9988084126683568
184 -0.09720728321001045 0.9952641579454818
378 -0.06857422119512582 0.9976460174768814
50 -0.14917909207881222 0.9888101933569159
208 0.0694226736137703 0.9975873357196932
138 -0.05787401451912656 0.9983238945569921
396 -0.0973602419186933 0.9952492066279348
297 -0.12954563230865104 0.9915734612976245
299 -0.0919833521181805 0.9957605449771059
0 -0.22589790027691997 0.9741509834981839
325 -0.09426216447302908 0.9955474093928725
280 -0.022711884109806724 0.9997420518914779
225 -0.07250283404056912 0.9973682063591588
111 -0.12105616268928047 0.9926456595759366
211 -0.033012686100520175 0.9994549327290493
338 0.07739369885963782 0.9970006095167765
61 -0.17436827275018243 0.9846805093318939
98 0.004930677580968702 0.9999878441354136
7 -0.1306676989800688 0.9914262213817295
209 -0.004596650879604272 0.9999894353445395
55 -0.013745656230295387 0.9999055240045425
387 -0.19319148550372575 0.9811610723672559
356 -0.1004017049757322 0.9949469823251719
403 0.15908794166415552 0.9872644158567969
246 -0.006567809029472766 0.9999784317096806
181 -0.08531640971421084 0.9963539081237535
455 0.020791913540905642 0.9997838247997951
509 0.12154148892954629 0.9925863521471516
440 -0.05197586125628522 0.9986483414328927
442 0.0845442010967075 0.9964197298633342
420 -0.02591970940064544 0.999664027893665
213 0.014681034504724244 0.9998922278055127
446 0.5218105292892936 0.8530614113431854
27 -0.0417360691905519 0.9991286706568486
449 0.0938192991311127 0.9955892421629247
302 0.5222466893596075 0.8527944626068638
194 0.025092722500558495 0.9996851280665877
35 -0.6313570256402763 0.77549229923621
36 0.08382579258804258 0.9964804245427937
221 0.008795853396190706 0.9999613157332802
5 -0.07854020696686591 0.9969109468200266
380 -0.08143791375584732 0.9966784166435507
415 -0.080706228384421 0.996737931805528
329 0.09771163577227895 0.9952147688990078
144 -0.07030903866680022 0.9975252573653212
493 -0.007980034090011013 0.9999681590210372
395 0.06877237363816716 0.9976323774939205
304 -0.09241240092514266 0.9957208183799566
362 0.10066526095955704 0.9949203512020168
148 -0.5211655680988901 0.8534555938232294
180 -0.11623136679511673 0.9932221651639371
162 -0.07919125452194974 0.9968594410483556
341 -0.03695574495009273 0.9993169031469366
296 -0.01816462224998607 0.999835009638348
234 -0.03083015893615741 0.9995246376653111
44 0.027951909393925625 0.9996092690452776
412 -0.04690153625252033 0.9988995174176197
135 -0.030218319513302786 0.9995433223056377
467 0.0015356580945789997 0.999998820876413
504 0.1876056249746861 0.9822444346891753
491 0.039575616955471786 0.9992165783965925
454 0.07020343020752087 0.9975326953975482
501 -0.007040441218438208 0.9999752157865963
222 0.03871375141335575 0.9992503417319931
428 -0.04335533414783171 0.9990597154329314
418 -0.049567109922908 0.9987707953348908
16 -0.10061982804052505 0.9949249470211786
300 -0.013038362691793218 0.9999149969363982
9 -0.22202764593645874 0.9750403706718582
68 -0.18340637881688 0.9830371814988889
349 -0.5479937491560973 0.836482427123155
197 -0.09136808113797769 0.9958171889203178
388 0.09353077929122633 0.9956163886383027
123 -0.014457700103079636 0.9998954819918576
100 -0.10808971732534331 0.9941411434039571
214 0.08919268442991835 0.9960143899784706
127 -0.09654685250056037 0.9953284409039235
17 0.026262236994534244 0.999655087971868
409 -0.015146282100535076 0.9998852884899002
110 -0.04565976657208526 0.9989570489848814
270 0.04860788952384599 0.9988179379026177
286 -0.08758395216545803 0.9961571418822829
18 -0.1714805094665912 0.9851875125442254
485 0.03796788267105938 0.9992789599933928
179 0.058536703112049206 0.9982852570226467
490 0.10705422651644701 0.9942531833416302
105 0.057875877834051834 0.9983237865366817
277 -0.17346246687020128 0.9848404807821947
237 -0.015777938743337012 0.9998755205769424
389 -0.0024420028526481227 0.9999970183065885
390 -0.12034498429619628 0.99273213142053
189 -0.03591789023606691 0.9993547444031021
328 -0.04059625973864393 0.9991756320563631
459 -0.052303635495022746 0.9986312280887293
150 -0.0655755810664746 0.9978476051821713
245 -0.05706188948754915 0.9983706429819091
384 0.5462908491345491 0.8375955516547668
295 -0.15425129417125805 0.9880316484032745
354 -0.037775412032409555 0.9992862544065048
398 -0.058458584605760575 0.9982898346101152
263 -0.1696117122722822 0.9855109674986193
122 -0.16062703758238442 0.9870151745528065
42 -0.09672759327656018 0.9953108924848177
216 -0.519573600188441 0.8544256983420044
486 0.06959922166258158 0.9975750339417897
40 -0.10030218847557908 0.9949570196681911
505 0.025522722068834484 0.9996742422700493
347 -0.0017327518234797868 0.9999984987844323
53 -0.12998348154802525 0.9915161594874056
407 -0.03995203080706163 0.9992015988950336
275 -0.0934574432843583 0.9956232752877722
80 -0.05754851709328753 0.998342710786413
358 -0.04073367041487769 0.9991700396301583
146 0.0025616549382560315 0.9999967189566061
471 -0.08589674323224934 0.9963040447082875
37 -0.06409258191872126 0.997943956814706
139 -0.13373411549827327 0.99101724826155
361 -0.10987179264746587 0.9939457677260023
78 0.05231775658069378 0.9986304883921596
489 0.06998805850261612 0.9975478292628551
202 -0.10417529137373056 0.9945589518310106
102 -0.06325503880326835 0.9979973948192435
26 -0.19472408863440263 0.9808580576747593
114 -0.009808040494167775 0.9999519000140281
39 -0.06993733292628657 0.9975513868784696
399 0.153478100438708 0.9881520493758671
274 -0.08387115352543689 0.9964766076563527
86 -0.051941719508932775 0.9986501177962457
167 -0.19620509001221517 0.9805628805198056
430 0.14751491735202918 0.9890598309296683
259 0.0580079196998315 0.9983161229050135
54 -0.11864925913299446 0.9929362282176996
103 -0.11444845659158966 0.9934291876041306
191 -0.1325677380888451 0.9911739478103766
67 -0.06811722245371701 0.99767732459207
229 -0.1321845504448065 0.991225123079366
188 -0.003193256657222704 0.9999949015429633
19 -0.09731329833994726 0.9952537977652739
335 -0.0019353094107608033 0.9999981272869887
90 -0.016649905913032014 0.9998613807088896
317 -0.09076989433643431 0.9958718925053324
231 0.03226945098088965 0.9994792056533203
51 -0.1981295404247541 0.980175844025487
462 0.054135509410764004 0.9985335981432157
109 -0.1327408730133177 0.991150775932533
281 0.00985058873764043 0.9999514817737517
230 0.028748725985611706 0.9995866699562396
48 -0.0282112601489578 0.999601983191714
276 -0.12330136619972633 0.9923692725459011
47 -0.16590621597908872 0.9861415352268151
97 -0.12902874906740494 0.9916408532901922
218 -0.12788031041135312 0.9917896078347946
195 -0.09172882580398221 0.9957840240316285
294 -0.5043285582647256 0.8635118443418268
250 -0.0700376590820423 0.9975443480418841
477 0.052783098010713195 0.9986060006651228
495 0.5376862428996089 0.8431450078109357
108 -0.09013539836586475 0.9959295205793565
290 -0.05530170742741609 0.998469689652927
405 -0.047583704464433385 0.9988672539779456
228 -0.06342483580129332 0.9979866182487513
224 -0.201149537396869 0.9795605461659965
320 -0.10092304374547502 0.994894235203496
319 -0.10951355851853736 0.9939853019540112
424 -0.11524165950683446 0.9933374854067025
132 0.05123126013889868 0.9986868167671887
255 -0.06552768312327158 0.9978507517382027
326 -0.10155134856400196 0.9948302988976726
385 0.08728043194852839 0.9961837813369973
443 0.012534315517788736 0.9999214423816005
45 -0.05830916369243002 0.9982985732883171
448 0.09671255173603709 0.9953123541565755
43 -0.0278642641371035 0.9996117160098204
85 -0.16312227166621757 0.9866058607602393
92 -0.0002500949240756833 0.999999968726264
154 -0.0708752324230934 0.9974851885762378
494 0.15111989303256904 0.9885154414220472
445 0.01570976248940826 0.9998765940667509
70 -0.11467598513194419 0.9934029486739097
500 0.1177333169146941 0.9930452487617392
497 0.03977985503671143 0.9992084683054174
87 0.04716902160833757 0.9988869222291943
313 -0.011434495580966953 0.999934624018395
289 -0.014647417378186828 0.9998927208276642
480 -0.11334154114433902 0.9935560855085263
227 -0.062105119788990845 0.9980696138526587
91 0.026581521140557327 0.9996466489384407
262 -0.03369751473606713 0.9994320774823131
220 -0.12401947927767393 0.9922797835085096
243 -0.11054460553986899 0.9938711637762888
507 0.16282991500443145 0.9866541535815119
94 -0.020553328592842833 0.9997887580302925
451 0.01707491624136636 0.9998542129907492
130 -0.02985825666625223 0.9995541428601316
436 0.00018617592779432337 0.9999999826692617
242 -0.5359776910927102 0.8442321449997787
508 0.13667154006993928 0.9906164192738333
207 0.04155938212174943 0.9991360356616402
244 0.09660682605328101 0.9953226216458214
351 -0.18993036729156432 0.9817975634419203
311 -0.08738880828529787 0.9961742800265803
292 -0.09320095110147898 0.995647318438502
465 0.05748444636691776 0.9983464020198043
374 -0.02118162570977525 0.9997756441983827
414 0.5386350480131044 0.8425391890303505
141 -0.07852769612027934 0.9969119323902392
24 -0.09393887118434585 0.9955779670526115
166 -0.08512306357987744 0.9963704451893263
460 -0.06780080010386447 0.9976988781718038
22 -0.17170180660186243 0.9851489682325494
95 -0.10510904694433448 0.9944607022152528
200 -0.046303859090804755 0.9989274010824305
115 -0.021038364719307444 0.9997786691112875
4 -0.016453932319713083 0.9998646248923992
308 0.007009368304963385 0.9999754340762405
29 -0.04841339291603762 0.9988273841792472
278 -0.1405804003542347 0.9900692657770178
312 -0.0618187919646692 0.9980873894404382
444 0.1175178978948406 0.9930707646861717
339 -0.014309666453732845 0.999897611481287
379 0.06583388563054143 0.9978305965958274
499 0.05310978028336404 0.9985886797066412
93 -0.01255325293634005 0.9999212048160178
59 -0.4962745037596647 0.8681656621394895
120 -0.013472451696339786 0.9999092424041744
432 -0.08806228320646509 0.9961149704107776
365 -0.12771383876627238 0.9918110583107966
408 -0.03722671704574249 0.9993068455374435
404 -0.06490831699122451 0.997891231740898
8 -0.09829552011091139 0.9951572693429543
73 -0.21064438205940747 0.9775627572216581
170 -0.09944029097603885 0.995043530972691
332 -0.10886561029334439 0.9940564767131984
1 -0.1839423506752857 0.9829370333994187
113 0.16034325169192823 0.9870613160472146
357 0.5223395591773798 0.8527375826820233
336 0.06730194224643883 0.9977326538556593
107 0.011077026474776154 0.999938647860196
287 -0.02521567780872716 0.9996820342452126
254 -0.03944082819941848 0.999221907821753
206 0.008017552637240478 0.9999678589083297
426 0.029240410766152573 0.9995724077715563
314 0.049819416094703056 0.9987582419084124
323 0.06061712300161433 0.998161091407097
506 0.1893147294705348 0.9819164593821096
303 -0.080326464619407 0.9967686085956695
145 -0.06365071290424944 0.997972237462937
417 -0.05676415561903138 0.9983876154264226
416 0.0052496105250528086 0.9999862206997332
434 -0.08978703250783888 0.9959609875860783
322 -0.07718145266591799 0.9970170627247954
169 -0.12051121274061961 0.9927119660827027
129 -0.14534859406593337 0.9893805062780733
496 -0.05880166231591976 0.9982696852598925
6 -0.49345074797073785 0.8697737403067072
14 -0.032820310233815306 0.9994612685022648
190 -0.0029399583957806555 0.9999956783129771
392 0.006956461271843709 0.999975803530552
178 -0.016244884326284004 0.9998680431603091
492 0.15200395614102336 0.9883798851238715
153 -0.008743180428802774 0.9999617776675214
151 0.007481380823704422 0.9999720140788794
283 0.07854363365494205 0.9969106768473683
343 -0.04771739870962868 0.998860876128596
371 -0.051186847022466626 0.9986890941088216
71 -0.0820963509066558 0.9966243972368984
345 0.05309411863744011 0.9985895125456272
210 0.11883528155911346 0.9929139821035688
119 -0.021482133985621196 0.9997692323328538
236 -0.020353962592551456 0.9997928366450627
355 -0.17245981686271908 0.9850165539561644
475 -0.03594735956496973 0.9993536848084901
282 -0.1071535368826582 0.9942424852788865
366 0.0821997608963489 0.9966158734982015
79 0.006817195696728335 0.9999767626514291
484 0.15809075615219179 0.98742458588959
142 0.05511131355277081 0.9984802166885872
421 -0.01788359028499698 0.999840075811386
429 -0.00592551281496679 0.9999824439948332
15 -0.20465726598222506 0.9788336955176199
63 -0.06521181443129222 0.9978714442545085
58 -0.1205703737017068 0.992704782392747
367 0.07319145959514567 0.997317908313258
3 -0.15601356016328788 0.987754913450283
458 -0.08008570649649269 0.996787981275335
183 -0.010619666359356548 0.999943609753278
301 0.0908724435467651 0.9958625402151845
293 -0.008993165130678943 0.9999595606727966
330 0.052608187441668564 0.9986152305137863
158 -0.0020475273040324988 0.9999979038137726
72 -0.10419447848119434 0.9945569418862009
60 -0.01954465968591473 0.9998089848954959
318 -0.1329734704560411 0.9911195973013934
266 0.01391324646138568 0.9999032061019231
364 -0.07159107408250048 0.9974340670499047
143 -0.1525124202535084 0.9883015540149763
203 0.03443672080642105 0.9994068802345221
99 -0.11881897298018257 0.9929159338332397
353 -0.13625614563140537 0.9906736409018226
252 0.03536367835650427 0.9993745095073707
288 0.0300976327749659 0.9995469636296952
126 0.0009593116919006686 0.999999539860433
125 -0.0724360417863655 0.9973730595170115
64 0.07096049607524102 0.9974791265970209
298 -0.12056328899348312 0.9927056428504241
253 -0.021564222863778352 0.999767465109903
199 -0.14783339774344298 0.9890122782410888
450 0.07024591172275986 0.9975297047638423
156 -0.08673000558776417 0.9962318536017338
439 0.03891946264722057 0.9992423506973929
171 -0.03758512392696262 0.9992934296088385
161 -0.127738444180933 0.9918078896027369
394 -0.10244031400962372 0.9947391527760481
196 -0.08508200929876837 0.9963739517338279
359 -0.051653621995401085 0.9986650606358249
406 0.5327370981597997 0.8462807951526939
160 -0.1086902305365718 0.9940756680383576
479 0.5334919341523638 0.8458051526175339
137 -0.12240757025300505 0.9924799175523682
321 0.09288594923434361 0.9956767549937253
215 -0.19291365261109547 0.9812157370508514
483 0.549534203406602 0.8354712199030386
186 -0.09829277419908954 0.9951575405634259
106 -0.08474693132656826 0.996402507840446
69 -0.08557873267551339 0.9963314109841429
84 -0.11978320754534398 0.9928000721142948
76 -0.024132403822772357 0.9997087711357416
478 0.07102616510359036 0.9974744527408599
240 -0.09553985217036784 0.9954256057824031
369 -0.04458742387706647 0.9990054862872408
11 -0.13572221927616673 0.9907469299446515
463 0.13631931967235925 0.9906649499624307
452 -0.016777026003809745 0.9998592557947682
464 0.06826611075359276 0.9976671479619735
331 0.12020692352823269 0.9927488582395234
284 -0.0812007975791245 0.9966977628511634
157 -0.09893052673235316 0.9950943427034741
33 -0.16868090886230216 0.9856707112344304
176 -0.0524337517056828 0.9986244047098323
46 0.09005566530558762 0.995936733505883
381 0.05446228393751553 0.9985158284315324
131 -0.10948482130747887 0.9939884676912853
32 -0.09267344297322344 0.9956965566715036
77 0.03249578400059073 0.9994718725517927
121 0.05368932480718384 0.9985576880690212
307 -0.11666879582523615 0.9931708775838574
118 0.08806637980531368 0.9961146082394265
285 -0.021008236349261106 0.9997793026490864
101 -0.03257788098563028 0.9994691999609024
187 -0.025131110372840375 0.9996841637694517
136 -0.20928425983590884 0.9778548453553502
433 0.029493066128704507 0.999564984906098
431 -0.06845262975652508 0.9976543677443687
205 0.03913026497127381 0.9992341178939389
273 -0.07706871668231714 0.997025783472494
393 -0.07715335717141149 0.99701923726535
75 -0.06470923370525088 0.9979041612666415
272 -0.09461675548209648 0.9955137716687004
116 -0.09317725276441367 0.9956495365173814
350 -0.07864650702181111 0.9969025664192406
217 -0.057892642380421154 0.9983228145035116
457 -0.012199413554854923 0.999925584385617
10 -0.05928038581192969 0.9982413715419676
466 0.002560913467393692 0.9999967208557298
340 -0.5486320010866155 0.8360639493386232
238 -0.10610444096515854 0.9943549907389568
192 -0.10831227084980427 0.9941169206805398
81 0.5618104249809927 0.8272660070271693
265 0.0915429072863901 0.9958011328199801
342 -0.022478551345181 0.999747325442495
173 -0.003440001973908749 0.9999940831757054
363 0.1778766517937859 0.984052791646176
372 -0.05307050557211398 0.9985907677513949
152 -0.05892750066759167 0.9982622649710201
309 -0.050965233657700997 0.9987004280354624
473 0.05629845948636756 0.9984139840063648
427 -0.030143456609912942 0.9995455827642911
402 0.04069166850947727 0.9991717510588031
185 0.1200305806123239 0.9927701948174453
324 0.10320060418921596 0.9946605628529668
333 0.044404492832476494 0.9990136340492507
268 0.07770200307764617 0.9969766289726762
315 -0.10823234729293 0.9941256253610319
469 -0.04094731230386653 0.9991613071046584
164 -0.029326988472371807 0.9995698713682507
204 -0.5169444373193082 0.8560189534844563
134 0.019573391571550365 0.9998084228202854
503 0.15602012870405912 0.9877538759423671
423 0.07168525611201833 0.9974273026422298
193 -0.553154844430629 0.8330784585397264
502 0.5514268287129451 0.8342232630271013
172 -0.07076923677976195 0.9974927143220695
38 -0.1408481659937319 0.9900312086677885
438 0.03694213863910269 0.9993174062292567
52 -0.10056196974857542 0.9949307967091413
149 0.006832279592243449 0.999976659705402
201 -0.2675761806083009 0.9635367079520499
510 0.17590482853242248 0.9844071775942002
474 -0.5143434075611816 0.8575843160286644
112 -0.04918327336278829 0.9987897704829185
310 -0.0793806446002339 0.9968443776552343
334 0.6313570256402757 0.7754922992362105
264 -0.058108584783275845 0.9983102685911254
306 -0.07497138390545494 0.9971856856149213
476 0.018827484005168763 0.9998227472137423
41 0.00332152896390284 0.9999944837074562
271 -0.19504103237050355 0.9807950834358053
375 -0.5114858508807345 0.8592916992202421
65 -0.041399177799783984 0.9991426865455714
377 0.018398027837337724 0.9998307419617065
261 0.1819776498530144 0.9833026670125398
411 -0.006470288269095638 0.999979067465772
279 -0.10288816299990167 0.9946929304637213
481 -0.005130551174892712 0.9999868386357103
346 -0.1574058769733848 0.9875339942980392
20 0.01110646008020915 0.9999383213701166
453 0.033310489938945316 0.999445051646176
419 0.1254451049812373 0.9921005622598178
88 -0.04124131509031482 0.9991492150472927
163 -0.07644184961636813 0.9970740411961534
212 0.15053344253462897 0.9886049173854405
437 -0.06709223674325436 0.9977467773783022
49 -0.07740256899256343 0.9969999209194308
327 -0.10878403512004314 0.9940654071553849
241 -0.047987114415234816 0.9988479548210023
13 -0.053740181404637065 0.9985549523699719
435 -0.008077615756971175 0.9999673755296634
401 -0.017666117084376817 0.9998439419765272
267 -0.046282487684537625 0.9989283914944707
422 0.06980152799420307 0.9975608987373524
488 0.13957501314968446 0.9902115004908121
219 -0.05257939196745935 0.99861674707584
498 0.01962854291972486 0.9998073415927933
239 -0.060771278926260004 0.9981517177552051
461 0.11422198353648057 0.9934552523777767
360 -0.0659081120266852 0.9978256965868728
383 0.5348445639066343 0.844950467459201
57 -0.10507095269493236 0.9944647278308966
370 0.017993808471613897 0.9998380983222667
344 -0.10656388523011778 0.9943058575532292
104 -0.016276481991156676 0.9998675292927516
468 0.15531864038358711 0.9878644238707018
147 -0.12772029304261864 0.9918102271831581
82 -0.02782229638477999 0.9996128849829206
413 0.02599870027040719 0.9996619766622363
337 0.03258450752281336 0.9994689839457229
117 -0.014137082129075065 0.9999000664610818
62 -0.1525696601416918 0.9882927191901439
128 -0.13234424218865914 0.9912038143386603
258 -0.04674963202804668 0.998906638232644
31 -0.059999106584044296 0.9981984307787287
34 0.041212664669454266 0.9991503972229822
21 -0.14552978238466074 0.9893538711902194
223 0.0006769849069919438 0.9999997708456917
96 -0.09390344069583897 0.9955813094998737
56 -0.2468114133020867 0.9690635305612457
28 -0.10153340817851068 0.9948321300720319
140 -0.030342039358959082 0.99953957432787
373 0.09356483902569557 0.9956131883910013
83 -0.12214823426855835 0.9925118683749194
233 0.0397104533091467 0.9992112288690426
470 0.052320031076065976 0.9986303692298766
352 -0.08431434586502075 0.9964392059134133
397 -0.08975456102359958 0.995963914394222
249 0.052927230324212704 0.9985983718643886
12 -0.14447855555767758 0.9895079317438377
155 -0.018672580863657813 0.999825652163361
316 -0.04879361210092909 0.9988088823284182
400 0.0771927353758976 0.9970161892392655
248 -0.0012652790570167392 0.9999991995341336
447 0.028331033092598712 0.9995985957192547
25 -0.13302662168746196 0.9911124648204264
226 -0.09383150370087481 0.995588091990474
