512 2
306 -0.04903743163716201 0.9987969414743072
415 -0.0023439088249803406 0.9999972530419371
165 -0.0005284714150064736 0.999999860358972
230 0.12232529458465104 0.9924900615647384
251 -0.5964332906448898 0.80266265006571
155 -0.05386039490583315 0.9985484754685612
92 -0.0924807953283981 0.9957144683569819
160 -0.08942721231820051 0.9959933602675248
345 0.05207279029514724 0.9986432919270413
400 0.1471896206562756 0.9891082931464389
24 -0.12713212334705457 0.9918857914161636
449 0.032823563750134954 0.9994611616579911
390 -0.48613648560141237 0.8738828968272052
17 -0.061089954026587005 0.9981322645406416
283 -0.0797469655265869 0.9968151390750952
181 0.0002079996433447443 0.9999999783680739
108 -0.029569810794895814 0.9995627175368007
203 -0.45144925435448885 0.8922967952104144
471 0.026207032801755688 0.9996565367323558
256 0.0218018802212155 0.9997623107613228
33 -0.03877734252345851 0.9992478760081596
453 0.513929274593702 0.8578325598364701
398 0.05302092411966752 0.9985934015431388
412 -0.03873933277059226 0.9992493503107668
50 0.009231993776182721 0.9999573842374067
491 0.00902201278448364 0.9999593008144464
179 -0.09100087646230914 0.9958508123625203
255 0.026410237682922146 0.9996511888381524
336 -0.45732288447304853 0.8893007249166339
83 0.04450521546720204 0.9990091520082375
42 -0.06337630915250135 0.9979897010682057
51 -0.07338595564715394 0.997303615512224
353 0.47095664744677024 0.8821563558835239
426 0.07410468717137733 0.9972504677056975
167 -0.014665480458264586 0.9998924560586144
250 0.022990841908924198 0.9997356756604813
430 -0.10321129341773787 0.9946594537383323
450 0.5461664752521496 0.837676656777926
26 -0.0285072876998333 0.9995935846872962
423 -0.031627154632572665 0.9994997364130955
481 -0.4205416336554863 0.9072732412908334
82 -0.08047662117179126 0.9967564965651201
184 0.07702579229974671 0.997029100538493
30 0.07721245432986373 0.9970146623276704
373 0.02941703220870244 0.9995672254611152
117 -0.03608996361076429 0.9993485450665217
438 0.021576762354746464 0.9997671945639578
189 0.08883335693397264 0.9960465022757929
268 0.1451247089109686 0.9894133710757637
144 0.030644796320951316 0.9995303379379975
402 -0.0028181546673975684 0.9999960289942509
490 0.5354249589211298 0.8445828043266725
170 0.040770879419146644 0.9991685220178774
133 -0.08229889894753532 0.9966076917383405
190 -0.043983072982842854 0.9990322764010109
340 0.013870090468970971 0.9999038056685166
447 0.040484290475285664 0.9991801750558869
420 -0.3261275424492555 0.9453257777380288
87 0.044019364447781095 0.9990306779842215
497 0.04127942027884289 0.9991476414731921
177 -0.4535409773805273 0.8912354244736439
245 -0.10539003396424487 0.9944309632855441
207 -0.05825744584279982 0.9983015927082723
425 -0.05934244075913555 0.9982376844843859
321 -0.01015730442983278 0.9999484132527635
291 0.05367416347210142 0.9985585031311736
210 -0.01093423320668464 0.9999402194852359
151 -0.006712112935640483 0.9999774735162483
460 0.07045922916514703 0.9975146600554066
419 0.028592910475287336 0.9995911391516795
201 0.029185203387036875 0.9995740212226691
52 -0.33727063564545273 0.9414077322453391
431 -0.006124708971368033 0.9999812437941105
467 0.04780522917143311 0.9988566764375492
352 -0.006612716100726481 0.999978135753863
208 0.001236662827608884 0.9999992353322331
263 0.007177542723111357 0.9999742411084688
169 -0.43934903001900816 0.8983164419186351
286 -0.05326647603296897 0.9985803335390845
41 0.00909106249107487 0.9999586754375319
427 0.017791322096590404 0.9998417219030497
298 -0.014392820764684905 0.9998964179906016
300 -0.14144609333402028 0.9899459594748311
209 -0.021470400930232662 0.9997694843732203
148 0.02608314556284278 0.9996597768828891
260 0.05431857951656486 0.9985236561640903
183 0.11662842796164163 0.9931756188062595
293 -0.020623059643503163 0.9997873220895234
65 -0.01901370196552758 0.9998192232286626
223 -0.07388259918661697 0.9972669459765673
141 0.03563738985129898 0.9993647864741817
503 0.06807527858780098 0.9976801874574805
220 -0.07320403301614356 0.9973169854916598
287 -0.08643697178600314 0.9962573211316772
111 -0.3738601078260044 0.9274851048811125
408 0.506334322566667 0.8623372622071682
267 0.025928980823765546 0.9996637874572836
4 0.10405964592722693 0.9945710583409816
145 -0.019106581111002538 0.9998174526173509
389 0.042469944856111656 0.9990977448597905
376 -0.48886326489314136 0.8723604233560909
93 0.07197546241406191 0.9974064030325261
405 0.060855414698021214 0.9981465916897838
194 0.04794812071108412 0.9988498274116461
347 -0.09140171972116032 0.9958141019447428
176 -0.06621582804863223 0.997805323756009
295 0.49443860980576104 0.8692125523330564
311 -0.09682519874111624 0.9953014020329436
259 0.04653510707463498 0.9989166550866756
34 0.037507646478884826 0.999296340659574
66 -0.011844969793403586 0.9999298458844967
296 0.10418872485211658 0.9945575446467086
302 -0.09215343136012681 0.9957448192627238
37 -0.009575163104622817 0.999954157074973
494 0.006164233810231042 0.9999810009302841
96 0.048806377230899 0.9988082586470715
113 0.013569723586127179 0.9999079270621851
380 0.03319245176886834 0.9994489787605825
500 0.03272389251533222 0.9994644300117163
163 -0.05420091243217058 0.9985300501695081
246 0.040817614924648825 0.9991666138897272
135 0.02703461285870543 0.9996344980579551
277 0.02627318390726901 0.9996548003222788
0 0.018537778453443704 0.9998281606206193
461 -0.0013061398930678874 0.9999991469989262
342 0.041871873470687104 0.9991229885314695
492 0.04206066570713789 0.9991150586395304
86 -0.008957143803095315 0.9999598839827979
261 -0.027621913873903146 0.9996184421437725
437 0.16418908390021597 0.9864288847798445
193 -0.08878391981327856 0.9960509101359174
243 -0.01056576778655851 0.9999441807176442
410 0.526039866851444 0.8504599099798387
479 -0.0019134493518368843 0.9999981693541133
344 0.4836631010237691 0.8752542514652937
393 -0.0793561975758867 0.9968463241173621
43 -0.047668146690938155 0.9988632277699742
271 0.030921310680696056 0.9995218219457681
357 0.005614465092196871 0.999984238766656
343 -0.0997715470334247 0.9950103710025121
116 -0.00780893019554172 0.9999695098397756
217 0.022723395358482654 0.9997417903155705
31 0.003635880768958847 0.9999933901636721
421 -0.11337321992129458 0.993552471188451
100 0.07706922433224446 0.9970257442317256
119 0.03425978365018549 0.9994129613049064
158 -0.43773219417379094 0.8991054032669353
334 0.0390819769398303 0.9992360076971178
72 -0.4735725367330935 0.8807548197155567
35 0.06513168158516423 0.9978766777783158
413 0.0108705472345811 0.9999409138558242
441 -0.09863544065228877 0.9951236354580916
351 0.0670595895900429 0.9977489721588367
505 0.01013868358684695 0.9999486022266973
103 -0.04827338484137128 0.9988341605671869
157 -0.09624303548261957 0.9953578643488438
381 0.06182153188906155 0.9980872197332704
434 0.04842377226637406 0.998826881035695
188 0.08415634698812285 0.996452562474308
130 -0.05216309929444372 0.9986385788021601
406 -0.37994144328130863 0.9250105403060638
205 -0.05536281375014743 0.998466303314071
510 0.052602623399570864 0.9986155236183157
109 0.0563675217941382 0.9984100873322481
102 -0.07063656573385135 0.9975021180836297
289 0.05775864932573455 0.998330575725329
226 0.049807385674304275 0.9987588419294675
466 -0.5187653736314829 0.854916655072872
507 -0.019298596717274755 0.9998137647405861
367 0.03500475387077537 0.999387145808093
361 -0.41632248090306717 0.9092170213401833
452 0.06077315004615626 0.9981516038325378
462 0.4998521182675249 0.8661107665093815
265 0.03685176003112633 0.9993207431964015
509 0.05343836606635753 0.9985711497095027
105 -0.015164028881513232 0.9998850195037831
417 0.007084134426910238 0.9999749072048865
28 -0.04892943827612002 0.9988022377177493
126 -0.37595308841405456 0.9266386972881794
454 0.002812356631652843 0.9999960453172684
69 -0.02141202677906299 0.9997707362736783
403 -0.07342587103729595 0.9973006775603906
97 -0.022698598830207934 0.9997423536147427
318 0.019519967298416294 0.9998094672869772
439 6.357855149040118e-05 0.999999997978884
206 0.07378589753500907 0.9972741054118237
346 0.04076898111592842 0.9991685994759688
394 -0.02649372201369281 0.999648979739319
464 -0.4164325009425008 0.909166636078763
29 -0.03087012596596505 0.9995234040895917
301 0.05786312503939194 0.9983245257733957
319 0.09797110690108704 0.9951892594941808
127 -0.004492562290401798 0.999989908391113
36 0.07151561771221487 0.9974394800804912
123 0.010441590820316683 0.9999454851046337
444 0.058280183103671224 0.9983002655801523
143 0.027197224927479637 0.9996300870603306
192 0.012987525497385289 0.9999156585339859
164 -0.4376664835426791 0.899137391716853
472 0.054917547139253904 0.9984908928058422
7 -0.016102481377041875 0.9998703466417543
252 -0.019397394162843435 0.9998118528501707
443 -0.08691045715283788 0.9962161273727126
45 0.006887102163060263 0.9999762836306647
478 -0.40748658541155275 0.913211192829804
219 -0.0014684793974803507 0.9999989217835483
278 -0.39412020047394347 0.9190589032147933
235 -0.41317165535600997 0.910653162960726
354 0.492976320456848 0.8700427273811483
242 -0.05576046154744637 0.9984441751685547
71 0.001887164736391883 0.9999982193030434
104 0.019858526294583925 0.9998028000227882
202 0.504728618192293 0.8632780675875524
180 -0.10894023931814428 0.9940483007667713
442 -0.01677184861765511 0.9998593426547288
59 0.06882339908514709 0.9976288587136835
272 0.11435599339112583 0.9934398355086879
409 0.017592328778370275 0.9998452430092137
273 -0.11594488177791955 0.9932556490599509
480 -0.020975686964244945 0.9997799860751254
70 0.07124716666761233 0.9974586914964637
493 0.05203605248519961 0.9986452068886916
323 0.05283535391843305 0.9986032372150182
16 -0.04908471479222586 0.998794618915103
19 0.033217140919527564 0.9994481585100511
137 -0.042215596944903844 0.9991085243228514
171 -0.0004055059038196059 0.9999999177824777
67 -0.11827450656843412 0.9929809369247699
359 -0.39729897255831514 0.917689231932089
379 0.01785253566822426 0.9998406307858342
401 -0.08633203346481104 0.9962664201898158
496 0.03689906346978012 0.9993189976754435
463 0.005063946729264487 0.9999871781395616
473 0.002792560288335145 0.999996100795916
274 0.04606181684254735 0.9989385912202831
317 -0.019571049270086207 0.9998084686731094
501 0.023764232317261224 0.9997175907536946
40 0.059519684960566324 0.9982271320206614
25 0.05237952917678783 0.998627250240658
44 0.013385985404778105 0.9999104036836215
483 -0.018457958966166046 0.9998296373636877
95 0.491856173732818 0.8706764636539294
313 -0.009989486810025218 0.9999501038318224
327 0.06097089715473727 0.9981395442021854
364 -0.039908769174138055 0.9992033277281483
499 -0.035314696150488094 0.9993762415806166
57 -0.056855130604773076 0.9983824388098552
32 -0.06839507182099519 0.9976583153317576
195 -0.01143021898186387 0.999934672913199
159 -0.02583244196568331 0.9996662867887911
365 0.010167111816912615 0.9999483135829084
325 0.10134018271495225 0.9948518318660826
391 0.052047150299029274 0.9986446285570009
407 -0.46385683345248735 0.8859101749384253
62 -0.05466371005582364 0.9985048216222758
89 -0.03562970988130132 0.999365060312684
326 -0.03675218773126387 0.9993244101376519
80 -0.3986164426427052 0.917117730531296
178 -0.16689642086848033 0.9859744341012555
355 0.0757309947483924 0.9971282848432387
185 -0.0036519569903956744 0.9999933315828363
428 -0.0588608805932236 0.9982661953285759
77 -0.03308276902623423 0.9994526153818184
88 0.09064765939418334 0.9958830261864875
48 -0.08021351438762978 0.9967777044605207
281 0.02163088243458593 0.9997660250904212
138 0.1722415190056216 0.9850547493061673
446 0.04390203342858009 0.9990358409290608
63 -0.12532024576115722 0.9921163419692084
349 0.022937264636136136 0.9997369063363681
476 0.01521427141340647 0.9998842562743746
27 0.12019142441552272 0.9927507348257002
94 0.013188441951053844 0.9999130287174498
11 0.02785776483604759 0.9996118971572615
149 0.027144802921794685 0.9996315119454454
445 0.042518807399243914 0.9990956665992231
107 -0.12868423331117057 0.9916856195877382
266 0.009275823296482662 0.999956978625667
474 -0.4311516977425354 0.9022794542345123
338 -0.41354886181902806 0.9104819267224289
174 -0.11331990985874686 0.9935585528943957
198 -0.04349778629531357 0.9990535233847121
75 0.03825423347378707 0.9992680389271603
38 -0.06101302633436841 0.9981369698681247
330 -0.404185229314644 0.9146771563802546
335 0.02271237635850795 0.9997420407085766
368 -0.06060062111234697 0.9981620934100822
122 -0.0467591113433081 0.9989061945480088
341 -0.01335714488891793 0.9999107893609391
329 0.07927562056038694 0.9968527353550101
362 0.4775651747483951 0.8785963258900727
440 0.03072164407994954 0.9995279788905486
377 0.0479538430305681 0.9988495527048102
314 -0.4614248273997538 0.8871793103195696
147 -0.13234540368855593 0.9912036592560144
241 -0.01904790760622964 0.9998185721498799
465 -0.003015605901148803 0.9999954530501871
477 -0.01731408505299541 0.999850099994383
115 -0.03943434704276382 0.9992221636219399
337 -0.047624433543374145 0.9988653129074373
53 -0.017467875412858647 0.9998474250247188
233 -0.006942610819303813 0.9999758997870957
14 -0.06258252865233865 0.9980397923467176
81 -0.019862518642406304 0.9998027207170322
456 0.03617253447619743 0.9993455597287498
299 0.1331501013777518 0.9910958836071786
383 -0.011442539200198757 0.9999345320052969
2 -0.06899879726735035 0.9976167430309393
429 0.03353513909154498 0.9994375390418906
432 -0.005685250736657697 0.9999838388314389
186 0.01096162979089597 0.9999399195313322
199 -0.450270476011931 0.8928922098618562
320 -0.14416231017182576 0.98955405528244
459 -0.1608924544900985 0.9869719439214835
216 -0.1263718134618779 0.9919829458021726
112 -0.04323809223145765 0.9990647963871933
248 0.49042190389238033 0.8714851439827147
213 0.07736131260555958 0.9970031230201564
433 0.06261209902534434 0.9980379376835535
435 0.5341333506684832 0.8454002387648463
6 -0.15504483993634816 0.9879074337249983
297 0.0032764631745810283 0.9999946323801271
154 -0.08723860756536282 0.9961874448867828
132 -0.1330138406932597 0.9911141801952125
262 0.09551998866315638 0.995427512059914
422 -0.006555132380231703 0.9999785148889339
270 -0.05144911472853525 0.9986756173020596
275 0.02545717885147827 0.9996759135064343
388 -0.02795500569003305 0.9996091824592601
276 -0.08237419191687041 0.9966014712542033
303 -0.3898859875043231 0.9208631368166383
162 -0.07099051124945771 0.9974769908687322
238 -0.060231347187188214 0.9981844442867341
211 -0.11863009817178571 0.9929385176372969
187 0.03128727122793566 0.9995104334918719
20 -0.13488977585256523 0.9908606099600714
9 0.035328357665500694 0.99937575873375
1 -0.03684329878679826 0.9993210551842219
175 -0.10457364368808737 0.9945171456771356
74 0.10609533887558927 0.9943559619516914
200 -0.05055096523184045 0.9987214826537623
395 0.041938455914346626 0.9991201959301595
504 0.10910109209964364 0.9940306593373592
370 0.030273694656815713 0.9995416466620218
196 -0.0785491169903065 0.9969102448164746
457 -0.030235768294379156 0.9995427946394534
375 0.09113865261498925 0.9958382127632601
386 0.03963605485329803 0.9992141828235157
22 0.01414633946319457 0.9998999355334475
161 -0.1250594457747864 0.9921492503764255
488 0.02063775467776606 0.9997870188604472
150 -0.08194250437719285 0.9966370582997572
258 -0.031098806266239218 0.9995163151488898
308 -0.07537309282020631 0.9971554025720949
173 0.02785400925946417 0.9996120018127903
332 0.026145852482041806 0.9996581387644413
371 -0.04342648592122135 0.9990566251822436
15 -0.0663345290584515 0.9977974394908986
142 0.0834470921161129 0.9965122090658824
222 0.008841790260631088 0.9999609106085033
374 0.5964332906448893 0.8026626500657104
414 -0.044657918521267666 0.9990023374914333
60 0.008213934894453717 0.999966265067752
182 0.027455552478449805 0.9996230252640759
232 -0.10328103610290203 0.994652214385265
397 0.5310909682186145 0.8473148077760797
411 -0.04053544949942964 0.9991781009078807
485 -0.04238686005925438 0.999101273192221
328 -0.06448229288463203 0.9979188513623443
49 0.07069401902954921 0.9974980479547064
309 0.005536726516445785 0.9999846722122705
134 0.12316000777686073 0.9923868260332781
310 -0.06870732489322971 0.9976368595365832
172 -0.08777082218241389 0.9961406942663386
294 0.08905854242109201 0.9960263932355561
470 -0.03242584783626488 0.9994741439337486
78 0.14580210238963254 0.9893137757752911
399 0.09095965719724729 0.995854578119998
212 -0.03469546016659396 0.9993979312785414
392 -0.013605033073107165 0.9999074472545344
366 -0.03823264370834822 0.9992688651984863
486 -0.01509032187364913 0.9998861346102114
121 0.007287020242283147 0.999973449315525
378 -0.015552725463684707 0.9998790490507595
495 0.01173267885259322 0.9999311697546697
348 0.072473119645688 0.9973703659768631
166 -0.036306912932360894 0.9993406866896404
214 -0.04807043941185509 0.998843948199493
387 0.06706202624524929 0.9977488083860996
356 0.475701131130614 0.8796069769169947
191 0.5257997494152595 0.8506083843431418
225 -0.0419617617778421 0.9991192173852425
168 -0.03060104806879762 0.9995316782659223
84 -0.052094551861440255 0.9986421569643231
64 -0.014253294202911417 0.9998984166425933
227 -0.061080302861389414 0.9981328551863029
8 0.01646435843350268 0.9998644532642278
244 -0.01357670178957516 0.9999078323368193
469 0.006294213959143039 0.9999801912391248
58 0.03154710305227182 0.9995022662750742
290 0.06881230171181639 0.9976296242259058
23 0.050576432809715605 0.9987201932694884
489 0.03984946337071693 0.9992056946740574
304 0.09121310884808805 0.9958313957564637
436 0.03369213514093903 0.9994322588498156
285 0.058562978053150506 0.9982837159853637
237 0.0478656503031409 0.9988537828536554
249 -0.08219469413405749 0.9966162913861125
76 0.014712098190041689 0.9998917712266896
46 -0.016763614476795505 0.9998594807420057
312 -0.09732168549133399 0.9952529776559957
280 -0.07634677747316772 0.997081325454179
339 0.034129037208476716 0.9994174347184577
114 -0.13139860051458876 0.9913296161130299
404 0.014626738893334778 0.9998930235326908
455 -0.46061797037216357 0.8875984933348121
47 0.023421235601443574 0.9997256852371563
10 -0.05526881354374157 0.9984715109853997
279 0.05292559554633912 0.9985984585087568
5 -0.027174427552258466 0.9996307070549639
131 0.03478221512311718 0.9993949156920547
305 0.004642621804875139 0.9999892229733163
68 0.5092633519773393 0.8606107356597433
416 -0.3817657271857102 0.9242591246757403
152 -0.510995446182989 0.859583418860699
204 0.035984927032131284 0.9993523327768301
498 0.06310016340768704 0.9980071990611706
55 0.05569792247078319 0.9984476658455558
140 -0.09622184228375243 0.9953599133316152
224 -0.053235178752187105 0.998582002513175
372 0.013522864728123255 0.999908561884308
18 -0.04393496016397121 0.9990343934396805
482 0.027346842054878837 0.9996260051787497
240 -0.08459975132442334 0.9964150149791229
487 0.006575226259856938 0.9999783829661678
448 -0.002934830583571818 0.9999956933754494
229 0.01394807756730803 0.9999027208344702
156 0.051587629841661875 0.9986684717399062
39 -0.06717522142888194 0.9977411937100625
247 -0.039993935325035666 0.9991999225066108
316 -0.42267659699644927 0.9062805825744592
257 0.5227844084970216 0.852464933139434
396 -0.4917305793142551 0.8707474015851365
56 -0.07850310705270143 0.9969138689892283
384 -0.06111409294651825 0.9981307868427486
21 0.5112047952399952 0.8594589328895446
284 0.023013091663232736 0.9997351637369266
508 0.015332048739850402 0.9998824572325683
282 0.0931613054544525 0.9956510288077958
254 0.041077376278931134 0.9991559683843354
331 0.0927413439392634 0.9956902345229359
360 0.04306823043022699 0.9990721332954937
475 0.5091677026803689 0.8606673286161126
73 -0.01033798923921347 0.9999465615614116
91 -0.045542166778144454 0.9989624172335773
101 -0.008979853252201873 0.9999596803049456
136 -0.060002793704551666 0.9981982091486886
269 -0.07059745503655095 0.9975048868764315
506 -0.05060546919664231 0.9987187224075594
228 -0.0010628076305995338 0.9999994352198108
236 0.03466633278217351 0.9993989420503884
239 -0.14338960854030192 0.9896663175852046
12 0.0456902128826842 0.9989556568971091
139 0.012725129344622589 0.9999190322636942
231 -0.43497183856418153 0.9004440569275226
124 -0.08393061582152869 0.996471601064385
253 0.06231985510065206 0.9980562287066965
307 -0.015131456436261098 0.9998855129594174
424 0.06638243701081661 0.9977942533691527
324 -0.4800898907904244 0.877219297987019
451 -0.038681284697833336 0.9992515990550753
221 0.0334181538771796 0.9994414575108643
99 -0.06125729268971253 0.9981220086203525
511 0.007039609573829964 0.9999752216415406
288 0.07442176318861057 0.9972268554165086
129 -0.041141095495223434 0.999153346719838
333 -0.025688837726195846 0.9996699873539653
125 -0.007353398916236698 0.9999729633967003
54 0.513229937030936 0.8582511472379291
218 -0.05383060674578212 0.9985500817572351
90 -0.11937778643249583 0.9928489029587924
363 -0.027311613049937098 0.9996269683199881
128 -0.005393916154993846 0.999985452728445
106 -0.05417967566788145 0.9985312026894919
418 0.06492042138762735 0.9978904443308659
118 -0.0020578032508466507 0.999997882720649
385 0.4897919972392929 0.8718393197374986
350 -0.024952290128801503 0.999688643137116
292 -0.04921625867228928 0.998788145645663
79 0.5101233174737965 0.8601012736704486
369 -0.03508755627157208 0.9993842421185603
382 0.007133214698887684 0.9999745583003897
13 0.03630947826478673 0.999340593485594
468 -0.1286363864727166 0.9916918271697321
315 -0.03826906254725132 0.9992674711266021
458 -0.05661433919292515 0.9983961220866937
215 0.03137010723804457 0.9995078370737637
146 -0.053241717281857615 0.9985816539176345
153 0.01987146682695427 0.9998025429084211
98 -0.06303813380032726 0.9980111190197092
234 -0.01208042251626291 0.9999270290335334
322 0.051902080330873214 0.998652178717559
264 0.03930356634660101 0.9992273163161816
110 0.00712707131495626 0.9999746021047093
3 -0.01401264220356461 0.9999018181093955
358 -0.1363369330685837 0.9906625261316048
120 -0.013801208150642948 0.9999047587913474
502 0.47130884116550875 0.8819682399266002
197 -0.0025202911996498514 0.9999968240610911
61 0.032156390206299894 0.9994828495621624
85 0.0004756265587065174 0.9999998868896819
484 0.026618382666868876 0.9996456680765441
