512 2
60 0.14428632371286298 0.9895359805431165
370 -0.005143059337968162 0.9999867743828644
257 -0.03217781164703431 0.9994821601397437
506 -0.022167602316289708 0.9997542685117912
120 -0.11918643808136549 0.9928718915235121
324 -0.16949219975689975 0.9855315287810772
409 -0.0962491245837541 0.9953572755633331
483 -0.05603926520760922 0.9984285656745762
492 -0.1602400988299691 0.987078067189704
395 -0.0036881857490352167 0.9999931986198108
136 0.024547586992797497 0.9996986625842965
176 0.4239569108576965 0.9056823602875343
504 -0.1658665847639197 0.986148201873711
185 0.4009262117026268 0.9161103496685215
359 0.18926002986793092 0.9819270039541586
328 0.06766901575688031 0.9977078251204081
274 0.09965919668061121 0.9950216301754325
25 0.21246409822013523 0.9771688733108033
83 0.1590686349632968 0.987267526747899
476 -0.04639623542947212 0.9989231148281498
367 -0.02074064374074656 0.9997848897123919
46 0.009571457035730549 0.9999541925559456
34 0.11348515796259644 0.9935396916692381
471 -0.20482077296349133 0.9787994947703224
273 -0.001089072078311358 0.9999994069608283
200 -0.08226589931008091 0.9966104162664083
216 0.040581622937025226 0.9991762266386232
496 -0.17257148082847584 0.984996996952106
112 0.06411131585402367 0.9979427534580657
314 -0.08980507251117195 0.9959593610942483
268 -0.09641953511209131 0.99534078247039
54 0.23486310682166517 0.9720284569157814
468 -0.08251023541557076 0.9965902172165181
290 -0.010036755525010014 0.9999496305007225
508 -0.573724014621935 0.8190486890570606
255 0.09323008318920109 0.9956445910004907
2 0.039289785807251836 0.99922785826418
481 -0.10017143889870452 0.9949701919298704
441 -0.03250890151955063 0.9994714459763181
128 0.40615049063386865 0.9138062042675503
322 -0.0825634734893452 0.9965858080694177
122 0.01139591611970292 0.9999350644395829
39 0.01885169108090492 0.9998222910814653
74 -0.010176071353964861 0.999948222445442
205 -0.09986123516536242 0.995001373723297
488 -0.08165744472699103 0.9966604545785182
23 0.04257730855647819 0.9990931752324638
186 0.1188132461000483 0.9929166191333335
269 0.10994747244239604 0.9939373990868482
417 -0.5899900383074552 0.8074105242675299
123 0.19556964033106433 0.9806898162929897
490 0.08251224336850872 0.9965900509709577
350 -0.17279452807176157 0.9849578930433813
29 0.07974846027562946 0.996815019491413
197 -0.03315931348720231 0.9994500787578425
229 0.1261489855605892 0.9920113071140038
199 0.15301671178951995 0.9882236011718821
218 0.03707019725906576 0.9993126640222139
236 0.03598405417917607 0.9993523642063543
426 -0.20669814048409232 0.9784047622126634
448 0.08240986810043258 0.9965985217928378
343 -0.06874314798575407 0.9976343917513112
364 -0.09591229278811444 0.9953897890234393
344 0.15553389236661977 0.9878305564849108
127 0.13556114975481287 0.9907689814871845
5 0.07071910843895977 0.9974962695176353
391 -0.10149554130884392 0.9948359940685827
11 0.10302023514854464 0.9946792604402379
180 -0.02471224350903725 0.99969460587759
260 -0.024066327441062924 0.9997103639972427
38 0.1329713297992022 0.9911198845000699
276 -0.056302049692075175 0.9984137815557591
366 0.08455939268976412 0.9964184407707126
259 0.12057880762288029 0.992703758002479
211 0.10396562738215989 0.9945808907891978
498 -0.16849319023569567 0.985702817711402
241 -0.06018410542635067 0.9981872937750861
460 0.06768352249835335 0.9977068411022423
124 0.05824316091312042 0.9983024262250636
0 0.13808060306601747 0.990420994858714
91 0.25175413889253806 0.9677912241545056
320 0.03594050547025051 0.999353931330909
316 0.05141608927951743 0.9986773181379464
110 0.15310590142880304 0.9882097869115006
425 -0.07701583896813657 0.9970298694362341
502 -0.12246006755455284 0.9924734413849745
77 -0.06448226803786236 0.997918852967862
357 -0.025362419228624134 0.9996783221071025
140 0.012203686053673307 0.9999255322506287
446 -0.03051288697151715 0.9995343734602944
271 0.12967233478051443 0.9915568998260111
67 0.004777857818574816 0.9999885859721928
254 0.007787658008517723 0.9999696757315905
325 0.15681995428777604 0.9876272079773722
71 -0.0010650608964782563 0.9999994328224825
219 -0.06336255957915964 0.9979905741256164
348 -0.03387202084007185 0.9994261784665288
333 0.009479349661181243 0.999955069955646
146 -0.03849528791384143 0.9992587817019325
354 0.10950237477780045 0.9939865340727821
149 0.24828972834350116 0.9686858163507456
248 -0.03319260279315195 0.9994489737449411
310 0.042283943813257834 0.9991056341026194
201 0.01594960725448097 0.9998727969239025
454 -0.01764158192611967 0.9998443751840305
102 0.1592249121859916 0.987242334657182
204 -0.0005356805885709117 0.9999998565231432
380 -0.056468686830403 0.9984043706873733
57 0.10478871741149502 0.9944945071257326
297 0.004634933054049727 0.9999892586401039
64 0.0899422506739215 0.9959469822955987
284 -0.045975860225384094 0.9989425510391156
372 0.017052930771254155 0.9998545882037602
261 -0.11046127355233264 0.993880428947666
150 0.05080379794988748 0.9987086532687434
342 0.004432525542417913 0.9999901763104054
455 0.0406891158466491 0.9991718550137498
428 0.02701546148079938 0.9996350158137617
81 0.6328421646437109 0.7742808241517172
30 -0.04914555810394828 0.998791626976644
195 0.13576540428635384 0.99074101308009
42 0.10339472862202477 0.9946404024033902
319 0.028650579464730815 0.9995894878880707
35 0.08341831489245635 0.9965146184278999
161 0.15323011512560275 0.9881905341676748
6 0.040426067691774405 0.9991825323988506
104 0.15645481675897724 0.987685116984616
329 0.0747832245048406 0.9971998141459205
464 -0.5779942547026476 0.816040833249618
19 0.21683132129478963 0.9762090852402244
482 -0.1889925898937502 0.9819785134946959
363 0.11143533217794657 0.9937716874324759
277 -0.09032406995545197 0.9959124270671004
438 0.01497573798891006 0.9998878573478565
423 0.1634903461416178 0.9865449339581517
55 0.44208164953954343 0.8969748129910876
286 -0.176634075095325 0.9842765889297677
111 -0.10284206539785037 0.9946976975869122
44 0.07530116790434932 0.997160836631805
306 0.08188039495934067 0.9966421629257427
183 0.1493362319078491 0.9887864733295886
500 -0.17229239691244908 0.9850458517075046
494 -0.16820853798498467 0.9857514330443318
223 -0.02188465223013145 0.9997605023188134
100 0.0994140383916373 0.9950461541911841
465 -0.20317952522310131 0.9791415017912962
331 0.07542438322302102 0.997151524300809
385 -0.09546316916755032 0.9954329627516298
457 0.0008697652000057062 0.999999621754177
115 -0.0694401850858784 0.9975861169318861
188 -0.1491233081308248 0.9888186077193932
358 -0.07780619917749229 0.9969685026968267
308 -0.020241803810511026 0.9997951137000504
503 -0.08091935712642784 0.996720651758679
222 0.2726887424991305 0.9621023073011741
207 -0.171926613331655 0.9851097601934048
31 -0.06575301887859267 0.9978359286517755
194 -0.166463063738462 0.9860476907385387
499 -0.18788785167226155 0.9821904882424702
436 0.06717738030576152 0.9977410483563635
495 -0.16858556340512593 0.9856870232540226
244 -0.0262835036315191 0.999654529043335
439 -0.025273055272327826 0.999680585325734
173 0.09025983494466962 0.9959182507594491
233 0.11180096357402673 0.9937306197073326
215 0.0382978434238419 0.9992663684869431
340 -0.0095038748426377 0.9999548371616468
351 0.1123860394846236 0.9936646205480805
189 0.0835456667010162 0.9965039496035543
458 0.04005393672913548 0.9991975190884426
295 -0.07146470555646571 0.9974431291355552
156 0.09703240052096199 0.995281223197313
121 0.0637885961685576 0.9979634336982718
17 0.014202009021265706 0.999899146384154
387 -0.12273428770872036 0.9924395672385464
419 -0.580094249759092 0.8145493609330475
338 0.04022748163677508 0.9991905472537072
356 0.07049934107146595 0.9975118259491911
421 -0.0013685745788357968 0.9999990635013726
327 0.020280599020020773 0.9997943275011061
396 0.05162295352186587 0.9986666464189536
293 0.04782151715816547 0.9988558967622363
190 -0.0901863432129539 0.9959249085638312
159 0.08426857430217014 0.9964430778449312
381 -0.1154985036744485 0.9933076540775085
447 -0.07500344657898879 0.9971832745294482
212 0.03123867822883976 0.9995119533965138
202 0.13911121238104138 0.9902767646420251
95 0.4634500560480681 0.8861230419919363
47 -0.006286385724318141 0.9999802404820433
449 -0.026297169552649092 0.9996541696374397
480 -0.5779191609251175 0.8160940162969019
169 0.10797507561578425 0.9941536013342032
1 0.08327107865370656 0.9965269326314509
70 0.027000546132714437 0.99963541879454
142 0.11707265577525547 0.9931233524944062
138 0.16085376501542642 0.986978250155677
440 -0.02866406297716933 0.9995891013279612
51 -0.20163878522131878 0.979459953389862
312 -0.040974852743441335 0.9991601780708903
153 0.14320438643905775 0.9896931361308983
24 -0.08256345323000866 0.9965858097478291
8 -0.011537730630073151 0.9999334381707153
69 0.1616064973937844 0.9868552781437169
62 0.11251747840036147 0.9936497456621343
41 0.020928510737108157 0.9997809747331297
505 -0.08328160189759302 0.9965260532396386
13 0.033527578868630066 0.9994377926890736
251 0.17599515412355438 0.9843910329361124
198 -0.1097449033965213 0.9939597859966408
461 -0.14699245025138669 0.9891376140705063
472 -0.20761011305171076 0.9782116544790579
118 0.4238068330038707 0.9057525977325315
445 -0.15081127878640224 0.9885625717124891
16 -0.037032930947821424 0.9993140457460876
179 -0.005693990378191228 0.9999837891053901
300 0.03234127826670393 0.9994768840348813
393 -0.07035227890761772 0.9975222087013926
474 -0.21623275956263346 0.9763418426411564
164 0.17144799011117917 0.9851931722697012
462 -0.1479178067311611 0.9889996574578996
88 0.10272530070675162 0.9947097629935617
415 -0.07621900347983916 0.9970911009073045
491 -0.21427440089845567 0.9767735055372907
107 -0.09648351607143542 0.995334582503036
177 -0.007776568937017986 0.9999697620306165
406 -0.04653303633554332 0.9989167515510965
305 0.09827566106323006 0.995159230697573
131 -0.005492717394232005 0.9999849149140337
487 -0.5698065891151821 0.8217788333857974
282 0.12851931096710437 0.9917070064835384
349 -0.08214742526482598 0.9966201886989646
352 -0.07043486691664659 0.9975163805785017
224 0.12355255104270803 0.9923380306784775
429 -0.14928157025045308 0.9887947273239066
511 -0.13779507028057272 0.9904607607605522
119 0.033725701981303445 0.9994311267045211
117 0.10622608443007521 0.9943420030284622
493 -0.15353136579025964 0.9881437748215477
227 0.1804418935287069 0.9835856460216237
151 0.13186468167588977 0.9912677265635739
43 0.01308073927080682 0.9999144434701047
335 -0.05098940768231712 0.9986991941041139
323 0.12559498374905484 0.9920815994952605
143 0.07557345162742497 0.9971402375840207
144 0.025056138426416213 0.9996860456799207
291 0.053830733191708946 0.9985500749406828
253 -0.022688971625479393 0.9997425721487398
497 0.08813350899209016 0.9961086710759731
40 0.14411782662393785 0.9895605348078471
486 -0.17951581579922554 0.9837550873453913
360 0.22608761295446483 0.9741069711631019
292 0.07244593077590528 0.9973723412617842
187 0.11355376375423225 0.9935318529052041
289 -0.08443873265468968 0.9964286730256561
345 0.04588576331004048 0.9989466936355789
434 -0.08925535909669258 0.9960087754997545
86 0.03955997554679308 0.9992171977777089
410 0.03425869289172946 0.9994129986954093
63 0.11528902061371389 0.993331989682166
147 -0.08420170782734882 0.9964487304417412
303 0.11703592321864002 0.9931276819605626
283 0.06185634494324841 0.9980850628028964
272 0.22569941627396983 0.9741969890600101
507 -0.21398468438832202 0.9768370154980974
214 0.044550844889354714 0.9990071182026906
435 -0.12356878766589781 0.9923360089781991
80 -0.035736139531924185 0.999361260171393
246 0.13411255016859763 0.9909661063261828
392 -0.034308693422255676 0.9994112834842609
234 0.023276407725747846 0.9997290677195422
371 0.021408133942095443 0.9997708196387397
114 0.06989412825555903 0.9975544149746396
18 0.1577685455410707 0.9874761192240827
444 0.02248323342311052 0.9997472201585968
463 0.04869030400918266 0.9988139237593223
501 -0.19049245950333235 0.981688658828435
467 -0.05937379387963677 0.9982358201348709
424 0.0701220389450125 0.9975384201393921
145 -0.5714747121491112 0.8206196764482866
240 0.16772377524494805 0.9858340302594459
466 -0.08169102267194281 0.9966577029325626
66 0.0896565072301333 0.995972745968128
265 0.19013381087033768 0.9817581850761024
275 -0.09940514848750683 0.9950470423322592
416 0.024294492961158945 0.9997048452477162
388 0.009563894116596262 0.9999542649188145
332 0.22445894695098847 0.9744835458506487
101 0.012186517977599731 0.9999257416326383
443 -0.15296846064551217 0.988231071181099
477 -0.5721097893629002 0.8201770472984097
168 0.09456173627847976 0.9955189993325086
242 0.09178381374485776 0.995778957165921
20 0.06331284205477426 0.9979937294547232
484 -0.19846493628994968 0.9801079884703655
163 0.018099095613700603 0.9998361979534278
50 -0.11961009569396724 0.9928209430748728
96 0.02979260073307184 0.9995561019480396
384 -0.14780386656795044 0.9890166919863201
192 0.20889625691750396 0.9779378067371443
92 0.34407448010008695 0.938942358264795
337 -0.12411530028501327 0.9922678026798818
330 -0.04285042299958596 0.9990814988021531
353 0.0804108097773312 0.9967618078914107
113 -0.15195898191093168 0.9883868007094151
433 0.03962839184546247 0.9992144867643497
378 0.010413812212346666 0.9999457747874162
270 0.16496784325747402 0.9862989459038154
65 0.06987657092235426 0.9975556449823404
422 -0.5675639149448675 0.823329340211106
125 -0.14009098390677938 0.9901386348527313
247 0.10370260901191458 0.9946083494944742
22 -0.01895453641242223 0.9998203466370297
232 0.03271052666934923 0.9994648675391317
427 -0.08947001478360768 0.9959895162373051
431 -0.0642400673612244 0.9979344736732093
376 -0.13349420177700144 0.9910495941636427
225 -0.026147338493935895 0.9996580998970016
469 -0.5669668620975297 0.8237406007253015
374 0.025710099783435726 0.999669440749854
411 -0.11059532936101438 0.9938655206432753
473 0.04756644574066186 0.9988680759938224
76 0.18094094381781434 0.9834939627930201
217 0.046759905860847974 0.9989061573560775
336 -0.07049704113386257 0.9975119884950608
339 0.025272506187185163 0.9996805992070762
266 0.05927620694108655 0.9982416196946897
53 -0.07682257198215764 0.9970447795530781
126 -0.11018582478247564 0.9939110040728021
75 0.018024808614799576 0.9998375399405645
37 0.07742136129906754 0.996998461791491
355 0.21373876152615712 0.9768908546103113
398 -0.06391943597061957 0.9979550619668192
390 -0.1389759144390551 0.9902957614802904
231 0.10662239308746298 0.9942995852821737
298 0.07539536272725869 0.9971537189817952
264 0.05051865968079128 0.9987231172973098
450 -0.20492878330930586 0.9787768866148034
109 0.11934961587971044 0.992852289713513
3 0.1623376850855722 0.986735261354867
405 -0.5794381668754384 0.8150162027641117
158 0.053467963167987756 0.9985695653857404
160 0.2235144487003242 0.974700616200785
129 0.14140586876115974 0.9899517060341387
315 0.05529634315276437 0.9984699867466882
412 -0.04568484270189293 0.9989559025038609
10 0.24450654334162963 0.9696476423232967
307 0.024668830127723737 0.9996956781041565
9 0.05614871253168379 0.9984224166559134
61 0.0024370014492575386 0.9999970305075593
302 0.18644576623493841 0.9824652544762419
174 0.05488656338051871 0.9984925964474031
139 0.07106272213696431 0.9974718489874713
238 0.14035686037886047 0.9901009805795512
304 0.0900735962366838 0.9959351119731601
87 0.08552761310177508 0.9963358005196405
72 0.0727954078671767 0.9973468948131595
165 0.11640541951367377 0.9932017812649379
203 -0.026821234114135017 0.9996402459888231
430 0.1123916459898422 0.9936639864218154
418 -0.20453740847961452 0.978858747998118
456 -0.09075978403812844 0.9958728139684064
510 -0.25203977030061003 0.9677168770806964
28 0.019334933544794524 0.999813062699632
262 0.10575519279027444 0.9943921958653394
4 0.3843611746354306 0.9231828028255683
103 0.4555285073597006 0.8902211966599329
193 0.049867994365557874 0.9987558175740239
459 0.007401885241883621 0.9999726056722084
279 0.11184849377211076 0.9937252711091281
334 0.06940962549038675 0.9975882436603213
408 -0.017939268268846505 0.9998390783791051
420 -0.02022075245500513 0.9997955396830661
12 -0.054777128495977316 0.9984986060049034
383 0.0886016715576604 0.9960671381976158
226 0.15562112033708445 0.9878168184967446
206 -0.0026495988729278597 0.9999964898067456
7 -0.050109463386860786 0.998743731734563
386 0.1605653585399 0.9870252102337373
154 0.0698670737362105 0.9975563101938351
301 0.007753271594555397 0.999969942938077
399 -0.10163891213932964 0.9948213565958128
182 -0.06679641825564929 0.9977666252727722
249 -0.00031519112849193897 0.9999999503272751
375 0.04466528821901653 0.9990020080201601
59 0.21115248926655844 0.9774531325217266
130 0.0770679761144998 0.9970258407170874
311 -0.05171045286621166 0.9986621195701634
250 0.20527552987544304 0.9787042233659545
397 0.029614748710449446 0.9995613871387874
191 0.10341406125996619 0.994638392549634
78 0.15318020464117102 0.9881982720618818
221 0.147665820404819 0.9890373124832913
414 0.08873681131406691 0.9960551080727469
89 0.0133307064904224 0.9999111421843775
437 -0.09611504664697298 0.9953702315259634
237 0.0570208713337679 0.9983729865297527
478 -0.21910495503415742 0.9757012958275088
228 0.003839269353211663 0.9999926299782582
167 0.08538503019524667 0.99634802986635
258 0.053613181521781635 0.9985617791439408
280 -0.0653219674417304 0.9978642395484174
208 -0.12478900946800135 0.9921833011676799
287 0.14706293095413325 0.9891271376012185
106 -0.5617413207989492 0.8273129326361651
479 0.10297689675971589 0.9946837480997359
442 -0.026186260404839415 0.9996570810863142
243 -0.11451860629374071 0.9934211034664702
263 0.11498067979137121 0.9933677281222267
184 -0.06526667690863312 0.9978678574266756
365 0.1536397557669121 0.9881269278022351
162 -0.6328421646437111 0.774280824151717
27 0.11857418771347893 0.9929451958734122
296 0.03240893276602299 0.9994746925645328
313 0.1185195231576786 0.9929517222053027
152 0.051372604038694224 0.9986795559909513
97 0.08419394785465933 0.9964493861429424
252 0.036090616617064426 0.9993485214839716
294 0.013568923564047807 0.9999079379189432
341 0.028056548927640267 0.9996063375460718
318 0.01873631622232693 0.999824459820031
404 -0.01644936770735828 0.9998646999979687
209 -0.012906755080847944 0.9999167043675602
377 -0.00848068411882482 0.9999640383518184
281 0.059877008627478995 0.9982057622744044
84 -0.037924302265634514 0.9992806148913652
108 -0.06935338867877786 0.997592154880325
361 0.0043390936117846555 0.9999905860890032
170 -0.09254886999256476 0.995708143314646
413 -0.051488662856712095 0.998673579102415
326 0.21746276051417904 0.9760686183816959
210 0.09744905143255385 0.9952405148379438
135 0.05154875573072656 0.9986704790783664
239 0.1162383559331452 0.9932213472383481
402 0.08848295199126918 0.9960776913508859
58 0.040600271725489454 0.9991754690422581
178 0.031737052937108844 0.9994962528548403
256 -0.04534286094536177 0.9989714835576086
451 -0.1576404457646125 0.9874965771379334
32 0.027485547325604997 0.9996222009780554
489 -0.19912420391773858 0.979974260587556
213 0.06943848159433186 0.997586235507424
475 0.026079277802146517 0.9996598777931013
98 0.04391029334991576 0.9990354779175384
407 -0.14242564405364355 0.9898055040844665
79 0.11439879895824645 0.9934349071765652
15 -0.1269554577442209 0.9919084190332066
347 0.16348622085724449 0.9865456175919167
309 0.10721657945721239 0.9942356889035392
137 0.07696157111460102 0.9970340598854045
400 -0.17317916191776492 0.9848903379957895
14 0.05346454969698471 0.9985697481526761
85 0.19033416955562338 0.9817193610699398
452 -0.15807347724854004 0.9874273521584034
45 -0.03289390553715736 0.9994588490670903
401 0.04436410049695732 0.9990154286031302
134 -0.003842560065696839 0.9999926173388188
157 -0.02081394993030315 0.999783366279065
56 0.08638072744851347 0.9962621993860179
48 -0.08603030673106472 0.9962925204596084
230 0.004951191900736386 0.9999877427742613
105 0.06805200106410673 0.9976817754931533
373 0.08218100790726658 0.9966174200461007
389 -0.1565364240351402 0.9876721864820791
82 0.01717970795858978 0.9998524179269945
132 -0.15846353918646575 0.9873648296088429
181 0.034004656791543124 0.9994216744280111
485 0.006428792599022476 0.9999793350993403
382 0.10960074281473065 0.9939756924464799
403 0.026507195879361272 0.9996486225502506
379 -0.06822898090236658 0.9976696879052829
288 0.15176931907793517 0.9884159416898434
235 -0.07740618049067156 0.9969996405324556
52 0.006040921277221663 0.9999817534685932
26 0.02311721227008015 0.9997327615402327
148 0.12514939084188575 0.9921379087465133
267 0.1023271374417994 0.9947508014286629
321 -0.045432614555369996 0.9989674056417772
116 0.0911510991988229 0.9958370735792309
470 -0.010672400965963868 0.999943048307063
93 0.07242359878564827 0.9973739631346586
90 -0.002456315196993406 0.999996983253276
317 -0.05619278473891164 0.9984199371723737
509 -0.20127257492684686 0.9795352727606684
368 0.0065984658362389275 0.9999782298873351
94 0.1655422865506773 0.9862026928393439
245 -0.04156944252371597 0.999135617145274
171 0.16604246731850544 0.9861186029310992
369 0.029489101571883163 0.9995651018760525
21 -0.02198768862412736 0.9997582415509104
285 0.016960015424608458 0.999856168594662
453 -0.10832843690106209 0.9941151592036874
68 0.037686635636534196 0.9992896064176787
175 0.02012140029696122 0.9997975441308553
141 -0.05242141315272548 0.9986250524811958
36 -0.15088705921567125 0.9885510079713878
220 0.037069068323082086 0.9993127059002397
166 0.05396392539160624 0.9985428857872499
362 0.11998849391887109 0.9927752823912777
155 0.003622753887850594 0.999993437805603
172 -0.15126370275168563 0.9884934457192165
196 -0.09442318969233136 0.995532149781375
346 -0.0970652809344446 0.9952780170571022
33 0.11467628667951846 0.9934029138639552
49 -0.012465403910930154 0.9999223038343217
278 0.06561328748513065 0.9978451265128239
299 -0.052319589326592766 0.9986303923738235
394 0.07051539517121455 0.9975106911927548
432 -0.03125104303889877 0.9995115668710297
73 -0.05651156945535085 0.9984019443679449
99 0.16325714733012905 0.9865835513759739
133 -0.1038580193930827 0.9945921333932549
