500 2
380 1.135246 -0.340533
320 1.104531 -0.360553
296 1.200511 -0.293794
210 1.317889 -0.223698
223 1.249494 -0.259717
206 1.138191 -0.330497
275 1.084253 -0.374720
242 1.193786 -0.302958
256 1.129686 -0.342948
449 1.127803 -0.339252
356 1.101031 -0.363928
341 1.115114 -0.365129
227 1.098173 -0.366457
454 1.125935 -0.339323
286 1.219835 -0.275581
263 1.213655 -0.289705
228 1.038410 -0.408193
440 1.110527 -0.368041
415 1.101462 -0.358712
334 1.153827 -0.318769
399 1.231132 -0.277079
299 1.266288 -0.253538
226 1.126201 -0.347285
411 1.094122 -0.361205
483 1.138888 -0.333077
439 1.141457 -0.330877
262 1.167623 -0.317882
392 1.213525 -0.279827
429 1.237114 -0.279135
200 1.083758 -0.370594
306 0.991448 -0.432567
278 1.019936 -0.414559
316 1.050995 -0.401128
463 0.949564 -0.466465
347 1.129174 -0.333800
230 1.148491 -0.331690
346 1.213347 -0.287403
231 1.142554 -0.326783
371 1.106335 -0.353826
387 1.178721 -0.313700
460 1.047464 -0.400757
212 1.092063 -0.364465
232 1.160963 -0.319073
432 0.965719 -0.456623
456 1.109410 -0.349358
376 1.076781 -0.377714
325 1.041692 -0.395637
288 1.051539 -0.395873
318 1.048052 -0.390718
359 1.206233 -0.287831
457 1.127489 -0.328880
475 1.172985 -0.312275
412 1.133484 -0.339416
467 1.166263 -0.316445
302 1.169522 -0.317502
235 1.036196 -0.406048
407 1.039796 -0.403798
238 1.113049 -0.358468
369 1.152120 -0.324703
361 1.219522 -0.281121
428 1.138160 -0.336518
393 1.127045 -0.341052
241 1.217076 -0.282341
360 1.067270 -0.394878
465 1.078176 -0.377999
350 1.124366 -0.349775
277 1.216625 -0.296926
239 1.094578 -0.365934
492 1.194460 -0.298053
401 1.178070 -0.308389
313 1.208500 -0.278791
468 1.136719 -0.339217
289 1.106751 -0.346404
442 1.121059 -0.343585
245 1.172350 -0.299211
370 1.201306 -0.290001
368 1.060037 -0.395846
202 1.177294 -0.303846
378 1.148065 -0.339318
211 1.170803 -0.311213
470 1.055346 -0.384927
353 1.136781 -0.330986
423 1.093020 -0.363640
314 1.067208 -0.378137
330 1.081619 -0.378720
473 1.209973 -0.294986
294 1.092536 -0.359521
247 1.171305 -0.321860
461 1.190512 -0.310720
215 1.126922 -0.342685
283 1.157882 -0.318296
484 1.182662 -0.308858
372 1.241969 -0.270760
450 1.254660 -0.270262
453 1.034744 -0.415551
315 1.092476 -0.371441
366 1.091433 -0.366266
391 1.180964 -0.314137
322 1.207409 -0.287247
207 1.181118 -0.304526
301 1.164840 -0.321714
486 1.179937 -0.310478
435 1.148325 -0.338248
374 1.094223 -0.361331
417 1.193227 -0.307630
466 1.161696 -0.311555
431 1.153155 -0.325221
337 1.165008 -0.320738
414 1.087821 -0.371333
282 1.117493 -0.361897
398 1.162046 -0.317951
430 1.093769 -0.365854
244 1.179302 -0.310485
464 1.150075 -0.318727
280 1.123000 -0.336425
358 1.047423 -0.384200
345 1.163564 -0.316817
447 1.073436 -0.387155
303 1.147254 -0.337979
276 1.008650 -0.418708
433 1.280063 -0.245081
459 1.055396 -0.392381
490 1.128595 -0.347679
451 1.137166 -0.343327
425 1.136839 -0.337150
349 1.075266 -0.377992
298 1.202885 -0.311916
270 1.017829 -0.416171
403 1.082110 -0.373866
281 1.125037 -0.335251
319 1.247191 -0.260832
261 1.028327 -0.408538
221 1.189301 -0.297407
300 1.140781 -0.339096
203 1.149714 -0.324798
260 1.056774 -0.389554
259 1.086648 -0.379441
257 1.203016 -0.287321
214 1.283012 -0.235524
477 1.274834 -0.249767
446 1.043310 -0.401645
400 1.200254 -0.293267
364 1.218316 -0.285643
268 1.004477 -0.418442
274 1.198204 -0.304532
404 1.072265 -0.379818
252 1.169405 -0.322324
224 1.116425 -0.346641
448 1.129822 -0.338897
497 1.050043 -0.394380
409 1.145139 -0.333282
480 1.026191 -0.420133
362 1.234256 -0.271556
219 1.331504 -0.214692
485 1.141713 -0.336861
344 1.085486 -0.376205
437 1.194396 -0.308904
498 1.087385 -0.371634
405 1.140006 -0.344677
422 1.156244 -0.323911
249 1.183339 -0.302802
307 1.122115 -0.349758
413 1.156455 -0.312535
317 1.182283 -0.306395
342 1.076271 -0.363981
383 1.122370 -0.345038
251 1.100240 -0.358683
222 1.184290 -0.301835
295 1.130620 -0.346207
386 1.189161 -0.302387
487 1.084932 -0.374434
481 1.197814 -0.300160
335 1.046397 -0.396328
324 1.122909 -0.348706
354 1.053539 -0.397672
421 1.236172 -0.274597
494 1.147269 -0.326164
254 1.073435 -0.382299
469 1.079120 -0.384992
220 1.172779 -0.306455
331 1.090461 -0.369883
476 1.103995 -0.355521
292 1.208414 -0.303230
243 1.184111 -0.298303
419 1.208962 -0.291061
436 1.188308 -0.305260
321 1.171595 -0.305102
427 1.142753 -0.331675
377 1.249293 -0.263056
397 1.103076 -0.361105
323 1.176371 -0.306892
367 1.197284 -0.289586
462 1.176648 -0.304878
496 1.172265 -0.306979
240 1.144884 -0.335677
388 1.140323 -0.337161
441 1.088105 -0.375433
333 1.132483 -0.346370
328 1.124190 -0.336585
312 1.190549 -0.298088
357 1.116998 -0.347466
499 0.938797 -0.471852
248 1.203029 -0.298197
311 1.143696 -0.330407
309 1.210483 -0.291450
336 1.073317 -0.386239
246 1.011924 -0.422925
209 1.042277 -0.393238
382 1.257142 -0.264942
265 1.181118 -0.305053
327 1.151002 -0.312963
287 1.038156 -0.393189
269 1.157756 -0.320276
472 1.237216 -0.264215
489 1.031868 -0.410046
343 1.245889 -0.270847
293 1.030302 -0.411981
488 1.085770 -0.373563
394 1.100779 -0.351191
365 1.054645 -0.385277
420 0.954171 -0.470570
297 1.066878 -0.389812
272 1.208080 -0.298148
236 1.218202 -0.278316
218 1.071831 -0.382040
479 1.136613 -0.344602
389 1.101274 -0.365694
379 1.176904 -0.310070
213 1.215424 -0.289056
340 1.157531 -0.322590
273 1.302758 -0.235238
402 1.040437 -0.409563
396 1.102468 -0.356326
291 1.139691 -0.347226
284 1.122117 -0.337601
305 1.009536 -0.416996
482 1.071714 -0.379140
351 1.132726 -0.342292
250 1.061738 -0.389055
406 1.273984 -0.244183
375 1.144361 -0.329852
452 1.119577 -0.349773
234 1.041896 -0.402431
455 1.091145 -0.369054
444 1.246147 -0.272731
338 0.926990 -0.484161
381 1.159225 -0.320759
208 1.125678 -0.346093
418 1.132584 -0.337139
384 1.210409 -0.274910
266 1.141052 -0.327677
310 1.231698 -0.270002
363 1.111874 -0.356313
443 1.105967 -0.363780
332 1.332146 -0.211295
478 1.130803 -0.346710
474 1.190682 -0.314341
237 1.183363 -0.310881
458 1.242971 -0.270680
416 1.143480 -0.344926
445 1.047059 -0.404511
304 1.212371 -0.289405
426 1.072083 -0.372307
229 1.140387 -0.335506
438 1.188897 -0.293804
395 1.116844 -0.358602
326 1.185907 -0.308417
279 1.011857 -0.419754
495 1.253197 -0.259800
258 0.960453 -0.448624
434 1.050055 -0.393423
233 1.071254 -0.383810
373 1.057443 -0.397571
271 1.190722 -0.298362
205 1.275345 -0.251132
410 1.076575 -0.380856
385 1.210737 -0.290215
348 1.092847 -0.381552
329 1.167677 -0.311329
255 1.171684 -0.320758
308 1.127464 -0.343343
493 1.156735 -0.326441
491 1.094409 -0.366467
285 1.174151 -0.316455
471 1.127860 -0.353077
408 1.103684 -0.355917
201 1.127233 -0.351412
267 1.028971 -0.417446
204 1.171596 -0.310214
355 1.240075 -0.274134
424 1.224163 -0.276836
253 1.169855 -0.302664
225 1.148430 -0.326893
216 1.069967 -0.384863
217 1.212807 -0.292260
290 1.212537 -0.279590
390 1.187946 -0.304820
339 1.157583 -0.333015
264 1.219894 -0.287543
352 1.104906 -0.353029
140 0.146280 -1.323959
129 0.053998 -1.433384
12 0.111260 -1.338289
130 0.076431 -1.397516
7 0.179212 -1.247057
176 0.172484 -1.254579
173 0.062088 -1.380406
53 0.062257 -1.420798
119 0.116036 -1.326345
47 0.066218 -1.437115
198 0.087514 -1.381039
13 0.049048 -1.464704
8 -0.034988 -1.604725
27 0.026893 -1.468913
38 0.099100 -1.394209
183 0.096785 -1.376510
192 0.028281 -1.485298
72 0.077061 -1.411945
101 0.101398 -1.359105
120 0.074761 -1.373779
6 0.064178 -1.424149
139 0.157954 -1.286105
155 0.097107 -1.347883
99 -0.007260 -1.555670
78 0.123559 -1.343805
80 0.047615 -1.446896
68 0.035203 -1.478781
133 0.141103 -1.317600
125 0.076441 -1.404384
62 0.019605 -1.489391
147 0.136740 -1.317671
163 -0.013718 -1.564459
9 -0.018415 -1.508603
57 0.031424 -1.483652
181 0.085122 -1.373698
11 0.093705 -1.355357
151 0.047618 -1.430994
123 0.019591 -1.497249
65 0.179249 -1.250120
24 0.024504 -1.473587
46 0.102055 -1.368583
148 0.065343 -1.405946
74 0.116207 -1.355476
137 0.040167 -1.435195
3 0.072319 -1.398429
114 0.037333 -1.433981
93 0.010545 -1.498544
134 0.046930 -1.460106
109 0.045699 -1.419847
128 0.065240 -1.415434
30 0.105762 -1.358423
90 -0.000167 -1.500447
136 0.132035 -1.335229
36 -0.070828 -1.629493
76 0.039199 -1.463598
71 0.032946 -1.485023
79 0.034071 -1.471117
88 0.131436 -1.320049
92 0.022769 -1.494989
174 0.096593 -1.339020
185 0.069109 -1.432822
49 -0.001309 -1.556835
86 0.098349 -1.380834
189 0.075431 -1.409522
40 0.119433 -1.311293
194 0.049824 -1.424946
69 -0.003958 -1.541988
37 0.081749 -1.376013
60 0.012248 -1.544512
165 0.046543 -1.437009
33 -0.023495 -1.575748
61 0.028921 -1.496965
64 0.080365 -1.367796
168 0.105673 -1.385325
103 0.035445 -1.455823
2 0.057259 -1.402359
157 0.075494 -1.452704
63 0.025030 -1.501976
153 0.038800 -1.487256
172 0.094225 -1.349094
184 0.071108 -1.413751
160 0.102574 -1.396722
196 -0.005736 -1.544551
97 0.024163 -1.461112
186 0.017821 -1.485905
152 0.100523 -1.359280
91 0.078063 -1.407050
96 0.036792 -1.470592
142 0.051569 -1.477155
143 0.118581 -1.330967
20 0.013156 -1.442431
28 0.062250 -1.411481
121 0.087188 -1.391734
159 0.040221 -1.458297
1 0.014008 -1.507045
178 0.023760 -1.523500
182 0.052998 -1.409396
14 0.128598 -1.338469
77 0.058186 -1.419069
122 0.115483 -1.340038
164 0.031685 -1.495281
89 0.087029 -1.383635
177 0.073838 -1.398885
135 0.105573 -1.365725
87 0.056957 -1.441388
141 0.056426 -1.441605
84 0.085727 -1.401413
85 0.096075 -1.379614
170 0.131153 -1.291210
191 0.053689 -1.413771
188 0.022185 -1.508901
98 0.067891 -1.458631
29 0.020004 -1.475926
106 0.052082 -1.429317
107 -0.019276 -1.593519
100 0.056324 -1.405504
31 0.037490 -1.463835
39 -0.003147 -1.531125
146 0.100238 -1.346732
193 0.034207 -1.459318
111 0.121727 -1.361254
102 0.085391 -1.388445
34 0.199314 -1.226947
19 0.031120 -1.483283
75 0.061027 -1.408841
52 0.054222 -1.440623
197 -0.005739 -1.537612
67 -0.059878 -1.688788
81 0.039018 -1.473246
175 0.146429 -1.285031
17 0.046171 -1.466188
124 0.078988 -1.383254
50 0.124208 -1.333793
132 0.081692 -1.419132
82 0.096010 -1.352378
110 0.099083 -1.363517
195 0.084135 -1.411189
25 0.096185 -1.416788
5 0.064824 -1.408859
35 0.023800 -1.483178
73 0.096286 -1.371222
112 0.010941 -1.515296
15 -0.008809 -1.535251
51 0.020345 -1.547528
180 0.109574 -1.370257
59 0.018663 -1.488097
55 0.023112 -1.514507
145 0.148247 -1.294465
126 0.011715 -1.516903
16 0.042759 -1.434092
127 0.100442 -1.351301
161 0.093015 -1.388097
54 0.096430 -1.397633
94 0.092322 -1.373063
171 0.012254 -1.480009
158 0.161388 -1.315037
149 0.102788 -1.346030
104 0.058089 -1.438583
105 0.052859 -1.453500
190 0.103463 -1.364198
83 -0.017317 -1.582045
169 0.008308 -1.526522
162 0.120821 -1.323138
66 0.066623 -1.435650
26 0.061607 -1.426170
138 0.038301 -1.474211
150 0.078679 -1.433887
156 0.092130 -1.394474
131 0.045417 -1.502499
58 -0.049939 -1.576415
118 0.044386 -1.425679
0 0.014323 -1.525483
108 0.041923 -1.514404
41 -0.029285 -1.572894
43 0.008520 -1.524360
18 0.014252 -1.478153
70 0.010457 -1.553719
4 0.076312 -1.412929
116 0.027936 -1.493041
166 0.043523 -1.456858
32 -0.023411 -1.573273
187 0.126111 -1.348851
23 0.053442 -1.427954
115 0.023079 -1.485250
44 -0.025386 -1.589744
21 0.046744 -1.431893
10 -0.008288 -1.531336
113 0.106667 -1.373973
22 0.079659 -1.395122
45 0.056217 -1.407995
117 0.120429 -1.347666
48 0.072311 -1.426641
144 0.095718 -1.383958
95 -0.045797 -1.626431
154 0.051811 -1.463626
42 0.100815 -1.393572
56 0.061223 -1.403326
199 0.074307 -1.409188
167 0.073660 -1.405984
179 0.080464 -1.384407
