500 2
392 0.315584 -0.938900
154 0.408114 -0.911795
52 0.494108 -0.885739
33 0.070417 -1.009040
135 0.322273 -0.937293
448 0.203673 -0.969755
437 0.338175 -0.934533
291 0.276941 -0.953228
379 -0.020672 -1.032732
262 -0.019008 -1.034490
75 0.582356 -0.864354
401 0.395547 -0.918424
119 0.481024 -0.897572
444 0.405245 -0.913889
138 0.034271 -1.021227
253 0.141252 -0.988837
104 0.631067 -0.857452
442 0.139482 -0.991348
177 0.497831 -0.889185
69 0.342385 -0.931485
142 0.299628 -0.948363
27 0.602070 -0.856391
493 0.236974 -0.963338
413 0.276875 -0.953020
278 0.878208 -0.795165
2 0.299358 -0.945181
43 0.100814 -1.004054
168 -0.006320 -1.030310
62 0.710706 -0.829871
309 0.110682 -0.998151
338 -0.070932 -1.050522
206 0.302215 -0.945596
306 0.457147 -0.899726
389 0.129346 -1.002204
421 0.347845 -0.933353
374 0.179411 -0.979043
225 0.634298 -0.858658
15 0.268090 -0.953564
178 0.490438 -0.892890
255 0.486319 -0.893026
367 0.295621 -0.950290
260 0.470645 -0.894373
424 0.554968 -0.874680
369 0.235718 -0.957605
265 0.635124 -0.853440
79 0.267206 -0.957025
403 0.403723 -0.913425
219 0.175526 -0.986859
390 0.616730 -0.855155
157 0.118057 -0.994018
488 0.498067 -0.890924
410 0.103950 -1.005087
6 0.094801 -0.999500
458 0.395855 -0.916135
345 0.426520 -0.904734
366 0.106848 -0.999383
387 0.414920 -0.912389
24 0.127314 -0.991412
336 0.064236 -1.002706
192 0.376939 -0.918748
146 0.031117 -1.020863
83 -0.156919 -1.075908
87 0.117050 -0.996310
199 0.234874 -0.961219
324 0.045730 -1.019539
373 -0.009296 -1.033706
317 0.302919 -0.948774
314 0.114587 -0.992370
434 0.197798 -0.977613
245 0.662482 -0.842175
133 0.074608 -1.008678
242 0.534978 -0.877993
377 0.199064 -0.973847
189 0.108189 -1.007115
397 -0.004428 -1.028983
172 0.772541 -0.815577
270 0.028724 -1.021941
99 0.340270 -0.930236
19 0.511261 -0.880354
9 0.166717 -0.980080
228 0.754521 -0.818918
305 0.369662 -0.923154
279 0.687490 -0.835433
404 0.400759 -0.915036
394 0.346838 -0.929129
281 -0.101310 -1.063812
330 0.379269 -0.926272
244 0.015844 -1.026886
411 0.350433 -0.927333
231 0.172261 -0.972403
322 0.350092 -0.924497
82 0.665044 -0.846395
4 0.448676 -0.904458
18 0.571592 -0.873553
26 0.882239 -0.787253
263 0.289376 -0.947476
456 0.136929 -0.991225
213 0.617304 -0.853897
112 0.438171 -0.904116
425 0.429199 -0.904530
475 0.080441 -1.010446
140 0.504129 -0.887734
141 -0.061766 -1.049056
29 0.623167 -0.849798
134 -0.034279 -1.037795
61 0.156022 -0.988695
451 0.471892 -0.898042
264 0.427125 -0.907157
3 0.028947 -1.026524
368 0.294340 -0.947687
487 0.090595 -1.002820
274 -0.143376 -1.071271
13 0.254749 -0.955174
420 0.054105 -1.006083
271 0.465517 -0.901496
68 0.413747 -0.914553
96 0.218110 -0.966833
110 0.217353 -0.968823
301 0.425901 -0.910212
398 0.151041 -0.980556
450 0.605818 -0.860273
10 0.488826 -0.889048
44 0.048413 -1.017450
130 0.081697 -1.007048
285 0.219471 -0.964406
452 0.494651 -0.890473
405 0.679339 -0.840689
427 0.361952 -0.925607
470 0.242214 -0.953560
80 0.444245 -0.904240
21 0.543456 -0.879183
186 -0.231293 -1.105824
327 0.594655 -0.858045
20 0.158755 -0.982079
139 -0.059852 -1.048930
204 0.464481 -0.891651
308 0.583902 -0.862276
91 -0.221152 -1.098431
375 0.214858 -0.971725
127 -0.293080 -1.117315
335 -0.089096 -1.058100
175 0.037543 -1.017838
460 -0.019500 -1.034413
51 0.114155 -0.999816
249 0.204822 -0.974643
90 0.139551 -0.988833
221 0.324925 -0.937757
365 0.078235 -1.007441
363 -0.094906 -1.059604
258 -0.043588 -1.042289
100 0.243590 -0.955921
98 0.154380 -0.990533
491 0.563252 -0.872281
287 0.159607 -0.982019
72 0.024160 -1.018922
250 -0.060234 -1.049041
472 -0.035545 -1.043554
167 0.440110 -0.905096
53 0.145803 -0.984629
181 0.231972 -0.961702
109 0.172242 -0.983212
209 0.037614 -1.023369
70 0.428209 -0.911357
266 0.285798 -0.952421
34 -0.026428 -1.042754
170 0.636191 -0.853589
223 0.185736 -0.977116
295 -0.096460 -1.061393
97 0.420907 -0.907119
215 0.158623 -0.980106
482 -0.136201 -1.072367
12 -0.156539 -1.082101
7 0.517625 -0.884451
166 0.185951 -0.974875
210 0.303214 -0.938093
174 0.184208 -0.979105
391 0.626081 -0.859522
78 0.107795 -1.000992
490 0.418733 -0.911803
477 0.592820 -0.865530
41 0.200424 -0.967800
5 0.566024 -0.867718
162 0.106558 -1.002479
22 0.485932 -0.894473
476 0.441166 -0.907892
188 0.410833 -0.912280
320 -0.061634 -1.047045
326 0.571609 -0.869273
59 0.151511 -0.983956
131 0.252329 -0.955366
84 -0.183900 -1.088769
474 0.240592 -0.956958
319 0.366041 -0.930467
469 0.172188 -0.981919
388 -0.262926 -1.108699
252 0.111008 -1.002454
299 0.280185 -0.949574
201 0.223585 -0.964760
88 0.014069 -1.026784
480 0.280523 -0.953825
350 0.522521 -0.884263
71 0.007765 -1.025324
415 0.164359 -0.983806
220 0.380417 -0.925219
102 -0.007644 -1.027855
416 0.540168 -0.878762
30 0.371012 -0.924636
173 0.328062 -0.935700
137 0.192991 -0.979059
261 0.539513 -0.884071
426 0.148872 -0.982610
436 0.178865 -0.975846
272 0.593441 -0.859829
302 0.283999 -0.955491
354 -0.215967 -1.090380
341 0.223882 -0.969146
35 0.442509 -0.905982
136 0.154024 -0.984969
73 0.520415 -0.883309
346 0.322815 -0.935832
269 0.493688 -0.891885
494 -0.033802 -1.030040
400 0.000841 -1.027640
453 0.637839 -0.851803
224 0.093124 -1.004364
290 0.462122 -0.903080
241 0.267374 -0.956951
156 0.706184 -0.833222
48 0.151147 -0.979816
16 0.455631 -0.897348
318 0.308627 -0.945404
58 0.593123 -0.866154
344 0.617796 -0.857243
296 0.352587 -0.926948
275 0.219206 -0.968809
149 0.553131 -0.870733
478 0.433291 -0.908796
132 -0.218172 -1.099199
457 0.325820 -0.935371
64 0.254572 -0.953767
348 0.702699 -0.838015
497 0.332061 -0.935235
382 0.573023 -0.866398
353 0.741153 -0.824900
307 0.311896 -0.940469
496 0.448249 -0.903007
357 0.120383 -0.999895
89 -0.188059 -1.088429
107 0.184696 -0.972246
143 -0.102971 -1.057807
11 0.026192 -1.020713
352 0.108638 -1.000266
435 0.169374 -0.983391
300 0.538418 -0.876802
498 0.517519 -0.887711
114 -0.003471 -1.028192
31 0.372609 -0.924698
414 0.054610 -1.015992
238 0.241171 -0.966661
232 0.150516 -0.989949
171 0.213579 -0.971067
185 -0.058051 -1.046889
76 -0.179266 -1.083759
163 -0.019088 -1.038242
422 0.170255 -0.985293
159 0.230369 -0.968745
85 0.498641 -0.886054
384 0.023633 -1.025882
257 0.492136 -0.892331
47 0.214459 -0.966371
196 0.205778 -0.974189
329 0.094682 -1.005621
217 0.201109 -0.971914
152 -0.027787 -1.044113
481 0.041306 -1.012480
277 0.226907 -0.964514
385 0.327018 -0.930292
226 0.294394 -0.947972
417 0.273617 -0.954078
42 0.441609 -0.911584
284 0.228617 -0.962868
440 0.354689 -0.930344
462 0.370874 -0.918779
115 0.328424 -0.931710
208 0.070813 -1.012507
383 -0.023910 -1.045196
328 0.217989 -0.963151
160 0.402788 -0.917734
339 0.149270 -0.987947
463 0.219778 -0.957986
49 0.703991 -0.833513
222 -0.033540 -1.032848
150 0.120542 -0.992132
399 -0.113943 -1.060493
292 0.255968 -0.957514
431 0.185055 -0.977463
380 0.421218 -0.914664
116 0.245012 -0.963001
311 0.266011 -0.950264
103 0.094510 -1.005238
288 0.335450 -0.930408
251 0.422794 -0.907606
202 0.253272 -0.966170
343 0.603319 -0.862074
465 0.094632 -0.998039
256 0.327169 -0.938855
466 0.058204 -1.017703
495 0.195350 -0.966243
191 0.514936 -0.881526
321 0.235368 -0.963129
419 0.129229 -0.991989
362 0.352368 -0.926341
360 0.262387 -0.957151
268 0.471592 -0.901251
364 0.171961 -0.981336
92 0.133871 -0.991591
325 0.388383 -0.915650
212 0.142290 -0.986232
38 -0.100923 -1.066582
461 0.500428 -0.887097
169 0.576956 -0.868745
55 0.460110 -0.899602
54 -0.064885 -1.047758
303 0.521500 -0.882963
483 0.345781 -0.942047
355 -0.088547 -1.060909
412 0.417994 -0.910165
93 0.469865 -0.892500
243 0.292053 -0.940126
356 0.331074 -0.937184
0 -0.183482 -1.082726
439 0.452956 -0.898340
396 0.339283 -0.936426
468 0.069615 -1.010452
378 0.316933 -0.939474
304 0.022693 -1.020086
145 0.437402 -0.904461
289 0.192332 -0.978019
153 0.352238 -0.928726
418 0.007617 -1.029639
176 0.452694 -0.899277
371 0.117495 -0.998189
165 0.423060 -0.907100
247 0.332188 -0.935967
122 0.256460 -0.961845
129 0.089444 -1.006951
409 0.145464 -0.991369
23 0.455103 -0.897620
227 0.338094 -0.934359
340 0.341105 -0.928805
408 0.270379 -0.952828
446 0.428862 -0.906573
182 0.497766 -0.888878
36 0.194765 -0.975703
60 0.354987 -0.930994
105 0.802633 -0.807619
164 0.518896 -0.881919
484 0.342138 -0.935453
276 0.380690 -0.917962
235 0.367147 -0.924466
361 0.318702 -0.938307
485 0.036027 -1.021695
179 0.123353 -0.993258
211 0.534349 -0.880796
81 -0.076599 -1.053207
471 0.248760 -0.960580
195 0.561276 -0.864890
230 0.036740 -1.021197
229 0.503928 -0.884974
193 0.467206 -0.901347
334 0.027448 -1.029813
337 0.469877 -0.896391
8 0.565127 -0.871107
464 0.301297 -0.942565
428 0.347656 -0.929218
86 0.262664 -0.950875
479 0.279105 -0.952618
194 0.464719 -0.902876
315 0.066421 -1.011661
74 0.074249 -1.006306
50 0.321254 -0.944150
184 0.478968 -0.891604
32 0.667532 -0.849002
370 0.150206 -0.991822
207 0.132964 -0.999551
28 0.036556 -1.024786
57 0.384270 -0.923302
449 0.133042 -0.996000
183 0.073550 -1.011904
351 0.400853 -0.920294
310 0.138914 -0.996481
283 -0.118470 -1.066192
118 0.342150 -0.935581
273 0.215665 -0.969184
492 0.500425 -0.901021
155 0.381427 -0.923264
147 0.162959 -0.987690
323 0.674047 -0.835195
443 0.286743 -0.952749
187 0.401195 -0.915124
148 0.240396 -0.960902
402 0.010998 -1.025030
234 0.278190 -0.951222
1 -0.052947 -1.044973
248 0.368166 -0.932355
438 0.062275 -1.012962
63 0.537485 -0.875611
66 0.349699 -0.927331
467 0.057230 -1.011576
214 -0.148318 -1.068739
45 0.117526 -0.990762
286 0.439536 -0.909535
433 0.714446 -0.835313
499 0.175482 -0.981685
441 0.170735 -0.978605
259 -0.026946 -1.035498
113 0.558998 -0.880377
237 0.266591 -0.953054
447 0.365978 -0.920576
393 0.351659 -0.929303
395 -0.143451 -1.066626
197 -0.098578 -1.060707
101 0.414945 -0.912542
95 0.319776 -0.934625
216 0.348513 -0.933005
486 0.423806 -0.917560
473 0.207884 -0.973047
432 0.471134 -0.897914
332 0.604000 -0.866251
161 0.444887 -0.898102
151 -0.049716 -1.050548
158 0.222918 -0.960091
316 0.211411 -0.967821
455 0.479569 -0.892527
106 0.640150 -0.850613
65 0.402085 -0.915756
406 0.006962 -1.021580
342 0.528583 -0.883413
37 0.443862 -0.895913
111 -0.173292 -1.082328
190 0.537528 -0.874450
108 -0.136270 -1.073464
267 0.249726 -0.951828
359 0.179263 -0.976877
180 0.033307 -1.026124
67 -0.103557 -1.059223
282 -0.043493 -1.034791
126 0.037296 -1.019164
128 0.128040 -0.996164
297 0.192432 -0.977855
381 0.149862 -0.987641
125 -0.139580 -1.065866
333 0.855407 -0.792885
124 0.246964 -0.951758
94 -0.149357 -1.079427
14 0.436914 -0.903170
120 0.227459 -0.967332
46 0.404490 -0.915721
454 0.652197 -0.844154
39 0.136913 -0.994962
430 0.293290 -0.942731
331 0.435942 -0.906304
372 -0.150451 -1.075296
407 -0.001431 -1.033999
239 0.841576 -0.798536
280 0.221865 -0.978336
198 -0.100078 -1.058782
386 0.424283 -0.907374
347 0.214517 -0.965944
205 0.783495 -0.816991
489 0.876788 -0.789810
293 0.622882 -0.855362
254 0.269516 -0.957730
56 -0.181847 -1.086778
445 0.208656 -0.969463
144 0.588040 -0.865982
233 0.769873 -0.824534
459 0.347306 -0.931519
121 0.276448 -0.953462
236 0.012648 -1.036411
294 0.006549 -1.035009
218 0.455750 -0.905146
117 0.420154 -0.914837
25 -0.111500 -1.058964
123 0.389877 -0.919784
246 0.128715 -0.992882
358 0.178290 -0.978842
40 0.272424 -0.952456
200 -0.055169 -1.046961
376 0.219440 -0.976069
313 0.514176 -0.886443
298 0.449336 -0.907842
203 0.200381 -0.967930
77 0.129864 -0.996128
312 -0.004101 -1.028438
240 0.108748 -1.005858
429 0.512626 -0.887675
349 0.187679 -0.981710
17 -0.000767 -1.033498
423 0.272274 -0.954558
