2000 2
895 0.652426 0.948156
839 0.671976 0.893121
749 0.688429 0.858058
630 0.719638 0.774522
1108 0.726895 0.756258
1775 0.691342 0.846375
780 0.676867 0.903957
756 0.697084 0.849382
916 0.734055 0.753991
1400 0.724069 0.770989
762 0.683263 0.876977
1220 0.692348 0.850611
639 0.682786 0.872880
945 0.721196 0.777807
624 0.697830 0.831399
644 0.639956 0.980705
790 0.695821 0.842103
1467 0.708926 0.805237
792 0.709202 0.799745
767 0.724639 0.778912
534 0.666109 0.910994
772 0.676611 0.885660
1310 0.698177 0.834431
1298 0.684230 0.869303
538 0.708525 0.805266
956 0.682424 0.897525
1990 0.738457 0.746638
1101 0.723640 0.773882
1853 0.682798 0.876530
1409 0.683110 0.860649
1800 0.745505 0.719276
1092 0.718908 0.787691
1255 0.712622 0.797256
1430 0.686161 0.866138
1154 0.753080 0.712484
1305 0.684991 0.860725
1687 0.704456 0.817502
1186 0.694518 0.844550
1601 0.683662 0.867806
612 0.688967 0.859853
898 0.685271 0.874519
1288 0.712550 0.801642
1142 0.717820 0.793492
758 0.662683 0.922896
579 0.723247 0.768115
601 0.748852 0.719726
938 0.700678 0.824372
1134 0.727551 0.763929
896 0.770584 0.670365
1993 0.712501 0.787945
1703 0.675768 0.887913
1320 0.659189 0.928563
1881 0.696826 0.832850
943 0.696844 0.841140
636 0.686466 0.843707
813 0.671735 0.889970
1228 0.691261 0.861152
899 0.735755 0.740293
1504 0.692340 0.842263
602 0.694945 0.843747
1571 0.672992 0.896837
655 0.643815 0.962570
1036 0.690329 0.850065
673 0.709559 0.808195
587 0.683560 0.875092
1222 0.678298 0.886037
1702 0.647709 0.955163
1210 0.689892 0.846359
1698 0.731300 0.751411
1234 0.670749 0.890758
911 0.703309 0.837536
752 0.696169 0.833816
1449 0.712801 0.790331
1102 0.699883 0.834030
1807 0.695128 0.835734
1623 0.667174 0.906305
711 0.704415 0.818417
949 0.687686 0.851365
1232 0.721637 0.775539
613 0.668329 0.902894
834 0.695718 0.844368
1630 0.663930 0.926360
666 0.694700 0.836049
1469 0.720088 0.781058
1903 0.668178 0.903639
886 0.665137 0.915393
1389 0.678149 0.886593
689 0.611734 1.055349
757 0.709772 0.811849
552 0.737122 0.745633
1914 0.723488 0.772360
1248 0.743818 0.728030
1497 0.691904 0.853150
1859 0.668529 0.897559
1456 0.703276 0.824395
1909 0.706214 0.820252
1086 0.704293 0.818380
565 0.659968 0.933644
1295 0.705359 0.822877
1007 0.727923 0.759698
1003 0.646553 0.956121
1849 0.613418 1.038091
1814 0.704617 0.820111
1263 0.780560 0.637935
730 0.666653 0.896818
735 0.724724 0.776563
1761 0.767937 0.667794
1277 0.679909 0.870885
1845 0.688240 0.853600
974 0.706015 0.814047
766 0.685536 0.857259
1431 0.665621 0.908911
988 0.687543 0.873328
1631 0.708809 0.808315
1345 0.660235 0.935285
1153 0.683922 0.862405
854 0.672035 0.906720
1302 0.748750 0.714333
768 0.736831 0.741116
1650 0.723258 0.784461
1427 0.715215 0.796702
918 0.714350 0.801146
1905 0.606369 1.056538
874 0.646171 0.952067
1563 0.713879 0.792949
1287 0.703173 0.825155
1548 0.717605 0.790287
623 0.647436 0.955898
1050 0.679122 0.889322
1477 0.711952 0.794737
1339 0.704587 0.818506
1651 0.694975 0.847283
724 0.681053 0.867219
1744 0.676668 0.884113
1818 0.678391 0.881679
1014 0.712361 0.802946
1002 0.681664 0.872632
1720 0.650998 0.963974
1581 0.744837 0.728599
1728 0.692251 0.853224
1046 0.699870 0.833251
897 0.693643 0.847398
1546 0.705272 0.813507
1654 0.675219 0.876552
1518 0.707916 0.808339
1764 0.690691 0.846941
1561 0.678943 0.868653
1458 0.669180 0.896013
972 0.680064 0.877296
1047 0.683783 0.867980
641 0.753802 0.701965
1324 0.732385 0.745336
957 0.740188 0.725116
1294 0.722505 0.782884
1980 0.674422 0.879962
1770 0.635519 0.978795
1417 0.664571 0.920745
582 0.676268 0.892926
1637 0.649971 0.951882
1735 0.680430 0.883938
1115 0.723752 0.774832
1713 0.692163 0.853139
1802 0.716928 0.785796
1495 0.720767 0.783565
667 0.702213 0.828569
1621 0.748496 0.718823
1502 0.664210 0.932429
535 0.717029 0.789996
1233 0.694876 0.844987
634 0.729565 0.766814
1440 0.728978 0.770719
1847 0.698835 0.826042
1058 0.674609 0.890997
1616 0.729842 0.758864
951 0.703665 0.826314
1884 0.708765 0.801840
1632 0.683035 0.880724
1191 0.681526 0.875790
1370 0.635510 0.986907
1230 0.708616 0.813696
1920 0.671807 0.902789
751 0.693442 0.839071
1028 0.740992 0.728564
1843 0.667324 0.900771
1259 0.737910 0.740012
1168 0.683395 0.868561
550 0.672553 0.892315
1016 0.723317 0.777742
1450 0.679475 0.870360
1856 0.694039 0.850208
1594 0.744044 0.729504
1699 0.677926 0.886160
779 0.700974 0.816670
1961 0.719284 0.788721
1787 0.720873 0.780324
783 0.675180 0.889451
609 0.664278 0.926482
1265 0.682912 0.875933
578 0.724247 0.763082
1145 0.692950 0.846019
1104 0.734812 0.741958
1854 0.693267 0.836906
846 0.669328 0.907646
777 0.694973 0.843140
778 0.699753 0.838526
1520 0.687480 0.863264
661 0.679771 0.883263
940 0.709951 0.798948
1299 0.699356 0.829329
1190 0.766010 0.688217
1816 0.658800 0.929529
1946 0.660302 0.920226
914 0.693365 0.845625
603 0.662581 0.911668
1690 0.711422 0.806698
968 0.745307 0.721262
1419 0.681885 0.871445
1791 0.734155 0.742284
590 0.707238 0.811047
1963 0.649779 0.943469
1251 0.688150 0.852378
1009 0.691014 0.862463
1203 0.734023 0.733911
1444 0.704064 0.825571
1057 0.727711 0.766882
674 0.699113 0.832216
1888 0.723153 0.774031
1285 0.707887 0.806021
1378 0.705075 0.811707
1540 0.628918 1.000341
753 0.680311 0.875388
669 0.686394 0.870014
1894 0.723839 0.780180
946 0.729918 0.759108
1515 0.721158 0.784273
1290 0.718159 0.794730
1568 0.750448 0.715678
685 0.677637 0.881742
1804 0.730545 0.755101
1582 0.687859 0.852645
1376 0.681103 0.882054
840 0.687679 0.853600
1023 0.647025 0.967304
617 0.657324 0.934495
593 0.667425 0.909601
1468 0.724733 0.761173
964 0.680674 0.885489
1747 0.665696 0.908361
608 0.675051 0.886497
1121 0.657427 0.929889
527 0.667871 0.902253
920 0.722556 0.779444
1851 0.703699 0.823490
1261 0.738187 0.750817
1402 0.714565 0.793272
694 0.669474 0.902299
1464 0.692945 0.857716
1081 0.696191 0.833905
1743 0.686431 0.868781
571 0.717229 0.781888
1359 0.709935 0.814218
989 0.663946 0.914000
693 0.680963 0.877591
1384 0.646626 0.955030
1704 0.661641 0.917108
1953 0.708382 0.821177
1824 0.692956 0.837671
913 0.695131 0.842213
750 0.739471 0.733901
970 0.698463 0.822074
665 0.707957 0.797480
1525 0.692279 0.846505
1538 0.675407 0.888336
1031 0.683521 0.856746
1742 0.709016 0.805852
1507 0.695349 0.843755
806 0.669599 0.894052
1700 0.710881 0.801365
921 0.648730 0.950621
1049 0.705639 0.819811
1338 0.631661 1.001051
1641 0.722015 0.792845
1113 0.707334 0.801968
1709 0.706571 0.828972
924 0.678008 0.877487
1723 0.733530 0.756176
1103 0.699571 0.827591
841 0.704081 0.826936
1309 0.699662 0.836697
1683 0.717584 0.787658
1537 0.688089 0.861157
1660 0.682375 0.868207
1983 0.714032 0.794029
721 0.688349 0.868368
592 0.715300 0.783810
1754 0.663449 0.929069
1151 0.735130 0.753702
1554 0.699787 0.838312
1127 0.688944 0.851137
1109 0.659900 0.921554
1443 0.691666 0.849423
618 0.687198 0.861423
1045 0.723602 0.775137
1613 0.696196 0.836173
1074 0.686341 0.853574
586 0.695735 0.837355
589 0.636018 0.979308
1982 0.735735 0.748576
1371 0.687660 0.851127
1143 0.743111 0.730066
530 0.677976 0.879883
816 0.694253 0.846281
935 0.689070 0.865560
821 0.668819 0.901973
513 0.763058 0.691610
1929 0.668374 0.904399
501 0.727152 0.765735
1351 0.702294 0.822200
881 0.683890 0.871134
1041 0.730736 0.759568
875 0.715683 0.794713
1348 0.688809 0.863450
1566 0.687857 0.858727
1976 0.673144 0.901169
1147 0.680905 0.878947
1489 0.694371 0.846565
1130 0.687696 0.857193
917 0.726031 0.765242
1055 0.709467 0.799103
1472 0.749950 0.703114
1080 0.704351 0.813040
1269 0.674405 0.895717
1533 0.702857 0.809691
1677 0.697292 0.836337
1352 0.661932 0.930272
990 0.648493 0.959855
577 0.703408 0.836390
560 0.688191 0.866841
562 0.718301 0.788345
1758 0.738975 0.743986
1379 0.710005 0.815819
930 0.671528 0.913447
1136 0.717722 0.780735
1229 0.705651 0.817117
506 0.710315 0.817140
1599 0.694054 0.834692
1873 0.708603 0.817322
1910 0.719655 0.791058
1333 0.660645 0.924271
965 0.650766 0.952117
1617 0.706259 0.835331
1414 0.671598 0.905371
1438 0.695196 0.844402
1293 0.672948 0.906651
1819 0.711962 0.807770
1974 0.691088 0.867561
1390 0.659538 0.930894
1356 0.716032 0.792284
1329 0.713878 0.788411
1749 0.702583 0.826730
1638 0.669012 0.903865
1740 0.699143 0.841305
1280 0.725320 0.766596
1965 0.707817 0.822325
1767 0.689676 0.847019
1128 0.682114 0.874119
743 0.652428 0.939963
1300 0.669770 0.899754
962 0.690883 0.852783
877 0.647095 0.962882
942 0.651991 0.949355
1381 0.658181 0.927098
1208 0.686280 0.866054
545 0.712729 0.810418
1848 0.664186 0.919157
1257 0.689236 0.854259
825 0.716590 0.793287
1928 0.666975 0.908546
835 0.647042 0.953025
508 0.723150 0.783303
500 0.726224 0.769192
843 0.695813 0.839424
1731 0.752011 0.710753
1059 0.701169 0.833896
873 0.645075 0.970467
1671 0.680184 0.876608
1061 0.695600 0.839411
1082 0.644673 0.964235
516 0.725706 0.765587
1180 0.711213 0.808826
1198 0.710859 0.802893
646 0.671832 0.902539
546 0.692455 0.853862
1942 0.668152 0.906463
1727 0.683212 0.864610
900 0.741694 0.740688
1680 0.695263 0.847264
1889 0.718572 0.787881
520 0.676371 0.873025
986 0.715684 0.791352
640 0.722843 0.777743
1197 0.683331 0.870933
659 0.679657 0.870794
1542 0.685777 0.858273
1815 0.697661 0.847645
1524 0.720383 0.785425
932 0.683862 0.862033
826 0.686963 0.858696
833 0.692519 0.844952
1455 0.690209 0.861829
852 0.670055 0.902255
859 0.689830 0.853847
867 0.719144 0.788146
664 0.715593 0.793861
1614 0.690608 0.856136
1785 0.706404 0.819487
1611 0.692596 0.847133
1678 0.768625 0.672862
1225 0.743195 0.730131
1363 0.699066 0.836339
1765 0.677669 0.882243
1949 0.696894 0.844186
1584 0.668856 0.903001
1202 0.683396 0.868139
1304 0.701676 0.829978
1315 0.669760 0.902627
1073 0.654328 0.937455
1416 0.677212 0.895999
1500 0.702482 0.835041
723 0.682488 0.878634
547 0.683554 0.882604
1157 0.654598 0.938702
818 0.687490 0.857984
798 0.689328 0.856114
1572 0.741510 0.727955
1590 0.707595 0.821238
1695 0.701716 0.830282
1879 0.706741 0.811648
1042 0.635575 0.986813
1867 0.708032 0.811280
961 0.685989 0.878987
1242 0.696966 0.838793
1413 0.665631 0.908231
1064 0.688377 0.869001
1437 0.681482 0.882327
804 0.713544 0.796585
1019 0.675577 0.892871
1133 0.696340 0.844001
831 0.718650 0.792745
1218 0.682455 0.865455
1593 0.736333 0.742652
1272 0.700180 0.830419
1863 0.663129 0.924598
954 0.716945 0.783833
1988 0.714862 0.785384
1182 0.674106 0.880236
1183 0.652592 0.954029
681 0.777219 0.646627
1367 0.672485 0.884916
691 0.647672 0.959807
803 0.715685 0.787284
1155 0.715721 0.799268
539 0.678966 0.866022
788 0.690350 0.854157
1470 0.708082 0.810718
977 0.702513 0.836973
1913 0.694299 0.841729
866 0.689812 0.850519
1264 0.683419 0.873747
1898 0.702552 0.825857
1260 0.672679 0.894733
599 0.720122 0.783275
1368 0.659179 0.933414
1762 0.667106 0.905981
1841 0.719983 0.784808
1839 0.687808 0.858516
939 0.701503 0.835120
936 0.737220 0.744485
927 0.726346 0.764919
1448 0.648002 0.964605
1433 0.721240 0.777950
1187 0.688411 0.848384
791 0.669604 0.913511
555 0.663950 0.911504
1755 0.683176 0.876408
1372 0.675161 0.881739
1140 0.700747 0.828781
1609 0.685794 0.858280
1551 0.663175 0.919718
1522 0.712260 0.805552
1496 0.739705 0.737270
1395 0.680508 0.871932
1996 0.695809 0.843096
931 0.694651 0.837275
1822 0.697949 0.836504
504 0.667915 0.904501
1730 0.684009 0.866500
1734 0.645017 0.965474
858 0.683126 0.863169
1681 0.669680 0.900480
1256 0.692215 0.856076
1543 0.746146 0.723542
996 0.753736 0.703684
998 0.643186 0.970364
1512 0.684490 0.875006
1116 0.708878 0.813517
1297 0.698287 0.828664
1360 0.632088 0.990838
1717 0.734483 0.746494
558 0.703852 0.819752
1289 0.732331 0.754668
1226 0.666680 0.914935
1244 0.725665 0.762538
1809 0.742737 0.733886
830 0.613662 1.033118
1105 0.740658 0.736377
1937 0.674920 0.900669
759 0.642616 0.977018
605 0.701559 0.824978
632 0.645293 0.969366
745 0.703396 0.806090
1865 0.732544 0.739913
1078 0.704632 0.809202
718 0.745659 0.733148
642 0.674967 0.889773
1748 0.646294 0.952927
1169 0.640240 0.974972
699 0.719172 0.793944
533 0.723402 0.778538
511 0.680395 0.873023
781 0.704783 0.814324
842 0.693521 0.848246
978 0.653737 0.943114
1063 0.685599 0.872512
650 0.658070 0.941669
566 0.726105 0.765287
567 0.706607 0.815062
1192 0.732462 0.754150
1830 0.694964 0.839659
1714 0.687761 0.862049
1270 0.667726 0.912214
925 0.743598 0.741126
1721 0.674323 0.883434
1452 0.722964 0.778758
1056 0.744967 0.725802
1697 0.701753 0.834643
715 0.721368 0.775244
1466 0.726025 0.763104
870 0.729718 0.753477
1418 0.682682 0.862952
959 0.683569 0.860164
1403 0.668552 0.900205
1628 0.703654 0.825289
1773 0.682617 0.875858
1838 0.728970 0.763898
1132 0.700577 0.822269
789 0.711515 0.801069
1595 0.707938 0.809035
1902 0.654623 0.935331
748 0.719761 0.789461
979 0.678628 0.862868
1916 0.685135 0.862641
969 0.713959 0.800873
717 0.714259 0.795455
714 0.713475 0.814043
1354 0.674211 0.896355
700 0.715542 0.793719
1644 0.699858 0.839930
984 0.644404 0.962072
1342 0.693925 0.846965
1969 0.674401 0.885696
1150 0.673012 0.908555
1954 0.695960 0.849797
610 0.643755 0.972213
1499 0.718358 0.788965
1316 0.690306 0.857390
580 0.746835 0.709535
656 0.673655 0.893086
729 0.717529 0.793303
1964 0.684780 0.860363
1962 0.719989 0.781103
1004 0.693968 0.842314
1737 0.689969 0.847251
975 0.665712 0.911681
1523 0.677561 0.883940
716 0.649978 0.959762
1669 0.703329 0.825099
1668 0.723213 0.762516
1246 0.652918 0.937853
1652 0.700997 0.834029
1505 0.723924 0.772526
1642 0.689907 0.857002
1284 0.675051 0.898893
680 0.704385 0.818311
620 0.650897 0.939681
769 0.662997 0.923292
1383 0.726559 0.763993
802 0.673033 0.899140
1555 0.726225 0.771553
1550 0.726633 0.777173
1806 0.725913 0.769366
1123 0.644676 0.951330
627 0.723224 0.777167
1922 0.691941 0.848595
1355 0.687955 0.848917
851 0.645884 0.971426
1656 0.693347 0.850159
574 0.623445 1.018963
1513 0.750948 0.704021
1560 0.645888 0.955040
1506 0.701286 0.832826
698 0.691637 0.844901
1553 0.728124 0.764285
799 0.666998 0.917009
1139 0.716161 0.785575
1925 0.629178 1.002782
1933 0.734186 0.742168
907 0.723566 0.771525
1306 0.668404 0.909763
1463 0.741990 0.742475
1860 0.673364 0.896908
1866 0.697296 0.831379
1530 0.664967 0.909497
1326 0.763118 0.682054
1273 0.641774 0.967528
1361 0.683663 0.875406
1549 0.719737 0.774386
810 0.669287 0.904440
929 0.720881 0.778326
923 0.678719 0.878170
1850 0.756000 0.703167
1935 0.687133 0.861928
1451 0.672550 0.897560
770 0.620871 1.025412
1662 0.691795 0.839388
645 0.659284 0.929925
1172 0.664687 0.927905
1346 0.739084 0.749532
651 0.716308 0.792529
549 0.741638 0.735738
1126 0.731680 0.759507
1236 0.688650 0.862915
1239 0.653235 0.936763
1952 0.672561 0.900628
793 0.705332 0.804621
922 0.641329 0.964764
1586 0.673109 0.894523
773 0.663083 0.914539
1318 0.651544 0.930660
1967 0.680887 0.870509
1070 0.663119 0.937095
1415 0.702916 0.814308
1516 0.656941 0.935560
727 0.640289 0.976397
1655 0.616419 1.027705
1006 0.674572 0.890391
1032 0.682430 0.881674
1607 0.706577 0.830662
1398 0.704275 0.814154
1162 0.736728 0.747716
824 0.686818 0.869033
1939 0.757200 0.702571
1798 0.698476 0.838258
1864 0.735959 0.741494
1997 0.664618 0.911390
1328 0.674762 0.892384
1060 0.673113 0.898922
765 0.698043 0.839553
1175 0.682051 0.874325
1966 0.704301 0.822510
1386 0.750751 0.715285
1772 0.680327 0.876449
1947 0.649586 0.953295
828 0.732630 0.759931
1986 0.736767 0.748079
784 0.718863 0.782540
1596 0.677823 0.897635
1020 0.704041 0.813603
744 0.627999 1.013758
1314 0.696115 0.839497
955 0.691458 0.845632
1885 0.678311 0.881638
947 0.712474 0.799448
1434 0.669169 0.902331
1350 0.674888 0.903118
1517 0.713555 0.796941
987 0.722833 0.776323
643 0.752647 0.718636
1781 0.697473 0.830753
1374 0.694625 0.845916
544 0.699890 0.843814
1784 0.660545 0.925062
1490 0.685179 0.868621
1724 0.698619 0.843051
1722 0.641500 0.973902
1855 0.698090 0.838939
1206 0.708694 0.804544
1870 0.665621 0.916462
958 0.662180 0.913107
1793 0.690087 0.855740
1423 0.685104 0.870897
1792 0.712232 0.797103
980 0.675018 0.896831
1711 0.708978 0.802492
1606 0.716175 0.792192
1812 0.716060 0.793028
814 0.725129 0.759598
1238 0.717259 0.797561
1960 0.744662 0.735861
1833 0.678150 0.882527
1488 0.667914 0.917560
1987 0.657633 0.929690
755 0.671533 0.898224
967 0.691820 0.846677
763 0.733223 0.744926
1077 0.711698 0.798919
1262 0.678967 0.883744
1547 0.734777 0.755865
1510 0.732671 0.750996
1296 0.628247 1.021443
1639 0.679690 0.891385
1005 0.717407 0.793701
1578 0.683420 0.871587
692 0.676204 0.889465
800 0.713891 0.810693
523 0.707993 0.819754
614 0.658533 0.932461
1585 0.694029 0.845636
1858 0.771036 0.664472
819 0.710163 0.793216
1308 0.707681 0.825499
971 0.721240 0.777873
521 0.708179 0.814963
966 0.660933 0.921385
891 0.686516 0.862591
1411 0.706569 0.811713
1408 0.700799 0.842778
1429 0.718353 0.788540
1741 0.672107 0.904515
1998 0.682078 0.881765
1195 0.704210 0.808454
657 0.654308 0.945290
933 0.703187 0.822065
1573 0.719353 0.784268
687 0.729065 0.759122
1117 0.681495 0.873185
695 0.707903 0.812785
1457 0.703633 0.822471
1476 0.708503 0.797163
880 0.675481 0.889933
1789 0.700608 0.830526
713 0.698882 0.844412
993 0.674579 0.893245
734 0.697698 0.844321
1353 0.711057 0.807478
1188 0.741950 0.730559
1189 0.729572 0.771833
1201 0.751170 0.720524
1176 0.691388 0.853631
853 0.646293 0.964686
1498 0.724449 0.768308
509 0.698542 0.835971
919 0.700536 0.825027
637 0.681322 0.879492
869 0.710575 0.804242
1096 0.715352 0.797841
573 0.637885 0.989031
1428 0.704706 0.826238
738 0.711925 0.800153
985 0.660234 0.917185
1184 0.673832 0.895929
1712 0.638860 0.988332
1170 0.675974 0.877165
1574 0.708960 0.801764
1771 0.679244 0.873974
1705 0.686418 0.864899
524 0.662540 0.924046
525 0.730164 0.768728
1204 0.704593 0.826838
1217 0.754299 0.699303
1454 0.686072 0.857896
1312 0.673405 0.887061
1661 0.703572 0.820601
1636 0.676796 0.888440
1615 0.704752 0.815342
541 0.674805 0.897144
1552 0.680311 0.867693
1943 0.690482 0.857368
1715 0.700715 0.835218
787 0.678003 0.895468
910 0.680187 0.881866
1739 0.692671 0.854915
1736 0.681143 0.880049
1597 0.675361 0.895078
908 0.690811 0.860038
771 0.678628 0.876859
879 0.678782 0.882194
1401 0.732785 0.750242
706 0.720394 0.779965
658 0.697978 0.844798
1648 0.661508 0.929459
576 0.681528 0.872182
1420 0.691652 0.844605
1422 0.710586 0.808680
1291 0.705545 0.819682
1710 0.694633 0.842825
1994 0.706688 0.821919
1343 0.671889 0.903611
1968 0.717379 0.797516
1769 0.682284 0.871169
1146 0.715128 0.799743
1608 0.717432 0.787894
1559 0.657184 0.932912
1558 0.668725 0.898545
1805 0.706318 0.814112
528 0.685756 0.863373
1237 0.694800 0.841905
1286 0.689030 0.866613
1588 0.700329 0.838925
1936 0.686641 0.864678
1039 0.720975 0.786854
1694 0.659664 0.927335
1083 0.683570 0.875410
885 0.672799 0.899239
774 0.744595 0.726667
872 0.706278 0.822417
1786 0.708371 0.802411
1254 0.733945 0.754014
1665 0.659374 0.933288
584 0.721211 0.787077
1984 0.667381 0.909556
1556 0.665193 0.911748
1948 0.672261 0.891529
1941 0.713273 0.794617
1626 0.682391 0.877361
1955 0.685047 0.870099
1921 0.726221 0.768846
633 0.670225 0.894295
607 0.713297 0.803706
1214 0.702190 0.823308
619 0.693148 0.844975
1301 0.749724 0.704124
1666 0.620819 1.033294
868 0.677106 0.883096
776 0.647540 0.957225
597 0.737919 0.747581
1659 0.662822 0.914547
1388 0.648309 0.957438
572 0.643671 0.973207
1442 0.659938 0.934062
569 0.675234 0.879945
1753 0.661527 0.913455
1156 0.675937 0.888825
1803 0.715262 0.790891
1589 0.711863 0.810832
1038 0.645986 0.967104
848 0.683011 0.865293
1906 0.689154 0.858154
611 0.675791 0.881508
1871 0.694726 0.841401
1912 0.686497 0.870475
893 0.722887 0.782166
595 0.695951 0.835914
1396 0.696435 0.838983
725 0.733680 0.760691
1149 0.714358 0.795604
1779 0.732437 0.751221
822 0.685505 0.857218
1485 0.714754 0.787967
1137 0.709374 0.817608
629 0.707956 0.804135
507 0.674279 0.888648
631 0.701150 0.814744
847 0.664176 0.909581
1453 0.676910 0.894645
1900 0.643877 0.972395
871 0.658184 0.933425
1670 0.688122 0.868010
1243 0.727113 0.756386
1887 0.697892 0.831506
705 0.710712 0.807963
703 0.708148 0.805980
1645 0.698373 0.830551
1181 0.677919 0.870109
1385 0.697156 0.823570
1970 0.682885 0.866927
1159 0.642201 0.957333
1018 0.662945 0.910444
1008 0.682543 0.867366
622 0.741812 0.729898
1534 0.656882 0.930574
1840 0.691747 0.844095
1043 0.749337 0.716158
1673 0.679178 0.887078
585 0.697902 0.833740
1604 0.674725 0.898374
1619 0.674623 0.888814
1774 0.761180 0.686257
1527 0.704492 0.815469
915 0.732017 0.753335
1033 0.705303 0.821984
1209 0.722246 0.782332
746 0.678267 0.879653
1511 0.709818 0.804292
1663 0.649937 0.954229
598 0.658329 0.927721
1241 0.704425 0.818833
648 0.657729 0.931459
1886 0.675207 0.883557
731 0.719296 0.781051
548 0.680263 0.876755
678 0.705842 0.818790
807 0.719508 0.784252
518 0.701148 0.829589
849 0.724080 0.766193
1024 0.707857 0.805801
502 0.690064 0.865131
1035 0.704281 0.832681
1110 0.710885 0.818209
902 0.738584 0.743742
1904 0.662224 0.927210
1052 0.677584 0.887156
1696 0.682041 0.870891
973 0.639281 0.979853
1044 0.700100 0.830384
960 0.700120 0.835518
1521 0.708201 0.816603
1796 0.679649 0.892797
1634 0.731125 0.760676
1746 0.707000 0.825036
1565 0.738339 0.747950
1992 0.699808 0.845020
1999 0.639648 0.980949
1751 0.661921 0.915056
1399 0.679406 0.879169
1135 0.682821 0.865669
1535 0.718051 0.789304
1821 0.735846 0.739473
1923 0.603555 1.073098
1938 0.690229 0.846498
1591 0.715739 0.801362
903 0.718129 0.781439
1846 0.685473 0.862539
1844 0.687234 0.864044
889 0.704436 0.818009
1895 0.683727 0.882131
1341 0.697826 0.841529
1421 0.709458 0.808230
1185 0.703479 0.825278
720 0.707367 0.811954
1745 0.674507 0.890496
551 0.657888 0.916626
1362 0.712678 0.798351
543 0.689903 0.858680
1783 0.700253 0.829947
1995 0.730936 0.757524
844 0.667007 0.923959
1027 0.691689 0.861244
1211 0.652353 0.944599
1685 0.699544 0.832210
1323 0.703010 0.817597
1258 0.736762 0.743429
950 0.669444 0.900769
1664 0.696490 0.837164
1435 0.650004 0.955789
652 0.710433 0.808833
1179 0.649084 0.957696
697 0.679837 0.882126
536 0.674195 0.887230
1959 0.681686 0.862445
1725 0.700933 0.822962
1598 0.680259 0.884854
1795 0.714227 0.795781
710 0.671871 0.899104
888 0.647893 0.935449
1332 0.663035 0.916820
1094 0.653240 0.942348
677 0.634217 0.983082
1084 0.652821 0.942530
1658 0.655641 0.925069
1200 0.711883 0.800339
1627 0.669104 0.913571
1575 0.654315 0.930629
1344 0.688438 0.856227
670 0.708577 0.815932
1577 0.666274 0.914911
1924 0.705207 0.815080
1088 0.713965 0.798130
688 0.676980 0.879570
1763 0.718019 0.792104
1958 0.674916 0.890330
1583 0.699965 0.822235
1931 0.701835 0.821821
600 0.690467 0.851645
1693 0.638823 0.996609
1473 0.677392 0.890442
1874 0.713223 0.791436
1334 0.684708 0.872254
1610 0.706261 0.815623
1528 0.686955 0.862570
953 0.712618 0.803990
1068 0.740455 0.745763
1292 0.682260 0.877657
999 0.671390 0.903217
1514 0.680087 0.873384
1750 0.664669 0.921237
684 0.751688 0.716709
1766 0.709037 0.807682
764 0.694104 0.840354
1493 0.703161 0.825758
1934 0.742520 0.731493
1100 0.655749 0.936435
887 0.718561 0.780932
663 0.679463 0.880632
1532 0.687877 0.860576
1674 0.718630 0.774870
672 0.678210 0.888018
952 0.677233 0.888253
1790 0.722127 0.778523
690 0.767488 0.677876
1349 0.667785 0.908006
517 0.721205 0.782633
1647 0.675579 0.894718
981 0.684754 0.857970
683 0.697892 0.850532
1205 0.698498 0.829009
856 0.663582 0.930071
1276 0.713704 0.797672
1917 0.670280 0.907675
775 0.674352 0.899572
1545 0.681194 0.863231
1880 0.717264 0.787528
581 0.720934 0.770410
588 0.729271 0.765748
994 0.726737 0.766246
739 0.705072 0.826102
983 0.680741 0.887096
561 0.697682 0.845621
1808 0.658834 0.929326
812 0.670650 0.893058
817 0.652789 0.932292
823 0.680799 0.883268
1025 0.709235 0.799728
1475 0.693812 0.838012
1508 0.745144 0.719480
1640 0.699192 0.830172
686 0.691708 0.846862
1382 0.677562 0.876170
1494 0.656036 0.941577
1129 0.728960 0.751691
522 0.731026 0.757776
503 0.695621 0.836998
741 0.649779 0.949905
747 0.706538 0.819321
1279 0.658030 0.936307
1335 0.682101 0.888265
671 0.659551 0.921089
1407 0.708095 0.797954
737 0.712048 0.807242
1274 0.648293 0.961128
982 0.631220 0.986034
836 0.701736 0.827073
1215 0.690004 0.850270
1107 0.703420 0.832002
857 0.691416 0.855663
1051 0.655367 0.946443
1054 0.712425 0.797824
860 0.733605 0.754422
1686 0.706335 0.816663
1862 0.733905 0.754675
760 0.716798 0.793965
1093 0.738233 0.739283
1896 0.684949 0.862343
1397 0.676488 0.899947
1193 0.656534 0.928938
1174 0.684547 0.867326
1373 0.723459 0.771474
1612 0.756382 0.698820
1091 0.708122 0.813552
811 0.702237 0.825227
1536 0.666792 0.920801
1131 0.704221 0.825729
615 0.657358 0.944071
1410 0.674992 0.894568
1337 0.747514 0.725692
1447 0.701434 0.830139
1756 0.674602 0.892095
1618 0.703472 0.823608
1782 0.708002 0.793609
532 0.674557 0.882552
526 0.708204 0.800464
1957 0.627043 0.996973
837 0.684312 0.862179
1919 0.743694 0.723382
882 0.677984 0.885408
1689 0.733097 0.753288
1075 0.685032 0.874983
1250 0.691230 0.847234
1252 0.675325 0.899128
732 0.723717 0.766260
559 0.775239 0.660344
554 0.696700 0.847477
1199 0.700543 0.837652
1148 0.661716 0.902045
1391 0.739345 0.733215
1837 0.704424 0.816748
1950 0.673471 0.896766
1738 0.653956 0.940523
864 0.640229 0.978048
1465 0.740084 0.740927
1869 0.700688 0.832769
1675 0.673838 0.890828
1667 0.660586 0.921233
1646 0.695991 0.836906
1649 0.694269 0.843445
733 0.658361 0.925197
1375 0.708609 0.807279
1759 0.677033 0.878518
1282 0.738661 0.736681
1605 0.722718 0.777687
1099 0.698589 0.830907
1557 0.711958 0.795910
1932 0.699613 0.836251
845 0.696321 0.838212
1732 0.688848 0.857386
1872 0.672505 0.891213
1010 0.680454 0.885600
878 0.713316 0.817189
1095 0.702527 0.820445
1412 0.705937 0.819495
1240 0.682993 0.865671
1340 0.692295 0.848131
992 0.704379 0.821909
604 0.689244 0.860321
1519 0.665879 0.906035
1989 0.674557 0.886481
512 0.682556 0.876607
1972 0.730247 0.758085
1152 0.647595 0.968290
1481 0.699924 0.822087
926 0.687722 0.863132
1119 0.685580 0.863912
1357 0.682971 0.861742
1907 0.696561 0.828143
742 0.712640 0.809661
1692 0.681550 0.866545
1278 0.712137 0.808819
1268 0.663211 0.930962
1319 0.693849 0.857788
1868 0.680260 0.883947
892 0.755388 0.704937
1247 0.693810 0.844249
1592 0.727210 0.777510
1161 0.725982 0.767153
654 0.679706 0.873854
1975 0.650173 0.951254
1971 0.680046 0.885958
1708 0.733014 0.760987
628 0.724047 0.772864
1927 0.663898 0.920609
782 0.660737 0.925602
1726 0.707840 0.807871
1852 0.676745 0.878156
1029 0.683750 0.879841
876 0.669572 0.897039
1072 0.686930 0.863100
1679 0.724926 0.774332
719 0.668838 0.894395
1441 0.696424 0.837728
553 0.721016 0.774600
1719 0.701647 0.832819
621 0.686252 0.876535
1842 0.654095 0.941913
1089 0.677490 0.872723
1112 0.667824 0.896889
1531 0.709922 0.805487
1629 0.704118 0.839422
1622 0.746458 0.712593
1716 0.680214 0.875833
1224 0.655408 0.934809
1820 0.653451 0.939504
786 0.681800 0.875243
1857 0.699475 0.832349
1111 0.656403 0.934853
1688 0.705341 0.820742
707 0.769328 0.673422
583 0.744544 0.722745
1425 0.695479 0.841827
1633 0.677926 0.871444
563 0.696084 0.849044
1951 0.735835 0.738594
1484 0.706929 0.810712
1861 0.687404 0.866995
1890 0.707314 0.814091
1893 0.693502 0.863998
596 0.655757 0.926688
1330 0.676671 0.878312
1462 0.707513 0.816394
564 0.725672 0.769255
1752 0.672184 0.902614
1281 0.710241 0.808126
1760 0.692368 0.854503
1825 0.717892 0.791478
1684 0.688720 0.864581
1067 0.720674 0.784857
1432 0.735208 0.753892
1030 0.695017 0.845520
1164 0.714705 0.794383
1757 0.722088 0.779301
820 0.698082 0.833650
928 0.709267 0.807684
606 0.727809 0.755350
1445 0.659088 0.936347
904 0.667253 0.908373
740 0.643080 0.957131
1691 0.725975 0.769429
1478 0.733530 0.757162
1461 0.685363 0.859029
1788 0.726546 0.765870
1065 0.734222 0.751208
1406 0.690729 0.855187
704 0.682488 0.863928
1657 0.730862 0.758635
1347 0.717023 0.793738
997 0.669814 0.911075
1275 0.706366 0.809126
556 0.672612 0.909081
1817 0.679835 0.885424
1836 0.709343 0.804226
1956 0.690756 0.847896
1733 0.674227 0.896002
679 0.715014 0.800134
1405 0.666968 0.917887
1377 0.687566 0.865504
809 0.731456 0.748971
1491 0.724332 0.768635
1219 0.701174 0.837448
1053 0.720691 0.780367
1474 0.731606 0.746501
861 0.695291 0.845352
557 0.696880 0.834386
1125 0.650000 0.950361
1483 0.691338 0.856654
1580 0.698743 0.824735
1022 0.679575 0.880694
905 0.685653 0.861746
976 0.726083 0.757476
863 0.665940 0.918129
676 0.667737 0.912087
1426 0.708313 0.804358
1439 0.744141 0.719996
1600 0.697008 0.836806
1487 0.627389 1.026746
1037 0.648816 0.955318
862 0.700496 0.830359
1336 0.678580 0.885334
761 0.706979 0.808123
1079 0.686749 0.865310
649 0.684554 0.872515
944 0.699538 0.833273
1643 0.722547 0.779675
1991 0.767322 0.679580
1196 0.629933 1.014908
1177 0.659287 0.925040
542 0.732337 0.748561
1973 0.665170 0.920724
1776 0.694749 0.840013
1106 0.676779 0.874484
901 0.741263 0.731936
1048 0.662862 0.925092
668 0.725647 0.767601
1325 0.711025 0.800496
1799 0.695411 0.842230
1267 0.727661 0.774068
1797 0.701723 0.835188
726 0.716651 0.808036
1223 0.694836 0.845259
808 0.710812 0.804234
801 0.670882 0.904640
1492 0.687641 0.857959
1576 0.672899 0.900024
1118 0.727828 0.771873
1901 0.729034 0.759673
1317 0.662626 0.925280
1672 0.682831 0.887195
675 0.648279 0.959449
1620 0.666094 0.908718
1069 0.731565 0.760925
1066 0.724811 0.775738
1369 0.691759 0.849646
797 0.705274 0.814125
794 0.719907 0.791425
625 0.704063 0.814685
638 0.692138 0.857628
1034 0.659133 0.926923
1878 0.672278 0.899108
1891 0.728219 0.763452
575 0.659878 0.926329
1567 0.687859 0.861678
1178 0.718402 0.794055
1394 0.695814 0.854782
1701 0.723373 0.777372
1828 0.658839 0.926557
1085 0.737793 0.745118
1544 0.699377 0.814910
1707 0.683754 0.869509
832 0.714064 0.797708
1327 0.705955 0.815897
712 0.641944 0.970307
1436 0.671931 0.894273
1165 0.697805 0.840434
1245 0.694738 0.848940
1940 0.747637 0.708917
529 0.685156 0.873877
1231 0.724393 0.770264
827 0.662077 0.930271
1718 0.673262 0.901043
1026 0.679137 0.872824
1794 0.692127 0.846923
653 0.730127 0.763344
1564 0.690430 0.864103
626 0.706760 0.821447
1778 0.730151 0.761800
1945 0.684193 0.856985
1480 0.706127 0.822024
838 0.690268 0.869263
1587 0.674002 0.877708
1366 0.639019 0.987620
1365 0.664259 0.924289
1144 0.691129 0.859246
909 0.709422 0.794910
1392 0.714814 0.803120
1122 0.655009 0.932071
519 0.618403 1.032476
1829 0.629956 1.001724
1926 0.696817 0.839005
865 0.678289 0.876689
1682 0.692132 0.842607
1897 0.726922 0.771348
722 0.689116 0.857200
1602 0.667113 0.909803
540 0.653013 0.955511
1253 0.699166 0.841924
1801 0.721464 0.780141
1138 0.734634 0.757872
991 0.713705 0.800054
1569 0.730711 0.765088
1978 0.663371 0.922325
1777 0.692031 0.866969
1823 0.703717 0.828021
660 0.691062 0.844582
995 0.737782 0.743180
728 0.694941 0.847595
1000 0.674887 0.898316
1918 0.692219 0.851416
1915 0.672148 0.897641
1090 0.691069 0.850342
1321 0.675346 0.905275
1087 0.681284 0.881546
702 0.726890 0.765157
1503 0.699523 0.838770
1653 0.670480 0.902668
537 0.693508 0.851068
1706 0.659367 0.918621
515 0.728444 0.760899
662 0.686148 0.864088
754 0.669799 0.901938
906 0.728354 0.756393
1479 0.726149 0.773870
1040 0.653361 0.950822
1780 0.692663 0.851662
1098 0.703701 0.812491
1424 0.705314 0.818393
1625 0.694664 0.851314
1835 0.673946 0.896134
1212 0.692012 0.854858
1908 0.620306 1.019699
1071 0.702185 0.813564
941 0.710705 0.804444
1985 0.723249 0.771456
1171 0.654297 0.950779
1387 0.668002 0.901219
505 0.698744 0.841160
1471 0.688613 0.862191
701 0.699111 0.828710
1393 0.734256 0.764659
1579 0.668332 0.914215
1141 0.691911 0.846864
1832 0.659591 0.922600
934 0.702738 0.831083
1482 0.673511 0.888299
855 0.671732 0.893243
1460 0.658175 0.939820
1892 0.724968 0.777216
1283 0.726186 0.770020
1213 0.667812 0.915268
616 0.675620 0.888512
1911 0.704519 0.820290
1635 0.667053 0.913653
1979 0.712103 0.794274
1313 0.671621 0.909985
594 0.691663 0.850540
1331 0.665893 0.923160
1882 0.706400 0.807451
815 0.690072 0.856552
1834 0.713601 0.798664
1930 0.693665 0.843304
1899 0.660149 0.940092
696 0.697274 0.845596
948 0.689063 0.862078
1158 0.719454 0.788279
1235 0.629955 1.011714
1826 0.707013 0.814189
785 0.690923 0.850813
1216 0.639789 0.979411
1311 0.687390 0.850973
1249 0.715935 0.788757
708 0.709368 0.802621
1501 0.680924 0.893511
1358 0.676517 0.887215
1017 0.690308 0.862539
937 0.685430 0.863319
1526 0.712691 0.791752
1160 0.664695 0.912439
1624 0.663825 0.921731
1124 0.720660 0.785515
510 0.747952 0.723559
682 0.717021 0.788172
1266 0.726040 0.776717
1097 0.673582 0.894185
1509 0.649367 0.938714
1446 0.724399 0.773948
1811 0.646448 0.967447
1012 0.669937 0.891536
1875 0.729622 0.763321
1768 0.704755 0.818231
1603 0.711378 0.797084
1120 0.693531 0.851905
1883 0.639818 0.979919
514 0.734814 0.744648
1015 0.740153 0.726218
1539 0.650434 0.942619
1227 0.695152 0.842351
1364 0.661344 0.924902
805 0.663018 0.939847
1021 0.692000 0.835310
1944 0.668407 0.895039
795 0.678960 0.879348
1166 0.733601 0.753954
1173 0.749515 0.716776
1813 0.681670 0.860194
1013 0.664984 0.921081
1001 0.693851 0.834972
1676 0.720979 0.778649
1114 0.705990 0.816064
1076 0.737249 0.744788
1307 0.724768 0.769145
591 0.655507 0.938659
1529 0.697812 0.824804
1459 0.679479 0.874225
1810 0.720733 0.781602
1977 0.726532 0.757599
531 0.641974 0.958039
1303 0.667358 0.910114
1486 0.651224 0.941960
1011 0.658377 0.922979
1322 0.716287 0.796297
1062 0.724636 0.770711
736 0.715658 0.789517
1221 0.698567 0.835603
1570 0.685041 0.884609
883 0.718591 0.785702
884 0.733865 0.746075
963 0.663368 0.918848
635 0.715317 0.795128
570 0.696027 0.841663
829 0.703856 0.832439
709 0.660085 0.923503
1163 0.716667 0.795561
1194 0.693832 0.839532
850 0.684857 0.874432
1404 0.668847 0.911648
796 0.653932 0.948403
1271 0.670220 0.897058
1562 0.646293 0.970108
1831 0.743460 0.734173
1729 0.772637 0.656945
568 0.689164 0.858977
1877 0.712035 0.803421
894 0.714679 0.786006
647 0.710821 0.798374
1541 0.670597 0.898249
1207 0.677845 0.874751
1827 0.707088 0.812266
1876 0.681656 0.873360
1981 0.727995 0.756658
1380 0.707931 0.812989
912 0.683628 0.847395
1167 0.719818 0.793638
890 0.663419 0.929641
312 1.457977 -0.492433
94 1.463492 -0.507196
457 1.432490 -0.465206
184 1.472970 -0.495903
470 1.455500 -0.508310
364 1.432818 -0.462637
228 1.486760 -0.540997
455 1.470890 -0.473665
258 1.543577 -0.582010
372 1.455562 -0.495104
201 1.413277 -0.419950
305 1.525242 -0.571966
42 1.459690 -0.502235
34 1.532256 -0.567826
456 1.474779 -0.499820
341 1.442900 -0.457110
376 1.353316 -0.371457
211 1.544059 -0.578305
332 1.478385 -0.492685
299 1.453623 -0.504647
369 1.509237 -0.512300
214 1.439260 -0.460098
27 1.382065 -0.381809
379 1.515017 -0.564143
242 1.449083 -0.450583
388 1.474095 -0.476465
16 1.492871 -0.500844
109 1.454005 -0.465154
250 1.400638 -0.428799
71 1.365020 -0.363721
416 1.406414 -0.419138
381 1.422935 -0.489989
318 1.521805 -0.573952
41 1.431409 -0.457039
409 1.462479 -0.458971
368 1.462243 -0.494697
386 1.510850 -0.527006
471 1.460124 -0.471084
272 1.525466 -0.579634
91 1.462666 -0.487504
393 1.511286 -0.515813
361 1.492094 -0.511622
144 1.488755 -0.523383
495 1.471044 -0.505910
463 1.469100 -0.507341
460 1.482688 -0.540349
156 1.449112 -0.467175
253 1.432521 -0.465074
3 1.488344 -0.531555
499 1.554540 -0.607588
319 1.410446 -0.414108
37 1.508305 -0.537316
380 1.469658 -0.515721
338 1.425619 -0.438419
288 1.545146 -0.560598
345 1.469120 -0.503930
428 1.422840 -0.454870
487 1.404225 -0.441603
72 1.388701 -0.386824
257 1.494355 -0.520095
123 1.493090 -0.511226
279 1.440018 -0.447297
430 1.385328 -0.380594
431 1.398900 -0.398288
489 1.479203 -0.499929
402 1.510340 -0.555769
133 1.459207 -0.523945
262 1.499222 -0.534853
212 1.586455 -0.626197
213 1.523445 -0.576097
189 1.430268 -0.467583
422 1.493184 -0.515196
337 1.477521 -0.533272
418 1.393200 -0.403770
124 1.498642 -0.536492
115 1.454898 -0.463656
99 1.483167 -0.520905
407 1.565798 -0.603575
286 1.436752 -0.456325
443 1.443449 -0.456317
264 1.514148 -0.550471
478 1.421347 -0.397241
292 1.459074 -0.507321
168 1.491285 -0.513387
58 1.455108 -0.477035
80 1.434451 -0.452884
125 1.485174 -0.501836
355 1.394539 -0.399374
289 1.490058 -0.518066
154 1.465157 -0.496912
158 1.583392 -0.605252
233 1.518163 -0.567293
197 1.505133 -0.534680
309 1.524110 -0.578283
335 1.421896 -0.453436
45 1.415464 -0.414233
246 1.413993 -0.408885
179 1.495326 -0.543907
0 1.433970 -0.445190
238 1.490681 -0.524338
73 1.452934 -0.489223
83 1.451252 -0.454801
351 1.436554 -0.484737
105 1.466747 -0.508079
412 1.415101 -0.421549
256 1.562077 -0.630773
181 1.456108 -0.460182
358 1.466999 -0.490157
240 1.527555 -0.538730
367 1.473233 -0.509109
429 1.492070 -0.520094
301 1.547460 -0.561031
137 1.415420 -0.428648
343 1.486240 -0.496979
50 1.501062 -0.565083
230 1.501949 -0.513268
491 1.455202 -0.501666
334 1.444720 -0.466630
333 1.472842 -0.471962
284 1.433940 -0.444489
423 1.470368 -0.470999
148 1.518424 -0.517934
486 1.528687 -0.576570
120 1.537152 -0.536177
464 1.522872 -0.564752
403 1.455943 -0.468372
259 1.491928 -0.522416
435 1.432117 -0.445793
141 1.459343 -0.463186
481 1.528040 -0.565231
199 1.471473 -0.510668
131 1.515825 -0.546543
138 1.574284 -0.619025
469 1.521741 -0.545204
476 1.457357 -0.486983
100 1.500282 -0.525147
396 1.384869 -0.372690
178 1.437661 -0.457492
159 1.459153 -0.488743
147 1.499746 -0.540122
200 1.502562 -0.490294
466 1.490256 -0.517746
25 1.446075 -0.465381
449 1.482856 -0.506917
336 1.384179 -0.392170
450 1.479885 -0.503293
452 1.397861 -0.411210
260 1.485663 -0.534078
375 1.480314 -0.530944
390 1.470049 -0.507265
175 1.536736 -0.571280
170 1.399562 -0.409848
152 1.501479 -0.528723
31 1.558304 -0.579406
328 1.438606 -0.450301
291 1.447781 -0.465806
374 1.488242 -0.530232
391 1.460682 -0.475205
150 1.460985 -0.486222
235 1.407771 -0.383931
331 1.469462 -0.510749
119 1.505345 -0.530180
102 1.543993 -0.581418
146 1.495278 -0.531408
143 1.473123 -0.473456
18 1.553904 -0.607821
202 1.461300 -0.479938
215 1.477214 -0.555071
485 1.522286 -0.541307
183 1.509835 -0.549058
130 1.429706 -0.458619
359 1.563696 -0.589971
268 1.411167 -0.413813
346 1.542611 -0.568703
297 1.462519 -0.508435
295 1.469624 -0.496687
290 1.503157 -0.537329
275 1.438154 -0.467842
362 1.399535 -0.381561
421 1.459088 -0.469861
11 1.451033 -0.471127
12 1.468030 -0.479650
219 1.559763 -0.592310
458 1.465659 -0.508636
483 1.444097 -0.480283
195 1.482805 -0.518197
494 1.487045 -0.543070
74 1.511878 -0.544493
134 1.427724 -0.448086
323 1.458508 -0.485488
354 1.468254 -0.496168
475 1.552668 -0.583187
106 1.537475 -0.580336
373 1.440285 -0.475061
424 1.390607 -0.392242
225 1.399047 -0.400315
193 1.481160 -0.513739
79 1.513818 -0.555944
442 1.441073 -0.448930
454 1.550456 -0.582048
467 1.553520 -0.586771
117 1.484305 -0.486153
48 1.451490 -0.464882
348 1.478902 -0.514974
293 1.479975 -0.528413
410 1.487720 -0.515511
57 1.518195 -0.544761
149 1.492614 -0.504197
322 1.442244 -0.471309
273 1.449261 -0.443125
107 1.515408 -0.538985
104 1.489269 -0.525767
395 1.505267 -0.536673
417 1.465296 -0.461625
153 1.496736 -0.537664
10 1.456510 -0.462627
204 1.480764 -0.499918
77 1.551229 -0.576422
300 1.574199 -0.621468
81 1.380310 -0.401194
44 1.522195 -0.552959
278 1.548834 -0.582611
365 1.475455 -0.505704
255 1.421270 -0.429250
157 1.508068 -0.558583
210 1.480247 -0.495462
22 1.367857 -0.396959
9 1.590603 -0.615608
139 1.550403 -0.596697
121 1.494655 -0.506854
462 1.487072 -0.513574
392 1.511145 -0.529366
415 1.531224 -0.604743
439 1.465291 -0.489329
63 1.477874 -0.480900
187 1.468926 -0.487856
303 1.512315 -0.553832
306 1.490173 -0.528587
330 1.496451 -0.542693
96 1.570280 -0.607607
248 1.444124 -0.471728
419 1.467076 -0.500566
366 1.506915 -0.511157
401 1.585216 -0.652518
180 1.472110 -0.527129
39 1.492142 -0.507397
46 1.424449 -0.442868
51 1.444939 -0.450505
234 1.531066 -0.565551
205 1.491341 -0.515053
206 1.471956 -0.473488
182 1.503835 -0.497134
87 1.449472 -0.467604
347 1.530285 -0.550405
271 1.574812 -0.596144
276 1.458510 -0.498851
244 1.584555 -0.628996
411 1.515359 -0.560930
151 1.443260 -0.480263
13 1.519484 -0.533506
315 1.411147 -0.405877
446 1.412122 -0.428292
399 1.418485 -0.432758
254 1.412388 -0.434774
420 1.509189 -0.549844
142 1.451695 -0.455528
186 1.421315 -0.438787
88 1.499534 -0.498143
451 1.530861 -0.532759
266 1.508771 -0.546439
269 1.473129 -0.512097
298 1.486830 -0.509063
247 1.568899 -0.605366
249 1.446913 -0.464551
389 1.524642 -0.544672
53 1.523557 -0.529658
220 1.510309 -0.530625
426 1.514880 -0.557282
237 1.383991 -0.402040
203 1.470790 -0.503908
69 1.490076 -0.537113
480 1.534231 -0.568671
497 1.486985 -0.532231
445 1.529698 -0.575226
82 1.431633 -0.426684
84 1.451549 -0.475269
282 1.451408 -0.501406
47 1.524027 -0.575302
397 1.480901 -0.486612
398 1.413449 -0.425945
169 1.466941 -0.484598
165 1.467219 -0.504681
166 1.465094 -0.476884
438 1.490396 -0.517599
493 1.485739 -0.496380
118 1.476065 -0.510644
473 1.453841 -0.470801
342 1.479933 -0.523587
414 1.535637 -0.583328
383 1.481859 -0.522905
155 1.563578 -0.567509
60 1.469544 -0.502219
194 1.483005 -0.514449
311 1.469506 -0.466141
448 1.458504 -0.473279
129 1.412486 -0.446080
49 1.499617 -0.520350
474 1.421745 -0.440363
344 1.617931 -0.671975
377 1.469280 -0.501180
436 1.403613 -0.430584
207 1.499098 -0.488028
404 1.528656 -0.552810
198 1.383693 -0.387123
490 1.440843 -0.475376
26 1.481403 -0.514087
28 1.496784 -0.537018
263 1.523821 -0.545230
400 1.440935 -0.460768
226 1.430346 -0.445323
222 1.458264 -0.456790
14 1.521201 -0.570687
61 1.465257 -0.479522
406 1.485541 -0.541915
23 1.433829 -0.469583
185 1.387848 -0.383609
302 1.475464 -0.516757
136 1.520791 -0.570457
283 1.459655 -0.464120
90 1.507481 -0.546758
384 1.472993 -0.508289
59 1.490850 -0.530445
425 1.512466 -0.547912
437 1.434096 -0.481797
62 1.487438 -0.507622
465 1.444080 -0.467126
217 1.361817 -0.371964
6 1.532163 -0.551688
20 1.536213 -0.567269
8 1.495576 -0.526140
135 1.459419 -0.468840
468 1.484396 -0.533044
277 1.464431 -0.473124
245 1.500080 -0.559566
243 1.418797 -0.422062
360 1.413371 -0.416168
164 1.448934 -0.460216
1 1.485902 -0.518523
15 1.501157 -0.525920
498 1.496336 -0.524826
40 1.598749 -0.637121
479 1.490646 -0.529009
274 1.442151 -0.485567
108 1.427642 -0.433176
103 1.448535 -0.462546
378 1.471723 -0.471693
370 1.496745 -0.548486
241 1.490974 -0.516800
382 1.462938 -0.473601
140 1.506534 -0.544456
191 1.460690 -0.457998
128 1.464400 -0.499352
224 1.471279 -0.488648
208 1.546094 -0.583153
444 1.447756 -0.475102
321 1.527626 -0.585464
43 1.563658 -0.595005
387 1.491761 -0.523486
52 1.486503 -0.515679
229 1.429297 -0.443412
236 1.483450 -0.480565
339 1.425674 -0.458914
461 1.420414 -0.448658
353 1.530212 -0.573296
385 1.496738 -0.584357
405 1.473772 -0.515470
4 1.541407 -0.556480
89 1.520932 -0.534374
325 1.520432 -0.530969
408 1.475348 -0.511667
167 1.513865 -0.544491
227 1.447603 -0.469574
221 1.453247 -0.452012
192 1.535883 -0.582168
492 1.449280 -0.484046
78 1.430628 -0.484645
307 1.449009 -0.460684
327 1.543686 -0.559228
281 1.587467 -0.659639
267 1.456202 -0.502342
296 1.415612 -0.439729
172 1.448931 -0.502564
171 1.493551 -0.524384
413 1.515813 -0.539507
432 1.436594 -0.477285
209 1.489170 -0.532329
216 1.448804 -0.463531
317 1.545220 -0.615677
218 1.419404 -0.441016
313 1.519288 -0.539528
326 1.470258 -0.510756
252 1.411116 -0.412844
145 1.420910 -0.429479
24 1.464771 -0.496103
316 1.471391 -0.510559
32 1.602749 -0.673569
132 1.402388 -0.412049
126 1.530527 -0.578138
113 1.389279 -0.418766
239 1.389221 -0.374217
447 1.507490 -0.545225
350 1.395896 -0.418840
394 1.477992 -0.515690
176 1.414752 -0.399027
21 1.534829 -0.536624
314 1.434860 -0.449394
85 1.429621 -0.474944
55 1.397641 -0.399055
320 1.390012 -0.406714
122 1.537811 -0.584688
93 1.446826 -0.446864
160 1.533174 -0.534760
427 1.526886 -0.551391
482 1.456655 -0.476209
188 1.504542 -0.533106
352 1.585937 -0.637442
112 1.477646 -0.490617
92 1.465004 -0.501342
488 1.477426 -0.516843
496 1.531658 -0.568118
97 1.540282 -0.560109
371 1.548414 -0.577370
196 1.416808 -0.414591
30 1.485702 -0.525699
36 1.436187 -0.462618
177 1.447818 -0.473309
174 1.532942 -0.535782
56 1.500957 -0.513826
68 1.422199 -0.414330
308 1.483218 -0.516799
329 1.510046 -0.508988
340 1.535444 -0.559977
65 1.512434 -0.529641
7 1.454283 -0.478605
310 1.578043 -0.620837
86 1.493899 -0.520938
127 1.495817 -0.496759
287 1.423517 -0.438057
232 1.489320 -0.538648
70 1.516524 -0.521524
280 1.607069 -0.632768
95 1.502034 -0.500237
433 1.512747 -0.538756
19 1.659446 -0.658884
67 1.527070 -0.564325
35 1.463955 -0.483105
261 1.494586 -0.504342
363 1.479317 -0.502804
231 1.617822 -0.641960
29 1.436382 -0.457792
453 1.406525 -0.427336
324 1.460874 -0.461125
285 1.489288 -0.516809
472 1.519172 -0.557797
441 1.434943 -0.455272
434 1.528670 -0.557031
440 1.465730 -0.470679
110 1.468195 -0.485179
190 1.492145 -0.498074
459 1.474510 -0.494795
477 1.451541 -0.447359
101 1.536808 -0.567943
251 1.435179 -0.461511
484 1.507365 -0.552815
75 1.363853 -0.384444
5 1.509992 -0.539064
38 1.494144 -0.529782
356 1.473663 -0.459046
173 1.519012 -0.569420
270 1.500463 -0.545514
161 1.406065 -0.425783
294 1.485141 -0.503696
223 1.446101 -0.426694
265 1.486998 -0.530241
98 1.519037 -0.558809
111 1.401353 -0.394750
64 1.528670 -0.562148
33 1.477728 -0.524562
357 1.394480 -0.421005
54 1.515362 -0.547554
17 1.594560 -0.663554
66 1.419913 -0.436506
116 1.594498 -0.633089
162 1.441905 -0.477504
76 1.513992 -0.523668
2 1.560577 -0.593027
304 1.477246 -0.489769
349 1.594218 -0.646070
114 1.469539 -0.483795
163 1.461845 -0.475627
