500 2
154 -0.789663 -0.638203
392 -0.726433 -0.691654
52 -0.548736 -0.825537
291 -0.280806 -1.040112
75 -0.659673 -0.734391
33 -0.624085 -0.773455
27 -0.421526 -0.926649
401 -0.588637 -0.788024
437 -0.252409 -1.062540
168 -0.667995 -0.742255
138 -0.566803 -0.810494
379 -0.688037 -0.719291
253 -0.909833 -0.547623
177 -0.428874 -0.925283
413 -0.433819 -0.917931
390 -0.510659 -0.855001
262 -0.517844 -0.859014
493 -0.698615 -0.708466
2 -0.676334 -0.736120
338 -0.707451 -0.708112
104 -0.644330 -0.752306
6 -0.870623 -0.583419
448 -0.474354 -0.880136
309 -0.778355 -0.647749
444 -0.674612 -0.731716
142 -0.457221 -0.900691
44 -0.486838 -0.883656
29 -0.564130 -0.805283
69 -0.615469 -0.768703
450 -0.456309 -0.898017
135 -0.744177 -0.678953
389 -0.490168 -0.877756
265 -0.729380 -0.689576
488 -0.286895 -1.038368
119 -0.757662 -0.661825
206 -0.642991 -0.749738
397 -0.733197 -0.679794
15 -0.624733 -0.770142
442 -0.743418 -0.677059
87 -0.619352 -0.763454
260 -0.692385 -0.719895
330 -0.493850 -0.876073
374 -0.645362 -0.750776
377 -0.420830 -0.927144
20 -0.636222 -0.767349
365 -0.831471 -0.606885
387 -0.320355 -1.009493
373 -0.736354 -0.673328
62 -0.389205 -0.945738
487 -0.774757 -0.650735
270 -0.398153 -0.946129
43 -0.574652 -0.807718
10 -0.632201 -0.759827
366 -0.799592 -0.637496
421 -0.408653 -0.938068
306 -0.768660 -0.654778
133 -0.747893 -0.674837
245 -0.166391 -1.141131
456 -0.520189 -0.848369
178 -0.631576 -0.768336
317 -0.784045 -0.643974
322 -0.490275 -0.877432
491 -0.326794 -1.010659
324 -0.552441 -0.831464
474 -0.558677 -0.815385
336 -0.296615 -1.027211
140 -0.599156 -0.784773
458 -0.528994 -0.846892
264 -0.610338 -0.783820
425 -0.683437 -0.726793
53 -0.551695 -0.830951
228 -0.503133 -0.862402
21 -0.262897 -1.059193
250 -0.668212 -0.736479
403 -0.358738 -0.976737
368 -0.565653 -0.816489
244 -0.523475 -0.845639
99 -0.624984 -0.767058
410 -0.465992 -0.895504
100 -0.383553 -0.959828
24 -0.423472 -0.921595
451 -0.540747 -0.836223
367 -0.377151 -0.968717
139 -0.472580 -0.882217
314 -0.733064 -0.675916
424 -0.419240 -0.937487
189 -0.658192 -0.735622
345 -0.551347 -0.823458
181 -0.640259 -0.761793
278 -0.657097 -0.744716
480 -0.799169 -0.631342
204 -0.930758 -0.540065
255 -0.582756 -0.801133
225 -0.396570 -0.950435
41 -0.834666 -0.599128
192 -0.566398 -0.813072
157 -0.709032 -0.706619
476 -0.825714 -0.611543
102 -0.825211 -0.618061
219 -0.633049 -0.766145
242 -0.513264 -0.850226
127 -0.784624 -0.654667
174 -0.641842 -0.751126
68 -0.869566 -0.575686
171 -0.947379 -0.526498
19 -0.595795 -0.793358
398 -0.903932 -0.550009
271 -0.574048 -0.812759
231 -0.542013 -0.831932
385 -0.109457 -1.178194
61 -0.804139 -0.624411
221 -0.693399 -0.709206
83 -0.892227 -0.565277
3 -0.884131 -0.568444
363 -0.608750 -0.782539
281 -0.731447 -0.687582
213 -0.640492 -0.758037
91 -0.908827 -0.544762
146 -0.710471 -0.702752
285 -0.386303 -0.957278
258 -0.416293 -0.933063
274 -0.588691 -0.789139
305 -0.563392 -0.816697
7 -0.673326 -0.734844
72 -0.575888 -0.811809
405 -0.440624 -0.924102
292 -0.996894 -0.479834
279 -0.353843 -0.986425
263 -0.528080 -0.848845
427 -0.728848 -0.685804
436 -0.314010 -1.010425
394 -0.656058 -0.743567
326 -0.429988 -0.919269
134 -0.751144 -0.674080
141 -0.605100 -0.789966
420 -0.702103 -0.706502
199 -0.484489 -0.876168
79 -0.732012 -0.680029
70 -0.240839 -1.075718
498 -0.713224 -0.694963
98 -0.398201 -0.948244
327 -0.380559 -0.955185
266 -0.668075 -0.734858
223 -0.684978 -0.713680
130 -0.882490 -0.564030
58 -0.133071 -1.158995
301 -0.764583 -0.654937
300 -0.414174 -0.939906
469 -0.819472 -0.618801
319 -0.444469 -0.913076
287 -0.576935 -0.807733
490 -0.714623 -0.698782
172 -0.378335 -0.968451
419 -0.661528 -0.738161
49 0.057686 -1.314138
404 -0.289117 -1.038064
167 -0.730048 -0.688677
341 -0.340971 -0.990570
131 -0.357482 -0.982945
26 -0.440930 -0.909560
209 -0.614260 -0.773132
388 -0.890360 -0.554996
103 -0.458555 -0.896425
434 -0.858131 -0.590928
384 -0.336291 -1.000172
156 -0.499840 -0.864447
112 -0.454190 -0.899398
191 -0.690298 -0.721338
51 -0.990756 -0.474957
175 -0.546266 -0.831460
411 -0.773166 -0.646584
82 -0.656746 -0.739830
16 -0.604401 -0.789680
47 -0.503654 -0.868453
452 -0.636978 -0.758650
224 -0.690429 -0.718571
477 -0.634963 -0.758816
202 -0.919491 -0.543803
494 -0.708546 -0.701902
350 -0.533276 -0.844201
137 -0.432246 -0.927066
380 -0.652272 -0.741734
257 -0.171248 -1.131491
9 -0.590592 -0.793346
116 -0.761164 -0.664331
475 -0.548613 -0.829149
30 -0.435130 -0.918441
13 -0.556744 -0.813797
210 -0.641577 -0.761007
335 -0.528367 -0.846522
90 -0.525113 -0.842903
241 -0.491205 -0.873156
12 -0.742769 -0.680508
96 -0.450661 -0.908018
369 -0.643088 -0.757283
109 -0.648149 -0.752066
186 -0.542771 -0.834221
166 -0.622252 -0.768873
78 -0.694303 -0.720850
97 -0.797691 -0.632215
318 -0.590345 -0.793659
472 -0.671141 -0.734288
415 -0.578766 -0.804619
110 -0.345900 -0.991305
73 -0.537471 -0.834902
188 -0.431646 -0.921305
289 -0.662435 -0.731589
470 -0.781235 -0.653613
145 -0.694904 -0.717669
159 -0.564965 -0.822812
249 -0.750255 -0.664284
346 -0.667540 -0.733198
162 -0.838996 -0.605072
212 -0.743986 -0.675691
463 -0.169401 -1.130239
48 -0.603988 -0.786767
38 -0.751412 -0.677307
252 -0.761146 -0.655357
328 -0.832812 -0.601105
31 -0.910416 -0.549447
302 -0.720078 -0.692209
383 -0.684184 -0.709548
136 -0.969090 -0.497689
391 -0.638057 -0.751953
321 -0.509582 -0.857028
4 -0.343160 -0.993212
299 -0.439349 -0.922042
362 -0.761774 -0.656657
275 -0.788188 -0.646923
22 -0.364855 -0.970502
269 -0.472169 -0.892724
80 -0.432215 -0.929206
426 -0.647055 -0.747340
457 -0.500136 -0.871614
329 -0.518473 -0.847416
360 -0.724434 -0.691097
308 -0.293810 -1.031034
150 -0.442972 -0.915534
348 -0.560765 -0.810927
440 -0.583920 -0.810038
409 -0.671648 -0.722890
417 -0.790723 -0.634103
232 -0.506760 -0.861493
320 -0.742257 -0.673270
357 -0.517257 -0.856527
272 -0.844684 -0.592570
375 -0.528983 -0.839921
382 -0.645336 -0.753941
160 -0.376179 -0.973623
296 -0.350682 -0.981339
132 -0.737012 -0.680789
497 -0.551142 -0.817313
85 -0.753381 -0.667107
215 -0.673652 -0.738455
196 -0.212319 -1.097744
208 -0.659034 -0.747356
478 -0.725672 -0.682507
453 -0.369188 -0.971533
18 -0.376035 -0.969315
460 -0.508743 -0.855942
364 -0.181627 -1.118684
5 -0.572370 -0.803877
84 -0.957170 -0.505106
173 -0.674353 -0.728460
107 -0.529713 -0.834982
399 -0.988273 -0.492831
76 -0.925084 -0.526388
311 -0.812968 -0.616809
352 -0.648497 -0.748013
176 -0.546773 -0.825596
64 -0.984991 -0.483164
462 -0.640455 -0.749332
201 -0.512688 -0.867482
88 -0.725719 -0.695526
34 -0.706364 -0.710032
468 -0.420795 -0.925656
220 -0.825796 -0.611015
149 -0.764239 -0.657201
35 -0.577808 -0.807892
170 -0.756770 -0.659351
354 -0.529299 -0.837056
353 -0.465322 -0.884644
42 -0.644013 -0.754950
416 -0.621498 -0.764056
482 -0.813159 -0.617578
143 -0.902176 -0.550115
428 -0.782086 -0.650517
122 -0.596712 -0.794513
431 -0.732579 -0.691743
230 -0.809314 -0.624279
89 -0.908094 -0.552402
115 -0.406910 -0.940556
304 -0.799423 -0.624310
414 -0.392994 -0.949494
295 -0.461890 -0.894345
163 -0.494182 -0.869313
433 -0.660447 -0.736566
237 -0.620481 -0.778000
396 -0.616395 -0.776822
465 -0.776909 -0.645098
118 -0.566372 -0.805486
481 -0.679799 -0.729509
402 -0.615648 -0.773366
496 -0.351204 -0.986044
290 -0.614177 -0.770960
400 -0.828111 -0.606672
438 -0.587580 -0.793837
59 -0.789271 -0.636580
226 -0.635342 -0.769718
435 -0.624118 -0.762536
408 -0.526224 -0.844318
217 -0.780841 -0.653421
277 -0.691469 -0.708030
393 -0.779674 -0.653381
351 -0.929409 -0.529202
152 -0.823175 -0.618893
8 -0.409011 -0.935742
169 -0.603599 -0.793432
307 -0.783724 -0.643516
60 -0.542281 -0.836965
464 -0.525556 -0.853260
193 -0.593012 -0.796093
92 -0.426641 -0.926166
325 -0.718871 -0.697798
339 -0.463784 -0.896717
23 -0.764771 -0.663496
222 -0.430177 -0.920792
499 -0.779675 -0.648230
344 -0.421791 -0.931253
101 -0.678414 -0.724483
238 -0.897314 -0.563530
235 -0.358375 -0.980703
412 -0.764312 -0.664742
57 -0.416933 -0.934156
37 -0.688635 -0.715366
234 -0.836424 -0.605087
495 -1.109938 -0.385145
182 -0.708775 -0.692879
439 -0.409225 -0.948711
371 -0.786694 -0.640024
343 -0.403784 -0.951162
276 -0.813259 -0.624538
93 -0.814485 -0.622040
165 -0.544955 -0.823879
332 -0.578988 -0.812988
114 -0.501043 -0.861711
406 -0.515797 -0.847787
81 -0.678333 -0.735436
129 -0.760030 -0.658236
247 -0.073596 -1.208016
187 -0.350863 -0.994306
184 -0.492816 -0.872758
356 -0.312340 -1.017162
227 -0.452627 -0.901010
194 -0.530110 -0.832997
449 -0.564015 -0.814490
466 -0.520854 -0.848427
55 -0.686886 -0.720093
492 -0.277162 -1.046327
273 -0.754984 -0.667287
378 -0.482718 -0.876021
485 -0.370337 -0.967119
484 -0.479765 -0.889939
11 -0.690204 -0.717578
323 -0.714952 -0.704998
315 -0.655467 -0.744128
447 -0.483444 -0.883444
422 -0.947593 -0.523895
185 -0.726317 -0.691763
71 -0.896675 -0.560247
303 -0.615251 -0.777541
229 -0.532472 -0.839075
268 -0.560136 -0.820743
74 -0.680798 -0.719987
355 -0.962573 -0.510521
251 -0.457833 -0.906454
113 -0.660587 -0.740670
259 -0.808334 -0.627985
455 -0.572641 -0.815244
288 -0.839201 -0.601936
243 -0.440989 -0.909415
120 -0.651171 -0.749596
63 -0.403045 -0.944114
473 -0.451586 -0.911113
28 -0.727210 -0.676987
179 -0.541461 -0.829545
190 -0.677844 -0.722523
461 -0.364816 -0.973536
153 -0.339985 -0.987219
0 -0.611868 -0.785152
164 -0.443224 -0.912518
195 -0.554792 -0.819200
337 -0.594536 -0.787364
211 -0.273632 -1.059767
316 -0.727438 -0.685096
297 -0.448430 -0.903238
183 -0.774829 -0.652996
283 -0.939269 -0.521781
151 -0.390666 -0.950423
446 -0.427009 -0.924940
148 -0.547106 -0.831280
256 -0.518779 -0.851310
261 -0.822869 -0.615792
284 -0.691287 -0.707845
310 -0.488018 -0.870576
483 -0.780701 -0.656042
205 -0.625610 -0.761163
67 -1.180551 -0.346868
239 -0.287875 -1.035058
45 -0.430965 -0.911334
471 -0.632074 -0.770642
333 -0.751198 -0.670800
207 -0.667595 -0.728226
155 -0.809186 -0.619996
39 -0.458846 -0.901849
66 -0.236495 -1.085895
340 -0.513610 -0.856456
334 -0.818599 -0.612482
65 -0.732619 -0.678705
347 -0.564450 -0.811113
147 -0.963345 -0.513951
198 -0.745017 -0.669275
36 -0.532354 -0.840241
486 -0.572222 -0.814689
386 -0.693220 -0.717630
441 -1.027194 -0.458548
50 -0.343286 -0.992186
1 -0.682518 -0.725976
197 -0.676933 -0.730979
372 -0.925089 -0.537026
86 -0.427621 -0.923819
248 -0.471618 -0.890816
32 -0.418516 -0.929966
216 -0.696106 -0.718844
432 -0.851402 -0.592717
381 -0.805579 -0.626823
111 -0.821289 -0.609681
418 -0.611375 -0.773526
430 -0.382230 -0.955947
282 -0.891208 -0.559743
128 -0.944597 -0.522910
361 -0.642814 -0.750312
342 -0.372508 -0.965009
124 -0.836358 -0.601817
443 -0.722274 -0.686261
108 -0.978840 -0.491315
233 -0.538513 -0.837677
54 -0.698403 -0.718192
46 -0.366353 -0.977780
445 -0.680468 -0.726255
370 -0.562109 -0.818126
161 -0.435790 -0.922149
467 -0.704082 -0.709752
286 -0.469680 -0.900473
117 -0.261930 -1.052979
254 -0.609391 -0.787309
94 -0.724081 -0.692047
359 -0.795423 -0.640137
489 -0.320423 -1.008664
125 -0.596134 -0.797096
358 -0.982253 -0.489144
407 -0.987231 -0.487452
106 -0.387376 -0.955586
280 -0.507743 -0.857233
126 -0.526607 -0.835791
267 -0.769785 -0.657734
56 -0.941991 -0.514260
158 -0.861355 -0.583756
121 -0.610052 -0.782421
144 -0.284352 -1.038622
479 -0.643900 -0.754378
454 -0.617876 -0.782867
395 -0.945389 -0.515751
331 -0.383185 -0.957010
236 -0.661475 -0.739737
77 -0.685019 -0.720537
298 -0.556685 -0.818021
376 -0.699975 -0.707194
294 -0.706156 -0.700478
95 -0.732794 -0.689108
214 -0.830862 -0.610219
180 -0.625077 -0.773198
105 -0.291371 -1.033212
459 -0.545386 -0.825169
25 -0.724863 -0.694986
40 -0.727940 -0.690955
218 -0.359519 -0.988313
312 -0.921135 -0.531358
123 -0.699252 -0.699270
240 -0.933739 -0.528261
14 -0.534699 -0.843527
203 -0.598327 -0.787635
293 -0.536069 -0.835591
246 -0.937492 -0.524109
200 -0.351564 -0.986850
313 -0.454136 -0.893209
429 -0.250995 -1.054820
423 -0.767579 -0.649874
17 -0.793857 -0.637719
349 -0.752820 -0.671190
