500 2
449 1.004266 -0.592518
347 1.011354 -0.594574
380 1.048222 -0.569175
275 0.940944 -0.614997
361 1.039453 -0.591111
226 0.858978 -0.649715
473 1.071523 -0.573083
246 0.956982 -0.614215
206 0.922435 -0.627579
227 0.932336 -0.621632
228 0.865971 -0.649176
274 1.070073 -0.566502
407 1.019107 -0.599802
306 0.858829 -0.653003
286 1.025417 -0.586436
371 1.082130 -0.573810
412 0.951718 -0.620789
310 1.007900 -0.588891
483 1.095852 -0.559358
235 0.893236 -0.632841
365 0.990132 -0.608941
289 0.911893 -0.633620
363 1.049485 -0.575282
475 1.069250 -0.580431
392 1.090017 -0.565460
429 1.022526 -0.601388
288 0.916711 -0.629092
446 0.922184 -0.618480
450 1.063020 -0.572698
298 1.024203 -0.584305
334 0.988567 -0.603301
242 1.082386 -0.563315
336 1.061275 -0.581259
249 1.102102 -0.565408
368 1.045077 -0.582868
376 0.864525 -0.655774
391 1.025009 -0.583587
431 1.010432 -0.592547
413 1.076017 -0.569878
466 0.971434 -0.610852
423 0.883017 -0.642030
291 1.130409 -0.545762
453 0.914733 -0.636392
299 0.981438 -0.611743
335 0.941865 -0.627740
484 0.958628 -0.617172
233 0.995708 -0.606839
222 1.027434 -0.591198
492 1.102450 -0.573543
270 0.915785 -0.635388
338 0.952760 -0.618361
461 1.025794 -0.587338
266 0.951328 -0.617886
433 1.147112 -0.545973
282 0.990049 -0.604795
292 1.085704 -0.569875
323 1.083350 -0.566875
463 0.979034 -0.605999
300 0.977954 -0.612238
356 1.144002 -0.543887
309 1.144887 -0.546874
439 0.986163 -0.600320
212 0.996027 -0.600466
346 1.027739 -0.596289
301 1.015350 -0.584317
399 1.132651 -0.545274
353 1.153792 -0.547422
393 0.927812 -0.626470
318 1.088825 -0.565634
252 1.019268 -0.590794
341 0.913457 -0.627022
294 1.000275 -0.595013
232 1.112385 -0.563494
465 0.909134 -0.635060
381 0.975109 -0.612012
278 1.098796 -0.557474
203 1.028684 -0.589783
256 1.069401 -0.568357
254 0.910580 -0.630854
398 0.982250 -0.611485
454 0.937310 -0.619485
262 0.985877 -0.598435
316 1.048832 -0.580343
260 1.093001 -0.572320
428 1.175825 -0.533977
425 1.047533 -0.584409
489 0.925882 -0.633658
322 1.037979 -0.588305
387 1.044553 -0.577800
223 1.095977 -0.559555
320 0.989869 -0.608065
427 1.043541 -0.577886
342 0.989988 -0.606179
447 1.029717 -0.585270
238 1.055909 -0.579090
401 0.838407 -0.660338
458 1.058426 -0.572158
314 0.839755 -0.662600
207 1.053524 -0.576020
414 1.069889 -0.570583
315 1.070015 -0.570486
281 0.917342 -0.638414
210 1.027719 -0.579830
432 0.923128 -0.632962
460 1.029692 -0.588366
244 1.120630 -0.560112
499 0.841597 -0.663102
397 1.005073 -0.597700
359 0.979953 -0.601806
219 1.073069 -0.563366
415 1.068529 -0.575641
386 1.087773 -0.564756
351 1.120035 -0.561206
211 1.134301 -0.540617
405 0.915934 -0.633386
209 1.045578 -0.581212
411 1.021311 -0.598401
307 0.915647 -0.631360
493 1.146814 -0.553390
480 0.928828 -0.620748
477 1.047084 -0.572008
490 1.152730 -0.547611
456 1.082935 -0.558248
277 1.066371 -0.564262
303 1.019286 -0.587638
276 0.924318 -0.626175
230 1.063892 -0.584080
374 1.005143 -0.598154
420 1.053711 -0.580143
476 1.023622 -0.585044
395 0.933415 -0.629494
424 1.134024 -0.544596
344 0.976740 -0.606048
241 1.077970 -0.567114
259 0.924188 -0.627534
486 1.063825 -0.577596
459 1.048754 -0.575265
451 1.086190 -0.560388
263 0.999017 -0.602009
426 1.000230 -0.601630
333 1.185341 -0.526747
248 0.984583 -0.607089
457 0.990709 -0.595971
251 1.034188 -0.597278
440 0.939935 -0.619061
403 1.021397 -0.593937
360 0.874384 -0.639730
488 0.961469 -0.604798
324 1.171583 -0.538316
258 0.909733 -0.630528
349 1.005736 -0.603925
200 0.895064 -0.642804
442 1.077249 -0.575678
247 1.094735 -0.560184
337 1.040942 -0.580535
496 1.073560 -0.568556
327 1.008898 -0.595984
345 0.974076 -0.610240
257 0.856302 -0.656453
468 0.965874 -0.610399
430 0.922859 -0.627831
239 1.074717 -0.572847
402 0.975869 -0.610904
400 1.125137 -0.552346
409 0.928802 -0.629163
243 0.977172 -0.605854
328 1.087441 -0.564487
366 0.975495 -0.601940
472 1.159962 -0.539450
443 0.933808 -0.630583
231 0.820336 -0.678105
245 0.986142 -0.605770
358 0.897435 -0.648785
279 1.016443 -0.596078
437 1.060767 -0.576697
464 0.934720 -0.620982
340 1.050086 -0.587158
350 1.065961 -0.572046
296 1.017950 -0.595242
332 1.137038 -0.562874
220 1.103021 -0.555330
311 1.032755 -0.587845
467 1.060435 -0.574008
325 0.960824 -0.606873
364 1.101384 -0.557814
250 0.970834 -0.605404
343 1.139618 -0.555404
372 1.157319 -0.537560
297 1.090873 -0.562929
213 0.998387 -0.608303
404 1.091773 -0.570539
418 1.090299 -0.567731
287 1.053441 -0.579594
319 1.070094 -0.574110
388 1.058112 -0.572676
216 1.021214 -0.582736
218 1.146130 -0.537818
485 1.042053 -0.574091
215 0.998865 -0.606643
470 1.012787 -0.595218
313 1.114129 -0.559017
369 0.999530 -0.606326
269 1.194728 -0.521681
201 1.000065 -0.598712
214 1.090071 -0.562116
481 1.089760 -0.569182
416 1.043861 -0.580405
224 1.200076 -0.528811
378 0.997160 -0.601036
265 1.065135 -0.576211
396 0.951093 -0.625184
308 1.021563 -0.593948
394 0.988410 -0.599754
383 1.034519 -0.583598
478 1.097228 -0.558564
271 1.102569 -0.567110
434 0.974824 -0.609900
331 0.926281 -0.636499
234 1.004547 -0.596171
283 1.103929 -0.557104
330 1.111270 -0.558708
202 1.110723 -0.554064
445 0.949855 -0.617020
236 1.157143 -0.547736
354 1.099490 -0.566013
422 1.056184 -0.577765
436 1.074927 -0.569784
382 1.019269 -0.585873
284 1.086193 -0.560806
225 1.063119 -0.573644
326 1.109672 -0.556725
268 0.916028 -0.632554
305 0.961939 -0.615165
221 1.123963 -0.560512
491 0.971750 -0.613181
255 1.127233 -0.550236
441 1.048209 -0.584199
217 1.137853 -0.558502
355 1.098424 -0.561253
352 1.012352 -0.595255
448 1.043291 -0.578682
417 1.238047 -0.517331
469 1.161065 -0.547412
375 0.969920 -0.615321
348 0.915230 -0.630683
240 1.054096 -0.580492
367 1.139706 -0.556457
261 0.919999 -0.629270
290 1.080896 -0.567952
293 0.958734 -0.618392
385 1.000165 -0.595398
267 0.901537 -0.643939
302 1.042190 -0.580892
444 1.107011 -0.564446
390 1.088448 -0.554314
357 1.073284 -0.578706
204 1.048349 -0.587790
208 1.025103 -0.579369
295 1.016265 -0.593522
317 1.029577 -0.587436
419 1.162931 -0.543741
253 1.111843 -0.557207
482 1.036705 -0.596761
479 1.004282 -0.591900
285 1.240226 -0.515373
435 0.980680 -0.601975
497 0.965840 -0.608587
498 0.903472 -0.638739
379 1.043859 -0.583589
321 1.092334 -0.574164
410 1.015792 -0.597886
280 0.995643 -0.600533
264 1.049570 -0.585369
273 1.056433 -0.584529
389 0.921617 -0.629651
304 1.069388 -0.571386
272 1.159918 -0.532848
408 0.991227 -0.600133
474 1.096027 -0.558486
339 1.136901 -0.552196
370 0.985281 -0.604416
373 0.996047 -0.607312
229 1.083740 -0.565191
205 1.074945 -0.571691
471 0.968263 -0.606189
455 1.038730 -0.578078
312 1.054570 -0.584462
487 1.108766 -0.556773
362 1.198496 -0.526196
421 1.078301 -0.564804
438 1.170496 -0.543001
494 1.069614 -0.567069
462 1.151589 -0.547843
406 1.048377 -0.578502
377 1.078656 -0.575671
329 1.113798 -0.550670
237 1.004369 -0.595400
452 1.073144 -0.572274
495 1.116746 -0.558011
384 0.977810 -0.609792
64 -0.176479 -1.317646
191 -0.188113 -1.309721
130 -0.234571 -1.363645
140 -0.232946 -1.378272
173 -0.342650 -1.440946
189 -0.284689 -1.429414
163 -0.281852 -1.402584
78 -0.207745 -1.339118
119 -0.219744 -1.361085
8 -0.232835 -1.361868
137 -0.280809 -1.418854
134 -0.290179 -1.405038
72 -0.238834 -1.377636
68 -0.230109 -1.366061
30 -0.228604 -1.358258
27 -0.326154 -1.467149
12 -0.130415 -1.263808
129 -0.242874 -1.413873
160 -0.219873 -1.370366
172 -0.139934 -1.295509
139 -0.135496 -1.278044
14 -0.149495 -1.296884
53 -0.131507 -1.276722
33 -0.239545 -1.397685
101 -0.149802 -1.305179
1 -0.198097 -1.355282
24 -0.296989 -1.409061
2 -0.228875 -1.363951
80 -0.330436 -1.459866
183 -0.166491 -1.304922
168 -0.240167 -1.382925
111 -0.277477 -1.418660
28 -0.293016 -1.421375
159 -0.290431 -1.428838
88 -0.249645 -1.363699
47 -0.162865 -1.299736
148 -0.276073 -1.389761
75 -0.195182 -1.322797
60 -0.309662 -1.426839
9 -0.305056 -1.459728
58 -0.318700 -1.457080
192 -0.439841 -1.578481
97 -0.376793 -1.509039
180 -0.256352 -1.383443
176 -0.204168 -1.322758
69 -0.333403 -1.455397
174 -0.180916 -1.332065
63 -0.265158 -1.405132
57 -0.338949 -1.452309
103 -0.288155 -1.422633
149 -0.266894 -1.403975
198 -0.161238 -1.290755
86 -0.235817 -1.357135
96 -0.215534 -1.333954
19 -0.339476 -1.481656
46 -0.222237 -1.353463
84 -0.176488 -1.311665
83 -0.377954 -1.531185
121 -0.278914 -1.426937
175 -0.292424 -1.412924
71 -0.353993 -1.441988
120 -0.300362 -1.441931
164 -0.285058 -1.402675
81 -0.336198 -1.487980
6 -0.339284 -1.480782
21 -0.337909 -1.453827
36 -0.333065 -1.475306
178 -0.326757 -1.467379
184 -0.274430 -1.417669
123 -0.301391 -1.453236
4 -0.217407 -1.360812
31 -0.355138 -1.477473
145 -0.230002 -1.365372
20 -0.319618 -1.452228
122 -0.173263 -1.310153
55 -0.361415 -1.505821
74 -0.201000 -1.330119
43 -0.286869 -1.397965
40 -0.286785 -1.423831
181 -0.244598 -1.403736
155 -0.297565 -1.454599
185 -0.258411 -1.380115
136 -0.221009 -1.340354
66 -0.215690 -1.349194
165 -0.289265 -1.417668
106 -0.210083 -1.342492
82 -0.223489 -1.362564
87 -0.332955 -1.466974
147 -0.197207 -1.313490
125 -0.288851 -1.401078
34 -0.277222 -1.407193
170 -0.145926 -1.300076
162 -0.198761 -1.347693
7 -0.160164 -1.325282
62 -0.430069 -1.597350
169 -0.254145 -1.418565
48 -0.263167 -1.378550
5 -0.338538 -1.468169
65 -0.227598 -1.372564
109 -0.280771 -1.385485
143 -0.166895 -1.307484
188 -0.351659 -1.485400
3 -0.194972 -1.328140
115 -0.319379 -1.472649
16 -0.301974 -1.414556
186 -0.213257 -1.349142
45 -0.223408 -1.366469
91 -0.315263 -1.447099
133 -0.376096 -1.554633
61 -0.365208 -1.495118
37 -0.249615 -1.372017
195 -0.297554 -1.427442
102 -0.214417 -1.353542
100 -0.198258 -1.307906
29 -0.337221 -1.490847
156 -0.218905 -1.341428
17 -0.370336 -1.515451
166 -0.279256 -1.393547
194 -0.155688 -1.294068
171 -0.291805 -1.398730
118 -0.231898 -1.369584
158 -0.260609 -1.410069
112 -0.286800 -1.420456
89 -0.247424 -1.397157
70 -0.386552 -1.515615
79 -0.291379 -1.412231
124 -0.277689 -1.417156
196 -0.254217 -1.425055
13 -0.204393 -1.345055
107 -0.350836 -1.510188
127 -0.254416 -1.384043
151 -0.152254 -1.279426
152 -0.229336 -1.354488
199 -0.265929 -1.395395
150 -0.279527 -1.407170
94 -0.274370 -1.406527
77 -0.211097 -1.360461
128 -0.269387 -1.394808
197 -0.176086 -1.301997
135 -0.198402 -1.316414
182 -0.275560 -1.430661
93 -0.166600 -1.315781
132 -0.246720 -1.366349
92 -0.237826 -1.357591
126 -0.202545 -1.346091
167 -0.361249 -1.498707
44 -0.376978 -1.501373
114 -0.247405 -1.363779
193 -0.300185 -1.476706
157 -0.325651 -1.442048
99 -0.232929 -1.372430
177 -0.225294 -1.340440
76 -0.351310 -1.493288
38 -0.244796 -1.401169
25 -0.255890 -1.400254
11 -0.238137 -1.372241
50 -0.222819 -1.378316
98 -0.300839 -1.437971
32 -0.307380 -1.438327
179 -0.294151 -1.435598
67 -0.363994 -1.509061
161 -0.289902 -1.428796
39 -0.332048 -1.445190
110 -0.291271 -1.435499
52 -0.242590 -1.383973
190 -0.260761 -1.398138
108 -0.271223 -1.448233
85 -0.210833 -1.377571
15 -0.279610 -1.397738
41 -0.396255 -1.529681
49 -0.214760 -1.326600
131 -0.413847 -1.557554
187 -0.158294 -1.294253
42 -0.158081 -1.283213
51 -0.438783 -1.570539
113 -0.128893 -1.284849
90 -0.231263 -1.375327
144 -0.265548 -1.398648
59 -0.255492 -1.378527
142 -0.312467 -1.434097
73 -0.269675 -1.405697
138 -0.311110 -1.440231
153 -0.284685 -1.422153
95 -0.317032 -1.481943
18 -0.287872 -1.447263
54 -0.208367 -1.340769
56 -0.238274 -1.378025
117 -0.166424 -1.297699
116 -0.254220 -1.399483
154 -0.379539 -1.535828
10 -0.325946 -1.469399
141 -0.296240 -1.426065
146 -0.276415 -1.436276
35 -0.235783 -1.362238
22 -0.204444 -1.345926
23 -0.384550 -1.540449
105 -0.251226 -1.378268
26 -0.303492 -1.439503
0 -0.242163 -1.359899
104 -0.365113 -1.489185
