500 2
392 -0.397661 -0.934032
33 -0.940879 -0.552416
437 -0.422554 -0.918763
154 -0.450094 -0.895594
75 -0.633901 -0.756353
424 -0.817677 -0.637977
52 -0.548827 -0.826256
177 -0.662828 -0.741067
168 -0.898269 -0.586177
401 -0.419992 -0.912507
104 -0.237513 -1.048659
253 -0.515464 -0.853364
448 -0.453934 -0.884758
379 -0.737123 -0.697285
390 -0.676191 -0.738143
262 -0.497649 -0.865295
444 -0.570709 -0.803945
265 -0.323184 -0.984295
62 -0.235645 -1.040918
135 -0.256366 -1.028849
138 -0.607632 -0.791431
291 -0.538565 -0.832520
27 -0.088873 -1.144611
336 -0.264738 -1.028416
69 -0.519086 -0.844593
6 -0.516122 -0.847063
493 -0.545097 -0.828208
413 -0.597154 -0.791775
377 -0.330273 -0.988691
119 -0.676831 -0.728694
2 -0.524992 -0.846474
43 -0.548284 -0.829852
250 -0.598565 -0.788060
142 -0.262660 -1.025505
404 -0.566497 -0.815068
389 -0.578113 -0.802634
324 -0.316753 -0.987094
330 -0.429194 -0.904958
112 -0.267267 -1.038490
366 -0.829799 -0.634447
7 -0.320772 -0.983120
488 -0.439427 -0.901641
219 -0.552359 -0.818712
87 -0.741376 -0.697196
255 -0.549196 -0.826094
317 -0.654273 -0.756435
83 -0.888839 -0.597966
306 -0.469494 -0.880255
487 -0.552664 -0.821939
425 -0.751987 -0.684672
397 -0.726906 -0.692532
458 -0.439102 -0.903158
387 -0.525613 -0.847202
442 -0.738914 -0.701669
181 -0.584168 -0.804782
394 -0.595795 -0.787221
133 -0.595390 -0.787427
338 -0.691743 -0.730033
140 -0.456554 -0.891009
367 -0.593969 -0.793485
285 -0.660564 -0.744139
278 -0.614810 -0.778255
322 -0.266143 -1.021035
91 -0.788798 -0.661125
245 -0.248000 -1.028659
369 -0.678001 -0.732137
99 -0.360911 -0.959808
175 -0.400992 -0.925835
264 -0.584908 -0.800120
53 -0.532385 -0.827064
10 -0.534492 -0.832555
206 -0.488132 -0.861826
41 -0.615346 -0.784129
450 -0.477468 -0.870692
456 -0.435227 -0.910586
270 -0.832209 -0.631034
223 -0.584063 -0.800116
68 -0.866764 -0.608223
141 -0.580940 -0.812163
374 -0.536777 -0.841105
167 -0.672133 -0.743283
29 -0.582212 -0.794469
375 -0.734631 -0.697012
100 -0.427245 -0.910185
178 -0.685277 -0.733119
365 -0.811092 -0.651735
244 -0.495637 -0.861218
19 -0.515518 -0.843381
139 -0.568764 -0.811885
20 -0.526947 -0.842437
210 -0.671329 -0.740908
474 -0.501942 -0.861896
260 -0.500853 -0.856551
327 -0.458713 -0.887447
131 -0.660022 -0.743819
72 -0.463887 -0.887098
157 -0.465906 -0.883671
199 -0.501615 -0.861418
172 -0.304440 -1.001395
221 -0.876780 -0.604947
242 -0.546439 -0.832910
411 -0.502780 -0.860355
345 -0.257177 -1.029462
457 -0.373176 -0.953020
21 -0.629582 -0.762792
263 -0.788812 -0.666985
98 -0.147700 -1.105846
146 -0.579096 -0.796218
410 -0.372919 -0.947079
452 -0.356468 -0.957238
451 -0.488479 -0.876137
213 -0.619908 -0.785842
49 -0.445938 -0.900143
368 -0.772282 -0.673121
421 -0.319333 -0.982079
109 -0.473771 -0.878320
79 -0.619991 -0.781948
231 -0.788045 -0.658853
405 -0.521569 -0.850610
15 -0.587945 -0.803524
228 -0.535665 -0.827962
475 -0.672524 -0.747554
96 -0.485559 -0.878124
24 -0.599163 -0.788694
266 -0.943678 -0.552282
279 -0.367738 -0.958108
13 -0.653350 -0.751177
480 -0.628362 -0.771072
373 -0.841113 -0.627211
204 -0.709326 -0.717286
281 -0.556150 -0.821947
434 -0.582297 -0.800883
130 -0.673252 -0.742508
491 -0.326849 -0.987186
326 -0.589622 -0.800483
385 -0.723320 -0.697774
225 -0.395940 -0.931219
305 -0.271104 -1.019691
127 -0.614191 -0.779415
388 -1.179724 -0.396599
271 -0.624156 -0.785152
292 -0.695053 -0.733915
335 -0.480868 -0.872237
61 -0.951716 -0.550763
44 -0.159260 -1.105716
110 -0.399422 -0.930788
188 -0.672281 -0.741352
309 -0.805153 -0.649251
403 -0.418822 -0.916092
88 -0.800573 -0.660766
209 -0.675960 -0.734310
18 -0.316855 -0.985706
162 -0.749844 -0.692810
51 -0.300617 -1.004953
274 -0.446458 -0.899481
420 -0.909465 -0.577995
301 -0.629843 -0.771742
189 -0.780341 -0.666025
9 -0.664711 -0.754198
287 -0.677161 -0.738721
427 -0.433245 -0.897494
64 -0.755475 -0.676141
76 -0.610370 -0.775433
314 -0.802626 -0.651672
275 -0.750870 -0.686442
145 -0.709912 -0.709912
78 -0.660380 -0.747580
166 -0.699631 -0.717095
116 -0.380933 -0.950739
416 -0.890937 -0.588836
398 -0.649937 -0.755755
490 -0.772225 -0.669982
396 -0.928097 -0.566891
435 -0.876322 -0.604986
70 -0.448590 -0.887333
212 -0.656030 -0.759111
150 -0.326217 -0.988798
477 -0.244996 -1.036235
353 -0.378804 -0.945753
439 -0.577497 -0.807284
97 -0.797365 -0.658161
89 -0.622994 -0.777297
31 -0.777556 -0.669485
90 -0.549272 -0.823005
132 -0.902924 -0.592562
329 -0.342979 -0.960401
472 -0.534674 -0.835785
191 -0.545529 -0.834333
339 -0.466233 -0.889477
134 -0.531398 -0.839107
431 -0.625539 -0.775753
436 -0.504118 -0.860495
318 -0.330631 -0.988699
341 -0.236585 -1.046107
22 -0.276842 -1.014677
82 -0.497134 -0.853278
156 -0.258062 -1.029132
319 -0.075749 -1.158806
496 -0.167003 -1.091672
383 -0.588919 -0.801957
384 -0.449875 -0.890664
463 -0.542376 -0.822805
174 -0.799760 -0.646232
224 -0.787279 -0.660870
73 -0.339030 -0.963788
252 -0.414602 -0.918585
4 -0.332166 -0.976705
103 -0.770164 -0.669376
362 -0.293174 -1.000064
84 -0.661201 -0.751579
186 -1.004656 -0.521462
3 -0.592656 -0.790809
215 -0.417115 -0.914055
80 -0.339735 -0.965863
344 -0.579000 -0.803516
295 -0.528944 -0.844199
415 -0.270830 -1.023564
419 -0.622864 -0.771411
304 -0.096799 -1.144729
400 -0.592515 -0.797334
235 -0.766914 -0.679964
251 -0.614342 -0.781604
149 -0.380860 -0.935894
495 -0.812654 -0.646030
241 -0.652754 -0.752240
171 -0.704704 -0.718293
229 -0.335768 -0.977693
470 -0.749654 -0.690507
226 -0.739068 -0.692090
220 -0.630038 -0.769196
192 -0.217696 -1.058501
102 -0.900860 -0.585781
59 -0.630143 -0.777583
30 -0.231024 -1.051532
462 -0.782813 -0.667624
26 -0.402869 -0.928516
232 -0.678460 -0.740001
346 -0.455597 -0.891014
363 -0.435381 -0.900111
382 -0.601354 -0.785777
222 -0.727062 -0.702650
143 -0.614362 -0.773507
247 -0.429678 -0.903327
136 -0.693634 -0.732065
257 -0.236150 -1.041716
391 -0.398444 -0.926608
163 -0.707147 -0.721704
300 -0.031958 -1.196515
307 -0.649547 -0.766013
320 -0.932801 -0.566385
160 -0.208409 -1.064975
371 -0.432204 -0.908479
498 -0.415605 -0.911463
16 -0.217385 -1.062099
122 -0.533273 -0.838354
227 -0.505823 -0.860263
299 -0.558512 -0.821534
296 -0.522077 -0.835874
173 -0.577339 -0.812564
272 -0.535178 -0.830376
34 -0.542241 -0.828338
302 -0.576686 -0.795827
343 -0.337623 -0.972763
58 -0.571036 -0.809570
170 -0.387251 -0.931120
364 -0.428363 -0.911955
230 -0.678940 -0.741741
497 -0.728443 -0.696437
308 -0.422706 -0.921036
476 -0.694580 -0.723618
12 -0.485478 -0.869883
208 -0.525382 -0.842375
303 -0.625920 -0.770152
494 -0.967395 -0.543331
402 -0.788061 -0.656511
249 -0.233803 -1.046142
201 -0.709317 -0.717053
426 -0.530766 -0.833155
5 -0.700606 -0.719141
85 -0.580736 -0.800254
348 -0.544222 -0.827445
37 -0.819803 -0.633600
321 -0.622346 -0.773899
482 -0.659734 -0.750929
290 -0.586658 -0.809247
159 -0.703086 -0.713130
194 -0.725438 -0.702802
453 -0.308714 -0.998688
440 -0.528244 -0.837370
35 -0.312529 -0.986171
187 -0.598048 -0.792803
469 -0.653888 -0.749267
357 -0.565305 -0.811631
107 -0.678741 -0.738130
47 -0.656730 -0.751561
325 -0.659973 -0.746409
165 -0.540762 -0.832002
428 -0.529945 -0.834674
153 -0.468860 -0.881861
196 -0.389701 -0.932975
417 -0.404982 -0.920861
350 -0.180546 -1.097519
115 -0.114029 -1.130218
447 -0.280247 -1.006474
179 -0.561397 -0.814415
48 -0.509362 -0.849259
356 -0.330633 -0.979914
354 -0.357534 -0.960168
93 -0.394660 -0.935007
409 -0.486741 -0.869291
478 -0.605318 -0.781450
193 -0.671360 -0.731239
406 -0.798219 -0.648958
446 -0.798818 -0.655145
176 -0.654771 -0.755528
414 -0.372154 -0.938568
361 -0.561019 -0.817554
261 -0.586079 -0.805241
269 -0.394487 -0.938299
217 -0.941565 -0.554721
460 -0.447876 -0.892488
258 -0.699790 -0.722625
378 -0.285216 -1.015771
60 -0.573646 -0.802781
238 -0.395001 -0.935808
352 -0.653590 -0.746758
81 -0.635226 -0.761897
380 -0.391195 -0.934211
468 -0.565271 -0.809186
268 -0.651341 -0.755403
481 -0.678193 -0.737783
289 -0.352680 -0.952387
129 -0.441971 -0.901717
412 -0.303333 -0.994699
195 -0.689831 -0.730445
137 -0.725139 -0.697498
311 -0.537849 -0.832997
433 -0.247429 -1.036613
71 -0.795180 -0.654104
55 -0.669666 -0.736666
42 -0.825688 -0.647171
438 -0.378738 -0.939409
11 -0.813018 -0.645651
323 -0.536421 -0.834141
464 -0.594237 -0.787582
54 -0.773512 -0.666081
461 -0.558897 -0.809869
465 -0.786622 -0.670518
484 -0.331203 -0.975655
277 -0.554567 -0.822659
118 -0.504680 -0.855981
422 -0.838845 -0.632253
328 -0.554786 -0.823798
211 -0.674511 -0.733772
155 -0.539773 -0.838333
57 -0.475009 -0.876253
248 -0.769357 -0.680679
114 -0.591101 -0.797685
273 -0.701199 -0.718060
334 -0.948292 -0.560860
92 -0.573567 -0.814416
471 -0.653454 -0.757263
340 -0.537784 -0.832607
441 -0.506219 -0.867950
408 -0.563376 -0.813371
38 -0.857963 -0.614398
360 -0.430157 -0.909802
151 -0.390283 -0.936310
148 -0.691392 -0.720460
202 -0.686098 -0.734436
499 -0.431422 -0.914573
32 -0.159023 -1.096588
256 -0.606001 -0.776827
243 -0.226993 -1.044542
120 -0.522387 -0.842710
355 -0.879690 -0.599326
216 -0.944320 -0.551079
466 -0.261943 -1.021155
288 -0.875845 -0.603676
276 -0.929027 -0.575194
283 -0.904435 -0.584661
483 -0.683767 -0.730295
237 -0.841040 -0.628498
185 -0.743060 -0.698724
393 -0.615156 -0.783055
169 -0.351091 -0.954971
0 -0.580932 -0.799733
207 -0.334700 -0.978503
113 -0.466749 -0.882846
164 -0.507624 -0.852630
39 -0.756424 -0.694939
147 -0.723173 -0.705484
152 -0.688035 -0.731075
182 -0.225694 -1.045854
184 -0.415730 -0.919038
399 -0.880353 -0.603943
66 -0.356723 -0.961506
486 -0.790667 -0.665968
74 -0.759661 -0.679190
445 -0.818658 -0.637801
239 -0.645962 -0.754449
315 -0.474528 -0.873707
105 -0.485072 -0.872947
36 -0.275775 -1.016436
418 -0.906175 -0.581937
351 -0.331293 -0.982447
492 -0.597473 -0.788245
455 -0.680135 -0.736597
8 -0.466146 -0.875566
310 -0.561536 -0.810348
485 -0.512095 -0.861275
234 -0.573727 -0.812026
259 -0.681897 -0.738379
86 -0.360903 -0.957887
449 -0.359903 -0.959511
126 -0.739046 -0.697635
342 -0.518322 -0.848277
94 -0.381956 -0.949725
214 -0.885288 -0.606254
23 -0.721255 -0.710960
121 -0.593361 -0.795519
284 -0.797748 -0.656820
106 -0.078500 -1.165474
198 -0.749087 -0.687980
67 -1.100067 -0.446913
63 -0.715922 -0.701204
332 -0.326263 -0.994005
443 -0.599883 -0.797524
267 -0.862420 -0.615621
1 -0.343732 -0.971661
161 -0.440965 -0.907809
101 -0.778497 -0.670841
205 -0.623018 -0.782636
282 -0.525989 -0.841874
473 -0.485757 -0.866017
333 -0.485784 -0.876385
158 -0.508098 -0.858349
95 -0.381164 -0.943889
395 -0.859286 -0.619150
316 -0.609433 -0.792096
286 -0.351309 -0.966886
28 -0.855886 -0.614598
111 -0.798180 -0.654456
254 -0.068881 -1.166194
180 -0.360988 -0.961682
50 -0.745028 -0.690059
297 -0.772835 -0.671624
370 -0.610398 -0.782981
372 -0.632701 -0.769438
479 -0.532019 -0.840761
280 -0.303999 -0.995840
183 -0.975138 -0.538531
359 -0.791275 -0.656476
337 -0.425793 -0.904393
65 -0.372272 -0.946322
108 -0.537046 -0.844675
331 -0.290499 -1.001211
190 -0.567294 -0.807190
45 -0.638166 -0.765584
407 -0.729385 -0.698112
46 -0.496307 -0.862266
347 -0.596230 -0.796177
430 -0.353906 -0.964000
197 -0.966772 -0.546748
125 -0.649064 -0.754348
313 -0.198341 -1.070367
489 -0.440220 -0.897637
236 -0.746570 -0.702291
117 -0.124898 -1.129962
128 -0.540069 -0.832238
467 -0.669181 -0.738556
358 -0.449043 -0.888541
459 -0.455106 -0.896097
432 -0.543720 -0.827729
386 -0.573627 -0.810580
454 -0.640684 -0.764835
124 -0.872826 -0.610477
381 -0.869477 -0.609554
144 -0.784577 -0.663074
294 -0.657569 -0.747348
240 -0.497878 -0.866621
233 -0.298531 -0.999617
298 -0.300236 -1.002122
56 -0.876614 -0.601025
77 -0.919097 -0.568892
218 -0.523200 -0.844076
293 -0.627261 -0.769896
312 -0.761312 -0.678184
25 -0.371046 -0.952480
40 -0.914108 -0.574253
376 -0.560559 -0.811890
14 -0.500312 -0.859599
246 -0.944010 -0.553053
203 -0.544214 -0.828215
123 -0.864074 -0.616995
349 -0.889099 -0.594203
200 -0.225595 -1.055553
423 -0.657925 -0.751242
429 -0.363440 -0.949551
17 -0.823569 -0.642580
