500 2
154 -0.085371 -0.993648
392 -0.057647 -0.994604
75 0.257247 -0.997943
379 -0.299696 -0.989658
33 -0.113510 -0.985551
138 -0.317843 -0.988782
52 -0.181016 -0.993054
262 -0.091048 -0.985222
448 0.240248 -0.993648
291 0.077622 -0.998589
389 -0.021099 -0.989735
253 -0.189535 -0.990782
69 -0.034725 -0.993236
168 0.083213 -0.988959
43 -0.001208 -0.990373
119 0.453053 -1.000740
6 -0.436026 -0.993464
437 -0.059599 -0.989772
444 0.117946 -0.989131
424 0.349834 -0.995576
142 -0.071578 -0.989250
27 -0.100453 -0.987790
324 -0.316292 -0.987307
401 -0.020221 -0.994151
390 0.403027 -1.001006
493 0.179636 -0.994464
15 0.129803 -0.987001
199 0.008638 -0.990982
29 0.229276 -0.993449
178 -0.042030 -0.989080
62 -0.143951 -0.988105
458 -0.154456 -0.987903
177 -0.309236 -0.987672
24 -0.047909 -0.986502
374 0.030863 -0.999236
413 0.008638 -0.993420
270 -0.145314 -0.995069
91 -0.490530 -0.992978
20 -0.121661 -0.989596
2 -0.016999 -0.987987
330 0.286295 -0.995219
336 0.102636 -0.993933
19 -0.129909 -0.986105
104 0.266577 -0.994028
338 -0.498405 -0.987616
130 0.075008 -0.985078
135 -0.063537 -0.995087
425 0.108607 -0.990610
442 -0.220624 -0.989975
219 -0.042447 -0.987806
345 0.198473 -0.990301
10 0.232243 -0.992161
487 -0.255792 -0.986694
450 0.345058 -0.994887
255 0.534026 -0.998958
421 -0.031339 -0.985725
281 -0.454822 -0.989301
317 0.041113 -0.991430
394 0.110559 -0.993795
87 -0.436932 -0.986621
397 -0.133177 -0.993174
377 -0.034274 -0.991101
189 -0.383474 -0.989950
322 0.189854 -0.993466
451 -0.233387 -0.986124
306 0.024399 -0.989681
79 0.312034 -0.994933
61 -0.343315 -0.986140
279 0.454597 -1.002137
264 0.179334 -0.995229
112 0.118898 -0.997728
192 0.042258 -0.990638
21 0.073041 -0.986017
498 0.334312 -0.993688
175 0.088099 -0.988478
98 -0.025260 -0.983317
404 -0.286789 -0.987226
260 -0.111969 -0.990497
44 0.165248 -0.999135
172 -0.137478 -0.991985
265 0.169851 -0.989986
99 0.044552 -0.992751
373 -0.307738 -0.984959
398 -0.257759 -0.989769
100 -0.327658 -0.991881
245 0.199620 -0.993010
456 0.051836 -0.994961
488 0.021320 -0.993364
434 0.026832 -0.992142
457 -0.118703 -0.997497
213 0.131162 -0.995192
146 0.212584 -0.990087
131 -0.218914 -0.992781
244 -0.258473 -0.989162
365 0.202168 -0.994791
491 -0.196454 -0.980686
18 -0.100441 -0.993704
387 0.167400 -0.991791
405 0.267795 -0.995796
309 0.096805 -0.993574
228 0.203538 -0.995742
305 0.026734 -0.989226
83 -0.290709 -0.986153
403 0.075219 -0.982918
263 0.238040 -0.997673
80 0.061998 -0.994258
181 -0.100486 -0.990808
314 -0.177551 -0.987317
97 -0.041760 -0.995172
109 0.070304 -0.994612
136 -0.256782 -0.993977
13 0.056294 -0.990350
318 0.201899 -0.989467
53 0.007279 -0.989589
410 -0.315311 -0.988949
452 -0.419214 -0.981539
411 -0.230506 -0.988748
41 0.032616 -0.994301
480 0.215092 -0.992175
225 0.245418 -0.986986
186 -0.034513 -0.990651
327 0.107880 -0.988214
301 -0.144970 -0.988241
157 -0.130862 -0.979967
367 0.194865 -0.993941
110 -0.041597 -0.989699
221 -0.314684 -0.990450
271 0.322253 -0.995831
242 -0.079880 -0.984783
278 0.182453 -0.996148
141 -0.202510 -0.989711
285 0.222038 -0.993931
42 0.068468 -0.997892
231 0.277100 -0.999886
206 0.055206 -0.988749
167 0.122570 -0.994806
68 0.144122 -0.994330
140 0.098110 -0.990491
133 -0.101340 -0.980745
490 0.261841 -0.995200
368 -0.184393 -0.996697
308 0.335789 -0.993390
223 0.077853 -0.991183
9 -0.045910 -0.989889
341 -0.350549 -0.999289
369 -0.310222 -0.987996
224 -0.248531 -0.985897
300 0.121980 -0.994592
477 0.228142 -0.998659
366 -0.040553 -0.992584
427 0.043784 -0.988483
7 0.176024 -0.999461
388 -0.140454 -0.984964
469 0.049199 -0.996439
3 -0.506132 -0.994710
385 0.389179 -0.997168
139 -0.131899 -0.989485
188 -0.137137 -0.987688
127 -0.351216 -0.986537
73 0.167885 -0.992854
250 -0.287560 -0.989208
171 -0.090872 -0.991357
249 -0.470631 -0.993617
274 -0.154731 -0.985111
166 -0.183527 -0.982195
391 0.354220 -0.992252
102 -0.061471 -0.991643
156 0.190820 -0.998401
191 0.013238 -0.993889
396 -0.050091 -0.992582
215 -0.030220 -0.992199
22 0.403496 -0.994987
89 -0.388926 -0.990745
174 -0.134502 -0.990594
319 -0.268575 -0.992175
416 0.113061 -0.994569
34 -0.562378 -0.998111
326 0.473474 -1.005168
90 -0.034199 -0.986594
132 -0.396001 -0.985526
26 0.511035 -0.996028
380 0.111145 -0.994830
470 -0.264870 -0.994991
475 0.127675 -0.982932
371 0.246308 -0.991218
496 -0.087250 -0.986768
474 -0.351219 -0.990421
252 -0.306737 -0.985368
47 -0.448695 -0.984640
303 0.364745 -0.991777
238 0.079422 -0.986021
497 0.076176 -0.990351
472 -0.118940 -0.989596
201 0.261818 -1.000918
287 -0.162505 -0.997889
51 -0.385887 -0.996272
420 0.024802 -0.990428
16 -0.127570 -0.992203
414 -0.336702 -0.989001
162 -0.127702 -0.992460
335 -0.137730 -0.987749
419 0.037209 -0.984290
339 0.432125 -0.995430
134 -0.141290 -0.982908
149 0.052471 -0.993980
72 0.213079 -0.994757
70 0.049740 -1.000907
296 0.086859 -0.990917
30 0.256197 -0.995334
230 0.067922 -0.991466
204 -0.035390 -0.988613
210 -0.335514 -0.985453
31 -0.037848 -0.990366
163 -0.432869 -0.985768
440 0.194916 -0.988447
82 0.261320 -1.002178
84 -0.454477 -0.987944
64 -0.079398 -0.986722
436 -0.063754 -0.987191
320 -0.365693 -0.988190
76 -0.184394 -0.983282
143 0.012982 -0.998084
409 -0.130186 -0.990674
241 0.150765 -0.990206
382 0.169461 -0.995346
482 -0.217695 -0.994223
12 -0.464330 -0.983453
353 0.063121 -0.983995
466 0.004037 -0.984721
350 0.566932 -1.010586
4 -0.240829 -0.988890
222 -0.013733 -0.985649
292 0.212802 -0.986741
170 0.154930 -0.992409
88 0.274429 -0.992629
302 0.117221 -0.988043
209 -0.227476 -0.988665
363 -0.137185 -0.990872
383 -0.463950 -0.991615
352 -0.216563 -0.984969
435 -0.053491 -0.992818
78 0.110646 -0.994837
226 -0.233830 -0.987342
107 0.233389 -0.996627
415 -0.115298 -0.988029
462 0.113969 -0.995450
37 -0.136542 -0.988653
229 0.146576 -1.001786
478 -0.011577 -0.986889
103 -0.487798 -0.990695
460 -0.464750 -0.990398
159 0.214658 -0.995687
384 -0.266430 -0.991930
258 -0.249205 -0.985479
58 0.134354 -0.992061
344 0.284835 -0.992218
196 -0.363981 -0.984910
329 -0.165542 -0.987546
272 -0.190763 -0.985559
208 -0.106780 -0.992055
5 0.027802 -0.991305
96 -0.067006 -0.991408
494 -0.228207 -0.991035
348 0.367959 -0.994798
235 -0.091866 -0.990569
173 0.039580 -0.991307
362 -0.024210 -0.990166
266 0.059135 -0.998616
182 0.085889 -0.987374
160 0.081734 -0.990519
268 -0.033378 -0.993872
59 0.238699 -0.992641
150 0.103330 -0.988116
212 -0.075707 -0.996455
269 0.365998 -0.997109
129 -0.142242 -0.991954
289 -0.031245 -0.992131
116 -0.210900 -0.989711
492 0.433904 -0.999145
193 0.547441 -1.000061
275 0.029422 -0.991565
256 -0.053490 -0.992935
361 0.041256 -0.994441
35 -0.078356 -0.992668
453 0.629984 -0.999874
476 0.282405 -0.993028
85 0.175411 -0.996463
399 -0.089492 -0.992009
257 -0.085289 -0.991478
71 -0.154771 -0.987087
315 -0.299073 -0.990078
465 -0.109715 -0.990646
48 0.080663 -0.989774
417 -0.128624 -0.988416
60 0.315288 -0.997214
463 -0.340112 -0.986222
426 0.187371 -0.993157
375 -0.000133 -0.996280
351 -0.036822 -0.981561
57 0.198149 -1.000333
145 0.045017 -0.990479
185 -0.222145 -0.988445
202 0.186883 -0.999955
431 0.135319 -0.993568
227 -0.131325 -0.989992
343 0.223715 -0.996395
93 0.051281 -0.994701
220 0.149092 -0.993936
447 0.395192 -0.992906
408 -0.131909 -0.984688
92 0.147085 -0.988225
323 0.036641 -0.984352
251 -0.001174 -0.992882
115 0.227084 -0.992792
232 0.008749 -0.990952
120 -0.054124 -0.993838
484 0.076657 -0.988974
194 0.438067 -0.996759
169 0.450012 -0.996147
114 0.202140 -0.992766
439 -0.372724 -0.988875
364 0.165347 -0.994760
360 -0.227563 -0.985233
165 0.022096 -0.989377
428 0.275676 -0.992541
422 -0.022897 -0.990337
354 -0.307112 -0.984545
307 0.011898 -0.987757
273 -0.213314 -0.995368
49 0.155293 -0.992625
299 -0.135311 -0.987485
443 0.167116 -0.994942
402 -0.263604 -0.983540
499 -0.171240 -0.986457
304 -0.222722 -0.989094
11 0.054247 -0.990200
118 0.072021 -0.989533
325 -0.164513 -0.994583
164 -0.162497 -0.987701
211 0.403911 -1.000632
346 0.338051 -0.997538
290 0.020831 -0.986258
176 -0.184921 -0.990306
284 -0.098434 -0.994109
357 -0.024197 -0.995614
471 0.224622 -0.999081
277 -0.050962 -0.989307
495 -0.232758 -0.989412
113 0.397864 -1.000739
23 -0.006303 -1.001818
217 0.016447 -0.994075
32 0.333034 -0.997066
483 0.258204 -0.998182
38 -0.377140 -0.992572
36 0.030564 -0.991860
328 0.007131 -0.986064
283 -0.571559 -0.977025
152 -0.364663 -0.988712
412 0.206492 -0.998302
468 -0.290366 -0.986861
151 -0.082317 -0.994772
247 -0.070082 -0.990492
321 -0.229947 -0.987001
207 -0.289648 -0.994642
311 -0.129771 -0.990617
55 0.362592 -1.002595
356 -0.133685 -0.989813
261 0.143900 -0.998039
433 0.512151 -0.998746
137 -0.122436 -0.988211
46 0.129147 -0.999647
461 0.492981 -1.005814
485 -0.298332 -0.987460
340 0.092173 -0.998413
276 0.069365 -0.988461
464 0.057980 -0.991640
400 -0.206060 -0.992274
66 -0.040724 -0.988481
1 -0.110984 -0.991811
378 -0.190085 -0.988724
122 0.273090 -0.998584
259 0.059425 -0.990997
184 0.271273 -0.999827
295 -0.227895 -0.981509
63 0.154331 -0.990876
288 -0.102097 -0.983888
286 0.248495 -0.989038
190 -0.010778 -0.986352
179 -0.160856 -0.987371
198 -0.174229 -0.987700
355 0.083223 -0.988628
86 -0.236789 -0.985888
418 -0.178483 -0.989709
248 0.054138 -0.997355
74 -0.047075 -0.985954
438 -0.042085 -0.994915
8 0.138646 -0.995714
234 0.064772 -0.989126
237 0.097975 -0.993258
406 -0.314018 -0.981396
310 -0.012313 -0.985713
195 0.480995 -1.002507
81 -0.201433 -0.988188
153 0.260415 -0.994302
334 -0.260463 -0.983068
0 0.041215 -0.991697
128 0.122851 -0.995434
337 0.337801 -0.998925
45 -0.112592 -0.984096
101 -0.015533 -0.992128
370 -0.023863 -0.986769
267 0.138880 -0.991088
332 -0.061156 -0.991377
239 0.473506 -0.999274
183 -0.383218 -0.985220
56 -0.513466 -0.989810
446 0.263295 -0.994061
282 0.110101 -0.990682
342 0.174444 -0.999510
205 0.522365 -1.006020
105 0.366694 -0.997273
28 -0.183456 -0.985158
65 0.096581 -0.990209
216 0.104183 -0.990638
481 -0.090669 -0.988740
126 0.084549 -0.993944
161 0.103963 -0.997741
111 -0.438331 -0.987004
243 -0.151602 -0.987503
479 -0.186758 -0.989060
455 -0.052385 -0.987255
50 -0.182649 -0.993225
95 0.038444 -0.996773
449 -0.426130 -0.983027
432 0.087624 -0.988357
39 -0.242544 -0.991433
180 -0.249236 -0.987741
441 -0.168173 -0.993590
393 0.058157 -0.997925
407 -0.285748 -0.992685
214 -0.126929 -0.990383
430 0.042914 -0.986301
158 -0.518870 -0.975241
187 -0.262724 -0.994768
316 0.078374 -0.993161
54 0.111223 -0.987231
67 0.032364 -0.983056
280 -0.377724 -0.992231
297 -0.076527 -0.995774
333 0.009080 -0.993185
148 -0.037865 -0.988283
486 0.106670 -0.995874
459 -0.356127 -0.994441
359 0.274065 -0.997909
298 0.172723 -0.995201
331 0.099945 -0.990753
489 0.426294 -0.996854
372 0.212940 -0.997884
121 0.171407 -0.991480
106 -0.202569 -0.980730
147 -0.042415 -0.990893
294 -0.112890 -0.989694
94 -0.122341 -0.986970
381 0.087547 -0.990211
347 -0.156100 -0.986520
376 0.081641 -0.992866
197 -0.196635 -0.988845
467 -0.093830 -0.991297
473 -0.130202 -0.988527
108 -0.651591 -0.992454
123 0.434901 -1.002616
233 0.192261 -0.990790
144 0.574383 -1.002164
124 -0.337916 -0.995459
236 -0.269337 -0.997752
254 0.037469 -0.992960
349 0.036777 -0.988791
155 0.050293 -0.987639
358 -0.179982 -0.993267
40 -0.005723 -0.991733
395 0.116136 -0.988562
117 0.179495 -0.997048
454 -0.040158 -0.994199
125 0.086461 -0.987391
445 0.092144 -0.988436
386 0.179140 -0.999139
313 0.091690 -0.998141
77 0.368027 -0.995930
218 0.060776 -0.989553
240 -0.152690 -0.987317
14 -0.472972 -0.986399
25 -0.334973 -0.983165
293 0.186928 -0.996953
246 0.188750 -1.000044
312 0.050932 -0.991697
429 0.278220 -0.991123
203 0.096481 -0.993334
423 0.318557 -0.998858
17 -0.352271 -0.994883
200 -0.119220 -0.993528
