500 2
392 -0.207073 -0.976628
154 -0.450006 -0.887955
437 -0.424454 -0.897257
52 -0.270270 -0.953751
262 -0.366345 -0.922197
379 -0.641516 -0.827814
75 0.006853 -1.054923
33 -0.410670 -0.911141
138 -0.415031 -0.900602
413 -0.740031 -0.795344
448 -0.063498 -1.026080
253 -0.500953 -0.876564
444 -0.541927 -0.865672
377 -0.339950 -0.936839
6 -0.465522 -0.891047
177 -0.716353 -0.808209
291 -0.044998 -1.034901
390 -0.303290 -0.952477
168 -0.491486 -0.885872
401 -0.513561 -0.865841
2 -0.622833 -0.838275
265 -0.400887 -0.907882
493 -0.313398 -0.939422
43 -0.564875 -0.857472
135 -0.207901 -0.974820
104 -0.018452 -1.038351
142 -0.212957 -0.971052
368 -0.428692 -0.899241
69 -0.429724 -0.897317
20 -0.463935 -0.890242
324 -0.366495 -0.925836
260 -0.406889 -0.908711
27 -0.236846 -0.963181
374 -0.517198 -0.874925
424 -0.225520 -0.968321
425 -0.372099 -0.927610
397 -0.336900 -0.927513
206 -0.393754 -0.912991
278 -0.419196 -0.903521
15 -0.328326 -0.941685
389 -0.508590 -0.870871
255 -0.046251 -1.032431
19 -0.278220 -0.953119
336 -0.089809 -1.014554
330 -0.310284 -0.952085
119 -0.134378 -1.000291
488 -0.146285 -1.003766
7 0.126562 -1.100033
181 -0.481946 -0.885045
219 -0.198235 -0.986687
29 -0.202796 -0.979126
365 -0.429669 -0.897376
322 -0.207238 -0.982751
366 -0.258656 -0.958264
87 -0.634720 -0.831140
99 -0.190747 -0.985467
98 0.009274 -1.053110
285 -0.226823 -0.967665
410 -0.267901 -0.964494
487 -0.923964 -0.728252
345 -0.228175 -0.967120
442 -0.540195 -0.860199
451 -0.282229 -0.952786
309 -0.394583 -0.910924
199 -0.101657 -1.010255
491 -0.322591 -0.931878
264 -0.389036 -0.914726
79 -0.416106 -0.905735
213 -0.403570 -0.909047
141 -0.177817 -0.987803
458 -0.320552 -0.937496
62 -0.252989 -0.958657
192 -0.455795 -0.896805
270 -0.264841 -0.952395
24 -0.147872 -0.994548
308 0.051937 -1.072917
457 -0.322753 -0.936702
242 -0.509765 -0.871934
189 -0.375458 -0.913110
157 -0.352795 -0.920690
140 -0.015615 -1.043521
167 -0.202176 -0.982259
305 -0.345143 -0.928183
91 -0.921229 -0.734725
225 -0.214650 -0.979247
100 -0.467002 -0.885558
306 -0.511030 -0.874346
139 -0.264288 -0.955875
21 -0.180018 -0.983211
245 -0.097688 -1.017819
221 -0.431994 -0.899421
475 -0.261449 -0.958490
44 0.200479 -1.129483
68 -0.257101 -0.960380
80 -0.322902 -0.944079
150 0.087055 -1.081314
434 -0.266638 -0.949675
13 -0.122482 -1.000530
416 -0.331155 -0.935225
338 -0.548453 -0.856476
10 -0.046203 -1.029234
326 -0.350016 -0.928461
373 -0.716884 -0.793920
178 -0.570253 -0.860100
456 -0.332213 -0.931144
281 -0.675758 -0.814043
61 -0.645831 -0.826382
210 -0.584050 -0.860132
244 -0.352745 -0.929420
188 -0.316693 -0.934904
30 0.066513 -1.074479
450 -0.329254 -0.940871
367 -0.028927 -1.041697
131 -0.340958 -0.925475
53 -0.403037 -0.910688
41 -0.234708 -0.972491
204 -0.572388 -0.849254
317 -0.214650 -0.978099
228 -0.159776 -0.998571
274 -0.302378 -0.939114
436 0.014243 -1.056535
174 -0.709721 -0.805299
369 -0.577963 -0.847566
470 -0.272997 -0.956066
263 -0.191239 -0.982652
146 -0.698537 -0.807760
404 -0.363854 -0.922849
127 -0.606644 -0.842553
420 -0.329045 -0.939918
320 -0.800104 -0.767332
419 -0.429903 -0.902880
387 -0.405817 -0.899315
26 -0.028171 -1.039365
83 -0.414209 -0.902794
175 -0.289187 -0.952499
96 -0.133248 -1.000612
494 -0.591040 -0.839240
480 0.004689 -1.049351
498 -0.236799 -0.970863
130 -0.605256 -0.834846
171 -0.579729 -0.848027
421 -0.300464 -0.947507
403 -0.161384 -0.992483
134 -0.357510 -0.931835
250 -0.296193 -0.941969
133 -0.159344 -0.992186
18 -0.283528 -0.955794
166 -0.638391 -0.830889
292 -0.457232 -0.887223
143 -0.007741 -1.049862
64 -0.366485 -0.913692
275 -0.355884 -0.927339
400 -0.643231 -0.830847
257 -0.243136 -0.957871
301 -0.237273 -0.969429
159 -0.549536 -0.863412
231 -0.119271 -1.011133
490 -0.029570 -1.046614
172 -0.362683 -0.923402
327 -0.118799 -1.012105
474 -0.520491 -0.869092
109 -0.083853 -1.018674
394 -0.457493 -0.887793
362 -0.079654 -1.016798
9 -0.435314 -0.906486
300 -0.000186 -1.044619
215 -0.406275 -0.901978
314 -0.465455 -0.888281
462 -0.415409 -0.906022
72 -0.101638 -1.017543
162 -0.357862 -0.926483
112 -0.002818 -1.053655
82 -0.045664 -1.028802
482 -0.279862 -0.948418
307 -0.034953 -1.031357
318 -0.295058 -0.945994
110 -0.372407 -0.914594
477 -0.211964 -0.972214
299 0.030461 -1.062052
427 -0.439503 -0.903352
335 -0.318727 -0.939470
249 -0.504474 -0.876136
287 0.121800 -1.096963
266 -0.543601 -0.859628
496 -0.123254 -1.005949
258 -0.740807 -0.796550
295 -0.572034 -0.851470
388 -0.525076 -0.864716
4 -0.084921 -1.018114
224 -0.396018 -0.919141
103 -0.432145 -0.898015
132 -0.595311 -0.840227
452 -0.566244 -0.856027
321 -0.394250 -0.909602
341 -0.155492 -0.995156
59 -0.289981 -0.948251
271 -0.209751 -0.975943
84 -0.675342 -0.823869
137 -0.236478 -0.966085
409 -0.582822 -0.848610
415 -0.057456 -1.025815
339 0.037772 -1.065272
325 -0.067189 -1.026863
116 -0.580206 -0.848674
472 -0.377052 -0.919127
136 -0.608662 -0.830627
375 -0.352911 -0.927700
12 -0.339016 -0.928381
47 -0.279382 -0.952383
279 0.403727 -1.191381
145 -0.617603 -0.841735
73 -0.520297 -0.870678
70 -0.091239 -1.021081
5 -0.606560 -0.836685
476 -0.333032 -0.930032
90 -0.129976 -1.000869
405 -0.308549 -0.938351
383 -0.584957 -0.845352
426 -0.521337 -0.867604
170 -0.151327 -1.000868
31 -0.552368 -0.863087
241 0.004239 -1.053869
186 -0.848909 -0.761657
78 -0.153045 -0.996553
350 0.269720 -1.151555
385 -0.019137 -1.044563
463 -0.341455 -0.931471
357 -0.297352 -0.951899
209 -0.417185 -0.907916
398 -0.443000 -0.898258
193 -0.409116 -0.907320
417 -0.516374 -0.860677
343 -0.268808 -0.956030
382 -0.610918 -0.831486
384 -0.576495 -0.847771
223 -0.435940 -0.902872
22 -0.358320 -0.926358
371 -0.456629 -0.887906
58 0.168384 -1.105899
232 -0.189283 -0.979883
363 -0.175265 -0.988788
304 -0.648980 -0.830447
212 -0.404954 -0.903354
329 -0.381150 -0.910530
272 -0.387004 -0.911580
411 -0.318066 -0.938933
160 -0.016674 -1.048697
319 -0.235053 -0.961699
89 -0.098567 -1.007232
153 -0.221728 -0.973816
353 -0.007215 -1.050567
85 -0.579495 -0.855540
122 0.019693 -1.057001
102 -0.494373 -0.876475
440 -0.180207 -0.989633
35 -0.598590 -0.833170
88 0.009895 -1.053773
201 -0.615320 -0.840061
71 -0.608358 -0.837089
184 -0.336982 -0.931724
16 -0.187401 -0.984101
208 -0.528340 -0.869999
391 -0.046869 -1.034522
194 -0.111420 -1.007819
431 -0.285188 -0.957884
226 -0.513462 -0.875149
466 0.002290 -1.053681
60 0.241297 -1.133471
195 -0.197507 -0.984965
497 -0.269319 -0.952033
399 -0.390193 -0.910784
76 -0.162456 -0.986227
346 -0.102310 -1.021182
277 -0.182220 -0.982358
247 0.218709 -1.125569
354 -0.164295 -0.985450
268 -0.224704 -0.971199
227 -0.351254 -0.920303
290 -0.326357 -0.939249
414 -0.407706 -0.904756
252 -0.376296 -0.919777
49 -0.094987 -1.010220
481 -0.034404 -1.046892
149 -0.232232 -0.964555
51 -0.404597 -0.903535
220 -0.613668 -0.838383
114 -0.239339 -0.968651
3 -0.582718 -0.851987
251 -0.609442 -0.843284
222 -0.222212 -0.965213
191 -0.404124 -0.912580
235 -0.489038 -0.880252
11 0.063808 -1.067702
115 -0.155812 -0.995977
230 -0.244020 -0.965585
495 -0.496197 -0.880517
176 -0.124710 -1.011155
428 -0.293855 -0.959549
296 -0.365631 -0.921077
453 -0.128907 -0.999444
303 -0.312215 -0.928632
435 -0.709093 -0.804600
460 -0.394652 -0.914966
380 -0.189594 -0.985708
289 -0.145291 -0.998353
276 -0.482238 -0.886021
468 -0.311094 -0.940778
211 0.019995 -1.056784
55 -0.202459 -0.980494
355 0.053999 -1.071672
422 -0.480470 -0.885350
156 -0.047700 -1.036664
302 -0.146685 -0.998209
446 -0.214621 -0.972176
243 -0.376133 -0.910367
378 -0.143806 -0.998418
179 -0.087669 -1.023606
469 -0.602445 -0.838686
163 -0.469526 -0.884993
269 -0.211975 -0.982166
48 -0.507358 -0.875938
311 -0.513423 -0.866606
63 -0.128867 -1.003306
196 0.038377 -1.061945
185 -0.424643 -0.901239
328 -0.476373 -0.880462
484 -0.271568 -0.948740
165 -0.420421 -0.899773
93 -0.173357 -0.990179
173 -0.146681 -1.000525
352 -0.570940 -0.849680
284 -0.382422 -0.917741
42 -0.770587 -0.781502
107 -0.339923 -0.931213
38 -0.305724 -0.943233
364 -0.048541 -1.036419
217 -0.408381 -0.911937
81 -0.672384 -0.817017
229 -0.112719 -1.011831
478 -0.708183 -0.807193
129 -0.447301 -0.893905
396 -0.189382 -0.987923
261 -0.663164 -0.828023
441 -0.690272 -0.812216
406 -0.584149 -0.845198
361 -0.720725 -0.805810
50 -0.244448 -0.961598
323 -0.458005 -0.890102
464 -0.096583 -1.022543
348 -0.204049 -0.991757
402 -0.730503 -0.786209
259 -0.217270 -0.971885
34 -0.793644 -0.778041
408 -0.349381 -0.926663
97 -0.365155 -0.923600
86 -0.440390 -0.899232
315 -0.726010 -0.795865
57 -0.210105 -0.974205
8 -0.312943 -0.930858
256 -0.420772 -0.895441
151 -0.316200 -0.938664
344 -0.189059 -0.986171
438 -0.257206 -0.959104
0 -0.419056 -0.897872
499 -0.118275 -1.011166
202 -0.515146 -0.874518
461 -0.251255 -0.960301
234 -0.298685 -0.946069
370 -0.165468 -0.993352
351 -0.490875 -0.880366
120 -0.225577 -0.978821
182 -0.305992 -0.941352
449 -0.312571 -0.938443
465 -0.554982 -0.856184
164 -0.474538 -0.882607
190 -0.540710 -0.863133
92 -0.310651 -0.934946
37 -0.483866 -0.892011
342 0.004479 -1.053153
492 -0.023989 -1.048221
183 -0.453554 -0.893224
340 -0.214487 -0.977915
32 -0.014097 -1.052836
248 -0.382599 -0.920766
485 -0.172066 -0.991300
334 -0.531124 -0.866850
337 -0.011123 -1.051091
439 -0.713313 -0.803649
333 -0.345130 -0.934681
238 -0.716652 -0.801992
1 -0.325745 -0.936097
128 -0.415891 -0.902029
147 -0.728424 -0.807186
105 -0.231783 -0.972568
360 -0.330423 -0.934590
486 -0.179167 -0.987884
273 -0.797974 -0.775267
95 -0.686393 -0.805686
187 -0.247224 -0.967592
288 -0.415396 -0.898667
113 -0.027486 -1.044129
332 -0.203147 -0.979959
161 -0.060252 -1.024179
65 -0.488397 -0.878460
118 -0.186072 -0.985497
237 -0.450013 -0.891538
74 -0.546583 -0.862005
54 -0.224844 -0.967733
412 -0.428808 -0.905693
479 -0.146593 -0.995662
447 -0.315985 -0.944040
28 -0.381796 -0.920407
356 -0.442060 -0.895845
473 -0.243634 -0.961057
36 -0.238839 -0.959395
393 -0.186370 -0.988128
359 -0.395157 -0.919269
283 -0.752419 -0.790168
126 -0.215520 -0.979172
331 -0.277146 -0.954658
407 -0.795527 -0.770764
418 -0.219281 -0.983731
286 -0.071675 -1.026668
282 -0.099159 -1.015411
111 -0.712343 -0.803985
471 -0.149877 -0.999635
155 -0.662121 -0.822138
67 -1.107014 -0.670985
152 -0.364120 -0.919161
39 -0.374901 -0.916132
148 -0.498363 -0.880482
66 -0.051864 -1.036805
198 -0.275245 -0.959154
239 0.142367 -1.106565
125 -0.427070 -0.901350
430 -0.319079 -0.936466
395 -0.611764 -0.839951
455 -0.377411 -0.913729
169 -0.170987 -0.995407
467 -0.511454 -0.857997
267 -0.421777 -0.904862
297 -0.156637 -0.994572
101 -0.527776 -0.868820
23 -0.248232 -0.952747
432 -0.235376 -0.968659
214 -0.509900 -0.867912
158 -0.666302 -0.820702
483 -0.258130 -0.957051
310 -0.389074 -0.908968
45 -0.014729 -1.051940
121 -0.290878 -0.952433
216 -0.401054 -0.913783
233 -0.336530 -0.934031
489 -0.219591 -0.976173
197 -0.387784 -0.909265
207 -0.311097 -0.946796
433 -0.139564 -0.999932
94 -0.230382 -0.968943
46 -0.144865 -1.006744
316 -0.045228 -1.043608
386 -0.302813 -0.948894
443 -0.431214 -0.894871
56 -0.621775 -0.837379
106 -0.282530 -0.953319
117 -0.198180 -0.985086
347 -0.549679 -0.857463
298 -0.211432 -0.974700
372 -0.455647 -0.887292
459 -0.461376 -0.885469
124 -0.781321 -0.775462
108 -0.676491 -0.812819
205 -0.220981 -0.974576
254 -0.295374 -0.950081
381 -0.555189 -0.863816
14 -0.634739 -0.831182
144 0.084163 -1.087280
294 -0.473914 -0.888789
454 -0.496607 -0.882432
180 -0.371923 -0.914490
280 -0.173301 -0.989117
246 -0.597886 -0.846632
218 -0.397972 -0.909613
40 -0.919496 -0.732760
376 -0.270643 -0.960223
123 0.059959 -1.074172
358 -0.669566 -0.823221
313 -0.236419 -0.964550
25 -0.629899 -0.834501
445 -0.512057 -0.877595
236 -0.101917 -1.020505
77 -0.259575 -0.962165
240 -0.334737 -0.936319
349 -0.379652 -0.913866
200 -0.230933 -0.963095
312 -0.172381 -0.989867
203 -0.403540 -0.913545
293 -0.130748 -1.006204
429 -0.176676 -0.992894
423 -0.172994 -0.987248
17 -0.676689 -0.823046
