500 2
251 0.518235 -1.130559
341 0.332237 -1.066120
365 0.439726 -1.099601
364 0.387300 -1.080201
288 0.441897 -1.092505
414 0.572829 -1.144599
447 0.488977 -1.116004
380 0.463016 -1.098597
221 0.479553 -1.107985
306 0.432387 -1.099869
439 0.351983 -1.068883
298 0.457219 -1.111762
334 0.494018 -1.113013
200 0.445125 -1.100620
336 0.395354 -1.093908
412 0.392209 -1.085056
430 0.502188 -1.115263
407 0.448907 -1.098568
423 0.348291 -1.070549
246 0.386794 -1.079743
286 0.471016 -1.105979
393 0.410323 -1.089877
356 0.429132 -1.100801
490 0.378512 -1.081171
278 0.489934 -1.114482
281 0.331702 -1.067488
460 0.490043 -1.114885
212 0.449601 -1.100336
325 0.516532 -1.130808
361 0.493777 -1.113744
227 0.415418 -1.088485
346 0.464356 -1.093805
454 0.375778 -1.086078
262 0.370886 -1.081213
231 0.503660 -1.124740
316 0.375323 -1.077235
223 0.364074 -1.078369
484 0.425133 -1.088897
342 0.361932 -1.070746
440 0.271837 -1.049280
442 0.473296 -1.116726
295 0.400651 -1.081714
289 0.267148 -1.049101
333 0.448116 -1.101443
256 0.437760 -1.098369
411 0.470552 -1.109217
317 0.410500 -1.086703
347 0.331342 -1.072155
429 0.487732 -1.118796
300 0.449978 -1.104526
449 0.469871 -1.111360
436 0.414597 -1.093813
463 0.431117 -1.096862
405 0.615196 -1.155511
324 0.437544 -1.098161
335 0.378571 -1.072652
226 0.453951 -1.101304
371 0.384648 -1.088217
309 0.503515 -1.116690
401 0.480729 -1.110963
211 0.460676 -1.110461
203 0.521592 -1.124027
230 0.454671 -1.120115
372 0.515658 -1.128060
301 0.440233 -1.096568
437 0.499905 -1.127497
299 0.553813 -1.143584
238 0.435993 -1.099063
492 0.478426 -1.117413
320 0.380205 -1.078072
307 0.481313 -1.102068
353 0.339780 -1.064183
327 0.377406 -1.071387
461 0.391744 -1.087112
422 0.515068 -1.125572
473 0.413437 -1.084405
275 0.378898 -1.079005
376 0.333353 -1.067645
252 0.452873 -1.115013
260 0.325943 -1.061149
268 0.360685 -1.071577
206 0.600210 -1.152028
254 0.336586 -1.063759
359 0.371301 -1.083161
242 0.396589 -1.082595
282 0.431279 -1.100933
232 0.464175 -1.108263
377 0.447106 -1.096008
240 0.386481 -1.087795
269 0.565043 -1.139612
399 0.456900 -1.096171
311 0.539705 -1.134504
448 0.446420 -1.101120
241 0.599006 -1.151806
450 0.473663 -1.109172
235 0.359066 -1.077211
457 0.386188 -1.081054
368 0.374259 -1.074278
366 0.418946 -1.100770
210 0.360435 -1.078084
472 0.360280 -1.079796
218 0.532287 -1.123260
475 0.356881 -1.074878
276 0.257136 -1.046879
202 0.607753 -1.150373
302 0.586502 -1.129977
249 0.463427 -1.101410
261 0.306756 -1.058047
270 0.504909 -1.129802
358 0.419872 -1.090778
215 0.431479 -1.098038
428 0.574291 -1.148786
435 0.368267 -1.074746
303 0.536662 -1.125767
259 0.480890 -1.120953
446 0.512832 -1.134800
398 0.527033 -1.129173
432 0.416180 -1.088729
338 0.486560 -1.109410
322 0.533218 -1.132672
318 0.528196 -1.120770
465 0.329880 -1.066646
224 0.397274 -1.082365
483 0.477175 -1.114646
391 0.501357 -1.122711
310 0.448644 -1.101116
468 0.396062 -1.081844
458 0.503796 -1.114114
421 0.596956 -1.156644
337 0.433910 -1.096822
451 0.367347 -1.079537
220 0.411601 -1.093794
313 0.462620 -1.108972
222 0.394426 -1.098622
382 0.481328 -1.109580
219 0.489699 -1.112408
284 0.489198 -1.117033
415 0.414923 -1.097120
354 0.511833 -1.120466
245 0.460079 -1.100602
207 0.455077 -1.107177
385 0.507789 -1.119412
386 0.305768 -1.069413
363 0.339641 -1.065684
404 0.542643 -1.134540
250 0.377999 -1.083012
257 0.473985 -1.108102
417 0.615332 -1.146979
294 0.439276 -1.097589
374 0.490854 -1.108805
431 0.459367 -1.102922
409 0.341694 -1.072582
496 0.471477 -1.114791
466 0.417405 -1.084334
279 0.444698 -1.094241
394 0.441708 -1.108821
467 0.409381 -1.087834
489 0.452968 -1.107686
344 0.488053 -1.104672
441 0.451359 -1.101606
312 0.497914 -1.115078
388 0.306835 -1.065086
471 0.362549 -1.081243
459 0.449189 -1.096738
413 0.565535 -1.133268
350 0.482526 -1.119067
287 0.327344 -1.072430
308 0.544819 -1.130924
345 0.308425 -1.062626
292 0.471935 -1.098795
271 0.516708 -1.124770
272 0.469732 -1.119276
214 0.513174 -1.121562
426 0.487607 -1.115389
462 0.572524 -1.140881
296 0.491751 -1.120093
201 0.588111 -1.140772
319 0.538886 -1.124738
486 0.396617 -1.082120
234 0.303126 -1.054884
456 0.355995 -1.081062
273 0.501945 -1.121983
274 0.439992 -1.098866
239 0.471363 -1.110731
315 0.554573 -1.134970
351 0.446830 -1.100934
420 0.367851 -1.076492
392 0.246130 -1.052474
375 0.514434 -1.134631
209 0.430872 -1.103513
498 0.468837 -1.102409
379 0.489844 -1.115475
357 0.586554 -1.145762
355 0.564481 -1.135525
349 0.384276 -1.083756
332 0.554655 -1.135336
497 0.485777 -1.117721
213 0.508471 -1.118320
470 0.530232 -1.124969
291 0.500850 -1.124224
444 0.657581 -1.178558
330 0.469294 -1.102475
233 0.424943 -1.085034
360 0.273202 -1.049739
425 0.463191 -1.105598
499 0.224061 -1.036888
204 0.447798 -1.109206
228 0.318047 -1.070360
208 0.485407 -1.112548
487 0.477143 -1.105291
277 0.566908 -1.139998
314 0.334143 -1.062676
285 0.463272 -1.104371
485 0.536988 -1.137212
258 0.296886 -1.058332
305 0.415663 -1.098236
205 0.456144 -1.107668
352 0.407733 -1.091255
424 0.474526 -1.111477
445 0.502008 -1.112306
433 0.568330 -1.136537
494 0.469378 -1.111611
482 0.427306 -1.099729
481 0.563852 -1.130060
493 0.482330 -1.114431
397 0.610265 -1.151937
488 0.368710 -1.078261
491 0.357065 -1.070511
400 0.494762 -1.124879
395 0.496035 -1.124095
384 0.508215 -1.122093
464 0.481069 -1.113269
293 0.492973 -1.124149
243 0.469698 -1.106290
403 0.521346 -1.131414
283 0.577625 -1.140335
480 0.366846 -1.075940
434 0.311871 -1.066506
247 0.393803 -1.084203
253 0.441407 -1.096115
479 0.618255 -1.152712
340 0.421178 -1.108067
244 0.459031 -1.102433
418 0.577015 -1.145315
387 0.466884 -1.104935
389 0.490691 -1.118977
474 0.595861 -1.141066
443 0.359555 -1.073297
369 0.461367 -1.110332
381 0.490543 -1.117099
362 0.599222 -1.166359
297 0.368990 -1.077686
378 0.467053 -1.114928
452 0.664480 -1.175025
264 0.454424 -1.105332
383 0.408343 -1.091524
263 0.417236 -1.086948
408 0.456041 -1.104041
367 0.618461 -1.154629
416 0.495266 -1.115826
438 0.605684 -1.154844
453 0.217929 -1.034235
280 0.387384 -1.090002
370 0.417461 -1.098827
266 0.516805 -1.115943
237 0.511621 -1.120976
225 0.442927 -1.099741
373 0.559699 -1.140501
410 0.489219 -1.122041
255 0.496506 -1.108442
427 0.448183 -1.096142
328 0.467753 -1.116959
476 0.382990 -1.079060
402 0.500277 -1.111915
478 0.404446 -1.083513
348 0.475904 -1.107297
419 0.469445 -1.110356
248 0.480022 -1.111367
331 0.356541 -1.070354
396 0.395340 -1.092698
390 0.440492 -1.100373
323 0.484477 -1.103888
265 0.577277 -1.142392
469 0.498835 -1.115554
236 0.497778 -1.113400
229 0.440842 -1.099149
406 0.486906 -1.120721
326 0.449944 -1.105459
343 0.455426 -1.102092
304 0.494205 -1.112884
290 0.374459 -1.079999
217 0.547818 -1.133469
477 0.514614 -1.128280
495 0.424487 -1.088522
455 0.428177 -1.098833
339 0.493569 -1.128155
321 0.524801 -1.126350
329 0.565990 -1.148284
216 0.436133 -1.110292
267 0.344932 -1.072582
130 -1.011479 -0.932115
189 -0.972529 -0.930281
198 -1.103326 -0.955992
191 -1.086321 -0.948954
8 -1.076742 -0.942696
137 -0.887391 -0.931904
30 -1.043215 -0.945877
140 -1.046108 -0.927875
119 -1.064622 -0.937902
100 -0.901726 -0.923349
101 -0.953268 -0.921291
134 -1.048955 -0.959684
175 -1.102731 -0.931602
110 -0.943364 -0.925290
163 -0.975690 -0.931789
53 -1.106617 -0.935367
181 -0.989853 -0.931600
7 -0.926925 -0.931883
88 -0.935566 -0.916888
122 -1.012364 -0.929398
182 -1.000077 -0.926917
27 -1.126188 -0.956906
178 -1.197130 -0.933044
176 -0.909723 -0.921050
173 -1.214400 -0.942223
168 -1.027330 -0.939012
133 -1.083828 -0.934117
125 -0.944106 -0.925133
78 -1.042933 -0.955133
170 -0.998448 -0.932618
1 -1.054190 -0.940702
147 -1.025833 -0.937682
183 -1.059905 -0.935221
124 -1.060043 -0.931643
2 -1.024825 -0.941387
129 -1.111763 -0.973060
40 -1.163793 -0.962733
69 -1.046719 -0.952838
194 -0.823714 -0.915371
111 -0.932351 -0.926458
19 -1.114958 -0.940584
74 -0.961602 -0.916649
120 -0.989302 -0.930994
80 -1.056923 -0.944282
172 -0.969751 -0.935809
12 -1.001982 -0.927463
131 -1.152350 -0.952282
123 -1.120091 -0.947853
63 -1.033059 -0.938514
64 -1.040996 -0.934560
5 -1.038734 -0.957404
107 -1.129318 -0.939603
142 -0.907699 -0.929165
158 -1.042081 -0.944850
192 -1.131566 -0.969247
184 -0.951550 -0.936808
188 -1.156566 -0.970356
38 -1.079389 -0.940370
86 -1.003191 -0.911653
162 -0.805133 -0.917731
196 -1.162672 -0.958326
21 -1.306344 -0.979317
65 -1.063863 -0.944478
149 -0.941834 -0.931863
28 -1.046384 -0.942156
186 -1.002274 -0.923006
72 -0.981311 -0.928710
132 -0.947435 -0.929536
59 -1.034883 -0.956342
47 -0.934695 -0.938129
139 -0.882547 -0.916221
50 -1.070496 -0.938533
143 -0.999190 -0.919709
75 -0.991582 -0.946596
89 -0.957867 -0.940939
159 -1.072419 -0.958834
165 -1.077448 -0.949605
46 -1.166999 -0.942677
108 -1.131599 -0.948968
114 -0.878095 -0.924807
153 -1.068713 -0.943765
103 -1.103447 -0.937056
36 -1.070501 -0.938771
84 -1.037599 -0.953121
128 -1.010719 -0.941512
87 -1.002639 -0.925998
185 -0.908517 -0.933055
60 -1.119612 -0.978317
9 -1.164601 -0.930297
57 -1.051527 -0.952023
39 -1.158083 -0.942142
195 -1.058066 -0.947628
24 -1.191409 -0.961005
135 -0.911214 -0.921454
14 -0.952483 -0.914403
76 -1.159676 -0.941029
164 -1.093466 -0.956691
161 -1.059057 -0.934882
152 -0.954559 -0.939812
109 -0.950157 -0.911843
37 -1.035578 -0.943075
148 -0.977148 -0.923601
151 -1.060891 -0.956296
99 -1.115153 -0.954354
145 -0.956704 -0.945547
61 -1.116755 -0.949374
34 -0.891755 -0.914406
136 -1.102705 -0.939999
112 -0.976036 -0.934512
177 -1.122836 -0.943068
174 -0.960001 -0.937362
115 -1.029405 -0.935265
180 -0.960195 -0.924965
116 -1.037859 -0.937907
150 -0.985893 -0.925029
31 -1.143334 -0.977037
141 -1.031433 -0.935566
113 -0.905958 -0.909871
155 -1.120317 -0.948284
126 -1.042200 -0.949757
97 -1.147169 -0.930568
20 -1.250485 -0.979331
79 -1.063506 -0.954187
171 -1.119112 -0.937254
83 -1.185193 -0.961575
25 -1.038148 -0.953032
77 -1.056443 -0.955234
45 -0.922208 -0.925345
160 -0.989309 -0.920373
199 -1.060586 -0.927513
118 -1.071974 -0.947630
67 -1.231567 -0.967101
62 -1.349001 -0.972518
102 -0.926004 -0.921202
33 -1.047845 -0.937947
193 -1.074186 -0.936442
94 -1.053418 -0.933894
71 -1.018544 -0.942614
52 -1.149995 -0.966604
106 -1.016680 -0.931525
91 -1.062355 -0.927009
104 -1.149031 -0.955553
11 -1.109705 -0.940677
55 -1.293812 -0.961972
17 -1.088987 -0.949704
166 -1.153144 -0.954111
13 -1.041248 -0.948850
73 -1.036686 -0.925096
44 -1.122671 -0.940511
167 -1.129166 -0.974114
32 -1.122289 -0.951793
82 -0.931614 -0.929895
121 -0.962289 -0.937048
90 -1.047523 -0.962357
58 -1.032274 -0.961240
16 -1.040700 -0.942333
0 -1.161634 -0.956136
41 -1.183784 -0.951710
35 -1.065187 -0.954931
98 -1.213144 -0.964805
92 -1.157151 -0.947115
169 -1.042804 -0.940530
68 -1.202770 -0.959593
105 -1.014727 -0.932054
22 -1.080120 -0.927688
3 -1.047731 -0.957478
96 -0.846037 -0.945057
127 -0.829866 -0.909101
81 -1.197930 -0.968714
197 -1.049113 -0.933717
49 -1.005420 -0.924020
157 -0.962364 -0.921297
18 -1.103345 -0.956198
138 -1.079572 -0.945584
190 -0.990971 -0.925969
154 -1.192340 -0.955879
6 -1.207714 -0.978503
54 -0.888964 -0.937235
156 -0.951193 -0.927300
187 -0.944389 -0.924525
43 -1.067871 -0.940973
93 -1.148168 -0.944934
66 -0.992050 -0.924572
144 -1.161223 -0.954663
26 -1.078185 -0.927294
23 -1.094857 -0.957797
179 -0.995014 -0.908593
42 -0.986344 -0.924848
85 -0.960990 -0.922055
4 -0.974831 -0.925840
70 -1.189928 -0.951261
29 -1.285481 -0.989545
48 -1.066137 -0.948252
146 -1.061949 -0.941303
10 -1.103090 -0.958365
51 -1.243445 -1.001039
95 -1.262128 -0.989309
117 -1.002642 -0.955528
15 -1.111602 -0.933511
56 -1.001293 -0.934266
