500 2
423 -1.132751 -0.217553
361 -1.287707 -0.091342
306 -1.131091 -0.228929
463 -1.157858 -0.206658
429 -1.307390 -0.069792
346 -1.227405 -0.136224
300 -1.230799 -0.137598
227 -1.165748 -0.191403
278 -1.087264 -0.271742
411 -1.125697 -0.209562
380 -1.199372 -0.160606
401 -1.130860 -0.230357
465 -1.142199 -0.213538
365 -1.232059 -0.138354
382 -1.236989 -0.125150
212 -1.196009 -0.175612
226 -1.056432 -0.291698
430 -1.181563 -0.184348
240 -1.153439 -0.199129
228 -1.166526 -0.197766
275 -1.115614 -0.244300
288 -1.128472 -0.209891
415 -1.180404 -0.195047
254 -1.173006 -0.194117
364 -1.166666 -0.178749
287 -1.156832 -0.209164
336 -1.204895 -0.156762
468 -1.174290 -0.183813
446 -1.229833 -0.139414
451 -1.099805 -0.248736
483 -1.260244 -0.120195
299 -1.186043 -0.167541
246 -1.132919 -0.210984
286 -1.190614 -0.173150
242 -1.175600 -0.196001
311 -1.196926 -0.160603
223 -1.198502 -0.155177
241 -1.206897 -0.148284
313 -1.109916 -0.244106
489 -1.206745 -0.170319
347 -1.094490 -0.267132
249 -1.201558 -0.163939
310 -1.141981 -0.212802
263 -1.245745 -0.127930
327 -1.164761 -0.191560
407 -1.109967 -0.241446
371 -1.167322 -0.184997
393 -1.118072 -0.239544
316 -1.107672 -0.247421
345 -1.083819 -0.270831
484 -1.168932 -0.191705
376 -1.148843 -0.212348
262 -1.220359 -0.152117
268 -1.056617 -0.289657
368 -1.174343 -0.186841
307 -1.142313 -0.221045
417 -1.285905 -0.072587
309 -1.214078 -0.160309
440 -1.110598 -0.247168
467 -1.212507 -0.155799
490 -1.124948 -0.230990
296 -1.173049 -0.189953
391 -1.169831 -0.203354
486 -1.261909 -0.109814
457 -1.193000 -0.159145
270 -1.236030 -0.127513
387 -1.159952 -0.199883
448 -1.124173 -0.236306
231 -1.157353 -0.197923
392 -1.114154 -0.235131
256 -1.068500 -0.284004
437 -1.167917 -0.190751
435 -1.170297 -0.192151
215 -1.198161 -0.181088
260 -1.098351 -0.250759
281 -1.174588 -0.182117
271 -1.210312 -0.147763
449 -1.166195 -0.194156
412 -1.120637 -0.227120
302 -1.266012 -0.107397
274 -1.158513 -0.195493
439 -1.159520 -0.190749
420 -1.177451 -0.179490
303 -1.100151 -0.256627
370 -1.176418 -0.188291
476 -1.098570 -0.249307
341 -1.166729 -0.205851
292 -1.172244 -0.193266
459 -1.188281 -0.182787
464 -1.245490 -0.108375
431 -1.063992 -0.287554
210 -1.101303 -0.257665
315 -1.263418 -0.112140
230 -1.181383 -0.191336
400 -1.167961 -0.193071
282 -1.201469 -0.139669
453 -1.111482 -0.245122
202 -1.262135 -0.118099
362 -1.238363 -0.144322
289 -1.061729 -0.281909
294 -1.180906 -0.188491
414 -1.156259 -0.199413
277 -1.266075 -0.100971
353 -1.227611 -0.137283
433 -1.197630 -0.167186
232 -1.170261 -0.194062
374 -1.126099 -0.231507
359 -1.209974 -0.145876
426 -1.131007 -0.220896
342 -1.079358 -0.279459
450 -1.167059 -0.192523
206 -1.183336 -0.187983
314 -1.088332 -0.249801
358 -1.172473 -0.199282
298 -1.206133 -0.160876
456 -1.150547 -0.196243
301 -1.202785 -0.158081
335 -1.136939 -0.210459
356 -1.223184 -0.146151
211 -1.170066 -0.189568
207 -1.215597 -0.154347
386 -1.108351 -0.236440
481 -1.259667 -0.104250
295 -1.267303 -0.104487
378 -1.271590 -0.107005
322 -1.300994 -0.080029
200 -1.179325 -0.177872
385 -1.185746 -0.177041
447 -1.148462 -0.210498
325 -1.218729 -0.157674
320 -1.204434 -0.160761
318 -1.177863 -0.192998
261 -1.147573 -0.197469
399 -1.196521 -0.164681
492 -1.227219 -0.143673
276 -0.903493 -0.434499
491 -1.173100 -0.186921
403 -1.183698 -0.185406
379 -1.210770 -0.157945
328 -1.251360 -0.125546
398 -1.233896 -0.138421
388 -1.293806 -0.087759
363 -1.107774 -0.246998
334 -1.208423 -0.162840
396 -1.163926 -0.193604
319 -1.202128 -0.171358
475 -1.088672 -0.276679
238 -1.210307 -0.149979
493 -1.149469 -0.207146
354 -1.140852 -0.228467
269 -1.221827 -0.131496
283 -1.148895 -0.218001
369 -1.259265 -0.120769
224 -1.160676 -0.195626
221 -1.269659 -0.117435
340 -1.218971 -0.147869
247 -1.099084 -0.251705
248 -1.139337 -0.216580
258 -1.123585 -0.238041
252 -1.134034 -0.217072
428 -1.292462 -0.099944
473 -1.206612 -0.152461
479 -1.188279 -0.185462
209 -1.184199 -0.170662
265 -1.158432 -0.196729
422 -1.279186 -0.094206
383 -1.243673 -0.134346
219 -1.161026 -0.190174
482 -1.199667 -0.171840
259 -1.138265 -0.214814
344 -1.216037 -0.149699
454 -1.100936 -0.256170
285 -1.185902 -0.172875
404 -1.194875 -0.160907
395 -1.170058 -0.197986
333 -1.195288 -0.175518
244 -1.280181 -0.095241
496 -1.147085 -0.208737
480 -1.139079 -0.206830
472 -1.207988 -0.170262
442 -1.100803 -0.250356
220 -1.222617 -0.157329
477 -1.125437 -0.234207
349 -1.196215 -0.174441
458 -1.252022 -0.117899
413 -1.151905 -0.184470
291 -1.222963 -0.144407
355 -1.197622 -0.175187
461 -1.180337 -0.184135
499 -1.047009 -0.304336
416 -1.157312 -0.200752
466 -1.096494 -0.265481
222 -1.200917 -0.158415
409 -1.161406 -0.204844
350 -1.144963 -0.207205
218 -1.163835 -0.188401
297 -1.147649 -0.211316
419 -1.107421 -0.251571
266 -1.195506 -0.179281
331 -1.140716 -0.220018
235 -1.148438 -0.206689
366 -1.222950 -0.155202
338 -1.223215 -0.129982
375 -1.113401 -0.231497
272 -1.203880 -0.178000
337 -1.177179 -0.170818
351 -1.269675 -0.112089
405 -1.124999 -0.230039
397 -1.156847 -0.211383
245 -1.210263 -0.159207
427 -1.214852 -0.146567
243 -1.246998 -0.124052
497 -1.224666 -0.138225
470 -0.979339 -0.354826
432 -1.125906 -0.239138
406 -1.261267 -0.091997
343 -1.142294 -0.209873
279 -1.099674 -0.253006
436 -1.199871 -0.156711
239 -1.109909 -0.256887
203 -1.058448 -0.280976
253 -1.173363 -0.203458
485 -1.212740 -0.165374
443 -1.231965 -0.153696
444 -1.195220 -0.173226
214 -1.147313 -0.215393
373 -1.101423 -0.258289
267 -1.199720 -0.164711
330 -1.293150 -0.082421
257 -1.165947 -0.191639
408 -1.264400 -0.097611
280 -1.131163 -0.222554
478 -1.138433 -0.213421
389 -1.176969 -0.182408
469 -1.165889 -0.198983
201 -1.138448 -0.211207
372 -1.331495 -0.053488
317 -1.280262 -0.087977
460 -1.168627 -0.196530
377 -1.228256 -0.142487
394 -1.140562 -0.227045
471 -1.159180 -0.204450
367 -1.211700 -0.155072
234 -1.149316 -0.209998
208 -1.111682 -0.249506
441 -1.181323 -0.175815
264 -1.255821 -0.112625
424 -1.175772 -0.185968
494 -1.141802 -0.204386
360 -1.121395 -0.224926
236 -1.252334 -0.118311
321 -1.167581 -0.196405
352 -1.166428 -0.178641
332 -1.224823 -0.131733
348 -1.179227 -0.185160
237 -1.202167 -0.161652
323 -1.173663 -0.196407
434 -1.159565 -0.212144
312 -1.290105 -0.088425
339 -1.201695 -0.172628
233 -1.231792 -0.144189
213 -1.177178 -0.174130
250 -1.137532 -0.201582
462 -1.119377 -0.241108
445 -1.203718 -0.167631
251 -1.197381 -0.172559
308 -1.213683 -0.159678
421 -1.139885 -0.220786
487 -1.196962 -0.159921
293 -1.113963 -0.251470
425 -1.180624 -0.176850
324 -1.204003 -0.162568
284 -1.208637 -0.163630
204 -1.107324 -0.243872
255 -1.221973 -0.136905
216 -1.159936 -0.215426
381 -1.195307 -0.160314
304 -1.226692 -0.127649
474 -1.214953 -0.153179
326 -1.273872 -0.115608
229 -1.200040 -0.177795
498 -1.125851 -0.223361
418 -1.150218 -0.197756
273 -1.271891 -0.106289
488 -1.230702 -0.137394
357 -1.257331 -0.112032
217 -1.192970 -0.179417
205 -1.263002 -0.093662
384 -1.182407 -0.168642
305 -1.267904 -0.116716
290 -1.171585 -0.190601
438 -1.188103 -0.175974
452 -1.138376 -0.218017
390 -1.111384 -0.242480
402 -1.199730 -0.168724
225 -1.207633 -0.155980
495 -1.256536 -0.110078
455 -1.117929 -0.236869
410 -1.180228 -0.178862
329 -1.202146 -0.169220
27 -0.207116 -1.488824
148 -0.288046 -1.297275
198 -0.270208 -1.372105
72 -0.246645 -1.365044
130 -0.291037 -1.384802
176 -0.275840 -1.342289
30 -0.288760 -1.336914
8 -0.262317 -1.353347
6 -0.212870 -1.457805
140 -0.244490 -1.392980
28 -0.268230 -1.351785
191 -0.220502 -1.462695
7 -0.243403 -1.389460
38 -0.351054 -1.165800
160 -0.264353 -1.370918
173 -0.239937 -1.401446
80 -0.230687 -1.438743
40 -0.242278 -1.357779
196 -0.293296 -1.324416
172 -0.226649 -1.443313
74 -0.318603 -1.249107
88 -0.248110 -1.403962
99 -0.231455 -1.436617
133 -0.253558 -1.425352
125 -0.189717 -1.525236
152 -0.227048 -1.414568
178 -0.229383 -1.509013
184 -0.264951 -1.359295
2 -0.281977 -1.384611
122 -0.254848 -1.391051
119 -0.284310 -1.352178
20 -0.241482 -1.402228
53 -0.269051 -1.344662
162 -0.193787 -1.486274
147 -0.257703 -1.384277
71 -0.299785 -1.297960
124 -0.250343 -1.385059
75 -0.290065 -1.294849
65 -0.272431 -1.332068
64 -0.304058 -1.271741
155 -0.213273 -1.467784
177 -0.239023 -1.429279
183 -0.177357 -1.543110
149 -0.305994 -1.264409
134 -0.235336 -1.444240
129 -0.251542 -1.368741
59 -0.232034 -1.373794
100 -0.302848 -1.308404
9 -0.226386 -1.430038
33 -0.230498 -1.446771
158 -0.253157 -1.413347
78 -0.301924 -1.294752
1 -0.226241 -1.468827
14 -0.371470 -1.136821
189 -0.234193 -1.420058
60 -0.270326 -1.330610
21 -0.273851 -1.381455
137 -0.240371 -1.474948
86 -0.301457 -1.317779
13 -0.237929 -1.404100
157 -0.235116 -1.463781
170 -0.321410 -1.256521
103 -0.229521 -1.518961
139 -0.263660 -1.352591
169 -0.212098 -1.472720
52 -0.262312 -1.397708
24 -0.274922 -1.337565
16 -0.183803 -1.476655
168 -0.262734 -1.337222
163 -0.233368 -1.449447
151 -0.215785 -1.478456
57 -0.232844 -1.420199
101 -0.271583 -1.358261
194 -0.276681 -1.361090
96 -0.322736 -1.229235
82 -0.247886 -1.389707
121 -0.261666 -1.369354
181 -0.313109 -1.272061
47 -0.242247 -1.337235
34 -0.302152 -1.303403
12 -0.305649 -1.284574
136 -0.284352 -1.316342
68 -0.255273 -1.385707
85 -0.281108 -1.278380
93 -0.226547 -1.450881
174 -0.235745 -1.395771
83 -0.228614 -1.511075
153 -0.273940 -1.349661
192 -0.263897 -1.420284
87 -0.277267 -1.318759
175 -0.236587 -1.417711
77 -0.252515 -1.367617
31 -0.321095 -1.299732
61 -0.160380 -1.576230
107 -0.212139 -1.447996
73 -0.276804 -1.308714
66 -0.281829 -1.303769
115 -0.263761 -1.413432
94 -0.250311 -1.396937
166 -0.214240 -1.474740
111 -0.252687 -1.391888
46 -0.341222 -1.205056
193 -0.252491 -1.428699
109 -0.279765 -1.358402
37 -0.295265 -1.271640
92 -0.280258 -1.320837
145 -0.292042 -1.318181
69 -0.239168 -1.405998
89 -0.262967 -1.392076
84 -0.257348 -1.382274
70 -0.250632 -1.358812
150 -0.186985 -1.536342
165 -0.185870 -1.527020
187 -0.240635 -1.497705
49 -0.280386 -1.294273
197 -0.260369 -1.373747
128 -0.210567 -1.475631
3 -0.282996 -1.340147
120 -0.219535 -1.455369
102 -0.276850 -1.352525
118 -0.207815 -1.498764
108 -0.243465 -1.419513
106 -0.298772 -1.300032
81 -0.292635 -1.303606
127 -0.261601 -1.379682
110 -0.278982 -1.383186
182 -0.242224 -1.399889
159 -0.212365 -1.501705
199 -0.251796 -1.362722
36 -0.197070 -1.578940
4 -0.284208 -1.334917
58 -0.202832 -1.514393
50 -0.272326 -1.336122
112 -0.228386 -1.431454
25 -0.277526 -1.334087
171 -0.227964 -1.445169
186 -0.319228 -1.257562
126 -0.238751 -1.465357
63 -0.280176 -1.356704
54 -0.277997 -1.310417
195 -0.192422 -1.494541
190 -0.287451 -1.318600
123 -0.275060 -1.341425
45 -0.230121 -1.451155
180 -0.198458 -1.517435
185 -0.228907 -1.439137
98 -0.219285 -1.460494
113 -0.261894 -1.426854
41 -0.207888 -1.458739
62 -0.174721 -1.559114
43 -0.250544 -1.457164
39 -0.228549 -1.460945
97 -0.174682 -1.578948
144 -0.239356 -1.426531
142 -0.280398 -1.331526
154 -0.296960 -1.329036
95 -0.206083 -1.493031
143 -0.231780 -1.458802
79 -0.219938 -1.439442
131 -0.194705 -1.538051
76 -0.254910 -1.344268
164 -0.240643 -1.446849
55 -0.208169 -1.507198
90 -0.202486 -1.436839
19 -0.260251 -1.347303
114 -0.234808 -1.414189
188 -0.238894 -1.432616
35 -0.237498 -1.468368
117 -0.287918 -1.296924
132 -0.287232 -1.309398
10 -0.265563 -1.406573
167 -0.273350 -1.348569
11 -0.285314 -1.323273
135 -0.323822 -1.245036
42 -0.290538 -1.287264
48 -0.218120 -1.460015
5 -0.241088 -1.387675
179 -0.231523 -1.379522
116 -0.235919 -1.431588
138 -0.209898 -1.528833
161 -0.274215 -1.336436
17 -0.187913 -1.550039
156 -0.209969 -1.497698
104 -0.216522 -1.519681
44 -0.223958 -1.462205
105 -0.241110 -1.459363
0 -0.300544 -1.244607
15 -0.233322 -1.423285
91 -0.268930 -1.381197
23 -0.257085 -1.371850
32 -0.218570 -1.463075
67 -0.184188 -1.554350
146 -0.253586 -1.398082
51 -0.278518 -1.345809
26 -0.220345 -1.468763
56 -0.254081 -1.373223
22 -0.259034 -1.370757
18 -0.258696 -1.342911
141 -0.226005 -1.522222
29 -0.178504 -1.553937
