2000 2
937 0.937147 -0.323771
1460 0.903854 -0.406336
521 0.946181 -0.299610
1033 0.968432 -0.243361
484 0.928428 -0.338128
1451 0.877783 -0.480193
448 0.873764 -0.481981
634 0.911420 -0.392454
995 0.869199 -0.499743
1259 0.902696 -0.415370
402 0.914105 -0.376588
717 0.963864 -0.245973
1880 0.933980 -0.334549
1244 0.962991 -0.259686
941 0.833010 -0.594629
783 0.971285 -0.236476
1760 0.882488 -0.471535
1988 0.945916 -0.306858
93 0.924444 -0.356255
1573 0.927635 -0.347519
1438 0.944051 -0.303535
260 0.876974 -0.472477
1278 0.989812 -0.185062
300 0.949313 -0.288938
1856 0.883740 -0.463356
1193 0.933976 -0.327521
1552 0.968252 -0.243185
1780 0.909082 -0.389448
91 0.958156 -0.268189
361 0.929348 -0.343307
661 0.960247 -0.266509
1802 0.944855 -0.316787
1520 0.970365 -0.250296
1816 0.974189 -0.230580
916 0.971714 -0.231504
1654 0.899033 -0.425496
1480 0.877217 -0.474019
1830 0.822509 -0.611022
44 1.013478 -0.133137
1475 0.870941 -0.484438
1085 0.891332 -0.439787
769 0.984641 -0.199111
679 0.847163 -0.553582
64 0.941100 -0.304178
1616 1.004387 -0.147787
816 0.921007 -0.368612
636 0.874204 -0.479014
1748 0.864802 -0.508328
112 0.904638 -0.402325
1692 0.920322 -0.364374
445 0.844706 -0.553516
684 0.965221 -0.245937
1596 0.984321 -0.204207
1677 0.941338 -0.310000
210 0.880947 -0.468188
757 0.952086 -0.284759
903 0.967282 -0.242790
1868 0.904206 -0.404611
1605 0.937430 -0.320346
864 0.922962 -0.356789
1506 0.902378 -0.408491
72 0.854667 -0.532688
1633 0.966319 -0.247192
277 0.975807 -0.233119
1187 0.916836 -0.379916
1623 0.911078 -0.384599
1992 0.892667 -0.425407
513 0.966523 -0.247458
1257 0.885305 -0.453062
19 0.902161 -0.411510
71 0.902997 -0.408520
418 0.948804 -0.283685
1943 0.931875 -0.330589
26 0.932724 -0.342233
1439 1.008335 -0.145448
656 0.882150 -0.463750
1490 0.922961 -0.361222
15 0.850546 -0.539254
925 0.929385 -0.343979
732 0.811452 -0.639965
973 0.944718 -0.310403
127 0.835312 -0.587105
161 0.878426 -0.472871
1736 0.912035 -0.384912
1209 0.855930 -0.531727
395 0.914316 -0.381385
1978 1.002469 -0.154186
1486 0.898468 -0.424035
24 0.941575 -0.315807
959 0.812680 -0.643297
1621 0.964875 -0.253584
214 0.938391 -0.327260
919 0.974795 -0.229879
742 0.967998 -0.252532
1468 0.934457 -0.337077
1337 1.045828 -0.040383
738 0.948895 -0.286277
1741 0.868387 -0.494266
994 0.948289 -0.292196
400 0.873971 -0.499377
1390 0.915470 -0.378061
924 0.884614 -0.457281
653 0.886133 -0.462586
928 0.909022 -0.395501
887 0.953033 -0.284211
514 0.922949 -0.353201
416 0.949154 -0.284970
1953 0.961756 -0.259827
847 0.977982 -0.220100
1055 1.033731 -0.079802
1656 0.990547 -0.184174
452 0.921717 -0.357740
1386 0.960281 -0.272606
162 0.958536 -0.266256
1721 0.894203 -0.430055
1205 0.921822 -0.361612
1396 0.922263 -0.354496
284 0.916981 -0.368497
1570 0.889686 -0.442542
1874 0.951409 -0.281672
952 0.909601 -0.396650
1797 0.853234 -0.539573
1066 0.929908 -0.347548
517 0.959692 -0.260015
808 1.015635 -0.121494
658 0.987417 -0.202192
1549 0.902281 -0.412154
1155 1.026190 -0.096613
1828 0.948194 -0.297891
1925 0.842115 -0.558095
1933 0.966962 -0.245400
865 0.874433 -0.483141
1742 0.941012 -0.300621
387 0.911051 -0.387731
1391 0.975542 -0.228031
192 0.959727 -0.269931
201 0.974941 -0.222637
1927 0.947604 -0.294938
1581 0.948838 -0.289340
907 0.944704 -0.306536
1243 0.874842 -0.487080
280 0.854595 -0.531607
46 0.882879 -0.470400
428 0.940749 -0.305014
1270 0.884795 -0.453868
1245 0.855892 -0.540141
1804 0.826161 -0.614551
1523 0.892724 -0.432315
1251 0.900072 -0.413467
327 0.938805 -0.320600
1576 0.895563 -0.425898
378 0.949120 -0.294401
1718 0.924256 -0.359603
4 0.921745 -0.353266
1909 0.816852 -0.632005
182 0.939509 -0.315252
1097 0.899612 -0.414860
1651 0.816315 -0.636566
1296 0.902924 -0.414924
1630 0.957270 -0.265669
236 0.895979 -0.425420
1487 0.896193 -0.424735
780 0.956282 -0.265828
1044 0.944098 -0.301492
1267 0.997896 -0.167307
1717 0.887852 -0.444569
232 0.978560 -0.216040
622 0.983689 -0.208899
761 0.845742 -0.554744
1165 0.960625 -0.255322
104 0.965602 -0.259137
553 0.907745 -0.408593
1904 0.974864 -0.215109
1470 0.925923 -0.360946
970 0.878095 -0.467538
580 0.948266 -0.293704
1684 0.916849 -0.378358
1065 0.919452 -0.363167
135 0.844442 -0.554960
1791 0.861488 -0.516424
583 0.932074 -0.340429
357 1.017386 -0.111362
1749 0.938576 -0.323158
1744 0.996413 -0.174455
479 0.847116 -0.553963
273 0.954896 -0.269067
394 0.954599 -0.272091
1557 0.992161 -0.184404
1030 0.903745 -0.403140
1458 0.930472 -0.344718
905 0.880827 -0.469590
1081 0.863244 -0.511423
415 0.913670 -0.380301
51 0.917620 -0.369657
1713 0.828431 -0.595451
709 0.905957 -0.398204
588 0.890450 -0.446398
1768 0.911224 -0.377993
806 0.991589 -0.182054
486 0.930236 -0.333078
1088 0.917244 -0.369977
706 0.928944 -0.344997
785 0.914533 -0.378965
787 0.922219 -0.354093
771 1.027783 -0.092805
962 0.888005 -0.447691
307 0.877154 -0.484170
1068 0.930265 -0.335543
458 0.889289 -0.438928
1318 0.977271 -0.235772
1864 1.006132 -0.140712
1893 0.919847 -0.367215
1388 0.891616 -0.432632
1363 0.802201 -0.671765
275 0.960082 -0.269324
1897 0.898117 -0.415558
1175 0.975723 -0.228430
2 0.916023 -0.382138
601 0.862297 -0.518395
1690 0.848738 -0.549843
1687 0.851121 -0.538863
1336 0.947793 -0.302794
998 0.946098 -0.299408
1626 0.965099 -0.251978
1624 0.870418 -0.506350
145 0.815673 -0.632641
1500 0.932856 -0.335933
539 0.949836 -0.299083
1932 0.920124 -0.360660
960 0.877396 -0.480165
504 0.907689 -0.398836
287 0.984363 -0.210309
48 0.934333 -0.325763
1836 0.931002 -0.340352
1922 0.894026 -0.435238
1727 1.036850 -0.071661
1852 0.889750 -0.436903
1910 1.014124 -0.123598
1311 0.953381 -0.275558
422 0.918399 -0.373437
576 0.932874 -0.333505
1971 0.787032 -0.711204
1960 0.910904 -0.390252
813 0.999027 -0.166131
12 0.788025 -0.698128
1102 0.948713 -0.295304
1261 0.929021 -0.337066
1092 0.936953 -0.321607
1241 0.921950 -0.367391
1180 0.843172 -0.566016
1771 0.864000 -0.515190
831 0.866307 -0.509259
194 0.927290 -0.353639
1248 0.957077 -0.268707
1096 0.961951 -0.267845
1665 0.891495 -0.452045
530 0.944035 -0.298557
811 0.872110 -0.485386
632 0.963781 -0.252570
1279 0.825229 -0.608112
641 0.904131 -0.402224
1951 0.966933 -0.237273
1432 0.836097 -0.575752
826 0.890956 -0.444383
1643 0.963493 -0.255445
1420 0.960241 -0.255269
109 0.914503 -0.384092
1829 0.979868 -0.215058
1929 0.923249 -0.354074
597 0.981870 -0.214974
1405 0.860974 -0.515031
763 0.967600 -0.254861
736 0.917362 -0.357463
105 0.825844 -0.612084
1815 0.970271 -0.245187
1591 0.961352 -0.258824
1216 0.846916 -0.553434
744 1.016943 -0.117880
490 0.935421 -0.331873
975 0.905917 -0.397296
183 0.970135 -0.241567
672 1.000896 -0.164706
1647 0.910633 -0.395162
735 0.986725 -0.195412
1393 0.874940 -0.480405
1562 0.949404 -0.291515
249 0.890403 -0.439135
1917 0.866522 -0.503005
770 0.839494 -0.579332
1784 0.832721 -0.596950
338 0.811376 -0.643788
320 0.862139 -0.514234
556 0.897232 -0.414522
1765 0.790569 -0.690501
908 0.997779 -0.163154
1091 0.987967 -0.203042
1218 0.900098 -0.418533
213 0.898910 -0.418735
1939 0.858631 -0.533898
755 0.978104 -0.210540
878 0.841174 -0.567768
1148 0.881874 -0.482396
525 0.866487 -0.507410
1231 0.845738 -0.550743
930 0.921340 -0.358453
511 0.873665 -0.486963
629 0.866613 -0.502355
193 0.918211 -0.369365
1525 0.891855 -0.437977
1646 0.925153 -0.362444
352 0.916494 -0.379292
1221 0.945610 -0.289438
57 0.948992 -0.305075
1521 0.948083 -0.288453
384 0.926320 -0.349931
224 0.924861 -0.363398
1457 0.944544 -0.302830
1442 1.014684 -0.135005
1883 0.887508 -0.445572
113 0.956425 -0.279027
372 0.888544 -0.448480
169 0.886044 -0.445657
1940 0.955440 -0.277774
778 0.963574 -0.254359
1614 1.025357 -0.092323
678 0.960724 -0.258570
1328 0.876784 -0.477522
1365 0.918765 -0.372378
1617 0.845322 -0.559307
1589 0.988650 -0.188522
508 0.947236 -0.294775
1857 0.918920 -0.384325
1118 0.907757 -0.383719
1906 1.031994 -0.085151
1691 0.763881 -0.764752
1070 0.920226 -0.367553
1891 1.010778 -0.141089
100 0.985757 -0.202448
532 0.948707 -0.289576
228 0.977219 -0.211781
817 0.973131 -0.229891
917 0.920330 -0.368568
979 0.963681 -0.258338
873 0.920214 -0.374146
950 0.913152 -0.388187
643 0.856287 -0.526713
1606 0.866199 -0.513049
1150 0.838172 -0.581598
1839 0.882245 -0.452643
1136 0.920536 -0.366892
604 0.931131 -0.341470
1448 0.917160 -0.371417
1268 0.988147 -0.192925
1466 0.919589 -0.374114
964 0.927177 -0.350604
1322 0.888172 -0.453171
116 0.939681 -0.325355
1783 1.016897 -0.109748
163 0.962856 -0.264492
1709 0.983936 -0.208087
1128 0.858572 -0.527421
1215 0.819197 -0.626920
1854 0.914846 -0.373941
759 0.895540 -0.428014
1472 0.987560 -0.196587
660 0.965604 -0.240170
1064 0.951025 -0.284647
36 0.868568 -0.498939
704 0.903601 -0.402401
1752 0.906993 -0.409890
52 0.962608 -0.255287
1945 0.943073 -0.305826
820 0.868305 -0.496868
512 0.923530 -0.348489
834 0.957245 -0.267539
642 0.894976 -0.419674
1888 0.922786 -0.354634
1645 0.848586 -0.545767
355 0.903420 -0.405188
41 0.886960 -0.451862
1966 0.896776 -0.424297
1250 0.896627 -0.434773
1959 0.924786 -0.347882
1294 0.927540 -0.346621
389 0.988432 -0.190869
671 0.891344 -0.444354
1601 0.996461 -0.176373
1957 0.940783 -0.308703
680 0.902766 -0.406213
781 0.926029 -0.352948
789 0.867204 -0.493368
1024 0.948804 -0.287804
1206 0.891789 -0.445047
1477 0.891559 -0.428625
1312 0.984989 -0.198001
1354 0.929107 -0.346515
460 0.953825 -0.282716
279 0.942546 -0.314405
1758 0.950769 -0.281576
697 0.880139 -0.466263
522 0.844164 -0.561970
148 1.010669 -0.139240
844 0.977445 -0.226017
881 0.802056 -0.668483
677 0.941759 -0.318010
1668 0.962379 -0.257407
444 0.859632 -0.523771
582 0.930307 -0.341980
1740 0.921520 -0.358681
421 0.962781 -0.257940
1701 1.001210 -0.156478
1 0.849294 -0.553771
1275 0.961932 -0.267804
863 0.994736 -0.169539
899 0.996301 -0.163869
1400 0.994751 -0.181662
129 0.848393 -0.539514
1429 0.900397 -0.409475
1991 0.863807 -0.511187
1737 0.938357 -0.313781
121 0.878893 -0.473946
1512 0.862415 -0.502501
1291 0.865335 -0.518150
934 0.977608 -0.219208
209 0.839428 -0.581942
1413 0.944878 -0.300079
1634 0.970293 -0.246316
1569 1.058063 -0.025267
1560 1.065852 0.007208
1199 0.942811 -0.305666
1756 0.933205 -0.338967
1140 0.964103 -0.256528
50 0.889484 -0.446291
1827 0.992706 -0.169832
1020 0.916779 -0.377059
20 0.857817 -0.523568
974 0.927112 -0.341674
187 0.808790 -0.651155
1882 0.845693 -0.561755
1343 0.948123 -0.299333
478 0.850969 -0.540836
349 0.952496 -0.277936
1378 0.904092 -0.400457
528 0.925846 -0.346935
66 0.893336 -0.440257
639 0.855284 -0.530814
1450 0.875604 -0.474083
1595 0.934518 -0.331216
1110 0.959703 -0.256754
1989 1.002056 -0.156831
1171 0.905900 -0.407854
406 0.887787 -0.436720
1492 0.925583 -0.338149
434 0.953765 -0.281731
845 0.848491 -0.545416
1733 0.996914 -0.168249
859 0.914980 -0.372898
1876 0.819739 -0.618790
132 0.978971 -0.216126
737 0.910080 -0.397390
464 0.880558 -0.473290
1514 0.947854 -0.290172
569 0.934720 -0.326982
1990 0.906650 -0.407173
1156 0.952899 -0.275675
53 0.945985 -0.290502
233 0.820079 -0.616376
1534 0.988696 -0.187324
65 0.894841 -0.431933
1582 0.965487 -0.253830
877 0.929286 -0.336219
1798 1.009727 -0.140947
450 0.894169 -0.425375
945 0.959467 -0.267529
1796 0.900760 -0.418307
1287 0.933036 -0.340629
1544 0.936604 -0.325908
1545 0.815924 -0.626033
230 0.888787 -0.449788
1903 0.932649 -0.337713
1866 0.885453 -0.463995
872 0.874380 -0.494421
673 0.803202 -0.667905
949 0.881690 -0.467914
241 0.973950 -0.245908
251 0.797457 -0.671766
1159 0.887495 -0.452989
818 0.938084 -0.321517
1497 0.920532 -0.368033
1014 0.953020 -0.278274
500 0.903086 -0.413397
1859 0.915906 -0.375658
911 0.912672 -0.382189
1901 0.896498 -0.431067
21 0.913120 -0.391807
1254 1.000090 -0.158211
134 0.886476 -0.460022
703 0.918324 -0.377723
451 1.012290 -0.132745
1147 0.817742 -0.634573
426 0.890650 -0.443135
1130 0.942608 -0.309637
69 0.890254 -0.439880
1035 1.032123 -0.074512
1058 0.863353 -0.518722
313 0.944118 -0.298651
676 0.903956 -0.406324
1324 0.926172 -0.353378
1431 0.862757 -0.522649
1594 0.943083 -0.309071
340 0.842456 -0.562643
293 0.918134 -0.375307
760 0.900959 -0.420904
165 0.927757 -0.344765
805 0.922354 -0.354118
1305 0.921582 -0.367101
1918 0.934591 -0.322782
1094 1.028101 -0.086256
88 0.915676 -0.377742
86 0.865605 -0.513315
997 0.965620 -0.253306
1636 0.932327 -0.332591
1188 0.987961 -0.182164
291 0.817295 -0.616325
364 0.913750 -0.377999
1154 0.973822 -0.234406
1949 0.978577 -0.218818
626 0.876763 -0.472498
14 0.868751 -0.483340
1820 0.941116 -0.310593
1928 0.985819 -0.199918
1029 0.876712 -0.478635
1914 0.798254 -0.677797
1338 0.992681 -0.183534
1644 0.952300 -0.274099
1152 0.924154 -0.352645
429 0.924121 -0.355204
1944 0.943637 -0.308924
1211 0.898274 -0.417370
1676 0.947226 -0.310889
1538 0.885246 -0.453059
1503 0.976674 -0.221941
558 0.939504 -0.309744
689 1.023690 -0.104490
1346 0.911218 -0.390099
221 1.025920 -0.099500
1484 0.897212 -0.423388
1332 0.988161 -0.193699
175 0.860076 -0.523584
1146 0.930421 -0.345262
156 0.942174 -0.307774
741 0.901257 -0.408230
1049 0.882344 -0.461414
1689 0.901200 -0.406628
31 0.949133 -0.290105
1344 0.915697 -0.375538
1341 0.935610 -0.324294
570 0.968245 -0.230990
43 0.979069 -0.212996
1374 0.993293 -0.178654
360 0.965709 -0.249258
238 0.810694 -0.636462
1832 0.959181 -0.270445
1937 0.892279 -0.432269
883 0.860951 -0.514785
714 0.942509 -0.313161
1437 0.907804 -0.393861
267 0.946612 -0.291198
45 0.983415 -0.202909
343 0.945817 -0.301249
1246 1.055199 -0.024819
1763 0.936731 -0.323346
541 0.866233 -0.503003
155 0.945512 -0.303194
1485 1.058130 -0.016546
1712 0.852767 -0.542683
613 0.863777 -0.511102
1728 0.917859 -0.372579
302 0.958959 -0.264504
87 0.905480 -0.401323
1134 0.910266 -0.390170
288 0.893812 -0.429042
47 0.812569 -0.636492
40 0.958927 -0.271821
455 0.961777 -0.252580
245 0.968178 -0.239503
1502 0.863164 -0.501639
1767 0.917131 -0.375107
1956 0.926245 -0.362215
1714 0.985131 -0.199980
1009 0.901394 -0.414856
1724 1.006226 -0.152103
212 0.827633 -0.593403
1210 0.823194 -0.611548
856 0.989169 -0.186668
748 0.947017 -0.297643
775 0.931086 -0.331835
965 0.832115 -0.590947
9 0.927441 -0.346695
1359 1.025646 -0.108134
294 0.928904 -0.352751
1769 0.966796 -0.255809
383 0.914138 -0.377249
1776 0.942258 -0.321253
1779 0.829413 -0.608804
1227 0.915419 -0.376047
628 0.873260 -0.479558
1821 0.914669 -0.384024
1822 0.907033 -0.403633
61 0.943200 -0.315737
1585 0.873660 -0.488207
498 0.988731 -0.190996
1688 0.889185 -0.448487
317 0.918164 -0.371762
963 0.889075 -0.441006
34 0.932017 -0.336750
1114 0.905967 -0.403780
1541 0.938981 -0.314415
425 0.906961 -0.407952
225 0.991877 -0.183269
1941 0.934138 -0.334248
1230 0.950164 -0.283433
1138 0.936608 -0.322589
200 0.815720 -0.637220
68 0.985672 -0.198586
506 0.981846 -0.205250
1021 0.987810 -0.190115
1271 0.901335 -0.415534
1869 0.843756 -0.579478
1786 0.932377 -0.335997
1664 0.879776 -0.477054
424 0.950185 -0.286340
753 0.975769 -0.223830
1453 0.917892 -0.370181
1870 0.927074 -0.348239
777 0.955929 -0.267564
442 0.910341 -0.390960
874 1.006125 -0.143485
1072 0.945897 -0.312251
701 0.919460 -0.388414
1252 0.916160 -0.377917
986 0.956473 -0.273538
1281 0.961163 -0.265668
766 0.981137 -0.209068
1387 0.787891 -0.705172
619 0.883062 -0.452869
1376 0.906325 -0.410408
1351 0.942927 -0.295936
1355 0.956795 -0.278027
561 0.897074 -0.426743
1170 0.967161 -0.238923
1575 1.009954 -0.135162
1764 0.933570 -0.333192
535 0.963140 -0.263453
143 0.854359 -0.524677
1838 0.861695 -0.514386
922 0.912351 -0.390869
1584 0.980645 -0.212489
860 0.964108 -0.249637
1611 0.858077 -0.531752
1649 1.007034 -0.155130
263 0.862551 -0.515109
346 0.983819 -0.201120
255 0.944572 -0.302354
1980 0.965663 -0.253522
1158 0.964796 -0.261119
1556 0.960283 -0.266493
1228 0.914835 -0.382541
1109 0.958887 -0.272774
1734 0.910620 -0.378716
1308 0.866393 -0.505710
977 0.970538 -0.227419
1660 0.897848 -0.419824
1366 0.915422 -0.387911
403 0.876469 -0.476443
253 0.969758 -0.242965
1550 0.929493 -0.343503
537 0.886228 -0.455665
1125 0.849422 -0.550618
13 1.032259 -0.071215
1583 0.924935 -0.353649
1935 0.970604 -0.230393
749 0.905307 -0.397678
492 0.902780 -0.406984
319 0.961606 -0.259742
967 0.909418 -0.397007
646 0.940406 -0.309042
1249 0.974454 -0.231968
1411 0.903768 -0.400520
595 0.919809 -0.366906
296 0.959195 -0.273035
1579 1.026384 -0.100544
243 0.894725 -0.426182
151 0.949437 -0.287233
1013 0.917437 -0.366121
786 0.969226 -0.237770
953 0.927393 -0.347030
1790 0.910821 -0.396770
1663 1.016600 -0.127810
336 0.955573 -0.264740
332 0.846603 -0.559141
126 0.887078 -0.447216
1299 0.938562 -0.318291
1564 0.967712 -0.244499
1993 0.903610 -0.409825
244 0.924135 -0.347187
1507 0.904315 -0.412456
1781 0.933629 -0.334826
1973 0.966242 -0.252364
1770 0.915025 -0.372311
1392 0.891947 -0.436783
829 0.872967 -0.478042
1722 0.896526 -0.431632
752 0.911185 -0.389883
488 0.810441 -0.648612
180 0.911325 -0.384236
664 0.877861 -0.477307
961 0.878072 -0.471083
1895 0.924526 -0.358261
984 0.876969 -0.472034
726 0.915166 -0.373029
1163 0.893228 -0.433403
1284 0.954476 -0.277542
542 0.887222 -0.451270
1384 0.957266 -0.260761
900 0.961393 -0.252824
1704 0.842213 -0.568181
614 0.851975 -0.542374
929 0.956438 -0.279650
1108 0.942526 -0.317705
1116 0.949481 -0.298215
1052 0.910214 -0.391779
1696 0.941754 -0.305301
880 0.906022 -0.401304
1967 0.946776 -0.303218
1247 0.957366 -0.281493
1981 0.993839 -0.178210
1297 0.896736 -0.440927
271 1.015226 -0.133705
1286 1.028007 -0.080599
147 0.959782 -0.255755
482 0.833929 -0.588391
1842 0.925756 -0.354394
740 0.909698 -0.391676
875 0.939277 -0.299582
1670 0.960097 -0.255337
713 0.963162 -0.259377
944 0.895637 -0.440006
728 0.882074 -0.455658
254 0.893956 -0.442136
1972 0.929863 -0.338207
153 0.923997 -0.355420
686 0.914233 -0.389331
1924 0.871750 -0.494504
1532 0.881450 -0.465394
1452 0.903527 -0.417056
1590 0.951833 -0.289182
670 0.955453 -0.280910
306 0.929811 -0.331537
335 0.861933 -0.524229
1505 0.928991 -0.351070
120 0.934715 -0.333272
97 0.995924 -0.167723
1970 0.902246 -0.423143
547 0.961784 -0.261752
1382 0.874689 -0.484673
239 0.924667 -0.351175
1723 0.950208 -0.282256
219 0.911842 -0.386638
906 0.969921 -0.241285
746 0.904792 -0.411503
1667 1.005779 -0.159311
564 0.908867 -0.395814
1183 0.926414 -0.351196
688 0.944637 -0.299573
536 0.906904 -0.397061
1719 1.032745 -0.082692
463 0.855200 -0.541018
1083 0.972703 -0.229009
773 0.987868 -0.195755
1042 0.943340 -0.300586
1527 0.904123 -0.407186
96 0.972776 -0.240739
1177 0.979232 -0.220639
1600 0.965955 -0.250657
158 0.990602 -0.196385
1706 0.982219 -0.210076
788 0.931239 -0.339511
1025 0.913699 -0.380272
616 0.928173 -0.341587
188 0.930731 -0.342921
573 0.878772 -0.471022
1735 0.927958 -0.348989
1998 0.949934 -0.292640
555 0.845960 -0.558741
557 0.827528 -0.594669
1833 0.886657 -0.456844
846 0.909385 -0.396978
976 0.874076 -0.483883
312 0.923089 -0.354528
1335 0.768310 -0.761391
1075 0.856782 -0.527658
1625 0.928040 -0.337537
581 0.990308 -0.185882
1635 0.953144 -0.275664
456 0.887337 -0.448482
1983 0.995702 -0.171029
1201 0.963623 -0.258781
1995 0.865859 -0.498439
764 0.951117 -0.285955
1807 0.857614 -0.525223
1801 1.034191 -0.082717
812 0.885549 -0.458987
1996 1.036801 -0.064558
141 0.881471 -0.467496
617 0.846511 -0.553621
921 0.904094 -0.396227
509 0.939984 -0.310088
1599 0.868533 -0.497003
605 0.957136 -0.261235
1912 0.893210 -0.437545
1896 0.902703 -0.429597
345 0.943396 -0.310566
272 0.861058 -0.518465
1787 0.950638 -0.286153
399 0.933446 -0.336166
1483 0.995975 -0.177287
687 0.969905 -0.245651
869 0.908022 -0.398234
1671 0.911651 -0.383281
1415 0.904899 -0.403743
477 0.953402 -0.281206
1264 0.901752 -0.415580
1292 0.976362 -0.228909
1762 0.973788 -0.233132
1142 0.938102 -0.330103
152 0.968463 -0.248123
1370 0.888212 -0.444383
1034 0.936613 -0.319147
1447 0.878923 -0.481032
868 1.018275 -0.111365
507 0.883315 -0.464472
1352 0.899232 -0.409155
901 0.984456 -0.192818
527 0.776720 -0.739428
933 0.893005 -0.435845
1950 0.985275 -0.193080
1952 1.042882 -0.058743
1535 0.964295 -0.257203
1587 0.909670 -0.402988
195 0.913100 -0.388164
1905 0.927734 -0.340532
969 0.853893 -0.538847
1675 1.004361 -0.155552
1117 1.007352 -0.138927
1195 0.912232 -0.387045
1120 0.904124 -0.412453
237 0.957634 -0.278346
828 0.906313 -0.397066
1022 0.925835 -0.356951
606 0.920438 -0.363806
499 0.914351 -0.385782
186 0.882315 -0.456566
1043 0.809830 -0.654159
1417 1.023877 -0.100622
592 0.882824 -0.469067
948 0.914593 -0.380021
323 0.872447 -0.487487
321 0.918124 -0.366227
1793 0.876590 -0.474160
549 0.830317 -0.603327
149 0.862349 -0.510837
923 0.950343 -0.284372
62 0.960811 -0.266524
78 0.930635 -0.343056
5 0.897487 -0.427276
523 0.880896 -0.454816
146 0.880439 -0.472805
600 0.921237 -0.354477
481 0.936954 -0.326699
1847 0.975324 -0.227130
858 0.895623 -0.430676
1473 0.875801 -0.482192
1871 1.015891 -0.117440
1916 0.861852 -0.520831
767 1.013237 -0.131565
958 0.904231 -0.408581
136 0.860864 -0.518620
571 0.929148 -0.344604
1446 0.992619 -0.182401
371 0.984078 -0.193762
398 0.912541 -0.384952
1968 0.896314 -0.425622
1809 0.961108 -0.267052
1524 0.905274 -0.404329
1002 0.959773 -0.271202
754 0.945161 -0.302002
1106 0.927221 -0.347368
635 0.901815 -0.417446
1522 0.899503 -0.415398
1061 1.086553 0.056542
1401 0.889329 -0.445202
30 0.832780 -0.587560
1655 0.950390 -0.298415
731 0.949167 -0.300222
1639 0.951316 -0.287005
392 0.904805 -0.408042
1383 0.931939 -0.336604
1019 0.856996 -0.527680
1824 0.865129 -0.497712
60 0.912122 -0.394064
1455 0.945779 -0.302185
1467 1.003316 -0.153743
940 0.904631 -0.399079
261 0.831974 -0.593572
475 0.917263 -0.378615
1997 0.952461 -0.280422
699 0.908285 -0.397614
1122 0.909099 -0.394953
1032 0.914990 -0.368681
633 0.978025 -0.211219
1059 0.927163 -0.338971
1695 1.007754 -0.138555
1680 0.920551 -0.363591
1789 0.879498 -0.475268
1613 0.875535 -0.481158
596 0.992171 -0.182501
1112 0.977548 -0.210362
1164 1.037939 -0.074262
1385 0.964835 -0.251220
252 0.917590 -0.379501
1774 0.947848 -0.297262
1708 0.944318 -0.309701
1099 0.996279 -0.163041
649 0.889837 -0.436494
1342 0.925025 -0.353241
114 0.819025 -0.615397
720 0.958162 -0.270341
347 0.975044 -0.225407
1192 0.933926 -0.333570
1379 0.968587 -0.234351
1761 0.917502 -0.370879
1773 0.909520 -0.394154
1232 1.019711 -0.118013
932 0.877502 -0.464707
1482 0.964281 -0.254244
1574 1.041467 -0.051428
926 0.894540 -0.438481
668 0.829261 -0.599478
1333 0.986889 -0.189909
1069 0.977608 -0.217601
590 0.938648 -0.314938
54 0.839541 -0.572633
283 0.817175 -0.634125
1987 0.920829 -0.368679
1548 0.859628 -0.524257
411 0.950327 -0.288048
851 0.947018 -0.300222
1074 0.923323 -0.351853
1253 0.908986 -0.403934
1273 0.938520 -0.328418
356 0.890293 -0.439328
1638 0.958792 -0.262152
565 0.946980 -0.299084
408 0.946005 -0.298032
380 0.920832 -0.360921
1808 0.948590 -0.289163
1236 0.925943 -0.345756
1850 0.977177 -0.227312
918 0.951879 -0.293711
1441 0.955014 -0.273657
466 0.965413 -0.248829
489 1.032728 -0.083573
483 0.963833 -0.247561
494 0.886699 -0.448651
181 0.879033 -0.472045
8 0.862488 -0.513791
545 0.861462 -0.516494
80 0.895030 -0.427518
117 0.889474 -0.450936
110 0.994259 -0.180535
397 0.872662 -0.490488
546 0.824743 -0.610511
1551 0.872960 -0.488214
205 0.954702 -0.275462
1588 0.927434 -0.348663
840 0.943752 -0.323295
1023 0.866644 -0.503663
1878 0.879220 -0.468334
644 0.986393 -0.184529
890 0.948431 -0.300711
1885 0.884855 -0.458713
295 0.981568 -0.215518
102 0.950998 -0.295247
1810 0.852182 -0.544271
1811 0.901945 -0.415859
1495 0.931447 -0.341583
1127 0.853866 -0.536605
1107 0.872536 -0.493682
480 0.909457 -0.393078
1302 0.965630 -0.241895
1309 0.971530 -0.233483
1321 0.819731 -0.621703
81 0.922451 -0.357685
1111 0.848477 -0.551082
1290 0.871100 -0.488177
981 0.935087 -0.327657
278 0.930917 -0.337070
685 0.910936 -0.392321
174 0.922075 -0.352274
170 0.956950 -0.257923
1145 0.972041 -0.232028
1090 0.976565 -0.225605
423 0.927605 -0.351029
1239 0.872887 -0.486303
1954 0.822826 -0.621738
67 1.004852 -0.142182
912 0.827185 -0.604590
842 0.974305 -0.234539
1026 0.872155 -0.484332
615 0.985390 -0.200250
866 0.919633 -0.359097
1315 1.019155 -0.114572
1329 1.004879 -0.149731
331 0.909378 -0.387799
1293 0.848281 -0.549681
1711 0.970532 -0.235574
1361 0.902692 -0.404061
1999 0.872052 -0.495423
1785 0.937662 -0.316948
410 0.832848 -0.591675
433 0.929681 -0.336589
1371 0.963456 -0.255436
1731 0.836507 -0.584446
1499 1.015315 -0.118011
1310 0.892244 -0.443527
587 0.968970 -0.246211
1345 0.861502 -0.518515
469 0.873374 -0.470657
1160 0.918249 -0.380352
341 0.932956 -0.335515
92 0.970338 -0.239862
1224 0.945960 -0.298014
607 0.952839 -0.276863
1053 0.885166 -0.450638
772 0.906092 -0.400257
1265 0.933758 -0.327963
337 0.935934 -0.324262
1881 1.027850 -0.093916
572 0.920768 -0.370299
1515 0.934230 -0.337836
269 0.903647 -0.411400
1974 0.954782 -0.276807
413 0.945601 -0.306419
1805 0.972229 -0.233919
1496 0.968169 -0.250371
827 0.908587 -0.392861
1732 0.933688 -0.332651
1879 0.955704 -0.273468
77 0.828264 -0.589451
505 0.952388 -0.275198
991 0.963247 -0.263135
1427 0.883491 -0.451299
1186 0.952164 -0.274224
1185 0.901950 -0.416145
373 0.886956 -0.454790
936 0.965767 -0.254567
1031 0.872543 -0.489179
1851 0.921623 -0.370572
750 0.938853 -0.319109
1214 0.828837 -0.600404
857 0.968781 -0.239723
853 0.993578 -0.169711
1462 0.933694 -0.332313
316 0.864038 -0.511618
1536 0.948681 -0.300424
648 0.861322 -0.509134
1887 0.996982 -0.175403
1962 0.963357 -0.259914
1607 0.984429 -0.203857
1151 0.872969 -0.491278
533 0.970864 -0.235072
1498 0.902752 -0.406480
1926 0.900711 -0.404807
837 0.948406 -0.297576
216 0.860136 -0.522974
1693 0.967582 -0.251738
882 0.905952 -0.402612
1669 0.880049 -0.472227
990 0.917015 -0.387662
122 0.913660 -0.375388
1194 0.865285 -0.505717
1494 0.958059 -0.283196
1006 1.007917 -0.141222
1845 0.874022 -0.482438
956 0.969568 -0.232985
550 0.899814 -0.415735
1198 0.991825 -0.179638
1753 0.897067 -0.426279
548 0.895972 -0.425938
765 0.963046 -0.254776
140 0.998416 -0.171797
795 0.954543 -0.274656
782 0.925324 -0.355544
1853 0.805760 -0.661710
1855 0.860391 -0.529018
745 0.951324 -0.284011
978 0.968856 -0.232456
1686 0.868344 -0.501746
309 0.953577 -0.282510
334 0.904403 -0.413956
1428 0.943639 -0.311200
1519 0.860820 -0.522443
1517 0.995008 -0.179896
1295 0.970848 -0.244230
568 0.951563 -0.293077
594 0.913580 -0.395625
106 0.893499 -0.419236
1766 0.955582 -0.275172
414 0.896070 -0.425526
258 0.867197 -0.508854
939 0.821559 -0.628389
1304 0.910965 -0.394556
29 0.902712 -0.412140
730 0.966507 -0.247393
1632 0.930360 -0.342772
562 0.881963 -0.462247
103 0.909054 -0.393887
1178 0.848140 -0.556491
388 0.972676 -0.230381
531 0.864419 -0.500911
226 0.956000 -0.267183
1397 0.928790 -0.342654
792 1.011436 -0.135735
16 0.914671 -0.386285
1269 0.820382 -0.619651
1077 0.885135 -0.447493
1093 0.919357 -0.366674
326 1.011306 -0.133462
1716 0.991359 -0.187844
1653 0.976296 -0.216700
1289 0.984407 -0.216204
654 0.856281 -0.525645
1947 0.868277 -0.495143
1488 0.847769 -0.552451
1135 0.916198 -0.376326
913 0.821749 -0.622511
1357 1.000492 -0.162401
1843 0.895097 -0.424801
1919 0.971470 -0.229439
73 0.939852 -0.315544
942 0.965500 -0.242206
1640 0.910716 -0.388931
1283 0.971125 -0.232442
177 0.930427 -0.340683
173 0.922584 -0.367853
657 0.868193 -0.500304
259 0.911455 -0.389776
1358 0.940619 -0.306932
915 0.949514 -0.284628
1276 0.843701 -0.562572
496 0.909591 -0.407703
314 0.879938 -0.474741
892 0.824520 -0.614554
1326 0.906047 -0.401548
1440 0.897836 -0.423520
471 0.863393 -0.511103
365 0.905957 -0.407745
804 0.913097 -0.383400
1554 0.858708 -0.524579
1255 0.885491 -0.457757
198 0.876213 -0.492192
1274 0.875775 -0.474610
886 0.983892 -0.199767
1349 0.883928 -0.456318
1445 0.936305 -0.325384
1567 0.926392 -0.356187
1755 0.897801 -0.416942
1173 0.838646 -0.570477
762 0.904356 -0.417646
363 0.961023 -0.254895
1819 0.996069 -0.172381
524 0.930359 -0.349421
1725 0.983609 -0.208835
1597 0.965943 -0.245069
503 0.895516 -0.427947
637 0.974095 -0.234994
1698 0.917836 -0.374067
774 0.903564 -0.420264
1685 0.919683 -0.360955
1404 0.864263 -0.508290
137 0.932620 -0.340875
702 0.837388 -0.583462
1509 0.905839 -0.401204
1423 0.958729 -0.272348
281 0.920723 -0.361089
1381 0.972531 -0.220077
1362 0.964945 -0.249465
1803 0.845314 -0.564153
1011 0.926285 -0.346187
1958 0.864757 -0.509409
1915 0.938449 -0.318679
310 0.935595 -0.328678
1661 0.967937 -0.242280
443 0.871350 -0.487579
560 0.976277 -0.218603
90 0.842577 -0.566778
248 0.977671 -0.217358
694 0.906902 -0.397340
381 0.937183 -0.318287
167 0.874632 -0.484963
1772 0.872909 -0.490193
1806 0.876526 -0.483418
822 0.899499 -0.412236
79 0.953354 -0.273601
318 0.925341 -0.359194
1078 0.919810 -0.366376
1673 0.884564 -0.457669
650 0.904697 -0.403969
1167 0.895269 -0.432468
1754 0.891377 -0.443526
1812 0.917878 -0.377717
1121 0.899998 -0.412489
620 0.956066 -0.279997
1471 0.835089 -0.581762
1681 0.928960 -0.335736
1799 0.853097 -0.529459
1464 0.928631 -0.346854
993 0.943140 -0.312470
1510 0.936039 -0.326350
510 0.888590 -0.451110
1964 0.928473 -0.349370
1143 0.952455 -0.286754
698 0.926028 -0.354867
257 0.901344 -0.415553
1123 0.841917 -0.564727
1126 0.880401 -0.470437
1015 0.977736 -0.214288
631 0.866897 -0.502733
888 1.015393 -0.117170
1256 0.888522 -0.437123
696 0.948295 -0.282118
1084 0.925109 -0.350860
351 0.908776 -0.403579
640 0.967371 -0.249578
1369 0.864498 -0.501125
551 0.929596 -0.335400
1619 0.910541 -0.397635
1778 0.962854 -0.257562
1994 0.879029 -0.467574
1124 0.897824 -0.417807
1001 1.056561 -0.016671
625 0.922317 -0.360248
1586 0.900255 -0.424171
1938 0.790525 -0.705279
662 0.859781 -0.522674
598 0.932712 -0.335707
943 0.922105 -0.372190
354 0.822844 -0.620384
879 0.920837 -0.368095
1976 0.846727 -0.548540
518 0.952356 -0.288605
1738 0.841151 -0.566983
1900 0.921745 -0.361521
1476 0.962330 -0.264226
1469 1.029180 -0.082987
1788 0.958662 -0.260437
1531 0.963252 -0.265379
1890 0.868127 -0.495627
1334 0.853245 -0.538285
38 0.939141 -0.312631
584 0.973227 -0.238943
1615 0.945542 -0.292524
1831 0.897416 -0.433410
3 0.915942 -0.382539
1103 1.031299 -0.077727
743 0.852471 -0.543682
1082 0.934156 -0.344232
1546 0.966404 -0.255505
1368 0.901869 -0.409924
299 1.028992 -0.092224
659 0.860403 -0.509580
1948 0.990613 -0.183941
814 0.913364 -0.371772
784 0.953811 -0.275206
218 0.818974 -0.627386
1054 0.918364 -0.358482
1699 0.894227 -0.440358
618 0.902953 -0.420957
22 0.866750 -0.500963
1911 0.817029 -0.634955
1047 0.887175 -0.445837
669 0.889392 -0.453113
1863 0.886542 -0.442189
983 1.017082 -0.115542
1568 0.953471 -0.285313
1179 0.997875 -0.169884
220 0.830801 -0.582168
810 0.905068 -0.408760
830 0.901621 -0.405961
1219 0.861146 -0.512566
1908 0.874803 -0.480150
1612 0.888446 -0.439978
1079 0.928816 -0.338979
1327 0.854756 -0.537456
690 0.915922 -0.379818
1648 0.927527 -0.350669
1747 0.912682 -0.388916
1166 0.881565 -0.459284
797 0.944134 -0.303959
370 0.916874 -0.384911
544 0.976150 -0.222025
315 0.849514 -0.544406
895 0.861722 -0.502877
265 0.988173 -0.189133
1892 0.904733 -0.406956
1353 0.910421 -0.388223
708 0.914439 -0.380296
325 0.945947 -0.309439
1280 0.913121 -0.390421
454 0.949150 -0.289930
1098 0.920603 -0.369186
1700 0.863164 -0.499936
1133 0.942855 -0.306729
405 0.874049 -0.492559
756 0.890448 -0.443633
308 0.899415 -0.411934
716 0.892623 -0.432464
1642 0.933246 -0.330803
734 0.912947 -0.385024
262 0.948510 -0.288065
274 0.947825 -0.294149
107 1.039868 -0.064287
56 0.923058 -0.363992
150 0.901578 -0.415470
234 0.988164 -0.186451
1923 0.891732 -0.432774
1454 0.866779 -0.502068
28 0.867902 -0.497988
1419 0.859490 -0.526663
567 0.843777 -0.558744
412 0.946295 -0.291129
1834 0.937282 -0.327287
211 0.922661 -0.359756
971 0.947119 -0.295535
1242 0.831577 -0.584677
1513 0.950893 -0.278106
985 0.879251 -0.471539
1004 0.898879 -0.424617
1220 0.829469 -0.594447
247 0.927929 -0.346616
1608 0.926595 -0.354002
420 0.878962 -0.468323
848 0.972521 -0.233543
902 0.842779 -0.563132
1317 1.001848 -0.155905
893 0.796418 -0.685183
1416 0.944587 -0.315414
305 0.823396 -0.616669
577 0.844855 -0.550247
1421 0.941853 -0.314850
552 0.785375 -0.717779
1225 0.914022 -0.388853
1347 1.015556 -0.123880
1963 0.977756 -0.218851
526 0.943761 -0.297929
231 0.956533 -0.266706
610 0.976135 -0.227382
1920 0.888674 -0.450638
491 0.844627 -0.549692
189 0.986961 -0.187622
968 0.864991 -0.500316
871 0.911848 -0.385936
1678 0.924465 -0.352312
1434 0.878993 -0.465942
1380 0.836402 -0.575028
393 0.919953 -0.362839
367 0.827339 -0.607453
229 0.923763 -0.353442
751 0.849132 -0.543306
1449 0.928588 -0.339876
1356 0.864940 -0.498726
593 0.948374 -0.300690
996 0.989025 -0.191183
348 0.899378 -0.417625
1961 0.920223 -0.368673
1233 0.949528 -0.286119
798 0.894228 -0.430520
638 0.876199 -0.468868
758 0.968653 -0.243074
191 0.962269 -0.262126
1491 0.906020 -0.405481
1875 0.959172 -0.274482
675 0.905939 -0.402967
1412 0.950432 -0.295451
665 0.988521 -0.183697
722 0.952489 -0.275348
1212 0.841193 -0.580064
391 1.002206 -0.160508
431 0.953895 -0.278663
938 0.927521 -0.346550
203 0.914442 -0.387978
1823 0.905345 -0.399976
1921 1.006371 -0.146147
166 0.896438 -0.431998
909 0.919378 -0.366242
1775 1.001266 -0.167740
1129 0.905582 -0.408947
799 0.988890 -0.190498
710 0.870017 -0.502929
896 0.968691 -0.236772
768 0.907646 -0.408564
1610 0.859419 -0.521236
1260 0.880559 -0.463324
1743 0.957166 -0.276268
574 0.879742 -0.462697
1792 0.883588 -0.469261
989 0.958470 -0.267221
1746 0.929370 -0.341102
472 0.998298 -0.156999
297 0.861920 -0.510538
292 0.930103 -0.336092
1757 0.940268 -0.312919
1377 0.979057 -0.212053
208 0.984728 -0.198874
1217 0.860877 -0.527640
1844 0.986088 -0.199458
1902 0.922053 -0.363175
6 0.931687 -0.334596
1050 0.933894 -0.330348
1463 1.035969 -0.073424
1443 0.836779 -0.573694
1060 0.935687 -0.321007
707 0.950596 -0.295916
83 0.847672 -0.548808
1750 0.924484 -0.348009
800 0.893745 -0.435149
1395 0.842716 -0.570090
1627 0.875242 -0.484465
436 0.936614 -0.329745
1005 0.941061 -0.313296
1720 0.981158 -0.206600
493 0.983587 -0.209137
304 0.904484 -0.409481
1089 0.974175 -0.232836
130 0.880222 -0.469650
1652 0.791817 -0.686032
682 0.906902 -0.407986
376 0.983293 -0.199402
1602 0.938997 -0.314051
809 1.001160 -0.161061
1622 0.970594 -0.243955
1131 1.048966 -0.038363
1375 0.917980 -0.366243
695 0.972231 -0.233352
1683 0.911952 -0.386630
1071 0.885897 -0.464133
691 0.879011 -0.460139
37 0.910340 -0.381999
339 0.877699 -0.466879
139 0.890179 -0.440762
1213 1.016133 -0.120596
1157 0.932384 -0.335342
18 0.967780 -0.240146
1577 0.911613 -0.384437
1986 0.993738 -0.181396
215 0.953930 -0.278831
487 0.991604 -0.184394
1697 0.933609 -0.327050
861 0.941424 -0.319970
1418 0.875151 -0.473273
1543 0.978261 -0.221569
946 0.912600 -0.386560
1435 0.936839 -0.333466
128 0.947296 -0.296520
739 0.916263 -0.374496
473 0.936246 -0.317690
94 0.867413 -0.509095
168 1.021768 -0.106543
1237 0.965007 -0.243327
931 0.977744 -0.221599
17 0.845233 -0.561459
1858 0.915528 -0.377088
957 0.963342 -0.264770
89 0.898058 -0.429433
1161 0.927036 -0.346371
476 0.999969 -0.168532
1572 0.917991 -0.361055
832 0.901340 -0.409856
1101 0.845660 -0.556666
1795 0.977911 -0.212343
876 0.950609 -0.296668
457 0.896741 -0.427743
516 0.885222 -0.448997
1340 0.893588 -0.440400
270 0.885250 -0.459311
554 0.944771 -0.300523
1398 1.003351 -0.162936
515 0.910570 -0.385694
7 0.992895 -0.187052
885 0.937926 -0.318568
1010 0.894733 -0.439729
1529 0.918906 -0.361031
1539 0.905995 -0.404405
1817 0.973965 -0.218467
159 1.056676 -0.021579
1235 0.958154 -0.275557
74 0.870738 -0.492318
1528 0.994378 -0.167727
1409 0.920524 -0.364477
123 0.998536 -0.170943
125 0.878519 -0.472061
268 1.050297 -0.036882
1628 0.870676 -0.497881
538 0.906434 -0.397165
1946 1.034543 -0.068377
612 0.949571 -0.289602
1444 0.947929 -0.303025
23 1.021016 -0.109047
867 0.944338 -0.297707
286 0.876903 -0.479630
1073 0.913598 -0.375700
461 0.924592 -0.344245
980 0.901673 -0.411067
1189 0.961529 -0.251759
377 0.887202 -0.437315
655 0.838557 -0.571721
1609 0.881517 -0.456562
1394 0.967577 -0.236462
223 0.951746 -0.284891
0 0.911945 -0.393267
1703 0.834501 -0.588221
1835 0.901638 -0.420106
1139 0.911457 -0.377893
627 0.903104 -0.409171
1840 0.901864 -0.422357
1872 0.920008 -0.363243
779 0.875255 -0.488460
667 0.933951 -0.344072
1461 0.955507 -0.281283
1884 1.030490 -0.092319
1659 0.971872 -0.238717
1759 0.922800 -0.360722
1149 0.915853 -0.377717
1955 0.839348 -0.582837
1877 0.910050 -0.397523
894 0.953481 -0.277389
1402 0.963182 -0.255522
1425 0.882492 -0.460015
819 0.822272 -0.605349
652 0.923925 -0.359447
1234 0.940342 -0.317688
63 1.017654 -0.122494
1934 0.945736 -0.303806
196 0.856964 -0.533643
1682 0.812541 -0.641241
700 1.022964 -0.105124
84 0.910471 -0.394894
1422 0.848495 -0.553561
1350 0.907116 -0.399268
285 0.923102 -0.365768
987 0.876514 -0.481629
725 1.027294 -0.100074
729 1.026503 -0.082596
1168 0.951120 -0.296646
298 1.010284 -0.136832
651 1.002861 -0.152919
815 0.898648 -0.430385
1705 1.004903 -0.153417
683 0.914384 -0.378006
609 0.884186 -0.458984
495 0.957176 -0.268331
470 0.872125 -0.487717
1886 0.925410 -0.342882
1501 0.876874 -0.472785
1184 0.913986 -0.385510
1182 0.984750 -0.205889
246 0.931337 -0.343266
801 0.940628 -0.319531
1306 0.917356 -0.367061
25 0.907500 -0.401088
870 0.949474 -0.288621
131 0.910362 -0.388549
585 0.889615 -0.449046
328 0.966021 -0.250576
982 0.931016 -0.339587
1330 0.954377 -0.283016
1360 0.834200 -0.578858
250 0.895906 -0.430288
608 0.931762 -0.336740
835 0.950438 -0.281874
1598 0.926004 -0.355306
1479 0.928481 -0.346146
1300 0.883952 -0.447657
1086 0.907723 -0.393601
70 0.901668 -0.407942
1314 0.890118 -0.445131
133 0.855122 -0.528222
1985 0.810807 -0.642429
1508 0.975991 -0.232452
1618 0.966353 -0.243051
427 0.928780 -0.343589
206 0.945441 -0.304973
1930 0.829106 -0.592636
843 0.828006 -0.605489
1272 0.881833 -0.453975
1041 0.891604 -0.433508
446 0.953332 -0.284176
719 0.927870 -0.354291
1794 0.918252 -0.370892
1063 0.908779 -0.395800
462 0.999038 -0.156869
1223 0.925951 -0.352734
1373 0.883465 -0.465515
1977 0.910847 -0.389653
1979 0.879672 -0.465563
437 0.830812 -0.588327
207 0.902660 -0.412452
839 0.925146 -0.356281
1730 0.897955 -0.421817
1537 1.033797 -0.078697
1240 1.017347 -0.125428
333 0.938329 -0.320628
289 0.895159 -0.417662
119 0.914381 -0.368739
344 0.873720 -0.490325
559 0.887489 -0.447199
623 0.959614 -0.268205
1969 0.915449 -0.387308
1459 0.959890 -0.265661
1898 0.933416 -0.335468
955 0.965587 -0.263080
1889 0.890860 -0.436734
1657 1.007619 -0.142851
99 0.919283 -0.363056
1226 0.840972 -0.562347
419 0.908221 -0.397908
951 0.929115 -0.344638
721 0.920055 -0.375884
342 1.011837 -0.125519
1282 0.877234 -0.473024
1372 0.931952 -0.328759
1119 0.996940 -0.162797
898 0.863861 -0.508381
1263 0.887035 -0.455439
1169 0.921497 -0.368799
790 0.865747 -0.505583
290 1.050423 -0.037292
1604 0.885146 -0.454909
160 0.927109 -0.340646
142 0.851505 -0.541325
467 0.920399 -0.368745
1307 0.887373 -0.458064
75 1.040565 -0.067120
666 0.987188 -0.189230
733 0.811202 -0.654457
404 0.930251 -0.342628
1841 0.819123 -0.620876
1301 0.967299 -0.238509
1087 0.935069 -0.332507
992 0.956409 -0.275748
465 0.894635 -0.436435
724 0.910527 -0.389822
1222 0.985674 -0.209002
176 0.879406 -0.465174
164 0.938903 -0.320340
1153 0.946144 -0.303055
1559 0.940358 -0.315944
823 0.958840 -0.271570
459 0.919844 -0.370412
1113 0.903405 -0.411366
1196 0.973342 -0.238999
172 0.984233 -0.196454
1975 0.959927 -0.265911
438 0.923907 -0.357410
1132 1.015522 -0.121848
850 0.934835 -0.325633
599 0.945219 -0.300482
1658 0.887508 -0.453913
329 0.927647 -0.344641
1285 0.802408 -0.677555
154 0.933553 -0.337572
1016 0.934241 -0.334127
202 0.983721 -0.214932
1039 0.986777 -0.200640
311 0.912410 -0.384360
586 0.920209 -0.372881
1364 0.872021 -0.485456
58 0.925141 -0.376024
1710 0.906830 -0.395336
1229 0.897819 -0.422650
1739 0.933572 -0.345260
1051 0.918236 -0.380681
1662 1.033372 -0.074211
33 0.915358 -0.385157
1433 0.936946 -0.329631
1481 0.972073 -0.237989
1867 0.957244 -0.275209
1672 0.898674 -0.417943
1894 0.898287 -0.424282
1666 1.017631 -0.112724
1407 1.051235 -0.031250
138 0.931808 -0.327360
1430 0.943942 -0.302871
727 0.937460 -0.322546
1751 1.003005 -0.160764
179 0.914055 -0.378666
178 0.946142 -0.284167
222 0.921833 -0.371501
502 0.821952 -0.619160
1207 0.952009 -0.287727
485 0.913549 -0.387986
497 0.907608 -0.389454
1316 0.892954 -0.441370
242 0.916483 -0.380670
1631 0.867724 -0.504723
1190 0.889995 -0.444418
366 1.032886 -0.087560
386 0.940777 -0.318846
1012 0.867550 -0.510162
914 0.880727 -0.461294
1348 0.850053 -0.544583
1641 0.958165 -0.277471
266 0.956729 -0.268977
1637 0.950623 -0.292561
171 0.868154 -0.503417
1813 0.928645 -0.343637
1555 0.914110 -0.371679
910 0.893746 -0.433642
1410 0.900365 -0.422789
32 0.896143 -0.428294
124 0.866507 -0.502750
1424 0.899502 -0.429138
157 0.925501 -0.340477
1580 0.910012 -0.392136
1038 0.929282 -0.339637
1907 0.965315 -0.248247
1620 0.930700 -0.333357
1389 0.931853 -0.331809
95 0.873171 -0.495277
1814 1.001117 -0.157798
439 0.844748 -0.562336
836 0.981970 -0.209131
852 0.917583 -0.366976
1873 0.861956 -0.516063
1465 0.974198 -0.225849
1323 0.951204 -0.282406
1715 0.919552 -0.366027
276 0.941187 -0.313081
807 0.871373 -0.486642
1942 0.911704 -0.400720
1204 0.980624 -0.219386
190 0.901718 -0.413629
1080 0.903178 -0.414784
115 0.920672 -0.370058
692 0.911090 -0.387565
1865 0.951699 -0.291425
954 0.860256 -0.521504
718 0.907396 -0.399238
449 0.911988 -0.394419
534 0.912888 -0.378381
1017 0.936991 -0.311339
432 1.040627 -0.070944
920 0.946159 -0.302277
841 0.989189 -0.186662
1027 0.891414 -0.429298
1100 0.970829 -0.242744
1057 0.969641 -0.246043
1095 0.914346 -0.378999
999 0.913484 -0.390190
1197 0.885738 -0.466484
540 0.962795 -0.259101
803 0.959426 -0.275602
235 0.929327 -0.341939
501 0.904372 -0.409510
82 0.899717 -0.425468
563 0.926446 -0.347042
1298 0.926369 -0.355168
390 0.950997 -0.282129
1504 0.926212 -0.357282
1202 0.961186 -0.271164
1474 0.878195 -0.477507
1325 0.982368 -0.203306
369 0.930728 -0.333645
645 0.977549 -0.208030
1076 0.942630 -0.308004
85 0.882806 -0.476113
468 0.853372 -0.543029
1144 0.961127 -0.249339
1036 0.887760 -0.452927
935 0.967622 -0.254701
1008 0.993685 -0.172931
1592 0.885168 -0.454989
1782 0.971021 -0.238844
1339 0.925351 -0.345779
447 0.878447 -0.476194
1516 1.016445 -0.118170
566 0.872126 -0.497479
375 0.903801 -0.403847
199 0.854034 -0.540782
1403 0.836903 -0.591535
543 0.879677 -0.483542
947 0.841582 -0.574013
578 0.909313 -0.396526
1238 0.947485 -0.300107
1593 0.879812 -0.468419
794 0.826505 -0.612953
1456 0.937587 -0.328806
602 0.870549 -0.496560
1984 0.875130 -0.481922
111 1.000837 -0.154778
1563 0.994535 -0.188778
1176 0.964391 -0.254502
10 0.988174 -0.201943
1931 0.901148 -0.416859
747 0.966007 -0.248692
184 0.933190 -0.324327
1511 0.884716 -0.466338
362 0.938067 -0.329600
621 0.945391 -0.305372
1826 0.919113 -0.374943
197 0.915226 -0.380674
889 0.931731 -0.335893
1319 0.941492 -0.322821
897 0.902092 -0.414859
1208 0.936084 -0.329833
1191 0.872524 -0.479486
256 0.913015 -0.378706
227 0.920236 -0.364558
927 0.970935 -0.231835
1674 0.984777 -0.201340
1414 0.935464 -0.322653
712 0.823577 -0.612662
824 0.904261 -0.398117
1478 0.859364 -0.523984
11 0.826148 -0.599460
401 0.913807 -0.377751
862 0.892953 -0.435138
884 0.967595 -0.248662
1526 0.921940 -0.362636
39 0.929449 -0.339428
1426 0.876192 -0.483725
353 0.997904 -0.173734
988 0.979857 -0.221841
1553 0.930149 -0.340771
1104 0.880502 -0.459753
529 0.818812 -0.624922
417 0.838057 -0.573785
1818 1.001270 -0.163428
630 0.969443 -0.238506
1729 0.943214 -0.309318
1331 0.827002 -0.604607
1965 0.955328 -0.276828
674 0.920777 -0.354425
1406 0.923103 -0.352359
358 0.913302 -0.387080
1200 0.776579 -0.733141
1174 0.889819 -0.440309
385 0.992910 -0.184795
825 0.864468 -0.514560
1048 0.871563 -0.491186
1436 0.887298 -0.448627
575 0.932782 -0.328893
1565 0.862209 -0.509058
793 0.959539 -0.273127
1172 0.994982 -0.171900
1018 0.935853 -0.325757
1936 0.895629 -0.427280
1262 0.981115 -0.212988
705 0.940217 -0.308898
519 1.019786 -0.110961
185 0.904537 -0.407586
693 0.953681 -0.286267
330 0.972380 -0.232734
42 1.005883 -0.145158
379 0.945191 -0.299716
1603 0.940958 -0.323483
1037 0.899854 -0.416734
1040 0.900193 -0.419267
440 0.967337 -0.247167
98 0.918990 -0.374495
49 0.867143 -0.500042
407 0.834816 -0.580694
144 0.987419 -0.189397
1489 0.835662 -0.586454
1045 0.861961 -0.509579
966 0.927917 -0.343901
1181 0.915609 -0.374650
55 0.904455 -0.398809
1702 0.912322 -0.391609
1277 0.984519 -0.209377
1313 1.047327 -0.051322
350 0.913716 -0.385639
1288 0.818146 -0.621915
382 0.903724 -0.411380
1707 0.984859 -0.187817
1848 0.987291 -0.196666
324 0.801281 -0.674402
282 0.898769 -0.426448
1561 0.907778 -0.399620
1367 0.977881 -0.220338
1141 0.984079 -0.207830
802 0.923724 -0.351167
833 0.988352 -0.186049
972 0.891251 -0.451059
374 0.920829 -0.363654
603 0.900090 -0.417278
1320 0.899542 -0.412240
1258 0.982699 -0.200233
1825 0.950614 -0.292835
1846 0.931576 -0.329914
1679 1.004365 -0.152505
1982 0.928308 -0.339498
101 0.947695 -0.290934
1266 0.904431 -0.408546
1162 0.903756 -0.400733
435 0.873519 -0.482797
855 1.039700 -0.051257
520 0.945665 -0.309081
711 0.986519 -0.199612
1518 0.828552 -0.594779
1862 0.951008 -0.285212
854 0.898543 -0.434268
1694 0.987796 -0.196313
1629 0.925570 -0.355028
1913 0.881298 -0.470122
1062 0.980648 -0.217050
663 0.936755 -0.324974
796 0.968768 -0.238882
1571 0.857583 -0.536935
849 1.063502 -0.005396
368 0.947114 -0.291321
821 0.864098 -0.517049
1303 0.964917 -0.252666
1067 0.843281 -0.566116
776 0.988726 -0.197431
715 0.975928 -0.220611
591 0.875766 -0.475206
204 0.920610 -0.371020
838 0.808757 -0.653076
904 0.955130 -0.276647
1745 0.972984 -0.234208
453 0.875345 -0.477379
1860 0.985873 -0.194483
1650 0.885829 -0.456031
723 0.844826 -0.555929
396 1.000894 -0.162549
1837 0.951183 -0.289705
1203 0.839207 -0.583741
1115 0.937973 -0.312177
579 0.950154 -0.287375
1849 0.913843 -0.382683
611 0.905622 -0.414126
1003 0.980106 -0.218283
108 0.963542 -0.259709
1408 0.960006 -0.265160
430 0.951509 -0.294501
1533 0.943501 -0.306461
118 0.927283 -0.346514
409 0.936862 -0.318907
322 0.913840 -0.376849
1558 0.941764 -0.300125
1137 0.913740 -0.374412
264 0.977565 -0.214161
35 0.992126 -0.182028
624 0.867597 -0.506825
1726 0.782457 -0.715444
217 0.930150 -0.343350
59 0.892826 -0.437731
27 0.885061 -0.465781
1046 0.880032 -0.481588
1777 0.942253 -0.311564
1493 0.990467 -0.191240
301 0.948051 -0.300647
1578 0.914128 -0.390940
240 0.966281 -0.244233
441 0.958806 -0.271586
1540 0.964504 -0.252585
1542 0.901491 -0.413430
1861 0.904112 -0.412384
589 0.978386 -0.214845
1800 0.929481 -0.337966
1547 0.913397 -0.374063
1530 0.971018 -0.237415
1566 0.964599 -0.259636
1399 1.006059 -0.147860
1899 0.926225 -0.350414
1007 0.814244 -0.636345
647 0.906517 -0.401350
891 0.824391 -0.612286
1105 0.842308 -0.560473
681 0.957130 -0.279860
303 0.994679 -0.178257
359 0.977177 -0.223928
474 0.990052 -0.184567
76 0.908051 -0.392368
1056 0.988324 -0.196425
1000 1.009038 -0.144500
1028 0.977053 -0.222218
791 0.772105 -0.759094
