500 2
275 0.993884 -0.439318
286 1.237944 -0.285915
399 1.177139 -0.321786
450 1.130296 -0.360680
484 1.223208 -0.286677
376 1.185497 -0.320071
202 1.231370 -0.285577
344 1.224502 -0.305615
439 1.125497 -0.353891
449 1.073266 -0.391894
483 1.160494 -0.328340
335 1.135699 -0.341865
226 1.147271 -0.342388
256 1.125917 -0.360941
364 1.192695 -0.313662
380 1.126918 -0.346082
356 1.191690 -0.318568
361 1.198811 -0.310387
336 1.199226 -0.308079
398 1.146918 -0.343750
346 1.108369 -0.368884
230 1.186960 -0.309086
429 1.361915 -0.197738
292 1.181252 -0.321047
231 1.097377 -0.384427
215 1.113166 -0.362058
353 1.265059 -0.268348
300 1.124298 -0.351727
461 1.252205 -0.276296
251 1.243561 -0.277317
359 1.116674 -0.360757
268 1.090709 -0.377466
227 1.072647 -0.388165
423 1.123620 -0.354894
472 1.147682 -0.336997
239 1.097409 -0.379017
492 1.198660 -0.303930
401 1.030950 -0.413315
208 1.138925 -0.339777
486 1.197403 -0.308384
463 1.097332 -0.372671
242 1.125733 -0.330855
393 1.125458 -0.360376
200 1.094878 -0.365465
465 1.046008 -0.405173
440 1.091972 -0.375032
245 1.228451 -0.285320
386 1.160717 -0.328379
347 1.168302 -0.329550
240 1.085694 -0.376587
206 1.166883 -0.342566
299 1.183854 -0.309501
266 1.108307 -0.359993
303 1.102263 -0.367106
446 1.088171 -0.387163
307 1.046745 -0.405053
407 1.190709 -0.311078
405 1.203171 -0.306804
392 1.038457 -0.418188
306 1.152290 -0.339038
210 1.143214 -0.337878
447 1.129576 -0.348045
437 1.123358 -0.358579
460 1.107009 -0.363994
288 1.132331 -0.357309
311 1.251462 -0.269682
278 1.210733 -0.293999
412 1.082936 -0.390124
271 1.141031 -0.345884
365 1.174780 -0.322340
222 1.118636 -0.354459
309 1.163778 -0.326619
313 1.213112 -0.297200
244 1.097111 -0.370480
243 1.204689 -0.308220
466 1.095474 -0.361158
473 1.136501 -0.349716
475 1.149389 -0.339907
298 1.169672 -0.331868
246 1.153897 -0.340014
459 0.975094 -0.463811
411 1.144066 -0.340761
223 1.087224 -0.384832
241 1.098033 -0.359008
318 1.081946 -0.383705
415 1.126195 -0.360373
409 1.189369 -0.311528
378 1.120906 -0.349217
320 1.187394 -0.311839
430 1.076133 -0.396369
453 1.092273 -0.371005
289 1.230723 -0.278950
295 1.124441 -0.356939
328 1.187521 -0.310655
397 1.097767 -0.387873
464 1.157927 -0.334105
417 1.194172 -0.308491
428 1.246376 -0.282269
260 1.058088 -0.395147
270 1.046888 -0.407233
274 1.086530 -0.381628
391 1.143638 -0.329956
388 1.104157 -0.366613
317 1.144240 -0.343698
212 1.056434 -0.402364
281 1.063383 -0.403795
337 1.004655 -0.434503
232 1.199552 -0.313552
370 1.052670 -0.393218
221 1.140094 -0.350492
207 1.089004 -0.370590
485 1.132285 -0.353875
467 1.071982 -0.387267
330 1.151743 -0.328183
234 1.085950 -0.376656
358 1.030472 -0.416507
490 1.148113 -0.339232
481 1.221650 -0.287039
476 1.082137 -0.380026
291 1.202334 -0.306775
334 1.216442 -0.304559
235 1.042650 -0.411533
296 1.093799 -0.371328
319 1.276972 -0.264516
316 1.083717 -0.376944
368 1.066832 -0.390713
350 1.081465 -0.379364
252 1.153373 -0.341931
427 1.093271 -0.371478
442 1.061169 -0.410203
238 1.153476 -0.334154
435 1.083897 -0.372562
322 1.121870 -0.360211
413 1.087997 -0.370454
433 1.205603 -0.301213
301 1.163978 -0.326658
478 1.094115 -0.381574
436 1.168012 -0.328613
250 1.078034 -0.384675
228 1.014734 -0.421961
249 1.176036 -0.325692
454 1.166094 -0.327756
496 1.171417 -0.321369
458 1.171668 -0.313178
497 1.232770 -0.289912
263 1.226547 -0.291960
432 1.031746 -0.410157
258 1.064959 -0.395482
349 1.167554 -0.323447
371 1.038103 -0.404303
355 1.215540 -0.294682
220 1.219718 -0.285592
419 1.136643 -0.339819
425 1.143096 -0.344770
381 1.135722 -0.346383
383 1.083643 -0.392012
280 1.099674 -0.375441
443 1.117293 -0.357875
394 1.090913 -0.372196
310 1.133836 -0.334548
489 1.122120 -0.358665
431 1.089360 -0.372343
312 1.035490 -0.411324
257 1.054839 -0.401285
262 1.197668 -0.307183
265 1.187580 -0.303934
340 1.148679 -0.351774
456 1.097211 -0.366474
254 1.138443 -0.338873
341 1.047919 -0.403512
493 1.222360 -0.284358
387 1.209499 -0.305170
201 1.028470 -0.421169
414 1.178179 -0.323517
272 1.099638 -0.368282
474 1.186021 -0.320066
343 1.136358 -0.351267
276 0.945444 -0.481848
217 1.066646 -0.395776
342 1.139337 -0.332174
338 1.134978 -0.346543
324 1.134414 -0.359118
369 1.170613 -0.329588
382 1.215273 -0.305066
229 1.227304 -0.292371
332 1.198490 -0.309222
379 1.100748 -0.370204
366 1.300282 -0.254388
424 1.216036 -0.290636
470 1.072979 -0.393333
331 1.113000 -0.359158
468 1.144389 -0.330814
408 1.109195 -0.357667
374 1.102301 -0.362920
314 1.017412 -0.432588
236 1.109491 -0.368330
284 1.212329 -0.293885
491 1.109428 -0.368202
360 0.973196 -0.460226
259 1.088702 -0.382110
282 1.101492 -0.362012
488 1.081321 -0.395848
345 1.093219 -0.380494
403 1.091730 -0.378394
372 1.204815 -0.291563
203 1.158371 -0.337784
304 1.248510 -0.278229
477 1.169249 -0.315558
290 1.147374 -0.346948
333 1.262586 -0.263005
452 1.249794 -0.286781
351 1.129536 -0.357012
499 1.018691 -0.430032
434 1.063913 -0.402834
404 1.114461 -0.360353
326 1.251100 -0.275326
327 1.053758 -0.402588
362 1.174359 -0.345009
390 1.145201 -0.337686
287 1.116771 -0.353901
457 1.175452 -0.316095
416 1.122355 -0.351392
325 1.165499 -0.333004
357 1.175002 -0.324009
354 1.261687 -0.277263
421 1.168604 -0.326253
377 1.145869 -0.347261
445 1.069126 -0.397455
395 1.220896 -0.296920
315 1.189006 -0.314189
487 1.211767 -0.292419
480 1.051346 -0.400022
479 1.220992 -0.293625
444 1.243083 -0.284489
224 1.109552 -0.357458
402 1.270835 -0.254393
448 1.079019 -0.394402
441 1.167986 -0.337744
455 1.040650 -0.403017
209 1.060490 -0.398269
211 1.153933 -0.328821
410 1.129606 -0.355587
253 1.171726 -0.330667
293 1.132510 -0.345969
279 1.094302 -0.371661
494 1.223636 -0.278394
400 1.124525 -0.365092
375 1.122777 -0.364955
218 1.175053 -0.310700
438 1.192590 -0.304919
451 1.131409 -0.353923
420 1.102631 -0.370532
373 1.196452 -0.296591
385 1.182173 -0.328166
422 1.195333 -0.309767
297 1.113764 -0.356736
261 1.043273 -0.407999
348 1.122650 -0.368595
277 1.203092 -0.304387
283 1.247434 -0.274637
418 1.165919 -0.331149
247 1.091613 -0.380499
363 1.193191 -0.309203
389 1.214883 -0.306748
269 1.160088 -0.325542
294 1.264659 -0.260973
248 1.100031 -0.375137
323 1.069528 -0.390559
426 1.142872 -0.339332
462 1.107849 -0.359731
214 1.175677 -0.326432
302 1.155862 -0.336771
308 1.191033 -0.311402
469 1.190875 -0.312531
255 1.085703 -0.373512
219 1.145306 -0.339686
498 1.295669 -0.261863
471 1.186853 -0.320861
273 1.210668 -0.298610
305 1.049556 -0.405068
367 1.190696 -0.314696
225 1.214813 -0.311523
204 1.133697 -0.335992
396 1.267181 -0.270166
406 1.113595 -0.360167
321 1.226246 -0.299104
339 1.220520 -0.280584
213 1.066890 -0.392278
237 1.233826 -0.287120
216 1.144262 -0.344022
495 1.264580 -0.260956
233 1.095463 -0.370517
205 1.115902 -0.366418
384 1.231957 -0.282445
264 1.183841 -0.326006
482 1.007890 -0.432181
285 1.223440 -0.282386
352 1.229731 -0.290155
267 1.115260 -0.355699
329 1.182523 -0.326481
30 0.062866 -1.390991
119 0.048258 -1.420073
130 0.022493 -1.443207
168 0.012862 -1.500464
53 0.024462 -1.433645
100 0.077912 -1.364980
140 0.071526 -1.383602
27 0.006165 -1.498523
176 0.070368 -1.396638
114 0.007850 -1.486024
99 0.068625 -1.349887
2 0.086242 -1.381378
136 -0.042521 -1.495428
24 0.000936 -1.479120
12 0.060651 -1.437184
64 0.130186 -1.305481
88 0.050531 -1.397479
178 0.002447 -1.507632
183 0.037999 -1.430943
198 0.111615 -1.319205
7 0.085829 -1.380488
181 0.043379 -1.433622
46 0.120623 -1.282814
101 0.076404 -1.360609
6 -0.050803 -1.583568
134 -0.000658 -1.503105
125 0.052836 -1.408638
175 0.098511 -1.354724
31 0.044823 -1.446697
74 0.051752 -1.393954
165 0.042493 -1.421423
163 0.018764 -1.488605
109 0.077197 -1.375665
71 0.129086 -1.343353
63 0.042191 -1.417304
182 0.044916 -1.430396
72 0.121952 -1.301544
60 0.012773 -1.443772
78 0.176868 -1.215242
194 0.039478 -1.455726
151 0.034419 -1.416736
36 0.010575 -1.467447
65 0.154733 -1.236851
80 0.060100 -1.396203
20 -0.042196 -1.550874
155 0.058251 -1.395956
40 0.129543 -1.289014
38 0.150674 -1.256788
1 -0.006771 -1.504952
174 0.105796 -1.333451
13 0.035100 -1.429669
129 0.056506 -1.429656
110 0.045700 -1.433493
75 0.048191 -1.433115
9 -0.002025 -1.547446
148 0.059980 -1.386834
111 0.052107 -1.419978
81 0.010359 -1.484102
196 0.016475 -1.461821
169 0.071943 -1.378866
28 0.010131 -1.470156
83 0.005385 -1.482551
199 0.097533 -1.360712
142 -0.028645 -1.555889
173 -0.019511 -1.525047
59 0.049773 -1.402059
55 -0.007113 -1.515831
34 0.009683 -1.446001
133 0.049044 -1.437618
8 0.093277 -1.357002
113 0.105525 -1.342713
152 0.017773 -1.455163
103 -0.035902 -1.573999
160 0.081227 -1.406151
93 0.015616 -1.441393
189 0.024550 -1.492289
19 0.044721 -1.435381
120 0.029945 -1.408759
33 0.067335 -1.399739
191 0.032166 -1.423818
137 0.030149 -1.431753
172 0.110776 -1.334549
124 0.061216 -1.368305
128 0.009189 -1.485851
157 0.025703 -1.460198
86 0.073454 -1.389092
54 0.083757 -1.348436
82 0.054760 -1.390068
159 0.002622 -1.516188
84 0.134127 -1.265836
184 0.068208 -1.391848
126 0.023737 -1.472930
162 0.063800 -1.401741
62 0.017233 -1.509243
58 -0.031640 -1.556771
68 0.027375 -1.437796
102 0.108717 -1.341518
85 0.159726 -1.256266
77 0.144907 -1.267915
98 0.071768 -1.382092
147 0.007843 -1.494477
143 0.068681 -1.412549
21 0.010296 -1.505720
11 0.060809 -1.391683
112 0.071715 -1.414459
37 0.075675 -1.360415
50 0.069620 -1.368587
108 -0.024266 -1.531381
139 0.151591 -1.278953
188 0.005275 -1.471819
197 0.099463 -1.326790
138 0.002019 -1.516378
185 0.035151 -1.447117
94 0.078889 -1.389849
186 0.012024 -1.491563
25 0.094040 -1.343110
3 0.142864 -1.286341
192 -0.030139 -1.559357
170 0.087438 -1.379355
61 -0.027229 -1.573328
14 0.109343 -1.317647
76 0.051096 -1.409763
66 0.126729 -1.292223
171 -0.021273 -1.538015
156 -0.004437 -1.449969
92 0.033767 -1.430732
89 0.034318 -1.464927
121 -0.055771 -1.584401
97 -0.009806 -1.548735
149 0.034493 -1.434904
29 -0.019641 -1.506884
179 0.076533 -1.376954
91 0.083789 -1.332970
57 0.034102 -1.481372
39 -0.016451 -1.547025
16 0.043078 -1.431357
123 0.078429 -1.393599
52 0.045120 -1.361588
87 0.057833 -1.450009
190 0.016850 -1.414854
73 0.041208 -1.413830
167 0.068215 -1.390618
48 0.058051 -1.395107
104 -0.001246 -1.533310
187 -0.033382 -1.550686
43 0.058321 -1.405641
195 0.017993 -1.434784
41 -0.037384 -1.538446
5 0.061379 -1.398250
44 0.024682 -1.482909
158 0.027453 -1.456081
69 0.076250 -1.384180
122 0.104891 -1.323698
161 0.001935 -1.485558
106 -0.001683 -1.492715
70 0.087748 -1.355171
135 0.097159 -1.349559
164 0.001699 -1.498190
153 -0.004151 -1.490953
145 0.050823 -1.421322
131 -0.037794 -1.611126
18 0.073462 -1.399035
166 -0.059713 -1.596067
32 0.051150 -1.459171
150 0.011952 -1.464490
42 0.074138 -1.346971
90 0.064234 -1.412910
117 0.097510 -1.348675
49 0.069471 -1.387135
47 0.107739 -1.334389
127 0.037481 -1.425706
180 0.031977 -1.423005
79 0.010879 -1.470329
96 0.090086 -1.342240
17 0.029355 -1.412660
45 0.000815 -1.473246
141 -0.065239 -1.630603
132 0.074260 -1.371668
15 0.074684 -1.404857
107 0.031022 -1.502629
144 0.028211 -1.463615
146 -0.006247 -1.486817
177 -0.033277 -1.565805
105 0.041269 -1.459873
95 -0.024695 -1.541723
118 -0.028789 -1.544223
23 0.057834 -1.418623
35 0.023784 -1.468598
115 0.042877 -1.426250
4 0.022559 -1.438946
10 0.095946 -1.317033
67 -0.035557 -1.590101
51 0.010809 -1.489781
116 0.030753 -1.458750
193 0.068231 -1.396806
0 0.077032 -1.354598
154 0.005831 -1.505958
22 0.030958 -1.435782
26 0.034017 -1.449581
56 0.134552 -1.256892
