500 2
279 -0.268450 -0.983115
340 -0.344492 -0.939353
405 -0.459793 -0.886766
201 -0.492262 -0.868553
133 -0.661324 -0.791182
171 -0.497273 -0.872115
411 0.068348 -1.144141
425 -0.571610 -0.848607
2 -0.243816 -0.981508
58 -0.529544 -0.850865
308 -0.327544 -0.951153
285 -0.333787 -0.945335
46 -0.756588 -0.748110
17 -0.551897 -0.835538
422 -0.583961 -0.824485
325 -0.890182 -0.686634
19 -0.252546 -0.981083
111 -0.325355 -0.950407
251 0.029730 -1.117851
193 -0.391154 -0.917359
424 -0.442030 -0.892196
199 -0.382151 -0.917476
498 -0.093018 -1.060743
60 -0.682806 -0.785197
449 -0.163028 -1.032630
275 -0.430956 -0.902491
119 -0.514841 -0.858304
161 -0.326650 -0.946324
321 -0.613598 -0.810222
476 -0.239086 -0.988322
236 -0.537928 -0.842823
324 -0.523305 -0.857779
66 0.066118 -1.139547
428 -0.047007 -1.080475
255 -0.781636 -0.733541
78 -0.447173 -0.886340
420 -0.526762 -0.853456
88 -0.556232 -0.826669
26 -0.297796 -0.959607
52 -0.814949 -0.725442
123 -0.248540 -0.984988
440 -0.342541 -0.933374
468 -0.147168 -1.030167
20 -0.024053 -1.091269
318 -0.362281 -0.923303
497 -0.414876 -0.904527
43 -0.353034 -0.934759
4 -0.325351 -0.951688
125 -0.220117 -1.006426
149 -0.232907 -0.996439
213 -0.725547 -0.757788
310 -0.460699 -0.887011
390 -0.205175 -1.007982
396 -0.475701 -0.870955
395 -0.062058 -1.079126
72 -0.232355 -0.994280
259 -0.382209 -0.924280
100 -0.683793 -0.776605
444 -0.458845 -0.887871
204 -0.183729 -1.018356
419 -0.692566 -0.780184
381 -0.378589 -0.931992
37 -0.097847 -1.063030
93 -0.950567 -0.662227
82 -0.903960 -0.686371
293 -0.346802 -0.938725
399 -0.786487 -0.736028
344 0.141670 -1.179011
274 -0.582272 -0.824100
51 -0.543337 -0.842267
273 -0.574315 -0.835795
384 -0.437094 -0.895061
21 -1.107005 -0.596276
328 -0.498607 -0.872905
413 -0.394077 -0.913542
131 -0.255622 -0.981113
256 -0.551373 -0.839810
297 -0.317384 -0.956461
102 -0.303200 -0.957641
459 -0.562083 -0.838721
486 -0.164388 -1.019021
158 -0.679963 -0.783774
412 0.036836 -1.126940
305 -0.171055 -1.020618
284 -0.440650 -0.894441
89 -0.858574 -0.706820
160 -0.044170 -1.076248
379 -0.953621 -0.658932
122 -0.006607 -1.113037
226 -0.913982 -0.673182
317 -0.699061 -0.776383
382 -0.826092 -0.717284
401 -0.473976 -0.874652
85 -0.415779 -0.901546
139 -0.940806 -0.671319
79 -0.398666 -0.914987
326 -0.156969 -1.029673
244 -0.410504 -0.913000
141 -0.249359 -0.989208
35 -0.377163 -0.923399
404 -0.079700 -1.075037
222 -0.716752 -0.765933
347 -0.172585 -1.020637
433 -0.367497 -0.930056
278 -0.679362 -0.783320
315 -0.452637 -0.892153
168 -0.555746 -0.834156
38 0.067950 -1.138903
287 -0.579659 -0.839937
92 -0.628210 -0.798839
330 0.155566 -1.179184
50 -0.608977 -0.811086
350 -0.248402 -0.991842
28 -0.328326 -0.945277
403 -0.711726 -0.772795
209 0.075446 -1.153038
496 -0.069624 -1.072233
257 -0.536007 -0.839045
9 -0.278664 -0.975426
34 -0.136434 -1.038774
254 -0.897210 -0.683772
153 -0.120643 -1.044415
298 -0.475249 -0.880549
40 -0.093647 -1.059344
170 0.118062 -1.157701
203 -0.351991 -0.928622
247 -0.384310 -0.923576
184 -0.234691 -0.990465
280 -0.348550 -0.929898
172 -0.272144 -0.967828
151 -0.044977 -1.093525
86 -0.540908 -0.842529
128 -0.130183 -1.046073
248 -1.216131 -0.559226
439 -0.532366 -0.849435
148 -0.498678 -0.874081
290 -0.033180 -1.088123
13 -0.664897 -0.786322
319 -0.257035 -0.983289
268 -0.607082 -0.818911
358 -0.471727 -0.878379
443 -0.321359 -0.954915
437 -0.356875 -0.940836
32 -0.328463 -0.952899
409 -0.542877 -0.841675
380 -0.353193 -0.930267
181 -1.012873 -0.635627
65 -0.439798 -0.887180
332 -0.610260 -0.821382
408 -0.572361 -0.836544
143 -0.266997 -0.972742
371 -0.482936 -0.868260
457 -0.067164 -1.085934
114 0.223771 -1.232520
327 -0.555674 -0.841025
90 -0.159592 -1.029240
232 -0.615425 -0.811558
12 -0.678261 -0.783572
357 -1.099401 -0.589528
286 -0.587334 -0.830499
270 -0.328158 -0.945512
83 -0.556390 -0.838483
67 -0.340465 -0.937159
292 -0.547483 -0.836171
474 -0.345468 -0.937487
495 -1.019249 -0.629590
240 -0.317705 -0.947159
173 -0.322257 -0.948708
353 0.008056 -1.109954
291 -0.626139 -0.809685
234 0.050532 -1.129170
335 -0.300967 -0.957565
329 -0.218610 -0.997084
442 -0.672131 -0.780072
109 -0.272517 -0.961513
0 -0.276877 -0.968006
166 -0.096406 -1.057290
167 -0.630205 -0.804673
421 -0.415726 -0.899779
266 -0.683569 -0.771934
130 -0.132859 -1.041158
365 -0.792587 -0.738096
386 -0.943238 -0.662674
302 -0.182392 -1.020157
366 -0.231961 -0.993083
303 -0.965461 -0.657114
265 -0.245786 -0.987170
299 -0.060157 -1.082573
418 -0.605573 -0.815113
281 -1.013178 -0.632520
103 -0.417849 -0.898558
415 -0.452356 -0.886847
267 -0.541465 -0.853234
74 -0.878902 -0.702649
360 -0.856832 -0.709002
262 -0.183564 -1.010731
233 -0.622170 -0.802561
460 -0.553693 -0.833906
99 -0.137543 -1.041855
363 -0.078609 -1.067143
239 -0.686686 -0.778955
406 -0.226153 -0.997102
479 -0.277278 -0.973317
183 -0.320262 -0.956697
91 -1.093146 -0.602974
45 -0.417482 -0.897697
348 -0.663785 -0.785658
349 -0.536028 -0.849916
423 -0.074815 -1.071793
397 -0.798674 -0.722842
249 -0.700618 -0.773243
219 -0.603583 -0.814941
97 -0.648744 -0.804589
450 -0.160397 -1.029615
282 -0.235620 -0.990515
339 -0.618200 -0.809302
202 0.153416 -1.193705
438 -0.791017 -0.727904
7 -0.081920 -1.059561
162 -0.234355 -0.986047
354 -0.298923 -0.961842
429 -0.480411 -0.872921
152 -0.287100 -0.975882
10 -0.043070 -1.095079
129 -0.265206 -0.976147
14 0.219818 -1.221256
207 -0.557466 -0.841323
289 -0.540407 -0.848271
217 -0.517853 -0.852453
47 -0.088260 -1.058451
454 -0.468164 -0.876521
393 -0.528648 -0.850820
316 -0.722014 -0.770337
493 -0.162651 -1.030043
341 0.128914 -1.170989
231 -0.483333 -0.872623
485 -0.424796 -0.904548
164 -0.044705 -1.084491
140 0.052660 -1.135907
314 -0.209983 -1.005018
53 -0.835955 -0.704968
242 0.007448 -1.116117
104 -0.297975 -0.963058
22 -0.400857 -0.905095
246 -0.207113 -1.010010
499 -0.757209 -0.746872
385 -0.626070 -0.804100
288 -0.387741 -0.919254
211 -0.866305 -0.703484
417 -0.598445 -0.818589
394 -1.017049 -0.628767
169 -0.653874 -0.788132
295 0.225021 -1.231712
372 -0.270453 -0.973252
18 0.119899 -1.174359
361 -0.280474 -0.971934
63 -0.368741 -0.920709
30 -0.310669 -0.949683
313 -0.850853 -0.707585
334 -0.267528 -0.977040
331 -0.014014 -1.103940
250 -0.297014 -0.964268
138 -0.661495 -0.784046
494 -0.384703 -0.919943
44 -0.467681 -0.880175
294 -0.454279 -0.891058
258 -0.531418 -0.850836
300 -0.835455 -0.705499
228 -0.274505 -0.969490
36 -0.417673 -0.904997
11 -1.175126 -0.562337
134 -0.282782 -0.973149
75 0.044418 -1.134138
225 -0.819329 -0.731795
277 -0.790737 -0.731986
178 -0.756449 -0.745482
76 -0.119952 -1.048942
96 -0.132190 -1.040415
73 -0.499192 -0.871761
355 -0.252652 -0.982121
364 -0.570712 -0.831872
296 -0.345356 -0.941818
237 -0.575875 -0.828546
351 -0.541309 -0.848778
214 -0.676733 -0.788818
27 -0.529453 -0.850957
147 -0.453285 -0.885933
212 -0.569575 -0.829264
159 -0.227540 -0.986046
95 -0.166393 -1.032302
186 -0.521812 -0.860049
264 0.012911 -1.120507
3 -0.496074 -0.869180
488 -0.022469 -1.108000
120 -0.135736 -1.038358
470 -0.428674 -0.895085
471 -0.607893 -0.821845
465 -0.441474 -0.895585
132 -0.177638 -1.018256
483 -0.422300 -0.900188
241 -0.690477 -0.769730
218 -0.147671 -1.034849
57 -0.132699 -1.047493
434 -0.409350 -0.903796
210 -0.658077 -0.792621
118 -0.190106 -1.013626
492 -0.135114 -1.041794
416 -0.765831 -0.736642
430 -0.414892 -0.909817
238 -0.497520 -0.860743
456 -0.717822 -0.761338
142 -0.681342 -0.785996
188 -0.177778 -1.008845
359 -0.577993 -0.826752
447 -1.290439 -0.513148
452 -0.397654 -0.913096
489 -0.560670 -0.844508
230 -0.692595 -0.775574
64 -0.520436 -0.851496
116 -0.192761 -1.003078
48 -0.380087 -0.913744
24 -0.658382 -0.796453
81 -0.519182 -0.853154
346 -0.119634 -1.041497
59 -0.470455 -0.876485
367 -0.364684 -0.925250
15 -0.746012 -0.745554
356 -0.427265 -0.898044
283 -0.223931 -0.997957
306 -0.439394 -0.894982
205 -0.713018 -0.764461
68 -0.741817 -0.754276
146 -0.427843 -0.906411
25 -0.440153 -0.891428
477 -0.523988 -0.853256
343 -0.210710 -0.998218
187 0.036177 -1.126267
466 -0.430298 -0.892284
400 -1.060066 -0.612322
410 0.203745 -1.208719
482 -0.818721 -0.726042
197 -0.223719 -0.999953
373 -0.588109 -0.828813
179 -0.521364 -0.864682
446 0.400113 -1.315826
206 -0.272143 -0.976662
154 -0.313517 -0.945129
320 -0.858290 -0.704249
112 -0.586041 -0.832093
484 -0.184113 -1.020442
80 -0.595247 -0.821298
472 0.009414 -1.109261
269 -0.581079 -0.829286
108 -0.454350 -0.887906
432 -0.298319 -0.965581
391 -0.507545 -0.863166
487 -0.551964 -0.842911
235 -0.244122 -0.989934
376 -0.417731 -0.913781
127 -0.538671 -0.842114
243 -0.911544 -0.683147
216 -0.140991 -1.045058
176 -0.287523 -0.972782
427 -0.289451 -0.961140
309 -0.470858 -0.871693
469 -0.680869 -0.786736
126 -0.879609 -0.689305
368 -0.546300 -0.856604
137 -0.223146 -1.002737
480 -0.394028 -0.912212
56 -1.046415 -0.625082
229 0.065939 -1.147917
407 -0.721538 -0.758095
223 -0.710044 -0.760954
6 -0.018489 -1.110710
462 -0.070208 -1.071202
378 0.168346 -1.196725
370 -0.743004 -0.756292
402 -0.154524 -1.028083
252 -0.012778 -1.100252
383 -0.607071 -0.816909
352 -0.768522 -0.742410
271 -0.582561 -0.828444
475 -1.192936 -0.568423
39 -0.721482 -0.759549
145 -0.525448 -0.855185
221 -0.236412 -0.990511
87 -0.264289 -0.979244
224 -0.139270 -1.038889
304 -0.841532 -0.718327
16 -0.395478 -0.903070
467 -0.158201 -1.038747
94 -0.575940 -0.834789
124 -1.011668 -0.630296
311 -0.008386 -1.108955
117 -0.093386 -1.065117
194 -0.451936 -0.886444
338 -0.585993 -0.824874
198 -0.616724 -0.809806
77 -0.070713 -1.076681
481 -0.292496 -0.965292
31 -0.801869 -0.727776
436 -0.097175 -1.068282
490 -0.406209 -0.905582
182 -0.699170 -0.778790
463 -0.580565 -0.834206
196 -0.474548 -0.881716
105 -0.151010 -1.034963
165 -0.823799 -0.726180
375 -0.618975 -0.810391
362 -0.927338 -0.669380
389 -0.368369 -0.924145
473 -0.214972 -1.005548
458 -0.211940 -0.999801
455 0.061837 -1.132532
414 -0.467364 -0.880093
41 -0.596360 -0.824519
337 -0.169449 -1.021570
369 -0.793874 -0.725970
84 -0.388599 -0.921203
227 -0.687970 -0.780151
189 -0.464842 -0.883669
115 -0.395407 -0.914290
5 -0.214448 -0.992837
195 -0.209706 -1.004643
491 -0.607585 -0.811881
336 -0.219847 -0.995099
62 -0.337652 -0.938265
220 -0.488087 -0.876411
345 -0.535607 -0.857475
426 -0.623103 -0.812959
445 -0.987629 -0.639780
135 -0.459604 -0.879513
263 0.160153 -1.187695
453 -0.140899 -1.036020
245 -0.808094 -0.724355
451 -0.406985 -0.913119
441 -0.372961 -0.927654
388 -0.601870 -0.823048
101 -1.342525 -0.508862
431 -0.624641 -0.808011
150 -0.329418 -0.944834
464 -0.631520 -0.811855
163 -0.008289 -1.103659
121 -0.527029 -0.852710
333 -0.317488 -0.946214
260 -0.436142 -0.899311
174 -0.566478 -0.829666
155 -0.751104 -0.750526
110 -0.697309 -0.766608
192 -0.193901 -1.011819
144 -0.577516 -0.833139
70 -0.118595 -1.060206
1 -0.289149 -0.971778
180 -0.346710 -0.944578
98 -0.277391 -0.966327
8 -0.560651 -0.836728
478 -0.104547 -1.058002
208 -0.458515 -0.883619
253 0.080181 -1.141065
312 -0.311892 -0.957290
377 -0.012699 -1.090198
342 -0.409370 -0.909516
23 -0.593835 -0.820083
301 -0.515543 -0.862147
276 0.144901 -1.178395
29 -0.451481 -0.895809
190 -0.636822 -0.803270
175 -0.624025 -0.809489
392 -0.226664 -0.999957
55 -0.307741 -0.959503
448 -0.529900 -0.852973
61 -0.319387 -0.948250
323 -0.201792 -1.007200
71 -0.429575 -0.899764
157 -0.499409 -0.861231
387 -0.765285 -0.740335
398 0.268975 -1.243989
200 -0.946413 -0.659140
177 -0.245801 -0.993130
272 -0.460043 -0.886129
113 -0.145367 -1.043143
136 -0.587399 -0.832687
42 -0.846884 -0.717642
185 -0.878519 -0.689922
215 -0.311543 -0.953955
54 -0.245267 -0.986623
49 0.050934 -1.134344
107 -0.196937 -1.016694
106 -0.154818 -1.038825
33 -0.445704 -0.894516
69 -0.554603 -0.840503
461 -0.244580 -0.993744
374 -0.111703 -1.051757
261 -0.416785 -0.911729
191 -0.548235 -0.856895
322 -0.282714 -0.966385
156 -0.411190 -0.900008
435 -0.276203 -0.970657
307 -0.383256 -0.915021
