500 2
430 -0.612107 -0.786501
81 -0.536072 -0.840148
172 -0.737394 -0.680965
420 -0.607451 -0.782171
390 -0.687655 -0.722062
138 -0.651961 -0.749316
494 -0.612625 -0.784889
482 -0.619415 -0.768337
38 -0.564269 -0.824632
312 -0.512369 -0.861928
167 -0.587442 -0.791965
149 -0.755121 -0.667445
136 -0.628672 -0.767546
317 -0.553505 -0.829170
77 -0.543076 -0.832926
115 -0.518569 -0.855967
274 -0.670017 -0.728659
75 -0.689390 -0.724458
176 -0.513586 -0.852420
448 -0.605272 -0.787005
446 -0.696409 -0.718441
11 -0.667008 -0.733251
423 -0.587955 -0.792665
345 -0.542985 -0.833646
436 -0.651423 -0.744552
64 -0.694788 -0.720750
224 -0.746190 -0.674701
462 -0.503980 -0.866974
353 -0.586078 -0.802039
343 -0.590845 -0.800269
85 -0.645256 -0.747720
72 -0.554702 -0.822846
314 -0.715813 -0.699815
498 -0.565815 -0.813866
292 -0.657708 -0.744867
238 -0.680396 -0.725108
137 -0.652192 -0.753516
305 -0.622350 -0.765424
415 -0.553797 -0.828241
311 -0.561518 -0.812751
275 -0.573960 -0.806772
228 -0.679928 -0.729237
92 -0.642003 -0.758221
48 -0.702996 -0.704655
340 -0.530139 -0.841496
188 -0.535055 -0.843986
61 -0.687459 -0.722438
395 -0.523314 -0.850187
130 -0.582576 -0.803527
399 -0.583405 -0.798356
164 -0.511321 -0.856636
110 -0.562870 -0.824827
80 -0.544394 -0.836162
485 -0.640004 -0.760341
2 -0.525557 -0.847713
154 -0.624384 -0.775927
255 -0.389998 -0.953486
217 -0.673500 -0.731483
338 -0.563661 -0.817407
473 -0.523674 -0.851287
362 -0.530618 -0.842066
49 -0.536323 -0.836862
84 -0.476933 -0.882756
45 -0.438941 -0.913532
324 -0.746799 -0.675651
383 -0.691993 -0.718447
347 -0.585969 -0.806146
297 -0.751214 -0.667982
379 -0.732357 -0.687123
264 -0.688375 -0.719391
344 -0.534235 -0.838836
210 -0.727068 -0.687041
474 -0.776678 -0.651210
99 -0.646312 -0.756750
187 -0.649335 -0.752508
200 -0.502203 -0.866211
307 -0.573601 -0.816304
349 -0.664505 -0.737208
111 -0.514620 -0.861114
33 -0.572214 -0.813594
83 -0.677701 -0.727100
129 -0.751008 -0.662614
226 -0.622561 -0.778972
398 -0.531798 -0.846075
1 -0.632660 -0.769906
243 -0.534212 -0.841156
186 -0.648091 -0.758342
480 -0.652182 -0.746604
12 -0.569338 -0.812040
218 -0.632211 -0.761032
7 -0.568417 -0.813040
47 -0.582256 -0.803272
191 -0.760388 -0.659021
441 -0.461559 -0.893305
107 -0.646662 -0.745759
368 -0.550183 -0.829993
291 -0.606922 -0.783901
140 -0.534052 -0.847224
184 -0.502339 -0.870534
245 -0.599340 -0.786768
290 -0.719132 -0.694419
219 -0.467234 -0.903673
294 -0.638631 -0.756285
418 -0.748352 -0.672364
263 -0.585114 -0.794401
427 -0.470481 -0.890506
295 -0.460003 -0.897118
493 -0.609540 -0.778880
21 -0.876753 -0.571908
452 -0.572479 -0.810124
416 -0.512989 -0.859146
352 -0.619443 -0.772277
214 -0.486807 -0.880544
148 -0.770181 -0.663468
25 -0.853215 -0.589272
28 -0.652359 -0.744233
414 -0.742181 -0.680477
417 -0.748958 -0.675696
360 -0.707034 -0.706641
59 -0.660382 -0.738460
58 -0.701385 -0.707415
443 -0.473199 -0.889967
131 -0.581445 -0.800881
492 -0.696095 -0.712364
165 -0.529401 -0.839554
166 -0.587538 -0.796518
227 -0.447335 -0.911655
150 -0.574135 -0.807344
293 -0.700413 -0.713285
230 -0.671169 -0.733561
457 -0.642376 -0.755895
319 -0.549648 -0.827290
168 -0.765635 -0.664543
286 -0.511524 -0.859904
97 -0.706245 -0.707367
142 -0.596961 -0.795112
39 -0.677550 -0.727653
16 -0.670192 -0.733067
369 -0.714060 -0.696662
387 -0.618381 -0.777852
254 -0.443266 -0.914585
193 -0.562336 -0.824408
242 -0.589873 -0.798283
249 -0.592068 -0.795430
203 -0.627246 -0.766936
313 -0.596769 -0.794199
3 -0.849235 -0.591753
364 -0.468273 -0.896125
386 -0.665643 -0.737662
114 -0.434630 -0.921686
71 -0.480136 -0.887154
190 -0.708810 -0.706227
329 -0.605434 -0.790637
316 -0.587580 -0.800651
444 -0.755797 -0.664706
145 -0.614293 -0.778948
158 -0.666137 -0.741701
488 -0.521397 -0.851279
376 -0.500120 -0.868644
211 -0.695237 -0.712483
266 -0.572619 -0.811687
236 -0.631954 -0.768591
73 -0.697961 -0.704976
346 -0.533452 -0.842227
408 -0.797887 -0.632104
322 -0.478197 -0.887410
366 -0.621506 -0.776951
50 -0.748585 -0.667435
225 -0.638286 -0.758740
109 -0.658789 -0.740775
93 -0.575561 -0.803380
391 -0.528437 -0.847532
394 -0.633220 -0.757369
288 -0.709139 -0.702644
259 -0.562716 -0.816570
308 -0.573460 -0.811767
332 -0.584612 -0.804534
6 -0.509553 -0.860819
14 -0.535288 -0.842067
461 -0.640875 -0.758917
119 -0.657989 -0.740088
306 -0.689662 -0.723412
440 -0.417063 -0.935134
52 -0.660262 -0.741588
300 -0.576161 -0.816238
106 -0.399471 -0.949786
234 -0.673857 -0.730579
231 -0.686165 -0.723274
407 -0.607815 -0.781544
74 -0.612051 -0.783788
69 -0.748145 -0.673338
298 -0.664558 -0.738290
205 -0.487365 -0.878621
256 -0.470771 -0.889019
359 -0.548098 -0.838122
53 -0.513454 -0.858620
141 -0.627533 -0.762245
139 -0.521869 -0.844657
403 -0.521547 -0.851672
356 -0.580766 -0.802869
355 -0.599160 -0.787297
42 -0.929505 -0.532234
320 -0.616047 -0.779761
433 -0.618060 -0.772909
96 -0.644679 -0.753613
125 -0.634063 -0.756620
310 -0.797589 -0.632815
30 -0.569919 -0.807053
495 -0.725981 -0.690769
207 -0.606341 -0.777851
70 -0.442386 -0.908809
382 -0.691880 -0.715433
429 -0.610304 -0.777915
424 -0.590832 -0.791347
432 -0.716936 -0.694268
335 -0.472238 -0.882410
401 -0.636797 -0.759012
246 -0.707223 -0.711440
451 -0.682741 -0.725536
175 -0.667246 -0.738285
13 -0.510881 -0.862687
468 -0.665578 -0.740093
357 -0.779135 -0.644900
24 -0.620545 -0.774886
268 -0.600069 -0.789419
118 -0.715687 -0.697149
43 -0.713429 -0.693843
26 -0.531959 -0.843448
374 -0.747688 -0.678729
204 -0.734974 -0.683826
208 -0.655635 -0.745159
9 -0.592604 -0.794632
269 -0.496734 -0.870679
489 -0.782978 -0.648818
478 -0.602358 -0.786802
497 -0.549154 -0.827327
251 -0.665690 -0.741250
51 -0.693297 -0.724882
438 -0.683158 -0.724685
437 -0.555248 -0.826050
146 -0.572662 -0.812413
302 -0.720382 -0.697317
487 -0.645168 -0.756472
147 -0.644364 -0.757184
456 -0.594027 -0.799599
325 -0.681628 -0.730485
412 -0.342641 -0.990563
463 -0.712935 -0.701738
132 -0.745460 -0.678558
244 -0.662978 -0.745422
377 -0.613706 -0.778482
323 -0.640240 -0.753767
411 -0.547377 -0.834152
152 -0.601979 -0.788200
157 -0.737191 -0.684586
159 -0.570666 -0.818445
271 -0.615117 -0.777696
409 -0.687038 -0.715013
378 -0.506706 -0.863530
248 -0.722964 -0.691697
65 -0.648386 -0.752030
56 -0.602823 -0.793305
68 -0.824137 -0.614272
442 -0.661759 -0.752772
337 -0.581805 -0.808087
406 -0.761159 -0.660631
450 -0.495548 -0.869372
213 -0.523722 -0.855335
260 -0.613155 -0.787620
475 -0.716264 -0.697975
270 -0.634872 -0.761877
0 -0.780299 -0.645259
18 -0.544133 -0.836157
460 -0.635749 -0.763121
162 -0.782912 -0.641393
282 -0.611620 -0.778192
471 -0.676053 -0.731359
330 -0.793352 -0.637584
239 -0.594869 -0.794769
363 -0.653322 -0.749697
333 -0.614790 -0.775048
133 -0.695644 -0.719271
27 -0.380903 -0.956853
405 -0.535737 -0.840237
370 -0.427718 -0.929143
174 -0.706675 -0.708503
196 -0.567929 -0.814015
237 -0.587539 -0.801867
273 -0.663593 -0.738372
449 -0.583078 -0.801299
108 -0.664690 -0.741064
104 -0.560980 -0.825624
169 -0.696314 -0.716049
216 -0.535492 -0.839996
428 -0.622458 -0.771347
434 -0.601552 -0.792830
134 -0.497811 -0.867985
496 -0.556636 -0.820658
258 -0.585200 -0.808728
252 -0.472089 -0.887213
46 -0.679027 -0.732600
453 -0.517717 -0.862133
78 -0.599916 -0.790103
122 -0.669876 -0.739382
62 -0.463504 -0.897801
95 -0.635378 -0.768444
82 -0.429435 -0.927741
327 -0.618631 -0.768376
358 -0.645555 -0.759832
229 -0.539053 -0.836119
277 -0.838376 -0.603542
447 -0.327640 -1.002958
410 -0.489681 -0.876305
94 -0.590010 -0.798766
232 -0.714771 -0.697667
29 -0.609709 -0.781012
303 -0.501125 -0.863626
439 -0.628610 -0.764733
189 -0.669823 -0.731458
233 -0.597486 -0.792753
241 -0.468231 -0.890334
455 -0.693097 -0.719824
113 -0.584863 -0.794317
32 -0.610860 -0.784104
235 -0.644367 -0.751387
402 -0.555181 -0.825330
373 -0.508793 -0.866686
100 -0.505310 -0.863648
22 -0.603946 -0.791309
315 -0.687020 -0.720347
160 -0.557932 -0.821003
301 -0.606075 -0.781537
112 -0.532863 -0.841888
445 -0.685873 -0.731333
10 -0.623750 -0.772972
57 -0.492721 -0.875901
185 -0.637913 -0.763225
309 -0.584454 -0.795376
276 -0.698273 -0.708090
183 -0.674571 -0.725260
63 -0.459847 -0.899149
354 -0.724611 -0.689482
350 -0.572497 -0.803905
339 -0.444613 -0.913103
170 -0.655478 -0.753602
181 -0.643696 -0.756651
328 -0.642522 -0.759883
201 -0.580311 -0.806061
464 -0.609352 -0.787805
153 -0.446892 -0.909792
278 -0.719561 -0.702189
431 -0.603657 -0.791666
76 -0.670750 -0.737578
117 -0.587410 -0.800128
155 -0.615982 -0.777091
479 -0.664936 -0.737657
348 -0.692995 -0.717885
177 -0.725777 -0.692783
8 -0.484583 -0.880029
128 -0.571238 -0.812650
413 -0.627326 -0.769118
381 -0.553167 -0.825458
422 -0.647415 -0.755703
342 -0.686609 -0.726122
179 -0.778731 -0.652768
257 -0.506592 -0.864842
477 -0.717522 -0.708151
102 -0.665142 -0.737768
20 -0.595907 -0.781710
392 -0.665627 -0.745667
384 -0.747442 -0.677646
484 -0.533376 -0.834664
87 -0.735304 -0.681835
419 -0.591034 -0.793628
212 -0.703257 -0.705562
262 -0.627288 -0.772178
222 -0.464977 -0.898780
281 -0.772642 -0.663617
283 -0.731090 -0.693469
223 -0.638806 -0.761395
240 -0.657119 -0.747918
265 -0.555423 -0.824049
151 -0.541866 -0.829338
371 -0.575339 -0.815361
289 -0.454839 -0.905760
221 -0.795299 -0.631346
380 -0.731996 -0.689769
389 -0.485627 -0.875445
215 -0.613608 -0.779506
285 -0.420564 -0.934804
375 -0.515260 -0.858213
178 -0.654301 -0.746405
182 -0.499625 -0.871113
361 -0.750581 -0.670270
88 -0.533866 -0.839855
144 -0.603209 -0.783944
86 -0.468046 -0.894894
247 -0.502439 -0.866042
121 -0.629828 -0.765129
365 -0.452821 -0.903194
37 -0.725864 -0.694384
143 -0.346897 -0.987591
54 -0.650482 -0.752699
197 -0.628553 -0.771474
331 -0.552965 -0.829489
127 -0.578982 -0.809402
287 -0.558800 -0.819075
458 -0.677862 -0.724527
44 -0.590810 -0.789391
396 -0.539705 -0.838139
67 -0.756543 -0.666353
105 -0.539732 -0.834137
90 -0.636368 -0.764909
321 -0.647238 -0.751526
192 -0.731346 -0.690095
135 -0.403342 -0.939960
60 -0.600921 -0.784037
467 -0.785303 -0.643687
421 -0.659246 -0.743373
472 -0.589955 -0.796776
206 -0.553959 -0.826792
469 -0.870271 -0.569471
466 -0.633500 -0.764340
341 -0.687892 -0.718080
397 -0.485878 -0.883027
261 -0.687501 -0.719429
425 -0.590018 -0.800411
41 -0.614950 -0.781059
198 -0.496864 -0.873005
4 -0.582766 -0.803960
5 -0.610681 -0.778053
470 -0.596327 -0.793613
388 -0.655885 -0.750094
499 -0.593213 -0.793624
173 -0.526019 -0.853632
253 -0.500031 -0.867135
299 -0.637668 -0.763182
435 -0.756638 -0.671575
404 -0.490831 -0.878494
19 -0.578881 -0.807132
351 -0.786241 -0.645122
116 -0.658704 -0.748503
454 -0.512496 -0.855741
490 -0.615189 -0.771439
483 -0.535470 -0.842043
465 -0.682627 -0.732413
101 -0.451537 -0.904661
163 -0.390592 -0.955032
284 -0.348285 -0.986259
476 -0.702417 -0.710937
15 -0.715480 -0.699311
31 -0.612908 -0.777546
120 -0.640129 -0.762107
372 -0.369071 -0.974242
180 -0.618034 -0.776796
194 -0.436526 -0.921791
272 -0.768795 -0.657177
491 -0.524006 -0.856733
66 -0.426359 -0.925708
296 -0.732286 -0.682837
199 -0.477716 -0.888719
459 -0.664668 -0.737277
279 -0.490572 -0.879451
23 -0.668980 -0.737088
202 -0.611307 -0.776683
79 -0.497648 -0.869563
426 -0.691986 -0.715633
124 -0.719966 -0.697767
126 -0.606365 -0.781856
385 -0.537451 -0.838302
481 -0.630380 -0.765682
34 -0.643249 -0.759899
400 -0.613177 -0.780555
367 -0.516591 -0.855088
318 -0.824691 -0.611484
156 -0.430326 -0.923489
40 -0.670441 -0.735462
91 -0.655105 -0.750349
304 -0.728100 -0.685724
35 -0.680223 -0.728965
326 -0.683435 -0.726160
89 -0.773467 -0.654942
17 -0.624911 -0.765360
98 -0.607159 -0.780098
393 -0.639012 -0.756225
103 -0.514291 -0.857598
36 -0.533357 -0.843125
123 -0.742436 -0.678077
336 -0.518562 -0.854719
161 -0.495414 -0.877503
55 -0.708761 -0.706453
209 -0.745363 -0.677707
334 -0.645280 -0.755623
486 -0.554329 -0.824677
280 -0.661267 -0.744937
267 -0.728957 -0.700309
171 -0.769720 -0.656095
220 -0.641196 -0.753016
250 -0.795391 -0.633709
195 -0.448630 -0.901808
