500 2
439 -0.574381 -0.888454
85 -0.196868 -0.978016
109 -0.044314 -1.006539
313 -0.336556 -0.945766
426 -0.536809 -0.896143
157 0.093159 -1.047009
148 -0.130367 -0.982271
231 -0.381922 -0.939897
474 0.115849 -1.054695
169 -0.178980 -0.980504
57 -0.096895 -0.996628
214 -0.309903 -0.944186
358 0.391965 -1.131425
96 -0.084813 -0.999989
238 -0.108676 -0.994854
304 -0.132568 -0.991725
366 -0.115273 -0.986720
402 0.133326 -1.053147
254 -0.023395 -1.018612
150 -0.948749 -0.817374
73 -0.421602 -0.927847
298 -0.334016 -0.933185
393 -0.593549 -0.886201
176 -0.095942 -0.999450
367 0.231132 -1.074399
257 -0.130594 -0.986146
285 0.196362 -1.066144
490 -0.281253 -0.952861
49 0.209575 -1.078997
459 -0.219794 -0.967690
136 0.096095 -1.037723
66 0.245574 -1.082735
138 -0.824515 -0.836108
128 -0.074071 -0.999955
87 -0.249223 -0.970586
462 -0.547831 -0.903692
45 -0.402889 -0.931105
300 -0.326991 -0.938319
271 0.173916 -1.056372
146 0.175732 -1.066186
338 -0.013587 -1.013944
456 -0.791777 -0.842199
323 0.045206 -1.030299
124 -0.037607 -1.008945
312 0.442368 -1.140445
83 -0.493011 -0.908332
427 -0.360437 -0.941905
155 -0.272134 -0.955540
256 -0.583563 -0.891032
113 -0.199988 -0.974995
154 -0.065244 -0.999629
372 -0.249596 -0.961747
290 -0.011242 -1.017642
60 -0.082659 -0.994443
465 -0.623691 -0.883285
240 -0.204282 -0.973691
48 -0.442731 -0.917488
212 -0.517270 -0.900570
311 -0.241324 -0.976525
127 -0.196451 -0.983254
310 -0.027393 -1.013972
434 -0.094325 -1.006300
283 -0.257054 -0.954584
218 0.191171 -1.072374
63 -0.491965 -0.909446
89 -0.160170 -0.982214
182 -0.546339 -0.901407
199 -0.536899 -0.899395
461 -0.204071 -0.973109
251 0.221165 -1.067896
249 -0.176649 -0.984312
443 -0.010598 -1.016698
179 -0.682977 -0.860343
258 0.166018 -1.059681
477 -0.301358 -0.939698
27 -0.229889 -0.967266
215 0.367120 -1.120458
225 -0.496335 -0.904785
47 -0.350708 -0.930650
272 0.136117 -1.058054
90 0.375449 -1.117733
270 -0.386569 -0.940616
93 -0.320270 -0.944711
350 0.252667 -1.083075
0 -0.489963 -0.914825
349 -0.315492 -0.946322
396 0.107640 -1.051774
297 -0.242861 -0.963614
318 -0.232674 -0.963127
441 -0.366760 -0.941123
391 -0.268902 -0.959702
88 -0.084489 -0.994759
454 0.290581 -1.101010
455 -0.670407 -0.868361
172 -0.630960 -0.877085
243 -0.391820 -0.929095
375 -0.393079 -0.935374
385 -0.205783 -0.970650
463 -0.500550 -0.912095
397 -0.108458 -1.004933
105 -0.492523 -0.908651
11 0.043037 -1.040832
265 -0.492263 -0.909361
442 0.097119 -1.045845
25 -0.432016 -0.918597
413 -0.655456 -0.869764
347 -0.022273 -1.022071
406 -0.406241 -0.924991
200 -0.313677 -0.943823
331 -0.149656 -0.978759
4 0.021961 -1.039796
266 -0.526099 -0.896791
173 -0.619477 -0.880395
480 -0.380784 -0.933850
340 -0.097418 -1.000650
445 -0.125430 -0.989756
37 -0.332928 -0.939846
15 -0.103540 -0.999466
245 -0.540685 -0.894783
307 0.462742 -1.141621
216 -0.198005 -0.975608
280 -0.009837 -1.016822
232 -0.539654 -0.897848
361 -0.411878 -0.924583
421 0.008400 -1.023548
262 -0.506139 -0.903103
328 -0.357017 -0.938352
151 -0.425909 -0.923347
64 -0.567466 -0.889577
158 0.027540 -1.029793
203 -0.618670 -0.874739
498 -0.330647 -0.947938
1 -0.217040 -0.974705
180 -0.002582 -1.025717
145 0.138340 -1.049083
497 -0.141225 -0.989377
440 0.107226 -1.051650
79 -0.248673 -0.971619
5 -0.229627 -0.967898
70 0.119094 -1.061629
102 0.063636 -1.038140
325 -0.627969 -0.878794
467 -0.350020 -0.938842
41 0.071110 -1.047980
475 -0.165416 -0.974766
13 -0.853622 -0.832162
369 -0.640198 -0.868270
407 -0.277833 -0.954685
389 -0.168641 -0.981797
34 -0.674172 -0.870494
233 0.523679 -1.155150
81 0.010104 -1.023772
223 0.207572 -1.068622
56 -0.496127 -0.908552
68 0.008879 -1.021456
383 -0.192435 -0.977496
482 -0.046072 -1.003706
279 -0.273270 -0.959836
208 0.412506 -1.133228
299 -0.122634 -0.994983
121 0.064854 -1.041658
166 -0.378505 -0.934595
210 -0.088949 -1.004542
67 -0.391880 -0.938283
58 -0.463967 -0.904587
111 -0.649301 -0.874272
133 -0.142363 -0.988827
54 -0.307801 -0.950943
286 -0.199783 -0.971579
107 0.035569 -1.028604
476 -0.661326 -0.866562
131 -0.034398 -1.005206
39 -0.221919 -0.968573
181 0.253769 -1.083747
321 -0.372748 -0.929651
390 -0.121922 -0.998015
314 0.141228 -1.051448
76 -0.491965 -0.909574
52 -0.888565 -0.834969
80 -0.112872 -0.995879
108 -0.672564 -0.872351
399 0.117718 -1.051068
495 0.053232 -1.047675
324 -0.279085 -0.954975
284 -0.178846 -0.977959
450 0.003881 -1.020241
202 0.127512 -1.052155
339 -0.084941 -0.994603
65 -0.204976 -0.981677
119 -0.685624 -0.867790
294 0.407566 -1.128430
483 0.191833 -1.063944
484 -0.188803 -0.974665
380 -0.458898 -0.909048
196 -0.154015 -0.989533
98 -0.264639 -0.952729
205 0.031811 -1.029065
371 0.012876 -1.018914
116 -0.351739 -0.940898
31 -0.335733 -0.943736
164 -0.299500 -0.944061
175 -0.543287 -0.895205
353 -0.455193 -0.920311
430 0.089968 -1.047315
492 0.408960 -1.135320
394 0.016605 -1.031990
458 -0.331839 -0.948616
99 -0.855145 -0.833424
374 0.070696 -1.045573
217 0.019449 -1.024397
220 -0.134197 -0.997981
228 0.301741 -1.091831
55 -0.427124 -0.923801
278 -0.332869 -0.937704
94 0.145490 -1.055687
433 0.049924 -1.038895
384 -0.213460 -0.970149
222 0.115268 -1.054669
198 0.222767 -1.082298
289 -0.554994 -0.891932
191 -0.767540 -0.850154
16 0.212191 -1.082726
115 0.094982 -1.038915
129 -0.518182 -0.905782
261 -0.454352 -0.922923
84 -0.143041 -0.979302
335 -0.580814 -0.887542
447 0.100964 -1.060908
24 -0.304781 -0.942693
50 -0.028680 -1.013832
470 0.279743 -1.091615
122 -0.460640 -0.911153
352 0.196922 -1.063553
276 -0.149908 -0.987728
152 -0.585445 -0.893486
392 -0.306447 -0.948820
322 -0.444702 -0.924644
327 -0.190236 -0.970991
377 -0.582644 -0.886934
416 -0.640619 -0.880720
260 0.035532 -1.022950
242 -0.071679 -0.999691
268 -0.475943 -0.920988
332 0.103002 -1.057190
30 -0.176671 -0.974832
410 0.237267 -1.080646
354 -0.662475 -0.873780
282 -0.095378 -0.999493
343 -0.074925 -1.000394
422 -0.539138 -0.896475
125 0.275854 -1.086021
344 -0.100192 -1.001739
411 0.060747 -1.047259
308 0.235862 -1.070339
32 0.053611 -1.030744
357 -0.486551 -0.924191
2 -0.316342 -0.944711
10 -0.055517 -1.012020
255 -0.447930 -0.921740
227 -0.559208 -0.894566
112 0.130356 -1.059506
291 -0.008352 -1.019565
235 -0.293267 -0.951021
401 -0.594601 -0.894223
78 -0.055200 -1.007958
351 0.253435 -1.084135
395 0.287486 -1.086155
269 -0.461235 -0.921038
451 -0.608056 -0.884788
126 -0.260823 -0.956472
382 -0.487504 -0.912301
7 -0.111187 -0.987770
479 -0.669191 -0.878958
437 -0.937537 -0.823329
144 0.278215 -1.088506
120 -0.454073 -0.910810
237 -0.264859 -0.956186
123 -0.589963 -0.883740
363 -0.052610 -1.002965
130 -0.897698 -0.837165
23 -0.801214 -0.843616
250 -0.345857 -0.943039
471 -0.056504 -1.011291
457 -0.203263 -0.967861
236 0.103357 -1.044849
362 0.238841 -1.069278
185 0.530747 -1.171075
364 -0.456164 -0.912647
132 -0.237029 -0.972701
473 -0.530922 -0.904350
163 -0.023063 -1.015919
345 -0.558434 -0.900876
143 0.117131 -1.045099
386 -0.374328 -0.943861
184 -0.347685 -0.933392
301 -0.753718 -0.860727
315 -0.772676 -0.858588
466 -0.565591 -0.892797
197 -1.158538 -0.779445
97 -0.291799 -0.945182
417 -0.368654 -0.931172
3 0.162155 -1.063983
452 -0.129923 -0.992561
186 0.292434 -1.093746
403 -0.181923 -0.980506
134 -0.039455 -1.016789
160 0.081145 -1.045330
355 0.067251 -1.039801
264 -0.334101 -0.944622
188 -0.129436 -0.984748
359 -0.274833 -0.965041
248 -0.986768 -0.813370
306 -0.355987 -0.938150
211 -0.244867 -0.958211
319 -0.169755 -0.978003
110 -0.501615 -0.914640
448 -0.091938 -0.999389
348 -0.023601 -1.020843
453 -0.456000 -0.920293
305 -0.394230 -0.923410
400 0.069591 -1.042662
346 -0.291564 -0.950244
86 0.206668 -1.068934
165 -0.267517 -0.958069
337 -0.324169 -0.950677
51 -0.639122 -0.873977
419 0.451486 -1.135402
277 0.161182 -1.062633
387 0.121469 -1.051946
423 -0.376641 -0.924694
14 -0.025608 -1.018791
162 0.267741 -1.089330
101 0.337084 -1.103634
183 -0.302401 -0.946012
201 -0.534357 -0.910218
360 -0.801274 -0.838100
209 0.110405 -1.044941
487 0.059267 -1.037242
274 -0.100416 -1.014378
38 -0.103905 -0.996752
193 0.010577 -1.026712
449 -0.107404 -0.996015
404 0.223835 -1.081260
18 -0.077953 -0.995721
342 -0.558117 -0.896495
194 -0.138333 -0.990171
499 -0.624490 -0.880334
22 -0.367074 -0.938078
420 -0.263176 -0.960953
224 -1.013242 -0.815688
171 -0.222541 -0.972049
281 -0.417330 -0.929360
170 -0.488827 -0.911363
71 0.448622 -1.137452
317 -0.189070 -0.979374
460 0.009141 -1.036814
6 0.034147 -1.026399
496 -0.362054 -0.933135
95 -0.241167 -0.963766
287 0.052251 -1.032180
159 -0.304357 -0.950662
149 -0.246014 -0.963378
388 -0.308311 -0.946871
12 0.029970 -1.027573
192 -0.187316 -0.973101
61 -0.369037 -0.930883
229 -0.803377 -0.837947
161 -0.358711 -0.936201
435 0.037206 -1.025021
329 -0.238031 -0.961278
303 -0.175161 -0.978970
156 -1.120705 -0.801104
206 -0.286045 -0.954804
36 0.453565 -1.137121
288 -0.208441 -0.981072
9 -0.677225 -0.872744
118 -0.294447 -0.947174
226 -0.028245 -1.011699
330 -0.370403 -0.937355
72 -0.228079 -0.963908
167 -0.150459 -0.985381
33 -0.592570 -0.883749
316 -1.121640 -0.781362
424 0.411847 -1.126420
213 -0.340546 -0.939975
398 -0.287381 -0.949496
341 -0.364994 -0.941432
195 -0.317951 -0.951369
244 -0.740160 -0.856115
207 0.072278 -1.045596
334 0.145307 -1.048241
415 -0.016200 -1.011765
35 0.123301 -1.047940
91 -0.489377 -0.923891
189 -0.948187 -0.821161
293 -0.292425 -0.954414
114 -0.868121 -0.845635
62 -0.323481 -0.945936
320 -0.065337 -1.012202
29 -0.281409 -0.952353
246 -0.750633 -0.851063
46 0.117849 -1.052772
42 -0.209076 -0.975443
333 0.144716 -1.058197
326 -0.497962 -0.905154
296 -0.392073 -0.929708
75 -0.231761 -0.963066
469 -0.918175 -0.823446
234 0.311197 -1.100008
378 -0.092486 -1.002703
139 -0.494338 -0.908346
263 -0.401713 -0.934235
468 -0.748284 -0.856901
204 -0.742809 -0.860626
446 -0.711300 -0.864350
239 -0.253310 -0.960371
491 0.027029 -1.027991
336 0.093166 -1.039572
418 -0.443300 -0.919849
365 -0.624576 -0.888803
275 -0.489902 -0.907490
141 0.047306 -1.023061
241 -0.440065 -0.920016
77 -0.283154 -0.962059
53 0.277041 -1.088428
408 -0.061158 -1.001534
429 0.023027 -1.032378
247 0.080577 -1.042679
405 -0.454407 -0.915271
376 -0.328773 -0.946310
103 -0.014228 -1.017602
472 0.041723 -1.033898
379 0.353125 -1.112300
153 -1.001399 -0.804678
273 -1.203977 -0.778322
381 -0.327328 -0.955956
425 -0.725104 -0.850692
219 -0.343492 -0.950710
438 -0.045207 -1.003201
368 -0.081773 -1.003136
8 0.039419 -1.026075
259 -0.401503 -0.930155
409 -0.210824 -0.977051
428 -0.207499 -0.963932
20 0.218801 -1.073583
40 0.241540 -1.079623
493 0.392162 -1.124800
370 0.302616 -1.104575
302 -0.947539 -0.824216
431 -0.395791 -0.930883
292 0.297694 -1.091129
106 0.060528 -1.036244
100 0.059760 -1.034179
267 -0.094519 -1.008599
414 -0.134879 -0.986291
253 -0.717617 -0.861019
92 0.279279 -1.090144
444 -0.259722 -0.962560
230 -0.248688 -0.964453
135 -0.191599 -0.978688
309 -0.006818 -1.013077
174 0.300337 -1.098465
69 -0.054769 -1.008180
494 0.139890 -1.059030
28 -0.422118 -0.926708
373 -0.616286 -0.880248
221 0.222133 -1.090775
252 0.419719 -1.131835
142 -0.375763 -0.941844
168 0.418936 -1.130535
489 -0.208968 -0.971589
82 0.247094 -1.091725
412 -0.234673 -0.970801
19 -0.492577 -0.907160
44 -0.058746 -1.007128
190 -0.099704 -0.999934
59 -0.041781 -1.007822
104 -0.818888 -0.839995
478 -0.208343 -0.964208
436 -0.200501 -0.981061
140 -0.142315 -0.980258
17 -0.124575 -0.988158
26 0.158153 -1.064293
21 -0.599652 -0.890229
187 -0.745992 -0.860208
137 -0.420709 -0.924519
117 -0.216746 -0.962203
147 -0.370070 -0.940519
486 -0.200806 -0.971388
74 -0.335952 -0.942778
178 -0.214306 -0.971042
464 0.417071 -1.122621
43 -0.737309 -0.856859
356 0.023666 -1.025486
432 -0.194314 -0.966742
177 -0.680113 -0.867732
485 -0.123133 -0.997618
488 -0.439598 -0.920217
481 -1.056057 -0.792741
295 0.040912 -1.041837
