500 2
431 -0.539434 -1.045173
248 0.232769 -0.981414
297 -0.118224 -0.996980
381 0.303094 -0.986138
228 0.141618 -0.979492
61 0.018709 -1.000563
85 -0.223597 -1.012399
267 0.760517 -0.945109
293 0.376602 -0.968643
299 -0.140745 -1.011427
28 0.117934 -0.988345
128 0.116009 -0.988278
334 -0.415113 -1.036431
118 0.217172 -0.982876
145 0.085546 -0.987308
390 -0.182522 -0.999768
445 0.166051 -0.983598
78 0.042391 -0.988456
302 0.214693 -0.977292
40 0.108384 -0.991301
459 -0.485867 -1.035874
332 -0.117892 -1.002331
335 0.356099 -0.968524
244 -0.143266 -1.011364
387 0.104359 -0.986920
393 -0.162104 -1.007371
480 -0.364526 -1.022218
492 0.512393 -0.956714
388 0.073888 -0.991737
207 0.032893 -0.986456
266 -0.249368 -1.010465
35 0.341867 -0.966595
358 -0.150702 -1.005103
440 0.496364 -0.960363
424 -0.359995 -1.024132
454 0.337142 -0.967883
7 0.421016 -0.963972
71 0.126530 -0.980446
486 0.253146 -0.974370
163 -0.122180 -1.006899
346 0.228678 -0.982701
237 0.275994 -0.982890
148 -0.292055 -1.018892
315 0.011801 -0.992529
343 0.584081 -0.954652
147 0.268753 -0.969973
188 0.024658 -0.986768
161 0.146961 -0.988365
97 0.163792 -0.984610
410 -0.162423 -1.010687
452 -0.010054 -0.989916
91 0.223637 -0.980361
250 -0.020917 -0.999005
481 -0.412726 -1.032758
279 0.009455 -0.992559
241 0.180813 -0.983297
411 0.067144 -0.993762
24 -0.014221 -0.999396
33 -0.031378 -0.996538
402 0.406975 -0.962695
468 -0.328966 -1.021284
187 -0.054623 -1.001062
356 0.064292 -0.985080
337 0.550261 -0.964461
398 -0.301806 -1.024154
225 0.432968 -0.972423
255 0.100601 -0.983145
44 -0.007564 -0.993041
333 -0.044276 -0.994956
365 -0.100195 -1.013982
110 0.252121 -0.977952
45 0.366099 -0.970672
112 0.026974 -0.989979
436 -0.572093 -1.047772
173 0.417109 -0.963800
100 -0.434912 -1.028153
256 -0.284431 -1.020256
20 -0.215857 -1.015057
296 -0.023724 -1.001526
94 -0.151348 -1.010462
119 0.216069 -0.977482
271 0.437385 -0.957094
223 0.237374 -0.983916
369 0.460575 -0.974876
290 0.167840 -0.973995
309 0.461812 -0.962234
476 0.138000 -0.982841
21 -0.130035 -1.008779
465 -0.450960 -1.030988
178 0.400214 -0.970378
283 -0.151407 -1.005497
323 0.193087 -0.978387
432 -0.080974 -0.998033
108 0.053120 -0.989589
39 -0.444740 -1.030549
470 0.679092 -0.952807
98 -0.431255 -1.034699
269 -0.000422 -0.997250
6 -0.168907 -1.009144
423 -0.378884 -1.032081
212 0.007027 -0.991363
348 0.405417 -0.968805
129 -0.033084 -0.992043
276 0.218845 -0.977148
292 0.220393 -0.983451
385 0.472933 -0.963250
99 0.499123 -0.965536
10 0.521224 -0.968940
73 -0.035605 -1.001970
399 -0.801957 -1.070097
36 -0.418711 -1.032878
336 0.201723 -0.979738
219 0.154544 -0.985030
294 0.283311 -0.970509
300 0.208881 -0.980320
472 0.178064 -0.983362
67 0.142204 -0.986885
84 -0.345923 -1.022756
155 0.018775 -0.987684
461 0.340054 -0.969677
288 0.021711 -0.993150
55 0.245990 -0.979778
138 0.262295 -0.974752
19 0.366283 -0.969814
350 -0.073955 -1.002315
317 -0.099834 -0.997910
322 -0.241034 -1.020663
389 -0.039186 -0.992440
462 0.194424 -0.982971
351 0.541508 -0.964393
270 0.277364 -0.980703
469 -0.065684 -1.004988
443 0.255143 -0.974759
441 -0.382749 -1.031317
320 -0.301564 -1.021627
162 -0.320093 -1.016208
143 -0.253911 -1.011665
405 0.668826 -0.957857
82 -0.041085 -1.004300
286 0.282569 -0.978800
156 0.349221 -0.969060
57 0.600871 -0.953552
379 0.360130 -0.971417
218 0.128639 -0.975319
243 -0.183949 -1.015604
362 0.295222 -0.976936
285 -0.050073 -0.999448
376 -0.182457 -1.014944
483 0.402635 -0.975787
425 0.400393 -0.963471
216 0.467891 -0.966615
291 -0.221229 -1.017493
190 0.077745 -0.986842
135 0.163828 -0.985584
26 0.218075 -0.970833
246 0.401354 -0.965843
313 0.096124 -0.990817
280 -0.095604 -1.011934
107 0.389191 -0.975486
277 -0.100724 -1.002957
230 0.077473 -0.992645
253 -0.180019 -1.013139
450 -0.102421 -1.009964
56 0.147898 -0.982904
391 0.142732 -0.987311
437 -0.559928 -1.045862
15 0.437117 -0.974904
221 0.156444 -0.990714
31 0.544743 -0.968174
496 0.401061 -0.960617
90 -0.041409 -0.994205
412 0.091667 -0.986657
471 0.174520 -0.981834
215 0.103512 -0.991501
199 -0.331487 -1.027168
102 0.129613 -0.979322
80 0.152245 -0.984238
352 -0.182213 -1.015572
311 0.336098 -0.972032
427 0.215363 -0.971204
224 -0.069355 -1.005327
434 0.052079 -0.997594
70 0.095338 -0.993892
272 -0.047107 -0.996650
298 -0.637129 -1.057799
232 -0.207719 -1.011256
344 0.164898 -0.989024
13 0.443058 -0.966293
133 -0.044300 -0.992494
136 -0.494458 -1.038710
9 0.090195 -0.991242
5 -0.179280 -1.013239
363 -0.008370 -0.995929
159 0.340883 -0.972250
149 0.007974 -0.981037
203 0.243662 -0.972959
109 -0.800430 -1.076621
357 0.120711 -0.992099
404 0.083975 -1.001823
259 0.009152 -0.995710
32 0.034317 -0.987076
171 0.342172 -0.970943
306 0.550817 -0.954962
439 0.616465 -0.950778
397 0.074202 -0.984800
213 0.131878 -0.986655
234 0.030808 -0.991083
184 -0.324677 -1.023542
295 1.029673 -0.922469
372 0.263786 -0.977175
4 0.005376 -1.003116
204 -0.138292 -1.006233
194 0.315714 -0.983017
87 -0.524420 -1.040506
428 0.286481 -0.982463
164 -0.244952 -1.012942
460 -0.081855 -0.995364
242 0.470498 -0.963982
257 0.588374 -0.961544
420 -0.070315 -1.002830
251 -0.519656 -1.035512
165 0.316601 -0.977216
416 0.031716 -0.984880
485 -0.244626 -1.014744
447 -0.475371 -1.040949
179 -0.119648 -1.007055
185 0.136089 -0.978511
23 0.234565 -0.980394
146 0.094529 -0.975641
463 0.357486 -0.969574
226 0.120088 -0.986929
342 0.162685 -0.989049
254 -0.041764 -0.999613
125 -0.280263 -1.016816
312 -0.022160 -1.005270
308 0.042733 -1.000096
275 -0.204450 -1.013544
150 0.076885 -0.989759
331 -0.090614 -1.007625
209 0.223784 -0.983430
456 -0.223472 -1.012747
474 0.453370 -0.962828
30 -0.250903 -1.007745
3 0.638395 -0.953645
86 0.181480 -0.981816
353 0.831671 -0.947430
339 0.512172 -0.965929
1 0.178345 -0.977155
407 -0.019112 -0.995740
121 0.538274 -0.963222
364 -0.095276 -0.999604
347 0.043014 -1.002035
43 0.397962 -0.971267
27 0.489454 -0.965104
126 -0.041125 -0.999964
38 0.028215 -0.990355
319 0.143437 -0.985527
406 -0.260062 -1.014840
374 0.215171 -0.981986
325 0.272836 -0.971049
287 0.224805 -0.974339
247 0.041444 -0.987039
367 -0.000940 -0.996888
421 0.227117 -0.982486
235 0.227369 -0.975518
263 0.280472 -0.967546
62 0.448584 -0.957943
370 -0.014704 -0.996641
375 -0.143548 -1.008126
134 0.042682 -0.992630
488 0.152009 -0.983007
198 -0.066535 -1.004559
354 -0.151479 -1.006209
395 -0.376706 -1.027351
141 0.061911 -0.988361
127 0.337471 -0.963006
66 0.296324 -0.969279
64 -0.159390 -1.003649
499 0.071645 -0.985284
493 0.178003 -0.981154
378 0.064103 -0.979698
438 0.006570 -0.990765
455 -0.010066 -0.985029
8 0.509822 -0.969535
169 0.418041 -0.977173
59 -0.019599 -0.992669
409 0.253640 -0.984808
186 0.428496 -0.972423
75 0.264104 -0.977042
191 -0.017293 -0.986417
50 0.218034 -0.980689
231 -0.265744 -1.018544
175 0.335249 -0.967417
384 0.306830 -0.973901
475 0.217140 -0.970577
93 0.133402 -0.986100
96 0.175879 -0.984342
236 0.324138 -0.972320
72 0.476711 -0.961254
60 0.228607 -0.981388
268 0.467108 -0.971677
316 0.140412 -0.971958
301 0.012360 -0.996349
484 0.148531 -0.982973
318 0.082866 -0.992829
355 0.346387 -0.976415
473 -0.374182 -1.027390
95 0.290502 -0.969952
140 -0.267533 -1.017241
490 -0.261985 -1.025234
491 0.118911 -0.985727
457 0.076859 -0.983799
345 0.144762 -0.984449
368 0.224072 -0.980180
498 -0.175566 -1.015840
208 0.056885 -0.994990
429 0.034995 -0.992311
79 -0.295259 -1.015135
289 0.313793 -0.964910
479 0.033501 -0.997985
467 0.338578 -0.975842
392 0.152724 -0.983560
217 -0.070623 -1.004366
46 -0.162865 -1.011151
116 -0.145745 -1.004487
258 0.319504 -0.974662
414 0.140424 -0.987875
220 0.043134 -1.000505
446 -0.088786 -0.995687
48 0.001265 -0.987714
435 -0.176306 -1.000383
170 0.280701 -0.980178
371 0.483902 -0.970196
77 0.248718 -0.983134
417 0.249892 -0.969817
200 0.051823 -0.989976
382 -0.056179 -1.000498
303 0.400480 -0.968860
197 0.223270 -0.984199
284 -0.112442 -1.002607
167 -0.266254 -1.015139
124 -0.042641 -0.996215
453 -0.165504 -1.002549
0 -0.041026 -0.995908
494 0.067582 -0.993279
177 -0.347154 -1.025126
329 -0.177076 -1.016235
11 0.264102 -0.974696
380 0.604587 -0.957429
310 0.099629 -0.981913
89 0.068943 -0.990993
281 0.091892 -0.986827
477 0.429023 -0.960852
328 -0.020986 -0.998631
131 -0.093925 -0.999694
174 -0.288259 -1.023885
278 0.311065 -0.972259
101 0.370868 -0.973257
16 -0.221567 -1.016227
202 0.506898 -0.962068
361 -0.139963 -0.995676
104 0.404063 -0.971618
115 0.030297 -0.986808
81 0.880144 -0.948837
92 0.157867 -0.980076
193 0.178145 -0.980341
196 0.090421 -0.988952
172 -0.569635 -1.044963
418 0.105586 -0.983346
83 0.020532 -0.992576
326 0.743723 -0.952793
451 0.491180 -0.967063
214 0.429235 -0.963549
377 -0.003281 -0.996747
154 0.037052 -0.991426
464 -0.063928 -1.001129
139 0.146522 -0.980430
341 0.655255 -0.957830
17 -0.200288 -1.010932
142 -0.393620 -1.028272
265 0.107695 -0.980503
413 -0.162880 -1.003110
14 -0.074626 -0.999016
442 -0.478845 -1.039327
249 -0.075627 -1.001787
151 0.403882 -0.975069
444 -0.294918 -1.018607
233 0.074182 -0.990899
497 -0.132203 -1.004849
113 0.300280 -0.976684
192 0.061230 -0.989698
189 -0.987308 -1.097267
122 -0.034204 -1.000341
448 0.882608 -0.948464
2 -0.244149 -1.008066
260 0.202272 -0.980105
487 -0.512332 -1.042994
240 0.214567 -0.975147
338 -0.581105 -1.043127
495 -0.094855 -1.000014
158 -0.394320 -1.029584
58 0.622964 -0.954872
304 0.008792 -0.995635
114 -0.047062 -1.008114
274 0.426512 -0.966380
152 0.509293 -0.961095
386 0.239967 -0.982313
482 0.484696 -0.958740
29 -0.089665 -0.995921
324 -0.435051 -1.031530
69 -0.409355 -1.029970
42 0.274301 -0.975060
130 -0.372973 -1.029124
201 0.390872 -0.966371
222 0.146392 -0.984071
415 0.278270 -0.970623
205 0.080592 -0.992661
273 0.817226 -0.943971
321 0.650721 -0.965732
144 -0.116329 -1.002988
227 0.232644 -0.985573
401 -0.014763 -0.995119
52 0.244331 -0.979344
252 0.484236 -0.962675
349 -0.203185 -1.009615
103 -0.360614 -1.015957
63 0.458237 -0.966122
166 -0.109946 -0.994264
111 0.245682 -0.973661
176 0.235169 -0.969212
360 0.448954 -0.970995
41 -0.023986 -0.999786
261 -0.108136 -1.009118
422 0.317909 -0.976136
238 -0.334264 -1.026101
426 -0.373789 -1.026495
262 -0.964078 -1.086859
408 -0.804661 -1.080910
65 0.011081 -0.992416
47 -0.209935 -1.008208
433 0.472145 -0.954513
305 0.223397 -0.978919
206 0.052216 -0.984921
153 -0.393777 -1.038795
396 0.591211 -0.959511
88 -0.316608 -1.021593
34 0.970974 -0.946120
239 -0.046997 -0.997395
123 -0.295873 -1.029379
12 -0.229942 -1.012848
168 0.197632 -0.983866
211 -0.537154 -1.043501
182 0.212294 -0.974998
132 0.055703 -0.988740
314 -0.616003 -1.050056
449 -0.820218 -1.087531
183 0.007606 -0.997726
25 0.127559 -0.988172
210 0.233073 -0.972733
37 -0.689094 -1.057850
383 -0.368791 -1.018746
68 -0.203034 -1.004055
330 0.052541 -0.993331
307 0.175079 -0.989055
400 0.413946 -0.977170
373 0.162725 -0.986635
53 0.144925 -0.987257
359 0.002962 -0.989227
264 0.546696 -0.953050
282 -0.527755 -1.046911
366 0.594745 -0.972053
340 -0.429990 -1.037008
120 0.072988 -0.993163
195 0.226803 -0.984380
327 -0.202257 -1.009836
74 0.338600 -0.976509
245 -0.132953 -1.005617
157 -0.140535 -1.007686
76 0.538216 -0.961935
181 -0.406392 -1.017917
394 0.121079 -0.986165
105 0.612208 -0.960612
54 0.042733 -0.994268
51 -0.249274 -1.018988
419 0.408390 -0.971843
49 0.423401 -0.975555
106 -0.144187 -0.998349
117 -0.041751 -0.997058
22 0.535933 -0.962696
180 0.096523 -0.980024
137 0.086659 -0.995329
466 0.119191 -0.984854
478 0.171616 -0.977022
403 0.347760 -0.964454
489 0.369420 -0.970610
18 -0.391604 -1.024462
458 -0.175158 -1.016447
160 0.054280 -0.991790
430 0.128160 -0.984795
229 -0.350468 -1.018500
