500 2
174 -0.678113 -0.755689
15 -0.694745 -0.746979
54 -0.441868 -0.885714
443 -0.539674 -0.831676
467 -0.499127 -0.856559
263 -0.584272 -0.803829
58 -0.521515 -0.845688
203 -0.619342 -0.791191
214 -0.537999 -0.827329
212 -0.625561 -0.781153
202 -0.443413 -0.889282
94 -0.465858 -0.874854
379 -0.641630 -0.773471
300 -0.490862 -0.864998
417 -0.481922 -0.865451
498 -0.452628 -0.883296
374 -0.495094 -0.862656
288 -0.611659 -0.796109
80 -0.453731 -0.886064
292 -0.476462 -0.869233
482 -0.414633 -0.897320
238 -0.574295 -0.815530
348 -0.461425 -0.877280
147 -0.496926 -0.857580
473 -0.528441 -0.840540
218 -0.416636 -0.903241
337 -0.504788 -0.853965
302 -0.481788 -0.864724
127 -0.535150 -0.836135
451 -0.500297 -0.853482
149 -0.532477 -0.832534
393 -0.376155 -0.923623
63 -0.463210 -0.871674
76 -0.523378 -0.837358
128 -0.474792 -0.863829
271 -0.303260 -0.965537
207 -0.432094 -0.891314
251 -0.506192 -0.852991
304 -0.621611 -0.782689
211 -0.533523 -0.841468
426 -0.649630 -0.771658
296 -0.586955 -0.803351
22 -0.438388 -0.884299
411 -0.580058 -0.809425
383 -0.418027 -0.902125
96 -0.461465 -0.879170
372 -0.429339 -0.895921
418 -0.720383 -0.730692
0 -0.418428 -0.909559
338 -0.545103 -0.832243
404 -0.502914 -0.847495
258 -0.531936 -0.833424
64 -0.428012 -0.892158
132 -0.740030 -0.726341
277 -0.529656 -0.841298
283 -0.537366 -0.837928
474 -0.657639 -0.763993
108 -0.673873 -0.755789
465 -0.530759 -0.843221
434 -0.435519 -0.887067
314 -0.588006 -0.805020
256 -0.430361 -0.894437
350 -0.386110 -0.908209
294 -0.426024 -0.890839
401 -0.474088 -0.873165
308 -0.469369 -0.873453
305 -0.355535 -0.934241
321 -0.456495 -0.880455
223 -0.533622 -0.841765
100 -0.480773 -0.871647
176 -0.539265 -0.825401
250 -0.690824 -0.750047
165 -0.520473 -0.847349
199 -0.578830 -0.810183
98 -0.219771 -1.012306
494 -0.651989 -0.774505
8 -0.509420 -0.851774
388 -0.475371 -0.865323
25 -0.573912 -0.812082
34 -0.415132 -0.901447
333 -0.522293 -0.841059
23 -0.474511 -0.865888
281 -0.574230 -0.809555
320 -0.299455 -0.967738
209 -0.551633 -0.832957
220 -0.502601 -0.855635
298 -0.473936 -0.872024
17 -0.631536 -0.779261
464 -0.635823 -0.778895
357 -0.483472 -0.864490
341 -0.490444 -0.862791
342 -0.416154 -0.899183
253 -0.422811 -0.900587
109 -0.482626 -0.861000
134 -0.542206 -0.837665
104 -0.464054 -0.876800
396 -0.302710 -0.965624
124 -0.469704 -0.867320
442 -0.710971 -0.739840
31 -0.327087 -0.947426
178 -0.445316 -0.886131
164 -0.212772 -1.016552
157 -0.610454 -0.792095
441 -0.375236 -0.922192
83 -0.512176 -0.845602
285 -0.385349 -0.925540
291 -0.468866 -0.869770
57 -0.456985 -0.880080
424 -0.514549 -0.847603
485 -0.346053 -0.944079
438 -0.692143 -0.744684
366 -0.481148 -0.864393
161 -0.402902 -0.909844
224 -0.651638 -0.765338
293 -0.519883 -0.847469
233 -0.568930 -0.829264
329 -0.433757 -0.895004
84 -0.553614 -0.824953
242 -0.614273 -0.791220
257 -0.405168 -0.911619
349 -0.481159 -0.867106
243 -0.402599 -0.905981
453 -0.418960 -0.906411
126 -0.463602 -0.877637
331 -0.532010 -0.838401
133 -0.541416 -0.832187
395 -0.428319 -0.892256
81 -0.394202 -0.916494
248 -0.515511 -0.847695
65 -0.758108 -0.705945
145 -0.628935 -0.783045
11 -0.430220 -0.894787
476 -0.598374 -0.795208
166 -0.496052 -0.854947
40 -0.551239 -0.826021
347 -0.608432 -0.792620
493 -0.605275 -0.797183
405 -0.274379 -0.978896
380 -0.640675 -0.779991
169 -0.454875 -0.879830
356 -0.351008 -0.937436
37 -0.544570 -0.826933
91 -0.312574 -0.957694
135 -0.389875 -0.917092
311 -0.311185 -0.966485
163 -0.445621 -0.885951
478 -0.485055 -0.866632
463 -0.641368 -0.773169
198 -0.427434 -0.901941
86 -0.419944 -0.900023
324 -0.631418 -0.778270
204 -0.662343 -0.767040
499 -0.280028 -0.985895
154 -0.489094 -0.855859
489 -0.426355 -0.894646
419 -0.465290 -0.876001
385 -0.502119 -0.851288
279 -0.299915 -0.972460
141 -0.396334 -0.908860
26 -0.434988 -0.889674
184 -0.260964 -0.991079
18 -0.431591 -0.895795
111 -0.455651 -0.881739
422 -0.464736 -0.874034
239 -0.541420 -0.834825
60 -0.414122 -0.904311
254 -0.516169 -0.843623
343 -0.496395 -0.857489
295 -0.293051 -0.973806
181 -0.578730 -0.812346
252 -0.395945 -0.916319
228 -0.500398 -0.860810
106 -0.340152 -0.942780
33 -0.560807 -0.816196
261 -0.371547 -0.924128
260 -0.569940 -0.816062
180 -0.665037 -0.758348
322 -0.432876 -0.892944
312 -0.475085 -0.871250
328 -0.514897 -0.845218
460 -0.528569 -0.833838
156 -0.448135 -0.885847
235 -0.570716 -0.814676
74 -0.463442 -0.872530
2 -0.454377 -0.883489
433 -0.410689 -0.904524
16 -0.596945 -0.803534
317 -0.407612 -0.905953
381 -0.325007 -0.947543
421 -0.573004 -0.816733
483 -0.633896 -0.785197
275 -0.412299 -0.904308
382 -0.455813 -0.885339
146 -0.533604 -0.840612
171 -0.579771 -0.811455
414 -0.388136 -0.918365
423 -0.446892 -0.882934
375 -0.437258 -0.889823
364 -0.191288 -1.034865
110 -0.179292 -1.038687
189 -0.587191 -0.803681
327 -0.625051 -0.785991
72 -0.306261 -0.968315
358 -0.527722 -0.848279
240 -0.463969 -0.871046
286 -0.358819 -0.929173
268 -0.585251 -0.812787
407 -0.473490 -0.869887
409 -0.564478 -0.811422
413 -0.685246 -0.750633
386 -0.598810 -0.800798
307 -0.406532 -0.899892
150 -0.430368 -0.890692
232 -0.525300 -0.842471
20 -0.448525 -0.884563
376 -0.397091 -0.911007
249 -0.524020 -0.842481
454 -0.350480 -0.936417
182 -0.417747 -0.898794
205 -0.546867 -0.828474
310 -0.603298 -0.794256
27 -0.333019 -0.950508
402 -0.562177 -0.820851
183 -0.627639 -0.778499
14 -0.382431 -0.924811
231 -0.428234 -0.894641
89 -0.568763 -0.811577
87 -0.482617 -0.856911
125 -0.481316 -0.874511
365 -0.360566 -0.936494
387 -0.372153 -0.922252
425 -0.565125 -0.815629
303 -0.512040 -0.848394
226 -0.469293 -0.868394
446 -0.446705 -0.878881
30 -0.397588 -0.914191
458 -0.533689 -0.829019
121 -0.497863 -0.860759
129 -0.520674 -0.831854
363 -0.488078 -0.859471
462 -0.472166 -0.877038
194 -0.456564 -0.876553
371 -0.586124 -0.808794
391 -0.407115 -0.900627
484 -0.613040 -0.792064
213 -0.385939 -0.922021
284 -0.391954 -0.918536
267 -0.690711 -0.743621
477 -0.414376 -0.901527
24 -0.515464 -0.849687
46 -0.407286 -0.903195
278 -0.376300 -0.923479
430 -0.523056 -0.845906
236 -0.538430 -0.830743
78 -0.424245 -0.896888
497 -0.442742 -0.887417
287 -0.432536 -0.893675
420 -0.464764 -0.873465
399 -0.559380 -0.822185
471 -0.499082 -0.855371
432 -0.472160 -0.874904
334 -0.395793 -0.914134
237 -0.426227 -0.898558
378 -0.604384 -0.791637
221 -0.628953 -0.785018
195 -0.434674 -0.896205
36 -0.291431 -0.974204
90 -0.391466 -0.915198
136 -0.444014 -0.882023
394 -0.447488 -0.880791
82 -0.573605 -0.808307
70 -0.368661 -0.929230
306 -0.591657 -0.807203
449 -0.393872 -0.912361
148 -0.720503 -0.729965
490 -0.394451 -0.919246
468 -0.573670 -0.821273
274 -0.454371 -0.878341
173 -0.470646 -0.871562
13 -0.466883 -0.872941
412 -0.305333 -0.963274
389 -0.384806 -0.920910
61 -0.411760 -0.908231
143 -0.316060 -0.957281
492 -0.477527 -0.873423
123 -0.698276 -0.740280
313 -0.567162 -0.815433
352 -0.373126 -0.924188
59 -0.381139 -0.913436
49 -0.408516 -0.902389
272 -0.560186 -0.829618
437 -0.552616 -0.824545
85 -0.574069 -0.816645
177 -0.622793 -0.778676
192 -0.421166 -0.901865
428 -0.483535 -0.864611
340 -0.490175 -0.857084
38 -0.376806 -0.922968
28 -0.439973 -0.890417
29 -0.519626 -0.842017
444 -0.489574 -0.860009
229 -0.376572 -0.923920
155 -0.527209 -0.833664
12 -0.664343 -0.759889
162 -0.564367 -0.815233
289 -0.414052 -0.896104
62 -0.459696 -0.880662
5 -0.357676 -0.933171
138 -0.600601 -0.792018
7 -0.285401 -0.974548
219 -0.361569 -0.936217
119 -0.539573 -0.829398
190 -0.563978 -0.816451
440 -0.374976 -0.918323
326 -0.431211 -0.897824
455 -0.489111 -0.870898
410 -0.345398 -0.941798
225 -0.329456 -0.950594
158 -0.577350 -0.813429
259 -0.413064 -0.905373
481 -0.473539 -0.862791
472 -0.443250 -0.885590
255 -0.213928 -1.010548
466 -0.385109 -0.920557
210 -0.751930 -0.711754
75 -0.442854 -0.886968
168 -0.453647 -0.884224
217 -0.813812 -0.680350
152 -0.583407 -0.801602
19 -0.273049 -0.984834
415 -0.404700 -0.910766
215 -0.376694 -0.922277
115 -0.281039 -0.985289
116 -0.647882 -0.772824
488 -0.523619 -0.841325
55 -0.459923 -0.875174
355 -0.609269 -0.793112
51 -0.421100 -0.904100
450 -0.422637 -0.896506
360 -0.482183 -0.861955
159 -0.403432 -0.910845
479 -0.611530 -0.791079
336 -0.385282 -0.922938
131 -0.474826 -0.871881
416 -0.544284 -0.829426
112 -0.263261 -0.991017
345 -0.327875 -0.950442
99 -0.457179 -0.881665
144 -0.475782 -0.865562
140 -0.623301 -0.788438
319 -0.444781 -0.885148
276 -0.398574 -0.912847
339 -0.455781 -0.879418
1 -0.426342 -0.892356
459 -0.394563 -0.920512
68 -0.798276 -0.688368
151 -0.414688 -0.897167
392 -0.406204 -0.914405
9 -0.499623 -0.861139
114 -0.599313 -0.801212
344 -0.652428 -0.765510
103 -0.377899 -0.916937
175 -0.675585 -0.751125
172 -0.558878 -0.826298
188 -0.309405 -0.963627
56 -0.642524 -0.773876
290 -0.556015 -0.824973
448 -0.408448 -0.917118
245 -0.283351 -0.975383
373 -0.531574 -0.836940
4 -0.496439 -0.858607
301 -0.339754 -0.943782
6 -0.325751 -0.954517
273 -0.699557 -0.737824
377 -0.501944 -0.860034
71 -0.406253 -0.905187
469 -0.420928 -0.897639
486 -0.546556 -0.826067
234 -0.424314 -0.902550
354 -0.524861 -0.832862
44 -0.267452 -0.987563
470 -0.404365 -0.903791
196 -0.552464 -0.823639
456 -0.474709 -0.870044
480 -0.432979 -0.887707
201 -0.470645 -0.874732
262 -0.471197 -0.871502
48 -0.530433 -0.829875
170 -0.327494 -0.957009
35 -0.518646 -0.847508
266 -0.743066 -0.721297
93 -0.536376 -0.835175
362 -0.282515 -0.980795
361 -0.594463 -0.795521
332 -0.289179 -0.977081
186 -0.474033 -0.875523
491 -0.575762 -0.810407
197 -0.579257 -0.808565
400 -0.646813 -0.777684
206 -0.330422 -0.953803
369 -0.456858 -0.883157
73 -0.550059 -0.826145
427 -0.573017 -0.810690
309 -0.485466 -0.865316
330 -0.608127 -0.799077
139 -0.421543 -0.898247
120 -0.449084 -0.885270
353 -0.552172 -0.827326
368 -0.410440 -0.902112
160 -0.549678 -0.826576
351 -0.522821 -0.836549
270 -0.551003 -0.825912
142 -0.582786 -0.811570
244 -0.479510 -0.867764
247 -0.514780 -0.847307
3 -0.666957 -0.760713
227 -0.443047 -0.882076
102 -0.459466 -0.878288
39 -0.625703 -0.782751
241 -0.365493 -0.929146
187 -0.717473 -0.728221
367 -0.374524 -0.930499
45 -0.293081 -0.971346
95 -0.461409 -0.875467
10 -0.526692 -0.840170
496 -0.403592 -0.909082
43 -0.699470 -0.738949
97 -0.555761 -0.828768
323 -0.532581 -0.834364
191 -0.638056 -0.776165
370 -0.368201 -0.932082
318 -0.511420 -0.848525
216 -0.420946 -0.896608
179 -0.637296 -0.772801
118 -0.370297 -0.932544
67 -0.590398 -0.807997
445 -0.657753 -0.768703
185 -0.607675 -0.793972
66 -0.369048 -0.929255
113 -0.498333 -0.846751
439 -0.506518 -0.849489
403 -0.255195 -0.990306
53 -0.446094 -0.888727
315 -0.432493 -0.885870
32 -0.512896 -0.853586
208 -0.542729 -0.829653
384 -0.534332 -0.835928
390 -0.334964 -0.949433
408 -0.700513 -0.744615
137 -0.632046 -0.780648
117 -0.330143 -0.948819
105 -0.539180 -0.833759
122 -0.426938 -0.896286
280 -0.482829 -0.862395
429 -0.438678 -0.889888
101 -0.433209 -0.886220
47 -0.443389 -0.886532
42 -0.539874 -0.837307
153 -0.370734 -0.925778
193 -0.582522 -0.809037
487 -0.606783 -0.796600
246 -0.643765 -0.773902
50 -0.557499 -0.822366
431 -0.639120 -0.776202
52 -0.564542 -0.824221
316 -0.468892 -0.870710
79 -0.477344 -0.863409
346 -0.513237 -0.846998
335 -0.406137 -0.909649
397 -0.533520 -0.834279
398 -0.536300 -0.832734
264 -0.492675 -0.848883
495 -0.533940 -0.836217
457 -0.528063 -0.839114
461 -0.523809 -0.845460
435 -0.585512 -0.808369
447 -0.380937 -0.921848
436 -0.401033 -0.904373
200 -0.533234 -0.839920
475 -0.432853 -0.900060
130 -0.614227 -0.793688
406 -0.584154 -0.808186
88 -0.536686 -0.830806
325 -0.635642 -0.784088
21 -0.716028 -0.732776
452 -0.530319 -0.835715
265 -0.444033 -0.893912
77 -0.251238 -0.996443
167 -0.514345 -0.844402
107 -0.518217 -0.846512
282 -0.440171 -0.884357
269 -0.431731 -0.894648
230 -0.509641 -0.850754
92 -0.424652 -0.902146
297 -0.559042 -0.824200
69 -0.395066 -0.918434
41 -0.566660 -0.818596
359 -0.495139 -0.856600
222 -0.538074 -0.834789
299 -0.568899 -0.819844
