500 2
390 -0.036853 -0.995502
42 0.335055 -0.975552
408 0.262352 -0.983014
484 -0.032783 -0.998115
395 0.377198 -0.980891
261 0.013732 -0.991016
102 -0.118353 -0.997662
78 -0.054778 -0.993571
150 0.133718 -0.990646
149 -0.198436 -1.007126
184 0.090328 -0.992002
493 -0.169888 -1.005380
286 0.237063 -0.986648
482 0.205718 -0.974134
470 0.001926 -0.991114
488 -0.478363 -1.027532
466 0.252454 -0.986928
219 0.669115 -0.969947
385 0.201032 -0.982765
19 -0.050051 -0.998099
93 0.198651 -0.980809
5 0.171293 -0.981632
460 -0.307101 -1.013799
449 0.322288 -0.980131
344 0.179737 -0.978793
463 0.096014 -0.994978
136 -0.227329 -1.010848
127 0.044681 -0.987727
119 0.366126 -0.977062
129 0.344207 -0.977761
32 -0.043999 -0.989462
401 -0.175158 -1.007241
492 0.343336 -0.978617
131 -0.341412 -1.020555
46 -0.058845 -0.996436
207 0.009126 -0.990607
450 0.006891 -0.997745
280 0.133399 -0.988074
412 -0.011164 -0.989634
4 -0.345429 -1.012519
221 -0.038014 -0.993969
410 0.515796 -0.965194
264 0.516647 -0.970933
194 0.178934 -0.982162
201 0.456157 -0.975963
283 -0.222739 -1.003458
257 0.719128 -0.969881
476 0.178523 -0.980563
30 0.107839 -0.986725
414 0.203766 -0.980386
197 0.098335 -0.990315
234 -0.266595 -1.015172
252 0.296322 -0.975421
351 0.015638 -0.994023
92 -0.219933 -1.006349
239 0.070215 -0.994828
106 0.095242 -0.987802
313 0.077612 -0.986043
95 -0.070121 -1.000383
153 0.125644 -0.992653
98 -0.068835 -0.994910
268 0.199710 -0.982121
326 -0.120509 -1.001272
353 0.277950 -0.977896
112 -0.129023 -1.005868
216 0.051344 -0.987400
438 0.575862 -0.965179
323 0.091714 -0.989365
223 0.103828 -0.982623
212 0.369419 -0.975478
229 0.650708 -0.969623
208 -0.234963 -1.003315
110 0.553043 -0.970435
175 -0.369687 -1.025356
448 0.322153 -0.984975
87 0.353472 -0.985328
441 0.595509 -0.961697
39 0.023701 -0.997183
44 0.420303 -0.974268
104 -0.140628 -1.001479
99 0.690974 -0.972668
193 -0.389537 -1.015112
26 0.458889 -0.968280
409 0.172161 -0.989837
269 0.334404 -0.975759
477 -0.090076 -1.000721
321 -0.177207 -1.003729
494 0.224136 -0.987365
420 -0.106003 -0.999078
165 -0.135285 -1.002675
339 -0.147318 -1.004097
29 0.778487 -0.967206
375 0.132757 -0.991426
310 0.092311 -0.992312
271 0.553817 -0.967282
244 -0.649373 -1.042395
287 -0.473219 -1.022697
457 -0.024283 -0.997480
318 0.694556 -0.967878
52 -0.471657 -1.027151
126 0.031842 -0.987628
413 0.280313 -0.984208
365 0.037378 -0.987194
89 -0.071290 -0.990284
180 0.115949 -0.986195
73 -0.176243 -1.009382
267 0.030437 -0.985758
331 0.489855 -0.976083
171 -0.775493 -1.054932
294 -0.177735 -1.001931
370 -0.217736 -1.004612
84 0.029300 -0.990688
263 0.781612 -0.958494
144 -0.033503 -0.993197
396 -0.088772 -0.993334
198 0.380435 -0.975447
7 0.275738 -0.977086
497 0.478616 -0.971669
21 0.116318 -0.987346
498 0.190992 -0.985225
242 0.494428 -0.973376
245 0.003983 -0.989929
23 0.589396 -0.979914
37 -0.234392 -1.010530
3 -0.115992 -1.006169
465 0.063314 -0.991800
430 -0.207277 -1.006517
297 -0.476061 -1.019585
97 0.511883 -0.977434
169 0.556925 -0.971141
217 -0.422936 -1.022585
236 0.006001 -0.992252
462 0.056852 -0.992158
416 0.195824 -0.988678
137 0.047397 -0.993501
325 -0.025281 -0.995596
65 -0.409264 -1.019537
334 0.054164 -0.981564
209 0.207412 -0.988569
214 0.008937 -0.993138
300 -0.252888 -1.003652
405 0.547718 -0.970250
187 -0.477324 -1.024410
357 0.560263 -0.970650
442 0.144453 -0.983027
421 0.059717 -0.987328
34 -0.114400 -1.001498
148 0.016827 -0.993811
49 -0.287839 -1.008702
238 0.224453 -0.991281
195 0.023482 -0.983697
471 0.304563 -0.984096
125 -0.098351 -0.999356
355 0.037850 -0.989696
251 -0.151850 -0.995873
154 -0.355676 -1.020464
343 0.019187 -0.991455
40 0.556487 -0.968934
422 -0.275260 -1.015785
290 0.041887 -0.994387
423 0.012722 -0.994206
431 -0.186552 -1.007069
393 -0.022841 -0.993265
76 0.172269 -0.986050
496 0.540217 -0.973432
282 0.280220 -0.984031
361 0.428951 -0.972347
285 0.464954 -0.974886
14 -0.068515 -1.000696
461 -0.101399 -1.004125
483 -0.218273 -0.997284
374 -0.193051 -1.001539
11 -0.111635 -1.002501
386 -0.424255 -1.026339
53 -0.160113 -1.008434
135 -0.070856 -0.999999
68 -0.322007 -1.013799
1 -0.032866 -0.992966
328 0.262548 -0.984419
94 -0.516663 -1.015164
122 0.417403 -0.971080
12 0.330266 -0.978087
47 0.408232 -0.975197
327 0.122861 -0.986908
142 -0.235461 -1.006176
372 0.176104 -0.982213
429 0.196687 -0.982799
402 0.083977 -0.988550
394 -0.188844 -0.995273
454 0.075690 -0.983877
299 -0.192426 -1.000741
16 -0.460234 -1.023814
226 -0.307622 -1.012906
347 0.283384 -0.980251
418 -0.231803 -1.012109
316 -0.137174 -1.002603
72 0.122885 -0.989851
301 0.136405 -0.989537
364 0.184331 -0.985751
350 0.325333 -0.979615
469 -0.093056 -0.999287
55 0.045169 -0.988950
291 0.653502 -0.970197
69 0.463599 -0.978469
335 0.290222 -0.984993
101 -0.137225 -0.996807
490 -0.409155 -1.031804
28 0.282233 -0.978216
249 0.078824 -0.992648
384 -0.267916 -1.007215
376 0.781379 -0.955141
278 -0.005122 -0.998171
155 -0.239116 -1.007822
38 0.088921 -0.990533
338 0.258247 -0.975331
346 -0.552090 -1.033193
218 -0.035964 -0.988284
309 -0.012830 -0.984573
141 -0.083548 -0.998970
322 0.135688 -0.996744
56 -0.163472 -1.008516
292 0.067795 -0.991129
71 0.082124 -0.986243
305 0.067989 -0.987557
105 0.325333 -0.977452
174 -0.076273 -0.991402
161 0.166511 -0.988858
275 -0.204802 -1.009443
419 0.246438 -0.985415
381 0.333737 -0.983946
88 -0.143839 -1.006398
247 0.107157 -0.986240
352 -0.332311 -1.015047
288 -0.079255 -0.996313
159 -0.055158 -0.997473
459 -0.141107 -1.004426
225 0.444039 -0.974101
200 -0.130707 -0.997733
388 0.199347 -0.983790
371 0.154054 -0.984105
240 0.371776 -0.980165
79 0.220797 -0.984457
109 0.524731 -0.980876
91 0.572157 -0.969985
25 0.481123 -0.969615
389 0.026077 -0.993894
100 0.074264 -0.991695
8 0.284773 -0.976797
479 0.303194 -0.975302
354 -0.101786 -0.995915
152 -0.452352 -1.023322
123 0.345283 -0.982133
130 -0.214400 -1.010366
107 -0.212695 -1.012313
124 -0.371681 -1.018209
215 0.172705 -0.977295
277 0.694431 -0.973495
81 0.221069 -0.989077
70 -0.044125 -0.995516
272 0.308491 -0.975210
467 0.072490 -0.987877
157 -0.914241 -1.066361
391 0.404271 -0.973036
222 -0.346583 -1.013538
186 0.004017 -0.999885
253 0.597324 -0.972596
147 -0.245147 -1.018735
183 -0.006573 -0.996887
428 0.465268 -0.977979
114 -0.486402 -1.031833
444 0.429111 -0.970775
317 -0.509328 -1.023526
0 -0.573587 -1.033766
133 0.113270 -0.995085
120 -0.168128 -0.995962
20 0.374986 -0.968315
379 -0.006503 -0.992540
377 0.275762 -0.981604
111 0.577681 -0.968683
332 -0.047770 -0.996993
320 0.260726 -0.982319
191 -0.073577 -0.995826
237 -0.191168 -1.005201
392 0.298599 -0.979356
85 -0.069809 -1.001282
134 0.548427 -0.974990
456 0.558342 -0.963700
168 -0.021929 -0.996893
50 -0.209121 -1.010261
156 -0.069285 -0.999437
315 0.443975 -0.970989
54 -0.260605 -1.006366
224 0.499350 -0.970466
80 0.140603 -0.986568
151 0.119722 -0.985646
43 -0.606445 -1.039674
273 -0.260804 -1.012468
312 -0.049613 -0.993627
185 0.377864 -0.983269
447 -0.154279 -1.002480
6 0.386476 -0.979033
48 0.023538 -0.993032
443 0.341975 -0.981640
468 0.031978 -0.991074
383 0.396262 -0.972031
256 -0.322075 -1.017374
41 -0.098406 -1.001723
446 -0.241273 -1.017594
86 -0.505875 -1.024584
10 -0.412308 -1.026032
188 0.433033 -0.973850
210 0.034015 -0.988623
108 0.521210 -0.968490
341 0.220061 -0.981753
486 0.156916 -0.984728
158 -0.157351 -0.998540
445 0.266842 -0.983819
458 0.060844 -0.995967
115 0.372314 -0.973011
307 0.567515 -0.972473
258 -0.435249 -1.021730
337 0.163922 -0.978825
18 -0.409538 -1.018101
400 -0.282654 -1.016940
415 0.618513 -0.971680
181 -0.025813 -0.996719
427 0.166843 -0.981249
345 0.666831 -0.967519
13 0.093663 -0.980683
295 -0.483108 -1.025364
246 0.343472 -0.981339
176 0.176337 -0.978939
67 0.077410 -0.989007
432 0.029580 -0.989839
58 -0.871366 -1.070188
434 0.077922 -0.989313
103 0.095728 -0.987470
203 -0.065043 -0.998836
417 0.003926 -0.992615
113 0.005594 -0.988371
435 -0.266455 -1.010436
162 -0.044659 -0.989708
366 -0.497260 -1.021646
311 -0.053743 -1.002363
387 0.308283 -0.983431
22 0.275660 -0.976079
138 0.176110 -0.982045
24 -0.076786 -0.988098
31 0.175516 -0.987329
250 -0.044684 -0.998884
293 0.375886 -0.976136
60 0.430557 -0.977188
220 0.603799 -0.967651
363 -0.060656 -0.994169
270 0.532468 -0.967600
82 0.196243 -0.983259
336 0.200990 -0.975701
358 -0.263478 -1.008249
182 0.414884 -0.972705
308 0.271374 -0.984390
437 0.012070 -0.984986
330 -0.379433 -1.017650
453 0.135093 -0.983395
368 0.314998 -0.980671
199 0.209156 -0.987316
143 0.475369 -0.967961
262 0.529943 -0.982307
398 -0.357308 -1.014456
63 -0.150644 -0.996817
378 -0.056557 -1.001748
77 -0.249019 -1.005220
425 0.002418 -0.996338
499 0.021107 -0.993937
204 -0.202077 -1.004475
202 -0.004119 -0.990124
284 -0.044225 -1.003450
173 0.442332 -0.977230
75 -0.416735 -1.013724
90 0.061100 -0.982341
473 -0.014613 -0.998370
248 0.507918 -0.977052
172 -0.127081 -0.992893
121 0.242195 -0.976296
45 0.267022 -0.978867
340 0.125253 -0.987109
367 0.573497 -0.978483
190 0.276765 -0.985725
397 -0.400976 -1.017457
166 -0.452695 -1.020836
167 0.159307 -0.984029
480 -0.115582 -1.000504
15 -0.899105 -1.070223
164 0.548291 -0.969976
211 0.454128 -0.972725
324 -0.247728 -1.003083
9 0.131133 -0.990616
231 -0.224671 -1.009395
118 0.157418 -0.985229
163 0.190087 -0.980081
276 -0.084225 -1.002550
495 -0.620670 -1.030615
230 -0.194455 -1.008814
481 -0.585270 -1.037809
232 0.104712 -0.980051
117 0.392385 -0.978528
302 -0.726996 -1.046952
348 0.057753 -0.989298
140 -0.090042 -1.004761
266 -0.204549 -0.999574
349 -0.341241 -1.014562
304 -0.568671 -1.040663
455 -0.143567 -1.008516
474 0.280242 -0.981678
96 0.405258 -0.980387
360 -0.520611 -1.022093
177 -0.178158 -1.009952
192 -0.114189 -0.998808
33 -0.229775 -0.997474
128 0.307740 -0.973803
478 0.078856 -0.994481
489 0.384294 -0.981921
17 -0.230044 -1.007809
433 0.071264 -0.991209
464 0.211696 -0.989956
281 0.134284 -0.994863
319 0.200840 -0.992571
51 -0.002950 -0.997660
485 -0.121632 -1.002798
57 -0.091825 -0.997910
116 -0.119263 -1.003512
289 -0.391789 -1.018085
303 0.296241 -0.979273
74 -0.297527 -1.015695
61 0.253049 -0.990322
475 -0.074946 -0.995014
179 0.303039 -0.974521
369 -0.600984 -1.039550
487 -0.200182 -1.005843
227 -0.053223 -0.998091
206 -0.354495 -1.008829
329 0.510868 -0.972044
241 0.436739 -0.975703
228 0.561010 -0.972686
362 0.366763 -0.974923
254 -0.229068 -1.012708
342 0.652129 -0.969486
233 -0.306896 -1.007586
2 0.555386 -0.970236
380 -0.067360 -0.993441
451 0.336549 -0.978070
59 -0.479074 -1.034043
62 0.242037 -0.989081
160 0.270148 -0.974686
145 0.033810 -0.992530
406 0.138841 -0.987616
452 0.265073 -0.981597
178 -0.075421 -1.002522
139 0.071820 -0.993508
27 -0.183846 -1.008717
265 0.070240 -1.000150
403 0.318979 -0.980495
382 -0.508450 -1.021627
411 0.187586 -0.983016
472 0.237750 -0.989584
407 0.187402 -0.982003
274 -0.283509 -1.008954
296 -0.480046 -1.027912
189 -0.559988 -1.029567
298 -0.242441 -1.003549
66 0.074861 -0.985949
306 0.155832 -0.982274
146 -0.512294 -1.038835
64 -0.202982 -1.008952
424 0.542658 -0.976638
260 -0.069731 -1.003631
235 -0.076023 -0.999634
356 0.395812 -0.977812
404 -0.522559 -1.037255
436 0.358809 -0.973150
213 0.205419 -0.980808
439 -0.382568 -1.016578
259 -0.401618 -1.015672
83 0.178742 -0.985594
373 0.266789 -0.981972
440 0.007723 -0.988521
205 0.282832 -0.980676
170 -0.295872 -1.005550
35 -0.868368 -1.071565
359 0.286135 -0.983095
196 -0.008761 -0.995543
132 -0.414428 -1.016649
255 0.252942 -0.975303
279 0.142205 -0.987459
36 0.584305 -0.972886
426 0.385456 -0.972037
314 -0.176098 -1.003775
333 0.134510 -0.989450
491 0.201172 -0.987126
243 0.053151 -0.993944
399 -0.647214 -1.038649
