2000 2
1678 -0.607025 -0.786112
1695 -0.711118 -0.689490
1260 -0.491864 -0.898474
1854 -0.721319 -0.678351
1964 -0.805393 -0.599955
511 -0.597582 -0.794922
512 -0.739031 -0.664384
1326 -0.799266 -0.607371
1791 -0.668387 -0.727109
1548 -0.722379 -0.682763
51 -0.673523 -0.725772
938 -0.812802 -0.594649
860 -0.543233 -0.847894
88 -0.658071 -0.741430
1708 -0.556340 -0.829753
822 -0.553458 -0.839883
1729 -0.795417 -0.604070
1508 -0.730601 -0.669597
183 -0.705064 -0.696257
1766 -0.774525 -0.634330
1273 -0.751463 -0.652294
937 -0.692282 -0.706305
551 -0.758678 -0.645683
865 -0.609258 -0.788735
1262 -0.634579 -0.767213
790 -0.681976 -0.714344
1211 -0.738575 -0.663531
1049 -0.609834 -0.784372
728 -0.743006 -0.659347
1745 -0.682617 -0.715478
1761 -0.504175 -0.878314
194 -0.583949 -0.809137
1812 -0.599865 -0.798645
1967 -0.633151 -0.764766
943 -0.687451 -0.715312
1908 -0.684724 -0.715844
81 -0.723448 -0.679045
298 -0.686162 -0.714452
838 -0.662631 -0.733298
1070 -0.646089 -0.752038
330 -0.671559 -0.724134
1787 -0.743569 -0.661302
614 -0.679995 -0.719737
1828 -0.668945 -0.728272
839 -0.634135 -0.760834
1855 -0.611073 -0.783575
1052 -0.628585 -0.768396
303 -0.598726 -0.795421
1758 -0.680718 -0.720930
785 -0.844140 -0.566418
1204 -0.736005 -0.664531
1843 -0.448674 -0.934431
1313 -0.692573 -0.708929
1529 -0.622219 -0.771049
3 -0.748643 -0.658389
217 -0.737551 -0.665867
916 -0.819371 -0.588958
896 -0.643460 -0.753293
956 -0.710319 -0.697937
762 -0.620426 -0.770353
359 -0.670135 -0.726577
472 -0.721062 -0.680932
624 -0.691480 -0.705961
147 -0.770293 -0.635559
1873 -0.649554 -0.745788
772 -0.566918 -0.824860
1156 -0.718530 -0.681400
567 -0.691829 -0.710023
229 -0.645099 -0.751901
1955 -0.585445 -0.807549
1138 -0.699270 -0.699458
925 -0.660147 -0.737969
1085 -0.753275 -0.648011
1662 -0.698219 -0.702512
705 -0.618851 -0.773088
1647 -0.728367 -0.674488
1440 -0.700373 -0.703606
44 -0.750918 -0.651429
683 -0.765524 -0.635215
1393 -0.674241 -0.725639
1918 -0.786538 -0.624361
441 -0.765646 -0.641589
129 -0.748868 -0.656045
177 -0.670680 -0.727108
1601 -0.584571 -0.807657
1765 -0.668528 -0.731537
380 -0.753511 -0.652570
812 -0.709382 -0.696844
669 -0.716720 -0.684600
523 -0.729567 -0.675398
232 -0.709659 -0.695536
858 -0.686759 -0.711780
496 -0.767601 -0.639652
1824 -0.795265 -0.614441
1581 -0.835034 -0.581410
1272 -0.651167 -0.745231
954 -0.639356 -0.757382
716 -0.667949 -0.734047
36 -0.608923 -0.786190
553 -0.552128 -0.842044
548 -0.684970 -0.719531
1015 -0.757113 -0.646131
1443 -0.506181 -0.880412
495 -0.708412 -0.690816
181 -0.682766 -0.719695
1913 -0.665373 -0.732841
1250 -0.685286 -0.712701
211 -0.760640 -0.645207
611 -0.703200 -0.695846
647 -0.625952 -0.768324
1632 -0.691303 -0.705121
1288 -0.785892 -0.622400
680 -0.623899 -0.771223
173 -0.682549 -0.717417
1975 -0.732475 -0.668080
697 -0.581553 -0.808032
1550 -0.779076 -0.629210
1024 -0.765918 -0.639008
80 -0.590026 -0.806307
1151 -0.747570 -0.658628
150 -0.491988 -0.897147
1509 -0.557684 -0.833349
658 -0.768817 -0.634748
1513 -0.692349 -0.709297
112 -0.690549 -0.706151
1625 -0.563087 -0.832381
623 -0.770938 -0.631829
368 -0.569608 -0.823406
157 -0.799742 -0.607642
1805 -0.677691 -0.722419
1495 -0.624739 -0.773217
1226 -0.606466 -0.790265
1475 -0.638606 -0.761485
184 -0.709606 -0.692185
308 -0.573954 -0.815959
300 -0.655111 -0.743022
1183 -0.670520 -0.730767
513 -0.719503 -0.677209
696 -0.598236 -0.797541
224 -0.747087 -0.656191
852 -0.792365 -0.617462
494 -0.635587 -0.762547
663 -0.829121 -0.579854
1671 -0.745332 -0.661379
1295 -0.555095 -0.836882
1190 -0.693285 -0.706869
627 -0.612236 -0.787318
827 -0.663472 -0.736260
1585 -0.854557 -0.559162
216 -0.505661 -0.883076
960 -0.733363 -0.671299
1547 -0.643109 -0.751975
236 -0.810011 -0.599681
1200 -0.615836 -0.775370
334 -0.681216 -0.716938
704 -0.746444 -0.657110
1951 -0.641457 -0.756529
1000 -0.660893 -0.736946
203 -0.669971 -0.727864
1823 -0.757088 -0.649741
1078 -0.652869 -0.743720
1891 -0.578404 -0.809449
1331 -0.812412 -0.593090
992 -0.727928 -0.673201
1375 -0.795581 -0.613815
1611 -0.700939 -0.702568
168 -0.733519 -0.669353
610 -0.739911 -0.657804
205 -0.706493 -0.693865
1307 -0.678127 -0.723272
301 -0.699372 -0.702453
304 -0.830930 -0.574369
520 -0.678689 -0.721767
1565 -0.760656 -0.641174
295 -0.614902 -0.778649
1996 -0.735824 -0.666031
456 -0.659672 -0.737139
1980 -0.529948 -0.859328
1807 -0.586423 -0.804519
1128 -0.659207 -0.733180
1630 -0.765276 -0.641569
1953 -0.635813 -0.761674
685 -0.562486 -0.827043
503 -0.754687 -0.645007
1730 -0.661437 -0.734588
481 -0.598093 -0.796464
861 -0.599430 -0.791145
863 -0.719500 -0.677466
874 -0.710341 -0.693002
1537 -0.640556 -0.753102
1408 -0.686053 -0.712888
1298 -0.591342 -0.807690
348 -0.799712 -0.606164
636 -0.587606 -0.804545
841 -0.796965 -0.612969
1479 -0.693715 -0.707879
188 -0.596354 -0.795368
1265 -0.747037 -0.655850
1521 -0.600443 -0.795667
1080 -0.624385 -0.772636
1505 -0.698241 -0.702296
1636 -0.548494 -0.843405
1988 -0.676997 -0.718693
1169 -0.616073 -0.786001
270 -0.611259 -0.782598
98 -0.561055 -0.831842
510 -0.652287 -0.746634
1374 -0.738196 -0.669645
825 -0.598596 -0.795013
1570 -0.851594 -0.554235
1583 -0.564843 -0.825245
842 -0.697584 -0.703345
78 -0.726448 -0.674257
1409 -0.593251 -0.803626
291 -0.624530 -0.773670
815 -0.526370 -0.863990
1496 -0.661750 -0.740040
435 -0.597018 -0.799268
1834 -0.683007 -0.717417
68 -0.912771 -0.501485
500 -0.760802 -0.639520
748 -0.712018 -0.696097
882 -0.732465 -0.672497
1263 -0.626328 -0.768373
890 -0.679572 -0.722175
538 -0.606357 -0.785628
811 -0.613574 -0.780480
1714 -0.556954 -0.830543
1727 -0.751867 -0.652687
1036 -0.780998 -0.629693
1216 -0.781741 -0.628040
1654 -0.624597 -0.773966
355 -0.761749 -0.648126
1110 -0.640508 -0.755528
1163 -0.638379 -0.755457
1502 -0.598381 -0.798442
1364 -0.651684 -0.743297
411 -0.630682 -0.765027
384 -0.719632 -0.679590
1154 -0.699867 -0.701046
1230 -0.614078 -0.782600
1561 -0.665327 -0.729072
17 -0.737410 -0.666585
1027 -0.517130 -0.875275
603 -0.593526 -0.797194
1351 -0.811720 -0.596086
778 -0.543527 -0.848374
1460 -0.683957 -0.722765
1413 -0.772671 -0.632138
715 -0.695503 -0.703429
1664 -0.651951 -0.747570
593 -0.643883 -0.753303
117 -0.622817 -0.776416
1005 -0.825716 -0.579412
1841 -0.590307 -0.805574
1862 -0.687048 -0.707471
1661 -0.756026 -0.646686
1716 -0.695568 -0.704070
345 -0.622426 -0.772777
1757 -0.704041 -0.695678
1280 -0.719811 -0.682128
541 -0.508428 -0.876866
1605 -0.698219 -0.701049
56 -0.711484 -0.685316
813 -0.876109 -0.533860
230 -0.618566 -0.781899
1139 -0.664371 -0.735607
1907 -0.790570 -0.617012
745 -0.680036 -0.719514
1916 -0.598027 -0.794680
311 -0.678194 -0.719118
310 -0.695336 -0.706160
1616 -0.674488 -0.723885
1784 -0.704844 -0.695256
1259 -0.634867 -0.762847
1544 -0.733918 -0.669733
1668 -0.566712 -0.825735
1659 -0.751706 -0.651860
124 -0.618422 -0.776667
725 -0.693988 -0.709201
1286 -0.604290 -0.787349
621 -0.751142 -0.650220
243 -0.492707 -0.893961
1768 -0.628930 -0.763701
807 -0.725429 -0.675160
1557 -0.653706 -0.742560
1991 -0.614992 -0.782982
1923 -0.676564 -0.719294
1108 -0.685031 -0.715796
199 -0.763208 -0.645988
1697 -0.709295 -0.694065
1692 -0.705636 -0.696222
497 -0.612082 -0.784395
72 -0.625232 -0.769068
1251 -0.680201 -0.718791
305 -0.564288 -0.831139
1400 -0.707937 -0.687370
1545 -0.626505 -0.777828
1422 -0.612965 -0.780504
396 -0.656730 -0.744094
1247 -0.763772 -0.640573
228 -0.794607 -0.605282
1800 -0.712354 -0.687082
1123 -0.775705 -0.631465
1239 -0.730455 -0.667762
434 -0.741359 -0.662539
485 -0.615031 -0.780302
979 -0.677065 -0.722096
1860 -0.634689 -0.760270
1089 -0.501986 -0.890541
1741 -0.614896 -0.782848
1168 -0.629099 -0.768879
1368 -0.779547 -0.629903
271 -0.648764 -0.745939
99 -0.606318 -0.787173
1620 -0.494296 -0.898387
554 -0.652967 -0.742338
174 -0.681794 -0.716664
932 -0.636288 -0.763012
12 -0.656489 -0.743824
1575 -0.561369 -0.827705
1933 -0.674421 -0.724262
619 -0.696163 -0.699565
974 -0.625719 -0.768760
182 -0.606511 -0.792828
187 -0.705855 -0.694750
77 -0.557603 -0.837779
968 -0.554407 -0.836006
1669 -0.643394 -0.752095
446 -0.745870 -0.656228
32 -0.664532 -0.733658
1567 -0.593706 -0.798560
1563 -0.681821 -0.719577
103 -0.705742 -0.696468
558 -0.748388 -0.661681
245 -0.640255 -0.757933
179 -0.690071 -0.704387
1764 -0.636617 -0.760963
1162 -0.742135 -0.657057
1701 -0.695331 -0.702972
200 -0.652610 -0.740879
830 -0.589667 -0.803115
509 -0.784946 -0.621247
637 -0.683050 -0.717757
913 -0.762298 -0.645035
749 -0.645033 -0.754023
1699 -0.667874 -0.734003
493 -0.722588 -0.681712
521 -0.705486 -0.696326
878 -0.641175 -0.752265
940 -0.719004 -0.679067
132 -0.783600 -0.618631
1640 -0.589385 -0.801856
1185 -0.824138 -0.587552
1366 -0.763171 -0.637163
161 -0.623134 -0.772997
803 -0.747670 -0.658479
1831 -0.643246 -0.753740
1921 -0.680554 -0.717628
219 -0.538740 -0.855200
1101 -0.737375 -0.667185
1306 -0.579504 -0.810012
1300 -0.493404 -0.891969
1871 -0.788577 -0.610887
128 -0.696444 -0.707648
1569 -0.708117 -0.692565
1560 -0.687727 -0.708356
1621 -0.810129 -0.596253
1606 -0.796441 -0.610496
363 -0.674760 -0.721949
1492 -0.672956 -0.722808
4 -0.766821 -0.640983
911 -0.643311 -0.748574
1063 -0.610780 -0.786306
1887 -0.654401 -0.742608
418 -0.795476 -0.617157
1711 -0.754544 -0.651827
1998 -0.634615 -0.757759
1501 -0.750265 -0.648321
1385 -0.661265 -0.738014
151 -0.512390 -0.878413
210 -0.662691 -0.733874
1858 -0.674835 -0.723871
1850 -0.638278 -0.755164
602 -0.577255 -0.816267
1844 -0.695948 -0.704560
1690 -0.578697 -0.812027
1302 -0.673575 -0.726327
28 -0.706934 -0.692088
1683 -0.738279 -0.668587
713 -0.623417 -0.768713
1880 -0.767967 -0.640042
130 -0.725457 -0.675232
1182 -0.622257 -0.774011
46 -0.683151 -0.718423
699 -0.667243 -0.732722
225 -0.657042 -0.737053
1946 -0.654938 -0.744894
1489 -0.542041 -0.848518
65 -0.584706 -0.813670
69 -0.684524 -0.715601
1591 -0.705064 -0.697190
1051 -0.657910 -0.739426
613 -0.734440 -0.668140
667 -0.656280 -0.742033
718 -0.612432 -0.782312
693 -0.626777 -0.767731
763 -0.716464 -0.687064
1358 -0.686553 -0.711821
279 -0.591141 -0.801867
1179 -0.700972 -0.698979
410 -0.571820 -0.825012
533 -0.878907 -0.532964
235 -0.728135 -0.681053
206 -0.629809 -0.771790
196 -0.771644 -0.637056
867 -0.773135 -0.634265
73 -0.785190 -0.618493
318 -0.757291 -0.647403
1785 -0.738875 -0.663339
1075 -0.748549 -0.653071
5 -0.676860 -0.725142
1401 -0.651822 -0.746315
575 -0.709224 -0.696356
582 -0.637477 -0.754880
408 -0.884524 -0.532912
175 -0.808640 -0.603369
1604 -0.656061 -0.743813
388 -0.706783 -0.697044
929 -0.704334 -0.700665
1589 -0.765062 -0.646553
1596 -0.732701 -0.667718
1878 -0.658911 -0.742842
886 -0.567527 -0.825707
1689 -0.668994 -0.726702
1323 -0.660629 -0.737756
1895 -0.730008 -0.665589
957 -0.642132 -0.757090
714 -0.599652 -0.795329
1598 -0.618138 -0.778192
980 -0.669129 -0.727760
1165 -0.644333 -0.753172
47 -0.598252 -0.794287
550 -0.626262 -0.769272
415 -0.582685 -0.812051
786 -0.674830 -0.726302
1724 -0.503606 -0.882711
1932 -0.586850 -0.805149
665 -0.779720 -0.627161
648 -0.553878 -0.833787
453 -0.615705 -0.783436
563 -0.698371 -0.703679
566 -0.560370 -0.834048
1566 -0.720495 -0.682168
1776 -0.756486 -0.647913
158 -0.758086 -0.646749
1498 -0.575560 -0.814418
1837 -0.630934 -0.764574
824 -0.513130 -0.874137
1715 -0.718883 -0.681645
11 -0.716102 -0.686191
782 -0.731959 -0.672847
1798 -0.699965 -0.703971
618 -0.747111 -0.658293
776 -0.754662 -0.647143
1318 -0.674424 -0.730297
37 -0.797544 -0.609009
328 -0.697900 -0.702795
1740 -0.590497 -0.802165
1290 -0.717503 -0.683490
1170 -0.646417 -0.751552
399 -0.651981 -0.747459
170 -0.634070 -0.759175
1614 -0.605146 -0.787964
1144 -0.727285 -0.675820
698 -0.760259 -0.640982
1159 -0.603893 -0.789895
930 -0.515826 -0.869175
1032 -0.697581 -0.699126
1215 -0.690175 -0.711493
1104 -0.572456 -0.815606
1304 -0.571697 -0.819601
889 -0.664004 -0.737746
1534 -0.728440 -0.674036
309 -0.827378 -0.579614
119 -0.687529 -0.712992
1213 -0.836840 -0.571182
1752 -0.606752 -0.784835
1175 -0.641501 -0.756781
1285 -0.646373 -0.752650
1145 -0.724302 -0.678681
55 -0.586758 -0.807139
1497 -0.544530 -0.846705
1702 -0.600315 -0.794293
1950 -0.652644 -0.749120
1530 -0.660857 -0.736807
605 -0.709764 -0.691821
1872 -0.476858 -0.909394
1042 -0.689121 -0.708946
1418 -0.774434 -0.630753
451 -0.810344 -0.597679
1439 -0.665353 -0.733267
392 -0.637233 -0.758894
908 -0.550834 -0.842059
1608 -0.648187 -0.749972
1778 -0.576032 -0.819339
817 -0.633767 -0.759226
1993 -0.713422 -0.686309
1499 -0.698212 -0.699023
1008 -0.855917 -0.548042
201 -0.657997 -0.740453
1722 -0.704387 -0.694103
1371 -0.648138 -0.747428
1930 -0.588449 -0.803766
74 -0.659738 -0.740272
1041 -0.660664 -0.736028
1311 -0.694727 -0.708898
1071 -0.511404 -0.877884
1673 -0.704490 -0.697888
1095 -0.680761 -0.719928
1321 -0.595490 -0.800406
1646 -0.707367 -0.694248
1649 -0.853780 -0.557544
288 -0.702701 -0.699125
349 -0.622170 -0.776787
294 -0.612489 -0.778550
97 -0.798914 -0.609082
1999 -0.649131 -0.747060
1193 -0.554562 -0.830694
1573 -0.776245 -0.627609
657 -0.626918 -0.772567
809 -0.586370 -0.802715
221 -0.790611 -0.618795
1525 -0.670044 -0.727787
1130 -0.786241 -0.624159
926 -0.500343 -0.893121
1209 -0.676431 -0.725386
487 -0.753687 -0.650459
1904 -0.726999 -0.676945
1905 -0.801880 -0.605131
1053 -0.645793 -0.756338
1471 -0.522780 -0.869978
1316 -0.584187 -0.810689
1336 -0.653360 -0.743484
1867 -0.612702 -0.781971
422 -0.736988 -0.672276
83 -0.763319 -0.643651
1519 -0.735575 -0.667250
1516 -0.590870 -0.801533
1111 -0.547957 -0.844271
409 -0.739996 -0.662086
1242 -0.573086 -0.821645
376 -0.604578 -0.790074
1682 -0.598453 -0.795042
1686 -0.671122 -0.724512
1243 -0.643315 -0.752164
1888 -0.592200 -0.806367
275 -0.690544 -0.709283
1628 -0.734133 -0.663982
1222 -0.684870 -0.718928
400 -0.618822 -0.775074
375 -0.662636 -0.733857
546 -0.669510 -0.729270
365 -0.665281 -0.734107
1774 -0.738310 -0.663511
1707 -0.623059 -0.775528
439 -0.563359 -0.828859
635 -0.639702 -0.756168
1458 -0.806753 -0.600395
1347 -0.588249 -0.806777
126 -0.742906 -0.661845
989 -0.537376 -0.855779
1796 -0.600272 -0.789902
1747 -0.574935 -0.817197
1363 -0.538141 -0.855993
278 -0.669248 -0.729104
1756 -0.598871 -0.796877
395 -0.562812 -0.834526
1600 -0.701371 -0.699831
1549 -0.528147 -0.861717
413 -0.749496 -0.656585
383 -0.678753 -0.718992
1772 -0.748108 -0.655496
1802 -0.627977 -0.769006
1018 -0.669367 -0.733604
931 -0.557823 -0.833948
794 -0.619230 -0.773179
1825 -0.643948 -0.755897
1820 -0.748832 -0.657842
1721 -0.717558 -0.684530
1851 -0.754128 -0.649178
198 -0.518667 -0.872150
1910 -0.764593 -0.636862
1467 -0.684860 -0.717841
875 -0.722928 -0.682984
306 -0.627091 -0.770837
649 -0.687517 -0.709262
1995 -0.678863 -0.720043
1735 -0.784373 -0.618957
1112 -0.701179 -0.700416
287 -0.689921 -0.709366
340 -0.757087 -0.649406
1751 -0.623829 -0.774761
879 -0.810724 -0.599701
457 -0.641346 -0.757104
247 -0.618864 -0.775366
1770 -0.682741 -0.718658
1948 -0.738326 -0.661892
814 -0.650802 -0.748253
524 -0.705685 -0.693895
1013 -0.736417 -0.670154
836 -0.740327 -0.660884
1582 -0.721733 -0.679260
631 -0.688940 -0.708875
1738 -0.727789 -0.672491
1350 -0.695946 -0.707598
26 -0.575441 -0.811805
1870 -0.792456 -0.611315
71 -0.565401 -0.830530
9 -0.645374 -0.751691
1524 -0.673412 -0.723491
1267 -0.519987 -0.869699
1743 -0.610899 -0.782997
1423 -0.697049 -0.704877
357 -0.667306 -0.731735
1033 -0.605209 -0.786725
1744 -0.667017 -0.729675
1166 -0.602221 -0.791491
1196 -0.631475 -0.770304
692 -0.775103 -0.627582
412 -0.590467 -0.804193
163 -0.534991 -0.855604
1970 -0.590960 -0.801525
50 -0.745402 -0.661348
1121 -0.764129 -0.638631
1856 -0.816921 -0.591171
606 -0.665191 -0.731914
1301 -0.719656 -0.682187
1875 -0.715162 -0.694193
1864 -0.716802 -0.685645
1869 -0.719831 -0.681213
31 -0.616494 -0.776110
450 -0.709416 -0.692492
993 -0.678415 -0.716762
576 -0.834312 -0.581361
1427 -0.632209 -0.767329
353 -0.712284 -0.687238
475 -0.773529 -0.629757
107 -0.604702 -0.791216
1971 -0.703663 -0.695749
256 -0.654785 -0.740846
222 -0.594723 -0.804430
1256 -0.465526 -0.918462
792 -0.704913 -0.696157
212 -0.733464 -0.669226
1845 -0.622555 -0.777061
973 -0.703697 -0.699430
314 -0.685962 -0.713147
1531 -0.637185 -0.762659
1425 -0.597233 -0.795010
1564 -0.612284 -0.781680
290 -0.746522 -0.659080
622 -0.683230 -0.714229
398 -0.506432 -0.881200
1149 -0.638189 -0.754646
366 -0.630947 -0.763315
257 -0.590498 -0.804800
1811 -0.683543 -0.714879
1395 -0.552646 -0.837877
1943 -0.822420 -0.586412
1124 -0.530573 -0.857108
1832 -0.467483 -0.916763
1476 -0.929412 -0.485225
885 -0.679127 -0.720167
79 -0.644645 -0.752163
1463 -0.656508 -0.738041
768 -0.724627 -0.682730
1790 -0.712661 -0.688933
717 -0.641094 -0.759135
1244 -0.757714 -0.650885
335 -0.662514 -0.736463
1653 -0.718354 -0.682781
1341 -0.807674 -0.602172
1357 -0.756965 -0.656857
1274 -0.566224 -0.824820
352 -0.655949 -0.742935
988 -0.633008 -0.764990
114 -0.539493 -0.847779
640 -0.806617 -0.603016
557 -0.615587 -0.779115
241 -0.620113 -0.776879
1077 -0.564637 -0.831857
804 -0.592963 -0.799603
1493 -0.601268 -0.791603
526 -0.678467 -0.724667
933 -0.624926 -0.770017
799 -0.612871 -0.785019
612 -0.724307 -0.678165
1136 -0.760094 -0.647800
1034 -0.681372 -0.719401
1210 -0.514933 -0.872319
1931 -0.746979 -0.658307
1021 -0.656195 -0.743672
1037 -0.666449 -0.735685
1270 -0.625243 -0.769356
498 -0.715801 -0.686917
970 -0.677607 -0.718854
1266 -0.759873 -0.642017
1465 -0.702817 -0.695993
1312 -0.733911 -0.667595
899 -0.589475 -0.807409
1094 -0.716907 -0.687854
675 -0.536187 -0.856607
1411 -0.724488 -0.684943
501 -0.639212 -0.757236
131 -0.724947 -0.675638
327 -0.821479 -0.588476
1429 -0.688663 -0.708958
565 -0.723013 -0.677243
688 -0.681761 -0.719565
372 -0.577548 -0.816191
769 -0.749412 -0.655919
1231 -0.715502 -0.685523
796 -0.796133 -0.609012
207 -0.601574 -0.789707
1202 -0.756074 -0.647904
903 -0.635411 -0.764866
1691 -0.705652 -0.700179
75 -0.591031 -0.804921
1466 -0.567510 -0.827402
1334 -0.663811 -0.732854
265 -0.692501 -0.704086
1610 -0.530985 -0.860362
959 -0.651811 -0.751246
599 -0.687344 -0.709796
1088 -0.785432 -0.623253
642 -0.467537 -0.922758
336 -0.545683 -0.846486
702 -0.598558 -0.794235
458 -0.658276 -0.739722
1346 -0.763194 -0.646406
1500 -0.785143 -0.621554
765 -0.721823 -0.678269
264 -0.741823 -0.660191
118 -0.617747 -0.778710
568 -0.707447 -0.694193
272 -0.724337 -0.677151
1754 -0.637858 -0.755647
540 -0.739711 -0.662268
1603 -0.592942 -0.804243
536 -0.663453 -0.732812
429 -0.650106 -0.747580
1941 -0.797533 -0.615649
1014 -0.742666 -0.664214
146 -0.739432 -0.661050
935 -0.760110 -0.644561
1271 -0.685347 -0.717401
519 -0.616697 -0.775562
1354 -0.603355 -0.787476
1902 -0.682711 -0.716672
1054 -0.523838 -0.863990
869 -0.708116 -0.691693
1412 -0.760150 -0.648785
321 -0.727966 -0.676744
125 -0.674958 -0.724719
468 -0.725795 -0.680611
1188 -0.697816 -0.706833
346 -0.635330 -0.762279
102 -0.637619 -0.758904
1602 -0.672848 -0.724507
164 -0.672076 -0.730894
1978 -0.724082 -0.678163
808 -0.743518 -0.656222
1773 -0.730603 -0.673764
1010 -0.486443 -0.896398
433 -0.687937 -0.714862
826 -0.699413 -0.701260
1576 -0.711666 -0.688426
789 -0.740013 -0.665477
1050 -0.717195 -0.686211
646 -0.686737 -0.707842
1894 -0.734275 -0.667389
951 -0.553682 -0.836068
1405 -0.809235 -0.596434
997 -0.815845 -0.590242
985 -0.677546 -0.720900
1187 -0.787586 -0.616555
1749 -0.932673 -0.483586
1287 -0.644834 -0.757140
404 -0.653328 -0.744623
1141 -0.794990 -0.609208
1972 -0.640529 -0.756511
802 -0.602530 -0.792068
801 -0.741109 -0.665127
1777 -0.570848 -0.823530
1152 -0.631162 -0.768211
0 -0.650019 -0.745889
1127 -0.853689 -0.559420
1017 -0.686441 -0.715717
1959 -0.761681 -0.644992
1483 -0.643394 -0.752631
1227 -0.618779 -0.775523
60 -0.641508 -0.757350
1584 -0.752767 -0.653752
1109 -0.685422 -0.713839
1906 -0.722561 -0.681055
425 -0.725643 -0.681062
1696 -0.738608 -0.662901
1305 -0.596774 -0.798765
1464 -0.771331 -0.634392
1314 -0.738971 -0.664962
313 -0.876668 -0.531790
1079 -0.549195 -0.840755
1257 -0.571593 -0.819607
1377 -0.734786 -0.673511
280 -0.662261 -0.737834
356 -0.579628 -0.813953
1164 -0.601175 -0.794043
470 -0.568414 -0.825302
378 -0.724842 -0.674952
1973 -0.832298 -0.576262
364 -0.504725 -0.886711
1552 -0.604943 -0.788545
421 -0.645374 -0.747887
144 -0.607367 -0.791247
1133 -0.728102 -0.673994
629 -0.614018 -0.779216
1031 -0.622550 -0.778706
190 -0.726250 -0.671877
1694 -0.544339 -0.843771
1309 -0.660851 -0.735747
7 -0.575588 -0.809351
864 -0.607562 -0.786781
1688 -0.637767 -0.759726
1868 -0.716650 -0.688348
962 -0.778003 -0.630636
893 -0.654745 -0.740033
679 -0.667867 -0.726034
671 -0.797937 -0.611419
139 -0.565999 -0.829447
1656 -0.690264 -0.711585
580 -0.697080 -0.705510
1981 -0.691025 -0.710929
1507 -0.546016 -0.847747
1426 -0.649428 -0.749219
1518 -0.572441 -0.820969
1515 -0.614633 -0.778139
1633 -0.655398 -0.741901
1296 -0.762302 -0.645906
299 -0.689773 -0.709291
273 -0.839046 -0.568309
94 -0.484757 -0.907197
1627 -0.706136 -0.701314
377 -0.744964 -0.659935
397 -0.675786 -0.720572
764 -0.782885 -0.618631
1090 -0.661036 -0.741978
52 -0.782407 -0.625666
1945 -0.718592 -0.685329
816 -0.615903 -0.777733
1523 -0.723044 -0.676397
1705 -0.616951 -0.779177
1120 -0.809291 -0.597451
238 -0.673769 -0.731333
797 -0.674275 -0.719108
1372 -0.861768 -0.548041
1937 -0.746802 -0.656776
1732 -0.664283 -0.738720
505 -0.744130 -0.660383
22 -0.623043 -0.776413
866 -0.667759 -0.726111
887 -0.831760 -0.583074
1248 -0.720046 -0.685834
1670 -0.710211 -0.694326
672 -0.797661 -0.604674
950 -0.785940 -0.618206
1539 -0.630904 -0.764687
337 -0.674755 -0.726856
990 -0.498111 -0.890904
466 -0.653998 -0.748005
643 -0.616391 -0.777349
1172 -0.771444 -0.634389
407 -0.619513 -0.777046
248 -0.753475 -0.645925
1392 -0.689972 -0.713598
1236 -0.674558 -0.723890
148 -0.735696 -0.666620
27 -0.561548 -0.833177
967 -0.771143 -0.634175
338 -0.610157 -0.786859
1432 -0.638128 -0.757546
995 -0.790164 -0.611241
571 -0.708589 -0.694882
460 -0.660351 -0.742201
1160 -0.766433 -0.632316
454 -0.512358 -0.879247
242 -0.775378 -0.630038
659 -0.695497 -0.708901
1962 -0.706023 -0.696670
360 -0.718463 -0.682744
54 -0.737699 -0.666319
1390 -0.624877 -0.773673
1011 -0.723003 -0.681047
783 -0.570733 -0.820173
744 -0.768996 -0.636917
185 -0.760496 -0.644254
1269 -0.741146 -0.661895
963 -0.651287 -0.747668
507 -0.669545 -0.726797
1660 -0.634142 -0.762053
1437 -0.596025 -0.799073
320 -0.692822 -0.712663
324 -0.734187 -0.668045
350 -0.520476 -0.863459
285 -0.674351 -0.724978
260 -0.773489 -0.630397
726 -0.629579 -0.761414
1161 -0.670370 -0.726138
42 -0.782009 -0.622500
91 -0.624196 -0.770370
1383 -0.603281 -0.792257
780 -0.778899 -0.625251
67 -0.640086 -0.753198
1586 -0.787757 -0.620617
1938 -0.851178 -0.555668
463 -0.771100 -0.631702
192 -0.807215 -0.600823
1842 -0.564475 -0.832727
740 -0.655588 -0.744309
23 -0.620375 -0.778741
595 -0.600228 -0.793299
1914 -0.634052 -0.763479
312 -0.697930 -0.704928
1526 -0.879008 -0.534078
1069 -0.740628 -0.667240
1404 -0.656010 -0.740447
1885 -0.627918 -0.766914
706 -0.730624 -0.669372
1431 -0.658495 -0.740215
1292 -0.731956 -0.676643
354 -0.678189 -0.720545
1167 -0.597503 -0.797001
1367 -0.691924 -0.703350
760 -0.717447 -0.691236
1836 -0.557933 -0.833889
1481 -0.541787 -0.849849
1822 -0.590598 -0.804999
1105 -0.580728 -0.814052
1846 -0.541159 -0.851850
746 -0.751571 -0.653963
1861 -0.683254 -0.714759
333 -0.584686 -0.808975
709 -0.657953 -0.738320
1430 -0.712546 -0.689307
996 -0.640843 -0.754411
999 -0.611212 -0.788325
1742 -0.697597 -0.695785
731 -0.620272 -0.774528
1114 -0.740359 -0.658044
269 -0.665395 -0.732065
296 -0.781962 -0.627632
1574 -0.657676 -0.738848
401 -0.839422 -0.574423
390 -0.658738 -0.738575
1968 -0.660169 -0.737662
1146 -0.652754 -0.743693
362 -0.558545 -0.839854
361 -0.754764 -0.653980
1709 -0.723917 -0.679102
522 -0.671183 -0.726164
1233 -0.845915 -0.563715
1718 -0.630871 -0.765517
1275 -0.720311 -0.685516
1009 -0.715388 -0.683689
1922 -0.649710 -0.748155
639 -0.600581 -0.794734
914 -0.724828 -0.681916
1736 -0.762371 -0.640374
491 -0.592930 -0.800208
25 -0.848349 -0.560605
975 -0.646990 -0.751173
1043 -0.630327 -0.768353
1681 -0.574821 -0.818993
528 -0.752198 -0.650502
1092 -0.561826 -0.833609
1884 -0.608289 -0.791436
1438 -0.710989 -0.690414
1376 -0.578637 -0.809956
476 -0.763793 -0.638934
101 -0.672759 -0.732830
1289 -0.695509 -0.708115
819 -0.714816 -0.689946
654 -0.658874 -0.741306
367 -0.587840 -0.801417
800 -0.539424 -0.848909
1150 -0.560686 -0.833631
532 -0.751748 -0.649156
1808 -0.652012 -0.748024
515 -0.562341 -0.834279
923 -0.618110 -0.775842
1924 -0.639583 -0.760508
214 -0.779302 -0.629633
757 -0.621906 -0.772100
854 -0.642036 -0.753089
1477 -0.863258 -0.546164
1048 -0.643463 -0.751935
1685 -0.789067 -0.618230
1684 -0.616302 -0.778733
1461 -0.815607 -0.589266
965 -0.622001 -0.776740
871 -0.700018 -0.700967
891 -0.637959 -0.758091
1339 -0.637303 -0.762132
87 -0.708966 -0.694756
1983 -0.578370 -0.813854
1992 -0.618727 -0.778077
123 -0.616024 -0.776532
1642 -0.721970 -0.680502
1252 -0.715917 -0.686140
484 -0.509114 -0.881359
1634 -0.595885 -0.795549
793 -0.618683 -0.775018
478 -0.527381 -0.865881
276 -0.702394 -0.700628
373 -0.683073 -0.718405
176 -0.644547 -0.755058
547 -0.679164 -0.719656
1783 -0.605483 -0.791825
1810 -0.689615 -0.707222
1976 -0.643554 -0.749041
1558 -0.716138 -0.686436
818 -0.738870 -0.668365
1994 -0.694092 -0.708492
1012 -0.647285 -0.748558
518 -0.834144 -0.576225
919 -0.675167 -0.725398
844 -0.685744 -0.716550
1737 -0.734541 -0.668325
1022 -0.671855 -0.725532
492 -0.671464 -0.728121
1876 -0.562528 -0.825962
775 -0.570562 -0.821746
773 -0.719861 -0.683421
674 -0.676773 -0.722819
1060 -0.623833 -0.776753
1889 -0.637926 -0.754308
560 -0.652288 -0.743946
1189 -0.638619 -0.758461
341 -0.621866 -0.775445
1195 -0.654146 -0.745044
370 -0.675854 -0.719496
1969 -0.618126 -0.774615
1380 -0.680516 -0.716672
382 -0.791306 -0.616251
1818 -0.739927 -0.663942
1491 -0.717003 -0.685305
1830 -0.715190 -0.688660
1957 -0.747160 -0.653785
848 -0.652484 -0.747810
752 -0.696499 -0.703411
1023 -0.758766 -0.645556
633 -0.690332 -0.709085
1877 -0.619171 -0.776427
964 -0.695169 -0.704490
1249 -0.689003 -0.715365
1672 -0.702009 -0.700136
477 -0.682365 -0.719832
1407 -0.674358 -0.722796
1349 -0.734938 -0.667830
1643 -0.797761 -0.611695
1421 -0.764355 -0.640165
1180 -0.617097 -0.775876
791 -0.719724 -0.683299
1003 -0.769473 -0.631976
689 -0.749697 -0.659809
1541 -0.598393 -0.797227
162 -0.772327 -0.636596
1559 -0.594422 -0.799312
227 -0.699737 -0.708123
1228 -0.576133 -0.814911
1572 -0.742901 -0.659558
781 -0.571987 -0.818359
1212 -0.573160 -0.822359
1446 -0.729267 -0.672036
1966 -0.619528 -0.779797
1788 -0.617721 -0.777869
1786 -0.594880 -0.796826
708 -0.774994 -0.635308
652 -0.639070 -0.759602
322 -0.628729 -0.765692
739 -0.688670 -0.715985
267 -0.713830 -0.690790
371 -0.648407 -0.746952
171 -0.823642 -0.583091
653 -0.543804 -0.845346
1147 -0.709205 -0.689890
1947 -0.701226 -0.698434
1129 -0.708557 -0.693750
1237 -0.684701 -0.714525
145 -0.667642 -0.734969
1839 -0.667410 -0.733691
1577 -0.775147 -0.627840
832 -0.663825 -0.732929
753 -0.804258 -0.602428
1444 -0.685494 -0.711504
1116 -0.614290 -0.783348
319 -0.621615 -0.774591
676 -0.609792 -0.783886
1416 -0.738388 -0.666032
506 -0.704495 -0.699007
38 -0.479013 -0.909006
1886 -0.605826 -0.792591
701 -0.507422 -0.882594
584 -0.809595 -0.597363
1208 -0.666787 -0.738856
49 -0.614738 -0.783731
274 -0.665329 -0.733635
1197 -0.654623 -0.746820
1753 -0.536954 -0.853464
1345 -0.633273 -0.763355
251 -0.844447 -0.567225
1158 -0.633610 -0.766138
1399 -0.768963 -0.634585
220 -0.633580 -0.768380
1838 -0.629082 -0.768941
939 -0.669612 -0.732273
1488 -0.669562 -0.729593
1719 -0.678253 -0.727230
788 -0.723036 -0.672922
1592 -0.655912 -0.741566
502 -0.669685 -0.730265
1474 -0.868090 -0.540483
1335 -0.591744 -0.804170
1073 -0.668981 -0.734820
1528 -0.656499 -0.738856
1666 -0.694920 -0.703316
1332 -0.715348 -0.685876
1882 -0.646423 -0.745621
1503 -0.592885 -0.802456
120 -0.733718 -0.671255
1353 -0.683288 -0.718614
110 -0.599881 -0.795917
1299 -0.574693 -0.813214
1192 -0.700253 -0.700499
539 -0.661695 -0.737414
1238 -0.727273 -0.675862
821 -0.680187 -0.720989
1223 -0.717896 -0.680994
625 -0.692435 -0.707756
1915 -0.726240 -0.673184
1865 -0.632037 -0.760336
1866 -0.620354 -0.772947
645 -0.610154 -0.787489
302 -0.682583 -0.718417
1897 -0.751205 -0.655508
597 -0.560293 -0.833924
948 -0.736827 -0.667069
738 -0.580761 -0.817181
984 -0.622766 -0.774304
347 -0.712892 -0.692371
277 -0.809526 -0.601996
90 -0.702855 -0.699838
1755 -0.685049 -0.716119
1578 -0.692252 -0.711015
651 -0.604300 -0.791161
1382 -0.702778 -0.699065
386 -0.682464 -0.719414
254 -0.572968 -0.824244
1091 -0.696127 -0.703955
1771 -0.750289 -0.653601
1803 -0.651260 -0.745469
1942 -0.671706 -0.722573
1019 -0.884249 -0.526635
1001 -0.695354 -0.703701
1456 -0.708885 -0.693762
1207 -0.634769 -0.762570
1319 -0.699272 -0.706820
872 -0.553849 -0.836221
894 -0.612324 -0.784499
1419 -0.522848 -0.871042
958 -0.596671 -0.793224
1406 -0.762773 -0.640345
440 -0.493379 -0.895403
455 -0.607873 -0.788740
655 -0.632336 -0.762971
326 -0.612944 -0.786318
1986 -0.737383 -0.664394
1635 -0.670705 -0.731384
1769 -0.654628 -0.736933
1387 -0.628038 -0.768863
250 -0.808529 -0.604642
1974 -0.743110 -0.662121
152 -0.568225 -0.822970
1954 -0.743234 -0.654890
1487 -0.592749 -0.801241
1132 -0.715530 -0.687632
1229 -0.634393 -0.762786
1571 -0.766166 -0.641432
837 -0.531773 -0.861754
1449 -0.651882 -0.747820
486 -0.658771 -0.740259
1452 -0.591775 -0.801340
972 -0.583012 -0.810196
668 -0.639551 -0.756088
898 -0.731844 -0.671792
1096 -0.673700 -0.727634
1097 -0.785478 -0.617112
1896 -0.669795 -0.725401
1665 -0.570846 -0.823255
33 -0.601563 -0.793012
707 -0.670213 -0.733051
1504 -0.675648 -0.725388
1081 -0.578907 -0.814341
1201 -0.783514 -0.628777
244 -0.761656 -0.640408
694 -0.746371 -0.659385
155 -0.779108 -0.624045
154 -0.779433 -0.629970
1801 -0.584925 -0.811518
1522 -0.634650 -0.765973
1990 -0.867783 -0.544516
1125 -0.735641 -0.667039
142 -0.591335 -0.803540
514 -0.735245 -0.669028
1720 -0.668276 -0.732485
61 -0.786060 -0.622250
218 -0.661154 -0.735435
918 -0.730051 -0.678104
758 -0.620869 -0.774875
1030 -0.731554 -0.670414
483 -0.800626 -0.607196
1451 -0.684558 -0.714245
1308 -0.686109 -0.716861
1874 -0.648314 -0.749294
862 -0.590423 -0.805397
286 -0.582215 -0.814151
1320 -0.658156 -0.740551
34 -0.753036 -0.658287
942 -0.629714 -0.771402
1650 -0.754029 -0.653338
589 -0.776020 -0.627990
1982 -0.661104 -0.735581
1117 -0.639990 -0.758516
1173 -0.636076 -0.760626
1142 -0.737102 -0.666334
153 -0.655455 -0.738881
423 -0.708050 -0.696240
1703 -0.684072 -0.714106
430 -0.640911 -0.753170
1 -0.708280 -0.694268
1480 -0.657229 -0.740511
1588 -0.676473 -0.723618
755 -0.809920 -0.600683
634 -0.548660 -0.847688
900 -0.777682 -0.628672
901 -0.601061 -0.792286
70 -0.555454 -0.834706
892 -0.740952 -0.658231
897 -0.776604 -0.623482
1258 -0.811742 -0.593016
1898 -0.632378 -0.766087
953 -0.597809 -0.796048
661 -0.605929 -0.789045
445 -0.670118 -0.728158
39 -0.867998 -0.543431
1240 -0.689582 -0.706416
1985 -0.700204 -0.702923
1113 -0.525001 -0.862496
111 -0.698976 -0.701195
564 -0.777070 -0.626118
620 -0.634334 -0.762662
1220 -0.733719 -0.671347
1928 -0.715288 -0.686813
834 -0.667733 -0.734962
1733 -0.698529 -0.704273
607 -0.705295 -0.694504
1214 -0.716381 -0.689045
1447 -0.617086 -0.776408
851 -0.733284 -0.672020
1279 -0.702901 -0.698454
1074 -0.752550 -0.647999
673 -0.789684 -0.617912
1322 -0.681936 -0.720963
1797 -0.603409 -0.793113
737 -0.570770 -0.827208
1359 -0.826775 -0.586544
1294 -0.689535 -0.709998
343 -0.604528 -0.791586
681 -0.785364 -0.626274
1362 -0.614145 -0.786300
1961 -0.698175 -0.696275
1979 -0.618188 -0.783984
608 -0.596292 -0.797352
1234 -0.696231 -0.706569
1821 -0.608684 -0.785582
917 -0.651425 -0.746331
750 -0.686940 -0.714084
756 -0.710333 -0.690455
1442 -0.812332 -0.592579
742 -0.759644 -0.645651
1794 -0.702065 -0.697676
977 -0.756982 -0.648409
1911 -0.483561 -0.900885
1965 -0.598762 -0.797908
1780 -0.743043 -0.655668
1663 -0.810666 -0.597130
85 -0.681226 -0.718567
1342 -0.635199 -0.764696
991 -0.656385 -0.742301
43 -0.792782 -0.617228
342 -0.678948 -0.721149
106 -0.541096 -0.849739
1373 -0.741232 -0.666562
1762 -0.813296 -0.597494
1814 -0.651694 -0.745256
1813 -0.794111 -0.612188
1157 -0.683641 -0.720879
159 -0.692291 -0.704911
1804 -0.648998 -0.752345
1835 -0.535091 -0.856526
14 -0.679003 -0.722648
1927 -0.740150 -0.663688
759 -0.552998 -0.836161
191 -0.720944 -0.683244
907 -0.711887 -0.693859
881 -0.643468 -0.753083
870 -0.636033 -0.760150
895 -0.630182 -0.762048
712 -0.645379 -0.753755
1369 -0.689983 -0.709767
1626 -0.561379 -0.831537
1171 -0.585875 -0.807643
1781 -0.532009 -0.857477
253 -0.705599 -0.694346
1849 -0.695916 -0.706510
1815 -0.636483 -0.762746
1940 -0.751433 -0.655775
141 -0.768781 -0.636770
828 -0.759179 -0.646832
1450 -0.561749 -0.826912
751 -0.763441 -0.640799
1029 -0.696070 -0.707728
489 -0.682389 -0.719130
1278 -0.788034 -0.613862
24 -0.645874 -0.753327
186 -0.658595 -0.741714
868 -0.676658 -0.723829
1667 -0.823508 -0.585077
591 -0.786957 -0.616505
443 -0.688830 -0.711030
35 -0.662208 -0.734077
947 -0.642463 -0.756411
1652 -0.725922 -0.676648
734 -0.728659 -0.671798
644 -0.638751 -0.757379
542 -0.733007 -0.670061
670 -0.708483 -0.695442
58 -0.660538 -0.740445
530 -0.806079 -0.602380
1126 -0.722492 -0.680324
1929 -0.712811 -0.690515
403 -0.631268 -0.762288
1218 -0.592117 -0.804106
1459 -0.621632 -0.773170
1039 -0.644177 -0.751271
1203 -0.642274 -0.764679
315 -0.629707 -0.766201
761 -0.751176 -0.653844
1535 -0.750816 -0.655040
307 -0.560593 -0.831059
946 -0.749641 -0.656836
579 -0.716723 -0.677092
283 -0.705370 -0.691736
282 -0.554301 -0.833267
561 -0.675739 -0.728680
40 -0.755389 -0.647296
109 -0.747607 -0.658492
105 -0.564288 -0.827929
684 -0.622663 -0.767144
1370 -0.563998 -0.831133
1137 -0.624961 -0.771578
204 -0.823721 -0.590683
1725 -0.639040 -0.761405
63 -0.724729 -0.678839
910 -0.686298 -0.713947
662 -0.687814 -0.707738
1595 -0.528898 -0.858936
777 -0.609534 -0.783764
770 -0.652653 -0.749712
666 -0.644781 -0.752421
1093 -0.731844 -0.671960
1997 -0.707434 -0.690340
1540 -0.807550 -0.604326
1881 -0.738837 -0.666540
1424 -0.609951 -0.782884
467 -0.764001 -0.640173
1514 -0.798761 -0.608114
556 -0.641250 -0.757182
1177 -0.706212 -0.696715
391 -0.561478 -0.828492
650 -0.586892 -0.807462
1618 -0.633526 -0.762376
165 -0.628750 -0.768875
1816 -0.815482 -0.594530
427 -0.582895 -0.811661
202 -0.658057 -0.742008
1827 -0.769926 -0.636299
924 -0.817029 -0.593778
1590 -0.759380 -0.645725
1205 -0.562383 -0.829659
1454 -0.741577 -0.664158
850 -0.751623 -0.653477
877 -0.712897 -0.692180
1677 -0.810228 -0.598367
1799 -0.569488 -0.824999
594 -0.684375 -0.717491
332 -0.649762 -0.743742
545 -0.550367 -0.836683
604 -0.793103 -0.615909
1360 -0.669280 -0.728019
1379 -0.686374 -0.713233
1506 -0.718469 -0.681964
1617 -0.677961 -0.725956
259 -0.682469 -0.719992
1779 -0.603990 -0.786087
223 -0.678434 -0.723042
1806 -0.587195 -0.812171
438 -0.746297 -0.660305
231 -0.638048 -0.760866
833 -0.862060 -0.547730
62 -0.648984 -0.744173
1859 -0.744567 -0.659192
1025 -0.757530 -0.648252
1448 -0.874597 -0.535709
1086 -0.727194 -0.675113
1352 -0.616680 -0.778361
323 -0.540194 -0.852445
1134 -0.760520 -0.645418
281 -0.815160 -0.593760
479 -0.786554 -0.620235
555 -0.635845 -0.757215
1378 -0.577409 -0.819642
1609 -0.651246 -0.748871
1153 -0.677285 -0.728793
1394 -0.762916 -0.641949
527 -0.695340 -0.708107
1482 -0.710492 -0.689854
1006 -0.734905 -0.665480
16 -0.653285 -0.744865
405 -0.461404 -0.925647
1597 -0.720815 -0.678877
1119 -0.699623 -0.699235
1900 -0.809102 -0.600229
180 -0.719279 -0.681833
1072 -0.660982 -0.736026
1402 -0.737594 -0.666221
331 -0.758710 -0.648057
89 -0.802891 -0.604596
583 -0.596664 -0.798616
998 -0.723512 -0.687999
1644 -0.624606 -0.771395
115 -0.594487 -0.803869
1181 -0.672905 -0.729873
1713 -0.704004 -0.695283
1281 -0.641124 -0.755162
414 -0.682765 -0.713201
1848 -0.684515 -0.717699
160 -0.799960 -0.609110
1553 -0.648221 -0.748164
922 -0.723737 -0.680462
508 -0.713087 -0.683735
840 -0.751780 -0.654884
971 -0.656348 -0.744237
978 -0.804066 -0.603027
1264 -0.723543 -0.678204
30 -0.574888 -0.817861
1328 -0.688464 -0.717507
1890 -0.715508 -0.686143
1462 -0.767065 -0.636412
1883 -0.652989 -0.745491
136 -0.605127 -0.789609
1381 -0.808707 -0.602405
127 -0.677521 -0.723465
469 -0.719784 -0.684177
100 -0.707359 -0.689590
92 -0.745998 -0.658951
1615 -0.637062 -0.759223
691 -0.555151 -0.837120
1817 -0.651294 -0.750605
437 -0.573775 -0.817878
432 -0.667782 -0.732308
237 -0.669281 -0.730265
465 -0.766385 -0.637718
1587 -0.511660 -0.873858
1599 -0.640168 -0.757269
1206 -0.635198 -0.762024
902 -0.653409 -0.743019
741 -0.619261 -0.774177
616 -0.551427 -0.842008
1469 -0.633504 -0.764152
1310 -0.655449 -0.744977
1963 -0.772628 -0.633548
1065 -0.622387 -0.770309
1538 -0.747356 -0.660013
1658 -0.471645 -0.916080
736 -0.636908 -0.759397
1517 -0.756193 -0.649243
261 -0.628308 -0.766213
1291 -0.726568 -0.672545
48 -0.671875 -0.726446
344 -0.713136 -0.692156
1174 -0.703908 -0.698910
767 -0.634753 -0.765371
381 -0.749765 -0.652381
1122 -0.525352 -0.861818
13 -0.554750 -0.845136
1441 -0.815294 -0.595266
1356 -0.595235 -0.806395
193 -0.683304 -0.719047
1903 -0.549446 -0.841420
316 -0.678487 -0.720956
1532 -0.667476 -0.730632
1327 -0.624080 -0.769042
266 -0.820934 -0.589759
1388 -0.690566 -0.711959
727 -0.745045 -0.664743
93 -0.664775 -0.736265
921 -0.584209 -0.806492
1593 -0.586795 -0.802667
1337 -0.654570 -0.745768
1410 -0.711678 -0.691231
1253 -0.708404 -0.693316
1355 -0.757963 -0.647668
268 -0.774747 -0.629162
1293 -0.659350 -0.737121
1629 -0.641203 -0.759870
1490 -0.756420 -0.645468
10 -0.629946 -0.767063
1055 -0.695241 -0.702991
1879 -0.724420 -0.676171
976 -0.631408 -0.766814
76 -0.660051 -0.740118
1040 -0.647970 -0.752059
1046 -0.704575 -0.695602
677 -0.651628 -0.747470
1414 -0.649323 -0.749514
952 -0.640957 -0.757372
1062 -0.500200 -0.889645
1084 -0.672707 -0.728338
1631 -0.704825 -0.695120
695 -0.627368 -0.769908
1657 -0.657279 -0.744059
1655 -0.675447 -0.726800
1435 -0.703612 -0.700800
358 -0.631952 -0.767898
1115 -0.725970 -0.679874
720 -0.712179 -0.689494
1198 -0.681752 -0.719536
1960 -0.687595 -0.712130
1833 -0.625472 -0.767925
1131 -0.666709 -0.736210
66 -0.476400 -0.909908
906 -0.772351 -0.637044
909 -0.760706 -0.645801
6 -0.632937 -0.766549
1698 -0.637693 -0.761481
1472 -0.638533 -0.758308
20 -0.601693 -0.794106
1076 -0.633424 -0.766229
1679 -0.707126 -0.693406
730 -0.848884 -0.563055
732 -0.755939 -0.652122
735 -0.852965 -0.558490
351 -0.794196 -0.608391
116 -0.864140 -0.546324
1746 -0.620247 -0.775451
1759 -0.633373 -0.764086
1343 -0.702592 -0.700211
1140 -0.817364 -0.588667
1775 -0.683406 -0.721168
424 -0.637696 -0.760014
1455 -0.881664 -0.530415
615 -0.793368 -0.615211
1317 -0.779881 -0.624259
1795 -0.687622 -0.711712
1246 -0.817207 -0.594283
945 -0.583422 -0.813321
459 -0.692836 -0.707653
516 -0.805962 -0.600588
722 -0.726184 -0.669849
464 -0.792942 -0.608654
41 -0.681602 -0.719753
1623 -0.462088 -0.923728
690 -0.734745 -0.666655
166 -0.613929 -0.784953
2 -0.597114 -0.796449
1936 -0.626727 -0.769507
1303 -0.817744 -0.590743
21 -0.820278 -0.591166
1919 -0.746797 -0.653658
779 -0.627885 -0.769669
1789 -0.693882 -0.705617
1674 -0.670723 -0.728777
1348 -0.829470 -0.582307
1987 -0.736750 -0.668655
474 -0.777056 -0.630976
1004 -0.578127 -0.820515
1143 -0.638032 -0.762485
167 -0.549164 -0.845818
1920 -0.700794 -0.695215
1038 -0.643396 -0.752741
1935 -0.656714 -0.743887
590 -0.753579 -0.648550
529 -0.590456 -0.807062
1536 -0.638669 -0.757417
1344 -0.547334 -0.844877
577 -0.704500 -0.697854
289 -0.628852 -0.765953
724 -0.803954 -0.605810
473 -0.633178 -0.759941
1194 -0.686559 -0.712517
1155 -0.739750 -0.664080
1016 -0.646251 -0.750242
1958 -0.726172 -0.675908
1020 -0.759944 -0.639668
197 -0.672133 -0.726144
857 -0.711161 -0.691488
1315 -0.745882 -0.658546
961 -0.502909 -0.884237
1067 -0.752479 -0.655491
1245 -0.654826 -0.748563
8 -0.661058 -0.735117
586 -0.604128 -0.793085
1135 -0.622803 -0.775710
1925 -0.685470 -0.715902
213 -0.601657 -0.788651
195 -0.575830 -0.818671
617 -0.701123 -0.696371
774 -0.744167 -0.657734
1047 -0.661877 -0.738781
641 -0.635079 -0.756662
876 -0.659475 -0.739025
1612 -0.550930 -0.838279
339 -0.507122 -0.879348
1026 -0.621082 -0.772564
138 -0.652406 -0.749619
1793 -0.716956 -0.687513
263 -0.557101 -0.828613
1712 -0.663894 -0.729294
292 -0.581879 -0.807590
293 -0.638280 -0.759474
108 -0.851429 -0.559189
1002 -0.693194 -0.708085
252 -0.613947 -0.782408
59 -0.801797 -0.605259
1398 -0.579019 -0.814400
1949 -0.580439 -0.814376
143 -0.596092 -0.799779
626 -0.625456 -0.769090
15 -0.811822 -0.597282
905 -0.771527 -0.637001
771 -0.683671 -0.712634
941 -0.717885 -0.686062
133 -0.685856 -0.713443
983 -0.686305 -0.713246
981 -0.913668 -0.499563
1389 -0.585301 -0.805834
1989 -0.618552 -0.776092
1840 -0.589561 -0.803894
1706 -0.730316 -0.674934
1956 -0.656443 -0.736893
682 -0.730630 -0.672872
1103 -0.688467 -0.710905
1028 -0.713541 -0.690257
1415 -0.581384 -0.814003
1261 -0.663904 -0.732508
1066 -0.617659 -0.782272
86 -0.548535 -0.843556
1651 -0.723369 -0.682219
1436 -0.717512 -0.679608
1433 -0.574929 -0.816838
1984 -0.643911 -0.754481
592 -0.709574 -0.686990
544 -0.685172 -0.711523
1556 -0.768155 -0.635031
156 -0.638874 -0.754537
1494 -0.592459 -0.801076
820 -0.745293 -0.657898
795 -0.673987 -0.727703
843 -0.730851 -0.671572
609 -0.677294 -0.723334
747 -0.773999 -0.630924
29 -0.617901 -0.775780
884 -0.759612 -0.644543
873 -0.602781 -0.791134
1676 -0.669988 -0.733562
1520 -0.670233 -0.728258
955 -0.698729 -0.703764
1284 -0.735292 -0.668947
178 -0.603756 -0.797030
416 -0.744691 -0.660978
537 -0.812346 -0.592297
1704 -0.635749 -0.760721
233 -0.697244 -0.704238
936 -0.765875 -0.641313
1952 -0.562829 -0.831442
209 -0.813344 -0.600817
1329 -0.669468 -0.727896
703 -0.507670 -0.882609
587 -0.638308 -0.751471
552 -0.695998 -0.703112
1007 -0.696828 -0.704300
419 -0.695327 -0.697719
436 -0.732647 -0.675169
140 -0.651228 -0.744177
1106 -0.582666 -0.811337
1453 -0.648578 -0.747920
1087 -0.677971 -0.724197
325 -0.814449 -0.594763
601 -0.742743 -0.661794
1710 -0.511628 -0.874242
389 -0.582625 -0.813622
255 -0.524533 -0.865918
628 -0.720282 -0.681168
835 -0.776445 -0.630336
784 -0.755232 -0.646254
1728 -0.716548 -0.685078
1726 -0.593428 -0.803243
1912 -0.736752 -0.665648
448 -0.668427 -0.728211
1562 -0.683445 -0.715001
982 -0.698701 -0.706787
1619 -0.606824 -0.784833
1384 -0.679074 -0.720674
1386 -0.566684 -0.821592
461 -0.716606 -0.685251
743 -0.780704 -0.629455
969 -0.813998 -0.595506
1325 -0.775068 -0.632317
1061 -0.741132 -0.663230
135 -0.701220 -0.702559
562 -0.696726 -0.706566
1184 -0.813438 -0.595025
379 -0.746501 -0.657127
1760 -0.635840 -0.758963
420 -0.592784 -0.798591
1829 -0.597391 -0.798038
402 -0.755523 -0.655312
1594 -0.700207 -0.701540
1035 -0.757098 -0.647625
1511 -0.713071 -0.688010
84 -0.849553 -0.562585
1191 -0.675054 -0.724132
1977 -0.711147 -0.693595
1554 -0.785359 -0.624386
1826 -0.684635 -0.714376
831 -0.679411 -0.725750
447 -0.528634 -0.860066
1613 -0.683207 -0.717504
1546 -0.669764 -0.728726
1543 -0.865130 -0.548975
572 -0.666443 -0.730255
1792 -0.706026 -0.697634
1639 -0.591534 -0.802277
535 -0.634017 -0.761694
208 -0.738512 -0.662679
927 -0.688911 -0.708996
1939 -0.629091 -0.772190
883 -0.631635 -0.761842
719 -0.580683 -0.814550
660 -0.629854 -0.769691
284 -0.493673 -0.897687
262 -0.621975 -0.778273
1637 -0.652910 -0.746321
1551 -0.665402 -0.731663
934 -0.781979 -0.621410
787 -0.587537 -0.805162
1068 -0.743198 -0.663720
1542 -0.590124 -0.812103
585 -0.705943 -0.694812
588 -0.619336 -0.774868
570 -0.625486 -0.772451
417 -0.584029 -0.806088
806 -0.621663 -0.775620
810 -0.634445 -0.762410
600 -0.652171 -0.749450
1893 -0.805550 -0.603126
442 -0.780764 -0.626541
137 -0.751092 -0.649426
656 -0.601992 -0.791155
122 -0.627290 -0.766358
723 -0.626158 -0.774244
1638 -0.579979 -0.814862
1748 -0.600323 -0.796712
1527 -0.646569 -0.754637
1624 -0.721169 -0.681862
426 -0.551795 -0.840996
1232 -0.771123 -0.636251
1723 -0.739761 -0.667401
482 -0.582265 -0.812059
856 -0.633484 -0.765040
1058 -0.554312 -0.837695
1255 -0.729521 -0.672353
1892 -0.635344 -0.757519
1403 -0.602694 -0.795336
1397 -0.722482 -0.679830
1648 -0.571512 -0.824263
543 -0.707938 -0.693817
766 -0.679751 -0.715625
385 -0.693788 -0.703995
1580 -0.663384 -0.733035
1057 -0.733236 -0.674183
1687 -0.637607 -0.757441
1510 -0.695171 -0.711331
1178 -0.626361 -0.772670
240 -0.650477 -0.749474
1254 -0.693511 -0.707710
387 -0.644324 -0.756037
912 -0.735658 -0.668153
1102 -0.662965 -0.737898
853 -0.779297 -0.628769
1478 -0.711653 -0.691242
1045 -0.649538 -0.748784
664 -0.590201 -0.801842
1333 -0.661288 -0.741446
1675 -0.583112 -0.812193
329 -0.621824 -0.774025
1645 -0.658383 -0.744669
1622 -0.603635 -0.791937
1176 -0.587184 -0.806031
393 -0.617852 -0.783782
1763 -0.755993 -0.649735
64 -0.588536 -0.804131
846 -0.630608 -0.767472
1056 -0.765151 -0.638380
297 -0.722608 -0.686274
504 -0.555103 -0.838014
678 -0.673642 -0.729662
710 -0.610816 -0.785966
462 -0.753546 -0.652173
1568 -0.664348 -0.729567
1199 -0.670375 -0.729267
53 -0.687967 -0.714203
19 -0.644415 -0.754738
480 -0.769178 -0.633675
1107 -0.615344 -0.779405
1863 -0.855994 -0.553888
1338 -0.717070 -0.685828
1396 -0.634442 -0.765575
172 -0.630821 -0.767007
534 -0.654286 -0.739391
1485 -0.718395 -0.685378
928 -0.694457 -0.708175
845 -0.585245 -0.805310
1118 -0.622148 -0.776921
966 -0.662704 -0.733908
1082 -0.674457 -0.723756
1340 -0.683736 -0.717993
121 -0.707345 -0.693161
573 -0.660795 -0.737824
1420 -0.814999 -0.597488
721 -0.705666 -0.694176
686 -0.723188 -0.681859
258 -0.615100 -0.776144
1717 -0.612793 -0.787204
1847 -0.734941 -0.669331
859 -0.445480 -0.941090
444 -0.743274 -0.659771
517 -0.601694 -0.791862
96 -0.595999 -0.797947
1099 -0.789638 -0.617566
829 -0.841747 -0.569168
490 -0.801110 -0.605932
632 -0.763537 -0.641914
471 -0.666475 -0.737566
82 -0.636749 -0.762371
729 -0.684542 -0.718498
1944 -0.662339 -0.739855
1391 -0.701217 -0.695961
1852 -0.636179 -0.762258
1731 -0.701512 -0.701475
1268 -0.687733 -0.707827
949 -0.713788 -0.686955
1926 -0.576310 -0.817750
1934 -0.653277 -0.749068
189 -0.864079 -0.551731
888 -0.719689 -0.687191
1819 -0.774898 -0.627410
823 -0.820918 -0.588710
1417 -0.715791 -0.685102
581 -0.485720 -0.904299
1361 -0.463698 -0.922680
1579 -0.741485 -0.658447
169 -0.630982 -0.765043
1468 -0.620154 -0.776110
1324 -0.655546 -0.740392
574 -0.733575 -0.670904
986 -0.754827 -0.650614
1186 -0.661752 -0.734538
1148 -0.694277 -0.707515
1607 -0.708554 -0.693214
1100 -0.763325 -0.645438
1470 -0.649841 -0.748025
880 -0.515373 -0.877663
598 -0.698830 -0.701529
1221 -0.714302 -0.690421
57 -0.600501 -0.795240
18 -0.672130 -0.725459
920 -0.692283 -0.704582
1330 -0.586791 -0.807735
700 -0.630471 -0.761701
1767 -0.640242 -0.758436
234 -0.585648 -0.804918
1277 -0.745706 -0.659134
1853 -0.653528 -0.745233
754 -0.836849 -0.573909
1064 -0.521704 -0.869601
1235 -0.679400 -0.715884
1734 -0.668203 -0.732071
1782 -0.692535 -0.707915
45 -0.624007 -0.773020
1282 -0.585543 -0.808479
394 -0.589051 -0.809492
246 -0.673616 -0.724225
369 -0.688455 -0.708957
531 -0.678074 -0.718909
1457 -0.750500 -0.651841
904 -0.635431 -0.760279
855 -0.842781 -0.568146
374 -0.753128 -0.657840
1098 -0.731630 -0.670189
569 -0.688044 -0.716630
1473 -0.653464 -0.740671
452 -0.682428 -0.718034
431 -0.753171 -0.656057
638 -0.638663 -0.765051
1219 -0.769250 -0.636047
711 -0.746467 -0.660314
1241 -0.774116 -0.630628
578 -0.735008 -0.669858
549 -0.468917 -0.924473
215 -0.634134 -0.760850
449 -0.623728 -0.768398
944 -0.717605 -0.682661
987 -0.825638 -0.582043
1555 -0.530489 -0.858415
249 -0.771801 -0.634245
1700 -0.512480 -0.879839
406 -0.801674 -0.607309
499 -0.642586 -0.754414
1365 -0.669920 -0.731106
847 -0.654116 -0.745712
1739 -0.613190 -0.783849
915 -0.757249 -0.653275
1899 -0.525815 -0.860838
1809 -0.604404 -0.790285
559 -0.776226 -0.632363
1750 -0.672232 -0.719994
1909 -0.682044 -0.719236
596 -0.622924 -0.770929
1484 -0.645400 -0.750707
1059 -0.671313 -0.728925
239 -0.612154 -0.784065
1217 -0.656253 -0.741062
1680 -0.685314 -0.713973
317 -0.671181 -0.728429
1083 -0.741593 -0.661922
1225 -0.896381 -0.519410
1533 -0.701624 -0.701769
428 -0.569523 -0.825862
226 -0.633094 -0.768516
798 -0.680399 -0.717301
1901 -0.762494 -0.646012
1297 -0.690432 -0.711761
1486 -0.576197 -0.817115
849 -0.617794 -0.776756
488 -0.697191 -0.705127
113 -0.532158 -0.853931
1857 -0.676856 -0.720731
1276 -0.705509 -0.692751
149 -0.720960 -0.685645
1283 -0.570021 -0.818944
1044 -0.720049 -0.683918
733 -0.707534 -0.694386
95 -0.847365 -0.561101
525 -0.608860 -0.784175
134 -0.631177 -0.765983
1224 -0.555521 -0.835065
805 -0.700326 -0.704240
1512 -0.640302 -0.758316
1917 -0.523478 -0.862541
1693 -0.578774 -0.812347
1434 -0.694569 -0.709867
104 -0.679611 -0.724386
994 -0.677486 -0.718821
687 -0.744359 -0.659252
630 -0.647384 -0.748746
1428 -0.529889 -0.859246
1641 -0.719265 -0.680770
1445 -0.671125 -0.728214
