500 2
394 -0.498275 -0.867300
347 -0.604815 -0.793404
406 -0.937263 -0.539488
492 -0.575597 -0.818737
294 -0.638344 -0.759759
450 -0.451073 -0.910872
333 -0.529903 -0.846795
153 -0.192359 -1.119412
385 -0.558799 -0.812739
142 -0.565399 -0.818580
57 -0.942255 -0.525351
400 -0.582112 -0.803042
393 -0.614792 -0.773987
441 -0.728995 -0.694854
98 -0.553733 -0.824921
425 -0.658720 -0.739784
15 -0.676565 -0.734825
360 -0.498152 -0.869864
99 -0.485426 -0.885745
262 -1.073458 -0.430806
164 -0.512183 -0.854637
28 -0.432135 -0.925484
215 -0.206916 -1.108960
93 -0.738292 -0.686146
228 -0.985123 -0.496496
33 -0.534889 -0.845385
103 -0.705710 -0.706261
87 -0.533042 -0.845206
17 -0.647152 -0.753817
301 -0.855232 -0.591694
40 -0.667131 -0.738316
11 -0.484134 -0.881897
316 -0.619769 -0.775529
436 -1.200215 -0.339274
496 -0.696238 -0.709867
428 -0.812703 -0.622460
44 -0.582577 -0.802740
84 -0.420939 -0.930113
328 -1.058872 -0.436976
439 -0.447140 -0.911462
201 -0.701356 -0.711401
253 -1.007664 -0.481204
474 -0.505643 -0.867032
115 -0.517777 -0.858123
271 -0.434388 -0.919704
125 -0.577764 -0.814948
363 -0.598412 -0.793013
497 -0.720915 -0.700004
407 -0.441621 -0.916360
430 -1.079632 -0.428087
148 -0.695780 -0.713705
59 -0.243560 -1.076652
443 -0.719328 -0.698465
20 -0.917156 -0.543908
297 -0.895933 -0.567499
379 -0.722053 -0.697209
178 -0.699178 -0.720423
81 -0.448155 -0.908936
260 -0.876197 -0.586116
95 -0.995159 -0.486118
369 -0.365621 -0.974902
100 -0.487722 -0.882524
67 -0.726297 -0.683367
336 -0.880795 -0.577979
452 -0.406409 -0.924942
270 -0.620130 -0.772003
264 -0.737163 -0.682908
399 -0.343042 -1.004083
358 -0.956917 -0.522680
473 -0.726486 -0.697823
468 -0.715627 -0.701574
241 -0.762271 -0.670166
355 -0.858909 -0.589857
344 -0.940530 -0.529218
181 -0.691930 -0.715536
493 -0.569677 -0.810271
388 -0.963727 -0.503221
252 -0.526501 -0.842858
226 -0.567515 -0.804871
169 -0.486972 -0.875782
483 -0.579183 -0.804924
317 -0.864126 -0.592701
22 -0.651549 -0.758129
277 -0.804462 -0.635735
127 -0.781054 -0.652922
278 -0.614594 -0.781745
97 -1.123995 -0.403044
339 -0.497437 -0.876581
58 -0.324828 -1.000198
471 -0.515843 -0.864662
467 -0.527696 -0.845292
176 -0.081847 -1.213161
138 -0.630714 -0.765758
354 -0.865059 -0.576563
340 -0.553473 -0.827375
189 -0.469428 -0.898796
326 -0.498015 -0.875041
495 -0.561145 -0.826145
19 -0.575375 -0.804652
27 -0.591577 -0.804598
362 -0.526442 -0.844403
183 -0.663033 -0.744692
188 -0.576604 -0.812792
177 -0.708164 -0.716456
308 -0.544652 -0.835968
299 -0.780649 -0.657647
240 -0.738694 -0.690740
421 -0.622643 -0.771577
217 -0.337096 -0.998491
102 -0.599958 -0.785959
255 -0.504211 -0.863509
312 -0.473560 -0.909277
348 -0.599783 -0.789397
244 0.009707 -1.291341
417 -0.632687 -0.755162
427 -0.458803 -0.896283
8 -0.598658 -0.790382
30 -0.013516 -1.277978
180 -0.815458 -0.620661
171 -0.334319 -0.996721
220 -0.437423 -0.922581
75 -0.574469 -0.805655
392 -0.631708 -0.772045
9 -0.895496 -0.557100
279 -0.430640 -0.932097
174 -0.476738 -0.894399
73 -0.923239 -0.539984
462 -0.503633 -0.872511
200 -0.755393 -0.676975
477 -0.309970 -1.027317
117 -0.048569 -1.239745
272 -0.622828 -0.771432
208 -0.885307 -0.587590
193 -1.225010 -0.331043
157 -0.740939 -0.673588
454 -0.668084 -0.735400
304 -0.536457 -0.849330
233 -0.016800 -1.282675
218 -0.088232 -1.214372
235 -0.714399 -0.702184
409 -0.636333 -0.759116
412 -0.711268 -0.713349
487 -0.474571 -0.885509
162 -0.510938 -0.861837
498 -0.568368 -0.808853
45 -0.519784 -0.859589
10 -0.541980 -0.829767
269 -0.069468 -1.228246
451 -0.723718 -0.694864
479 -0.368913 -0.972270
231 -1.173154 -0.363494
401 -0.224067 -1.109778
13 -0.280959 -1.052400
367 -0.850590 -0.595586
257 -0.555962 -0.827806
416 -0.537495 -0.849249
374 -0.401097 -0.959874
243 -0.629975 -0.768194
210 -1.037477 -0.450343
334 -1.104703 -0.424076
458 -0.234332 -1.088120
423 -0.382388 -0.958671
332 -0.874222 -0.576926
51 -1.108570 -0.400485
484 -0.140772 -1.176319
150 -0.394076 -0.944327
168 -0.840794 -0.609504
56 -0.903218 -0.554905
94 -0.542543 -0.831537
111 -0.377090 -0.975133
211 -0.633895 -0.763731
251 -0.720889 -0.697960
195 -0.421244 -0.931190
236 -0.897616 -0.568849
281 -0.728158 -0.692350
274 -0.480540 -0.885669
413 -0.875676 -0.580352
212 -0.581223 -0.797696
227 -0.690048 -0.724372
69 -0.870047 -0.582282
375 -0.108228 -1.184803
359 -0.483973 -0.887290
494 -0.397327 -0.951388
166 -0.468749 -0.890988
18 -0.253580 -1.065418
126 -0.717366 -0.708168
225 -0.389129 -0.962392
112 -0.258330 -1.071064
109 -0.758045 -0.668786
337 -0.902593 -0.556033
324 -0.773776 -0.660894
387 -0.527810 -0.843425
53 -0.519275 -0.853023
397 -0.848350 -0.600221
282 -0.239710 -1.075996
303 -0.524646 -0.847218
156 -1.149694 -0.388137
196 -0.206264 -1.111200
79 -0.559098 -0.824986
121 -0.827107 -0.617049
76 -0.713068 -0.709587
154 -1.185383 -0.345453
82 -0.663396 -0.742176
14 -0.510909 -0.860271
147 -0.690402 -0.722156
88 -0.317235 -1.017996
331 -0.541634 -0.842016
197 -0.411212 -0.946203
123 -0.625969 -0.772185
34 -0.907244 -0.546015
37 -0.688823 -0.723696
48 -0.852441 -0.603502
6 -0.392188 -0.953089
329 -0.336948 -1.003040
101 -0.568912 -0.806223
43 -0.885799 -0.585209
143 -0.504625 -0.870661
145 -0.647195 -0.749646
461 -0.360501 -0.975857
261 -0.560350 -0.818369
80 -0.428476 -0.922310
149 -1.035695 -0.462949
29 -0.679002 -0.727610
455 -0.906819 -0.563616
456 -0.738322 -0.690943
77 -0.469981 -0.891812
248 -0.592633 -0.793224
472 -0.824003 -0.616121
230 -0.837407 -0.611443
376 -0.557030 -0.829214
298 -0.297446 -1.029485
432 -0.672128 -0.732572
134 -0.431929 -0.920389
286 -0.856792 -0.595598
113 -0.857990 -0.585048
313 -0.774698 -0.656660
219 -0.173638 -1.143421
199 -1.030272 -0.466686
259 -0.571025 -0.807138
90 -1.003724 -0.491223
172 -0.667004 -0.739379
356 -0.611651 -0.766008
322 -0.762476 -0.668953
429 -0.378087 -0.969287
290 -0.833618 -0.609498
65 -0.649269 -0.754803
489 -0.641805 -0.754965
445 -0.943528 -0.537601
116 -0.646337 -0.760985
349 -0.541812 -0.833638
276 -1.007285 -0.472698
3 -0.515113 -0.862595
364 -0.882298 -0.578996
31 -0.560215 -0.826703
305 -0.736063 -0.688235
114 -1.019985 -0.468538
232 -0.845200 -0.606048
485 -0.456246 -0.898066
470 -0.451536 -0.912655
382 -0.664415 -0.740002
68 -0.732097 -0.682292
309 -0.582588 -0.799727
42 -0.569667 -0.820642
335 -0.526489 -0.847354
249 0.096587 -1.365904
323 -0.601242 -0.785296
1 -0.697054 -0.715358
70 -0.305572 -1.020217
310 -0.799542 -0.630294
275 -1.044181 -0.453297
136 -0.381671 -0.953246
440 -0.160207 -1.143236
213 -0.626976 -0.766749
96 -0.447754 -0.911864
327 -0.532469 -0.848600
405 -1.036424 -0.457781
118 -0.784133 -0.658508
267 -0.436389 -0.924367
61 -1.054652 -0.458380
351 -0.550322 -0.829486
490 -0.769946 -0.657229
187 -0.366568 -0.964504
265 -0.076605 -1.217992
122 -1.197550 -0.354574
52 -0.493955 -0.877859
234 -1.154697 -0.378651
92 -0.607241 -0.790432
137 -0.619872 -0.773377
372 -0.341700 -0.992105
444 -0.891196 -0.574250
466 -0.729460 -0.690917
229 -0.117057 -1.184381
433 -0.990054 -0.498829
377 -0.551283 -0.825591
140 -0.718037 -0.699556
47 -0.612008 -0.771171
491 -0.832999 -0.606478
373 -0.281881 -1.047630
63 -0.873022 -0.584946
23 -0.232705 -1.081422
202 -0.209816 -1.103204
60 -0.387678 -0.959574
438 -1.219091 -0.325280
139 -0.736083 -0.691797
289 -1.060171 -0.442410
368 -0.197044 -1.105476
55 -0.656403 -0.754913
151 -0.098810 -1.210023
203 -0.227755 -1.094810
420 -0.445759 -0.911343
35 -0.849955 -0.601831
129 -0.537770 -0.827875
389 -0.478254 -0.899384
223 -0.445145 -0.909390
207 -0.433673 -0.927716
414 -0.561765 -0.820680
50 -0.385198 -0.962831
245 -0.325266 -1.009338
39 -0.591305 -0.792094
435 -1.035675 -0.450927
284 -0.856232 -0.592349
205 -0.742886 -0.682880
391 -0.706306 -0.698401
361 -0.978962 -0.507042
32 -0.457684 -0.913576
371 -0.360419 -0.980393
66 -0.325412 -0.999656
424 -0.594635 -0.795143
453 -0.767343 -0.656869
319 -0.537357 -0.858719
465 -0.961572 -0.501031
448 -0.364042 -0.976465
185 -0.868195 -0.589038
128 -0.879953 -0.579130
64 -0.568431 -0.818852
464 -0.841685 -0.612093
158 -0.513205 -0.863212
449 -0.685277 -0.733597
21 -1.347553 -0.247945
341 -0.637077 -0.757210
381 -0.167903 -1.140802
342 -0.352803 -0.984789
384 -0.452704 -0.901315
191 -0.982823 -0.491054
330 -0.881571 -0.569890
311 -0.151619 -1.153539
25 -1.118356 -0.395499
16 -0.217132 -1.097481
288 -0.268907 -1.050094
107 -0.904209 -0.558186
287 -0.844869 -0.600321
221 -0.978105 -0.495950
179 -1.083416 -0.431747
106 -0.614700 -0.783364
475 -1.100964 -0.414597
132 -0.915999 -0.556863
386 -0.292014 -1.045592
216 -0.763422 -0.667314
365 -1.037367 -0.470541
346 -0.309561 -1.018852
258 -0.335403 -1.003626
173 -0.969128 -0.516753
280 -0.456184 -0.894590
155 -0.380022 -0.959571
486 -0.517855 -0.860831
291 -0.475642 -0.887782
246 -0.177610 -1.127575
315 -0.238429 -1.081507
263 -0.559404 -0.830040
167 -0.937650 -0.530525
12 -0.234965 -1.081412
254 -0.476066 -0.904251
268 -0.919389 -0.544265
404 -0.435854 -0.923492
105 -1.170029 -0.363471
395 -0.463663 -0.907270
320 -0.685757 -0.721611
410 -0.745687 -0.670182
482 -0.831639 -0.616400
480 -0.625945 -0.770966
7 -0.514773 -0.859469
398 -0.525535 -0.853890
194 -0.108204 -1.188115
91 -0.214274 -1.102714
460 -0.515543 -0.848962
133 -0.444134 -0.923124
402 -1.312743 -0.266236
488 -0.466179 -0.900289
41 -0.487178 -0.876467
159 -0.079316 -1.223098
152 -0.817458 -0.622213
403 -0.652006 -0.754678
411 -0.677449 -0.739203
104 -0.909317 -0.558369
442 -0.834968 -0.617621
321 -0.586469 -0.795353
295 -0.766142 -0.665211
357 -0.971075 -0.508043
175 -0.638678 -0.755715
380 -0.821974 -0.631285
300 -0.824499 -0.621600
343 -0.301017 -1.028451
242 -0.684390 -0.729128
198 -0.465901 -0.891902
352 -0.370083 -0.986244
366 -0.205206 -1.115878
273 -0.856073 -0.597419
499 -0.229962 -1.097328
459 -0.594652 -0.798517
378 -0.680517 -0.720038
422 -0.427555 -0.921061
135 -0.678280 -0.740399
119 -0.502180 -0.870020
160 -0.776327 -0.657116
408 -0.631811 -0.764989
419 -0.574101 -0.811997
141 -1.373223 -0.211642
247 -0.786042 -0.649440
83 -0.545793 -0.829139
144 -0.514412 -0.859149
209 -0.234562 -1.089560
238 -0.267387 -1.067702
434 -0.525270 -0.859232
239 -0.729756 -0.697954
86 -0.885799 -0.570204
390 -0.177129 -1.131690
469 -0.842066 -0.603494
161 -0.181368 -1.136228
481 -0.265587 -1.064429
325 -1.040614 -0.463551
224 -0.995450 -0.487356
0 -0.607136 -0.781676
89 -0.542912 -0.837651
338 -0.061670 -1.227563
237 -0.449439 -0.923517
131 -0.806182 -0.635677
457 -0.789616 -0.643536
431 -0.563645 -0.832332
370 -0.580548 -0.800605
110 -0.652667 -0.754001
446 -0.386891 -0.961904
426 -0.451755 -0.913211
447 -0.538295 -0.838900
204 -0.916161 -0.547735
418 -0.822353 -0.623273
206 -0.365033 -0.987865
345 -0.749807 -0.676901
302 -0.696859 -0.708469
192 -0.717682 -0.712211
437 -0.408986 -0.938849
285 -0.549059 -0.833035
256 -0.338999 -0.999692
182 -1.037263 -0.454703
415 -0.673857 -0.743712
478 -0.812059 -0.632556
463 -1.010172 -0.484886
396 -0.589025 -0.811289
307 -0.937729 -0.556420
293 -0.643912 -0.758249
296 -0.613300 -0.782492
350 -0.349111 -1.004793
4 -0.785579 -0.653448
74 -0.446639 -0.916427
292 -0.677473 -0.734426
170 -0.542999 -0.837753
165 -0.414675 -0.947456
24 -0.499652 -0.859583
184 -0.375615 -0.965393
130 -0.279018 -1.044433
108 -0.291763 -1.041157
36 -0.447232 -0.913376
190 -0.721597 -0.707980
49 -0.656901 -0.756599
38 -0.433315 -0.923692
120 -0.699739 -0.724595
78 -0.723728 -0.691454
186 -0.146306 -1.167029
476 -0.810668 -0.625388
146 -0.959614 -0.528782
353 -0.177182 -1.134837
85 -0.288265 -1.036735
72 -0.605155 -0.782060
318 -0.947636 -0.526018
54 -0.649062 -0.750207
163 -0.633459 -0.749828
71 -0.895005 -0.563539
306 -0.716882 -0.691422
124 -1.075848 -0.433803
214 -0.643859 -0.754223
46 -0.886029 -0.572346
2 -0.326801 -0.998795
5 -0.176740 -1.131667
314 -0.232117 -1.098253
26 -0.423371 -0.935452
222 -1.100566 -0.405161
383 -0.801889 -0.621658
250 -0.498107 -0.867679
283 -1.096418 -0.412192
62 -0.397907 -0.947549
266 -1.197308 -0.341412
