500 2
183 -0.360351 -0.922281
426 -0.229179 -0.972954
316 -0.328046 -0.932144
54 -0.478203 -0.869841
6 -0.281579 -0.945589
228 -0.341663 -0.927707
395 -0.298136 -0.949205
13 -0.139618 -1.008170
220 -0.466415 -0.875840
401 -0.406040 -0.901864
482 -0.387765 -0.911167
239 -0.330639 -0.935092
440 -0.245430 -0.970843
470 -0.363285 -0.918337
262 -0.416337 -0.892101
222 -0.487204 -0.865670
194 -0.309215 -0.941324
274 -0.299222 -0.942508
218 -0.437356 -0.890030
294 -0.435620 -0.888770
24 -0.349265 -0.926672
17 -0.343172 -0.924969
161 -0.159408 -1.006181
248 -0.456623 -0.879493
457 -0.458292 -0.880081
38 -0.302078 -0.947490
488 -0.520212 -0.853729
270 -0.395365 -0.909388
151 -0.318007 -0.936368
42 -0.469247 -0.881327
407 -0.391427 -0.904538
28 -0.444407 -0.893465
138 -0.343604 -0.926500
167 -0.253319 -0.959061
356 -0.365716 -0.911064
354 -0.378296 -0.911876
386 -0.518378 -0.855876
163 -0.381189 -0.911542
155 -0.567607 -0.841843
389 -0.377098 -0.915754
289 -0.309554 -0.941530
467 -0.324453 -0.938774
260 -0.321479 -0.936265
116 -0.498738 -0.867581
119 -0.348038 -0.929042
37 -0.576657 -0.830099
20 -0.382985 -0.913757
406 -0.575547 -0.830013
52 -0.377142 -0.916231
112 -0.390326 -0.915244
71 -0.293285 -0.947382
382 -0.478058 -0.872294
468 -0.123686 -1.020714
338 -0.257168 -0.969694
459 -0.459063 -0.880674
14 -0.344222 -0.927814
75 -0.332363 -0.934655
45 -0.290532 -0.957295
341 -0.178859 -0.998343
172 -0.421539 -0.900292
40 -0.412408 -0.902937
61 -0.333571 -0.929861
436 -0.508462 -0.858869
463 -0.455215 -0.884341
427 -0.141342 -1.011357
431 -0.325627 -0.934692
345 -0.180119 -0.998164
21 -0.570962 -0.827524
190 -0.297262 -0.951146
64 -0.399043 -0.906987
199 -0.427312 -0.892637
237 -0.266370 -0.957798
396 -0.390056 -0.912654
441 -0.521166 -0.849854
147 -0.547565 -0.840243
231 -0.509114 -0.859576
123 -0.415423 -0.898043
314 -0.608393 -0.816822
462 -0.360019 -0.918116
351 -0.490975 -0.862979
115 -0.179024 -1.003302
348 -0.462285 -0.879954
263 -0.231418 -0.979063
269 -0.326812 -0.934369
421 -0.292232 -0.949685
473 -0.159263 -1.007141
347 -0.480486 -0.867750
442 -0.375790 -0.914232
439 -0.512556 -0.857607
362 -0.268877 -0.958986
359 -0.430142 -0.889557
188 -0.263747 -0.956595
479 -0.428513 -0.894492
343 -0.471649 -0.882820
179 -0.541237 -0.846516
78 -0.551299 -0.842127
56 -0.553159 -0.838306
118 -0.383910 -0.913485
140 -0.488178 -0.866984
315 -0.229154 -0.972254
146 -0.495184 -0.864518
499 -0.455123 -0.881092
320 -0.379578 -0.912698
79 -0.341846 -0.933575
360 -0.287938 -0.948789
423 -0.453974 -0.887776
282 -0.421981 -0.895044
92 -0.411504 -0.896853
481 -0.319607 -0.937781
344 -0.285310 -0.959378
403 -0.278972 -0.956796
251 -0.548312 -0.847362
429 -0.323713 -0.937377
306 -0.462070 -0.872154
131 -0.160281 -1.003091
369 -0.564932 -0.834988
333 -0.355603 -0.919304
243 -0.181087 -1.000331
66 -0.294281 -0.952563
89 -0.537075 -0.847945
144 -0.229299 -0.977250
491 -0.292371 -0.951995
31 -0.318225 -0.934119
10 -0.365125 -0.923110
471 -0.399864 -0.903751
449 -0.393888 -0.910342
370 -0.395470 -0.900245
325 -0.444017 -0.887097
257 -0.245169 -0.966158
474 -0.535323 -0.845729
65 -0.468487 -0.873630
7 -0.124706 -1.021965
212 -0.337471 -0.929416
268 -0.432967 -0.886290
271 -0.259853 -0.964317
34 -0.478260 -0.875035
83 -0.581902 -0.827343
487 -0.436304 -0.889743
193 -0.464184 -0.874910
493 -0.384330 -0.905612
168 -0.376927 -0.918881
213 -0.229771 -0.973160
390 -0.296727 -0.947413
448 -0.371170 -0.915352
458 -0.531851 -0.848910
200 -0.206311 -0.978895
72 -0.229674 -0.972019
108 -0.528355 -0.842638
494 -0.498592 -0.868593
397 -0.500863 -0.860039
259 -0.320545 -0.938263
425 -0.352389 -0.919348
39 -0.505305 -0.858631
30 -0.230048 -0.973180
377 -0.458242 -0.882426
18 -0.393779 -0.909060
3 -0.466615 -0.872972
211 -0.376246 -0.919634
32 -0.432416 -0.895319
326 -0.422627 -0.900344
365 -0.334066 -0.935965
428 -0.113974 -1.026050
225 -0.343621 -0.929132
275 -0.349806 -0.921456
430 -0.417146 -0.893966
170 -0.367069 -0.919019
293 -0.619167 -0.816937
22 -0.193870 -0.992707
19 -0.167953 -1.000521
416 -0.406336 -0.903894
198 -0.330035 -0.929031
117 -0.357191 -0.922591
410 -0.261182 -0.958044
319 -0.155997 -1.007187
224 -0.458647 -0.873567
432 -0.459797 -0.882095
336 -0.312032 -0.940650
132 -0.449675 -0.884193
12 -0.538518 -0.844123
358 -0.485296 -0.866311
349 -0.432066 -0.893787
332 -0.239576 -0.966017
454 -0.215512 -0.978876
16 -0.313093 -0.941377
461 -0.481233 -0.866358
48 -0.614160 -0.817117
103 -0.427751 -0.892686
149 -0.305146 -0.943912
385 -0.293463 -0.946716
36 -0.156525 -1.007923
93 -0.485780 -0.874369
497 -0.393047 -0.903501
373 -0.352980 -0.925852
394 -0.399367 -0.899493
249 -0.525233 -0.850743
169 -0.363071 -0.921399
62 -0.360306 -0.922864
273 -0.489800 -0.863398
142 -0.350010 -0.925406
409 -0.274903 -0.956935
2 -0.220706 -0.977341
203 -0.568642 -0.832765
69 -0.495878 -0.868025
150 -0.208459 -0.995204
450 -0.254271 -0.963554
279 -0.362357 -0.921870
90 -0.466880 -0.871397
456 -0.384880 -0.910243
201 -0.348870 -0.926791
364 -0.159899 -1.005872
216 -0.293280 -0.951374
475 -0.371472 -0.917374
208 -0.482154 -0.873217
63 -0.291019 -0.951936
111 -0.271683 -0.962175
366 -0.304368 -0.938857
367 -0.304289 -0.944187
466 -0.186983 -0.996132
422 -0.408228 -0.900823
424 -0.430182 -0.890305
309 -0.432532 -0.892974
124 -0.390189 -0.909685
162 -0.568953 -0.841104
283 -0.371910 -0.913840
58 -0.385216 -0.913218
363 -0.468622 -0.874663
353 -0.400884 -0.906081
399 -0.446613 -0.881437
472 -0.385170 -0.907476
277 -0.535535 -0.843230
26 -0.226343 -0.979146
404 -0.300827 -0.947704
209 -0.552561 -0.844456
355 -0.434175 -0.888411
340 -0.338196 -0.931732
101 -0.574713 -0.832292
304 -0.627214 -0.810407
490 -0.396456 -0.904659
453 -0.140926 -1.011533
121 -0.329558 -0.937174
413 -0.603384 -0.820705
227 -0.292701 -0.950826
43 -0.607972 -0.822557
141 -0.433140 -0.887758
371 -0.232240 -0.971493
298 -0.360719 -0.923599
191 -0.491632 -0.869389
84 -0.513347 -0.857469
323 -0.465309 -0.877529
411 -0.310367 -0.936378
486 -0.254739 -0.965426
378 -0.365686 -0.922205
376 -0.427190 -0.888969
317 -0.372018 -0.911177
285 -0.378089 -0.918834
284 -0.223204 -0.975373
346 -0.606738 -0.818626
272 -0.297868 -0.945497
451 -0.163942 -1.000608
160 -0.451866 -0.882126
446 -0.220962 -0.976949
444 -0.398434 -0.907112
238 -0.401934 -0.901270
400 -0.634612 -0.816405
180 -0.308826 -0.939925
125 -0.480720 -0.874568
387 -0.382001 -0.910645
266 -0.591977 -0.826621
229 -0.303875 -0.944824
145 -0.452782 -0.881590
496 -0.356306 -0.918690
375 -0.269643 -0.958521
82 -0.333334 -0.936446
241 -0.442312 -0.885131
214 -0.520230 -0.857073
177 -0.464909 -0.872454
128 -0.301940 -0.944262
318 -0.499002 -0.861379
310 -0.398078 -0.910907
0 -0.456939 -0.878000
296 -0.511488 -0.866398
372 -0.301509 -0.947232
252 -0.176344 -1.002001
465 -0.340855 -0.928231
281 -0.564467 -0.841683
398 -0.387537 -0.909291
384 -0.304654 -0.944996
4 -0.318878 -0.944237
443 -0.469631 -0.875545
143 -0.308422 -0.942221
87 -0.438473 -0.896437
452 -0.417523 -0.897233
202 -0.331145 -0.935141
312 -0.388635 -0.909517
46 -0.498432 -0.860632
489 -0.366006 -0.912732
232 -0.475564 -0.873868
130 -0.465612 -0.874576
368 -0.295800 -0.941727
469 -0.526563 -0.850975
186 -0.279613 -0.955182
311 -0.359829 -0.918154
357 -0.365803 -0.915290
41 -0.337590 -0.928749
295 -0.101100 -1.031418
197 -0.350142 -0.925695
99 -0.304231 -0.947070
181 -0.363338 -0.924393
331 -0.495733 -0.864484
96 -0.446073 -0.885646
80 -0.364252 -0.916624
210 -0.375816 -0.913544
33 -0.360549 -0.921918
98 -0.237330 -0.969284
379 -0.510243 -0.856560
85 -0.262009 -0.964331
246 -0.424261 -0.893930
445 -0.507654 -0.871524
25 -0.369910 -0.916508
324 -0.455745 -0.881897
383 -0.482911 -0.872199
280 -0.336104 -0.932592
303 -0.364444 -0.917329
187 -0.662000 -0.796344
327 -0.535258 -0.842795
120 -0.351035 -0.927965
77 -0.275944 -0.960252
221 -0.483066 -0.873114
152 -0.377705 -0.913102
476 -0.490409 -0.864091
290 -0.302597 -0.946471
250 -0.600778 -0.829095
50 -0.564716 -0.840536
334 -0.252513 -0.967387
405 -0.319664 -0.935065
139 -0.435479 -0.890451
113 -0.402415 -0.908557
433 -0.336999 -0.933425
302 -0.363534 -0.922586
342 -0.365132 -0.922140
313 -0.577506 -0.831893
267 -0.423518 -0.890562
305 -0.420194 -0.894675
297 -0.571451 -0.837167
278 -0.462418 -0.874146
91 -0.448975 -0.882482
256 -0.288876 -0.950254
287 -0.234382 -0.976630
49 -0.247539 -0.965590
478 -0.362114 -0.924430
435 -0.337950 -0.927849
247 -0.314977 -0.940086
176 -0.344858 -0.926993
182 -0.466028 -0.878451
264 -0.446685 -0.884889
53 -0.430378 -0.893025
157 -0.471001 -0.874826
105 -0.459385 -0.877761
8 -0.305837 -0.942928
215 -0.168575 -1.000660
95 -0.460649 -0.885677
133 -0.476268 -0.871719
374 -0.395696 -0.903510
185 -0.534805 -0.846922
381 -0.385281 -0.911317
388 -0.249230 -0.956938
60 -0.164895 -1.006555
217 -0.354002 -0.925355
495 -0.371633 -0.917073
74 -0.422879 -0.893887
276 -0.437128 -0.892543
27 -0.205760 -0.989470
308 -0.332141 -0.934301
408 -0.242544 -0.964032
244 -0.663382 -0.792686
192 -0.287173 -0.951381
100 -0.375123 -0.915971
339 -0.268529 -0.959345
94 -0.350510 -0.927730
420 -0.423197 -0.896420
301 -0.345530 -0.933524
107 -0.346482 -0.925350
437 -0.296501 -0.952567
175 -0.410209 -0.904912
361 -0.531862 -0.845218
219 -0.295201 -0.948291
307 -0.431872 -0.894022
114 -0.359783 -0.916769
329 -0.226866 -0.974778
55 -0.499292 -0.866881
236 -0.428915 -0.890924
402 -0.360248 -0.916094
391 -0.345420 -0.934404
156 -0.302236 -0.942996
204 -0.525908 -0.855660
419 -0.288498 -0.956346
460 -0.416032 -0.898811
35 -0.393467 -0.906483
434 -0.522908 -0.855706
492 -0.490207 -0.866328
23 -0.511375 -0.863636
258 -0.373444 -0.915649
67 -0.543560 -0.850455
166 -0.456509 -0.880034
68 -0.539589 -0.848741
477 -0.144265 -1.015851
106 -0.275907 -0.959376
235 -0.581612 -0.825689
230 -0.401864 -0.907128
86 -0.184031 -0.989969
240 -0.251847 -0.963604
73 -0.429942 -0.890479
299 -0.290963 -0.951841
380 -0.564059 -0.837972
223 -0.296493 -0.946755
292 -0.196794 -0.988663
1 -0.504182 -0.859888
178 -0.255840 -0.966747
206 -0.319722 -0.931576
350 -0.329826 -0.940670
154 -0.303371 -0.949127
97 -0.515029 -0.851079
392 -0.418283 -0.896737
173 -0.356597 -0.922410
164 -0.310731 -0.939602
291 -0.331959 -0.937180
9 -0.190627 -0.994614
253 -0.359236 -0.919127
135 -0.266572 -0.958234
352 -0.528133 -0.852684
300 -0.162857 -0.999862
321 -0.348585 -0.925129
129 -0.382892 -0.915790
480 -0.345016 -0.929055
415 -0.268555 -0.956596
412 -0.182459 -0.993311
234 -0.288377 -0.947602
76 -0.707431 -0.779738
70 -0.379734 -0.910708
195 -0.244786 -0.973767
498 -0.215795 -0.980385
81 -0.299935 -0.943116
417 -0.274610 -0.961215
322 -0.209790 -0.982724
5 -0.244491 -0.965802
447 -0.308335 -0.940915
393 -0.091607 -1.035797
59 -0.493626 -0.868125
44 -0.356475 -0.926296
335 -0.491372 -0.867005
126 -0.547773 -0.848114
414 -0.280486 -0.949594
438 -0.719443 -0.775682
122 -0.203755 -0.990682
418 -0.457617 -0.881489
464 -0.499281 -0.866760
148 -0.599486 -0.823522
288 -0.328357 -0.936300
484 -0.379482 -0.910833
337 -0.436614 -0.886335
51 -0.238316 -0.965955
207 -0.307082 -0.940292
57 -0.293694 -0.946202
153 -0.306108 -0.948690
483 -0.590549 -0.824402
174 -0.624449 -0.818652
189 -0.481131 -0.864995
159 -0.374386 -0.921735
205 -0.389505 -0.910775
286 -0.361511 -0.920036
261 -0.220641 -0.976579
226 -0.496407 -0.863959
15 -0.397760 -0.903898
255 -0.193294 -0.989754
29 -0.353541 -0.923482
11 -0.538825 -0.846976
485 -0.374791 -0.917178
102 -0.273468 -0.958554
134 -0.349599 -0.921136
127 -0.664675 -0.796453
196 -0.493575 -0.862044
242 -0.368431 -0.919513
233 -0.316530 -0.941291
158 -0.477921 -0.873511
330 -0.510759 -0.858627
109 -0.512034 -0.856419
171 -0.345324 -0.920205
328 -0.459259 -0.883217
47 -0.481341 -0.875344
455 -0.289743 -0.953470
265 -0.337203 -0.925247
104 -0.294857 -0.941995
245 -0.191176 -0.988769
88 -0.300879 -0.941989
136 -0.373470 -0.918331
137 -0.471228 -0.873036
165 -0.305238 -0.946461
184 -0.264188 -0.962814
254 -0.372122 -0.916563
110 -0.314752 -0.940796
