500 2
290 0.141683 -0.980862
333 0.160819 -0.978601
67 0.086814 -0.981193
447 0.169535 -0.977460
119 0.090573 -0.985465
462 -0.100378 -0.996155
496 0.112217 -0.982916
326 0.189941 -0.980470
15 -0.100866 -0.998392
480 -0.054710 -0.992127
269 0.321696 -0.974165
234 0.014782 -0.990785
453 0.197024 -0.974818
283 0.090852 -0.984450
335 0.085049 -0.986356
262 0.035128 -0.988969
411 0.320365 -0.965346
82 0.205065 -0.983382
450 0.134004 -0.987382
121 0.242691 -0.979551
235 0.101266 -0.986641
452 0.075004 -0.988307
429 -0.090773 -0.996240
185 -0.034815 -0.989101
117 0.146673 -0.977086
85 0.083800 -0.983948
434 0.049113 -0.987511
17 -0.000827 -0.989059
369 0.065676 -0.982200
4 0.108409 -0.986273
226 0.007389 -0.992037
437 0.220506 -0.977418
316 -0.042421 -0.992797
29 0.088474 -0.986983
293 0.061499 -0.981288
278 0.096708 -0.984419
14 0.033165 -0.996026
209 -0.135354 -0.997051
295 0.272074 -0.979010
401 0.021469 -0.995709
443 0.155277 -0.983254
125 0.106453 -0.983025
303 0.162351 -0.979995
315 0.021339 -0.985262
59 0.007901 -0.988844
253 0.119945 -0.981328
52 0.162077 -0.986394
302 0.177424 -0.978789
366 0.032768 -0.990107
308 0.054059 -0.989562
7 0.170560 -0.980082
172 0.138454 -0.983431
306 0.098586 -0.982178
292 0.010616 -0.990661
13 0.152648 -0.981121
202 0.122436 -0.981050
80 0.155940 -0.980520
43 -0.047240 -0.996608
375 0.121412 -0.984490
118 0.069935 -0.988601
355 0.028373 -0.992207
68 -0.035030 -0.988851
145 -0.166665 -1.010385
170 0.165853 -0.981900
428 0.211494 -0.978060
45 0.337555 -0.972625
266 0.002107 -0.990118
307 0.097539 -0.980852
232 0.073342 -0.990170
458 -0.096282 -0.992219
174 0.096768 -0.988271
8 0.158047 -0.984603
38 0.376893 -0.972223
337 0.139343 -0.984160
1 -0.216067 -1.003903
433 0.258649 -0.975728
345 0.063323 -0.981918
204 -0.121922 -0.997374
412 0.286769 -0.975576
438 -0.039837 -0.990960
88 0.044593 -0.987641
319 0.244745 -0.979356
389 0.182833 -0.972222
353 0.088800 -0.981656
100 -0.017578 -0.989053
392 0.106782 -0.983189
310 0.010443 -0.989666
454 0.179945 -0.976208
466 0.092421 -0.983053
27 0.015076 -0.989191
137 -0.054378 -0.989658
256 0.112798 -0.984061
41 -0.189900 -1.003564
370 -0.001342 -0.987544
77 0.107395 -0.985811
415 0.287796 -0.973792
365 -0.042611 -0.998623
112 0.088864 -0.987420
349 -0.092457 -0.992678
109 -0.115290 -0.987943
328 0.009651 -0.993509
37 0.012824 -0.986926
84 -0.153120 -0.999489
122 0.108692 -0.981257
410 0.079453 -0.987275
176 0.053426 -0.985350
352 -0.014133 -0.990673
214 -0.043151 -0.993190
156 0.199872 -0.979093
133 -0.061367 -0.997391
457 0.010153 -0.994878
206 0.196162 -0.976235
423 0.166562 -0.982381
298 0.221749 -0.978788
276 -0.057391 -0.995677
230 0.004645 -0.989628
372 0.193585 -0.980166
97 0.139199 -0.978432
147 0.149556 -0.981529
327 -0.086796 -0.997493
196 -0.193247 -1.001511
378 0.261035 -0.970272
183 0.111524 -0.978066
413 0.084751 -0.982267
65 0.085212 -0.985828
193 0.060186 -0.986329
148 -0.032042 -0.996848
28 -0.212294 -0.998628
379 -0.086219 -0.992032
277 0.020526 -0.987998
105 0.153889 -0.973312
203 -0.063436 -0.995264
83 -0.002883 -0.994111
198 0.121333 -0.987454
102 -0.006594 -0.990236
123 0.027840 -0.986177
165 -0.008510 -0.987235
167 0.141948 -0.982496
54 -0.216974 -1.001122
116 -0.112034 -1.003430
490 -0.027778 -0.989430
395 0.084352 -0.988466
421 0.226938 -0.979315
150 0.038484 -0.992038
11 -0.159039 -1.003364
205 0.190186 -0.983629
281 0.008981 -0.991446
40 0.164010 -0.975122
270 -0.060964 -0.998561
382 -0.171308 -1.004896
344 -0.044213 -0.993411
23 0.108667 -0.982469
409 0.127179 -0.978197
173 0.116233 -0.987169
440 0.336716 -0.972147
492 0.197552 -0.979021
380 0.001874 -0.989997
439 0.226721 -0.980440
91 0.044428 -0.988962
260 -0.101339 -0.990133
435 0.085978 -0.988753
245 0.203037 -0.977667
73 -0.146104 -1.002337
129 0.003541 -0.990511
255 0.294238 -0.968643
291 -0.089189 -0.992833
101 -0.103229 -0.996378
201 0.046720 -0.983537
219 0.122941 -0.986643
250 0.085619 -0.988685
286 -0.001904 -0.993450
441 0.085043 -0.985380
325 -0.006138 -0.992235
388 0.157527 -0.981479
51 0.053650 -0.988212
296 -0.174043 -1.003102
242 0.193594 -0.977731
473 0.160442 -0.977523
329 0.074755 -0.993272
359 0.173248 -0.980042
212 -0.103530 -1.001728
390 0.098155 -0.986253
49 0.210055 -0.981041
195 0.041394 -0.993578
430 0.095681 -0.983343
132 -0.273178 -1.009849
405 0.061295 -0.985852
396 0.068260 -0.994650
217 0.100231 -0.981915
224 -0.082600 -0.997754
151 0.115340 -0.979097
273 -0.102526 -0.996796
446 0.169213 -0.981074
143 0.324147 -0.974925
289 -0.003368 -0.990862
228 0.121774 -0.985362
431 0.005663 -0.990056
246 0.224347 -0.980792
60 0.209671 -0.978401
347 0.181155 -0.986191
498 0.197671 -0.973711
26 0.097855 -0.984568
467 -0.048175 -0.993064
216 0.068275 -0.991358
265 0.116925 -0.978665
44 0.045922 -0.989504
339 0.200888 -0.982005
25 -0.182699 -0.997430
397 0.062853 -0.983925
240 -0.005769 -0.989064
138 -0.088968 -0.995438
358 0.001117 -0.990724
21 -0.104758 -1.002941
182 0.068849 -0.987164
208 0.060644 -0.988397
72 0.072951 -0.987835
124 -0.070782 -0.997569
317 0.034003 -0.987605
257 0.224863 -0.979343
288 0.269122 -0.978896
263 0.050146 -0.984540
346 0.182085 -0.983139
239 0.312873 -0.967350
50 -0.230253 -1.003687
294 -0.014983 -0.990442
107 0.005882 -0.987684
31 0.024991 -0.987556
90 0.143833 -0.980709
93 0.136021 -0.980799
237 0.146271 -0.981569
64 0.017485 -0.986664
162 0.040907 -0.987625
427 -0.031611 -0.994556
309 0.000865 -0.992729
141 0.059708 -0.986259
171 0.081128 -0.985568
126 0.093820 -0.983285
342 0.128333 -0.987425
190 0.052082 -0.990841
140 0.239816 -0.975407
258 0.259470 -0.973572
166 0.057482 -0.985940
191 0.015188 -0.987603
36 0.130764 -0.977700
451 0.058896 -0.988834
152 0.096527 -0.985645
478 0.155632 -0.983141
139 0.167819 -0.983298
385 0.004669 -0.992391
340 0.164280 -0.983230
297 0.088999 -0.985748
19 0.233631 -0.975241
78 0.009057 -0.990180
461 0.048157 -0.983891
287 0.173588 -0.979269
343 0.012048 -0.988029
128 0.166367 -0.983822
98 0.184915 -0.978790
207 0.062799 -0.986276
158 0.026307 -0.985986
89 0.069578 -0.982971
179 -0.219926 -1.010615
361 0.068759 -0.986172
62 0.159765 -0.979801
470 0.003675 -0.994048
233 0.054180 -0.990068
134 0.132232 -0.978932
24 0.167585 -0.984159
408 -0.205309 -1.001531
186 0.018911 -0.984019
187 -0.062955 -0.992636
213 0.074952 -0.987383
275 -0.006557 -0.992182
177 0.068040 -0.990031
363 0.002682 -0.996786
164 0.123055 -0.985541
267 -0.058446 -0.989061
391 0.235421 -0.970904
481 -0.018343 -0.996978
108 -0.017552 -0.989256
373 0.133034 -0.978625
374 -0.098917 -0.997877
376 0.207862 -0.978639
419 0.152753 -0.981855
354 -0.125625 -0.999786
113 0.078374 -0.979798
487 0.126004 -0.983854
251 0.000441 -0.988048
218 -0.086597 -0.995201
485 -0.014519 -0.991232
299 0.151518 -0.979628
146 -0.135105 -0.992187
249 -0.060606 -0.995146
154 0.101449 -0.986173
34 -0.149197 -1.001286
94 0.089601 -0.981532
414 0.118807 -0.987104
364 0.170141 -0.981281
241 0.064440 -0.988574
12 0.128627 -0.987189
223 0.278215 -0.976796
305 0.127845 -0.986011
474 0.117548 -0.980919
494 -0.007363 -0.995849
455 0.022649 -0.984428
416 0.128393 -0.983409
367 0.107352 -0.987125
161 -0.010780 -0.993969
264 0.053310 -0.984354
425 -0.003804 -0.992060
495 0.044083 -0.988809
114 0.038835 -0.988707
144 0.050381 -0.984034
459 -0.026737 -0.986829
499 0.192865 -0.977437
351 -0.086483 -1.000624
22 0.286911 -0.976327
386 -0.144074 -0.996733
157 0.081119 -0.983549
331 -0.066449 -0.993514
456 -0.123880 -0.999103
313 -0.039357 -0.995188
285 0.286530 -0.976217
42 0.024169 -0.989408
381 0.024246 -0.988633
468 -0.109366 -0.995300
464 -0.123302 -0.996540
357 0.194104 -0.976587
479 -0.030518 -0.984232
402 -0.051396 -0.989639
244 -0.085369 -0.999213
79 -0.008360 -0.994880
268 0.120810 -0.979086
53 0.189945 -0.970728
39 -0.129628 -0.996661
131 -0.003188 -0.989434
181 0.144997 -0.979844
75 0.285415 -0.965881
274 -0.005792 -0.994229
247 0.127847 -0.981992
10 -0.065304 -0.996789
484 -0.022812 -0.990775
371 0.238722 -0.979720
312 -0.011138 -0.987919
314 0.145898 -0.981126
472 0.152273 -0.979462
400 0.070039 -0.987355
160 -0.016758 -0.992585
350 0.227575 -0.980104
46 -0.191747 -1.008216
236 -0.116965 -1.000831
399 -0.148511 -0.998395
153 0.205748 -0.974997
486 0.106886 -0.984446
115 0.249355 -0.979395
238 0.117670 -0.983274
16 0.003123 -0.989197
210 -0.025029 -0.990091
58 0.032819 -0.992555
63 0.183053 -0.978296
483 -0.044032 -0.994326
30 0.068554 -0.982423
142 -0.150690 -1.008870
475 -0.015658 -0.995292
99 0.334538 -0.967823
149 0.005934 -0.993199
135 0.051533 -0.988545
175 -0.125880 -0.990874
76 0.018458 -0.993065
384 0.103368 -0.983189
9 -0.042900 -0.989975
211 -0.015853 -0.992484
471 0.101054 -0.981926
477 0.135534 -0.977438
272 0.107243 -0.986370
406 0.023465 -0.984156
86 0.233374 -0.981050
106 0.101983 -0.986221
155 -0.107825 -0.999074
442 0.004302 -0.987776
92 0.009911 -0.986666
393 -0.073831 -0.998093
229 0.158382 -0.981663
482 0.008786 -0.992065
20 -0.124910 -0.998718
377 -0.075894 -0.992030
95 0.080744 -0.987641
87 -0.199363 -1.003893
55 0.074260 -0.980724
48 0.011537 -0.987397
404 0.169043 -0.981298
163 0.210160 -0.977790
159 0.255463 -0.971240
488 0.047685 -0.983221
33 0.025273 -0.989620
66 0.162661 -0.980100
252 -0.033846 -0.987992
424 0.122555 -0.987508
282 0.034100 -0.989786
2 0.209330 -0.978809
70 0.238085 -0.980665
243 -0.027934 -0.991701
445 -0.144124 -0.997818
407 0.044991 -0.982953
300 0.340702 -0.969911
215 0.170146 -0.982009
398 0.175751 -0.974809
248 -0.027740 -0.992250
383 -0.108586 -1.000382
465 -0.179338 -1.006752
96 0.215785 -0.978922
301 0.067466 -0.989579
227 0.103515 -0.981080
199 -0.150126 -1.002128
432 -0.003179 -0.988388
130 0.119438 -0.982938
436 -0.079239 -0.993465
476 -0.127723 -1.002013
497 0.019002 -0.990513
120 0.098631 -0.982440
311 0.166374 -0.976860
169 0.159704 -0.981088
426 -0.119099 -0.999326
304 -0.074803 -0.991216
336 0.171899 -0.980092
332 0.023838 -0.985396
491 0.150252 -0.983778
387 0.104539 -0.984397
280 -0.156816 -0.999245
111 0.187227 -0.979843
110 0.102465 -0.981525
5 0.064750 -0.992456
348 0.054990 -0.989356
136 0.086284 -0.985718
394 0.276015 -0.977518
493 0.171571 -0.980622
417 -0.084071 -0.994002
69 0.120770 -0.983862
259 0.215544 -0.976481
178 0.173759 -0.977466
231 -0.009281 -0.986792
368 0.185308 -0.973238
463 -0.088816 -1.000989
330 0.071610 -0.984777
6 -0.033671 -0.994327
323 0.057426 -0.988048
168 0.087578 -0.986702
279 0.110202 -0.983360
61 -0.048509 -0.994426
403 0.193112 -0.984414
338 0.173872 -0.979844
188 0.095474 -0.990150
103 0.022032 -0.985090
320 -0.000598 -0.995998
222 -0.018099 -0.991790
197 -0.037244 -0.993069
318 -0.085155 -0.990550
422 -0.048243 -0.995119
81 0.095331 -0.985889
254 -0.041215 -0.995451
104 0.182782 -0.985225
225 0.140679 -0.979366
35 -0.029741 -0.990810
489 0.317848 -0.973071
3 -0.019490 -0.997378
360 -0.056600 -0.994901
74 -0.155402 -1.000844
356 0.200886 -0.978062
221 -0.220900 -1.005491
341 -0.147807 -0.999986
449 0.099622 -0.981777
334 0.145961 -0.983550
127 0.156730 -0.979531
448 0.038460 -0.987131
0 -0.081807 -0.999968
18 0.062801 -0.988228
321 0.153458 -0.980473
271 0.219989 -0.973072
418 0.172376 -0.984725
194 0.185649 -0.980283
444 -0.187329 -0.999266
200 -0.031941 -0.994631
192 0.102890 -0.984869
220 -0.147124 -0.996075
47 0.116489 -0.986722
180 0.091119 -0.987858
469 -0.035952 -0.995551
57 0.109411 -0.983236
362 0.289145 -0.974303
322 0.113778 -0.983795
460 -0.062627 -0.992005
324 -0.053330 -0.994362
56 -0.026026 -0.987582
284 0.171064 -0.976270
261 -0.001911 -0.992700
32 0.040665 -0.991699
184 0.252812 -0.975711
189 -0.026918 -0.995393
71 0.228253 -0.978078
420 -0.243198 -1.008136
