500 2
411 0.381901 -0.948327
313 0.215779 -0.967543
320 -0.088830 -1.010600
128 0.180219 -0.975203
50 0.143526 -0.974678
24 0.202264 -0.968123
15 -0.057861 -1.005955
307 0.120778 -0.982935
49 0.327348 -0.950915
478 0.058703 -0.989211
101 0.011061 -1.000970
464 0.150590 -0.975267
215 0.051445 -0.992882
308 -0.001664 -0.995809
422 0.068567 -0.989266
76 -0.047536 -1.002861
412 0.173965 -0.974982
309 0.327202 -0.953273
248 0.149308 -0.972683
419 0.272695 -0.962036
225 0.241713 -0.965069
406 0.041036 -0.992698
68 -0.085585 -1.014243
402 0.094687 -0.986011
173 0.237300 -0.966395
57 0.047344 -0.996568
461 0.058002 -0.993801
84 -0.020524 -1.004444
44 0.318346 -0.958912
188 0.299123 -0.956953
387 0.199087 -0.972601
4 0.161154 -0.971380
310 0.219348 -0.965535
226 0.139454 -0.979019
234 0.153015 -0.977898
457 0.136175 -0.982890
111 0.260563 -0.960883
177 -0.119834 -1.020449
175 0.099067 -0.985014
181 0.001334 -0.992530
97 0.020102 -0.989796
494 0.033325 -0.993571
340 0.209193 -0.973215
209 -0.044859 -1.005596
315 0.240126 -0.962862
66 0.027693 -0.992481
321 0.063392 -0.996034
2 0.330843 -0.950711
133 -0.068474 -1.009290
210 -0.110756 -1.013508
30 0.298655 -0.957579
318 0.137000 -0.980368
302 0.317933 -0.955559
416 0.208664 -0.976450
250 0.044662 -0.994244
89 0.094508 -0.985794
190 0.170351 -0.973778
25 -0.091711 -1.015504
78 0.149252 -0.975406
444 -0.074224 -1.008329
33 0.223186 -0.967574
22 0.313769 -0.955321
252 0.253669 -0.963569
281 -0.144596 -1.020916
23 0.213966 -0.967195
465 0.093498 -0.985687
292 0.145513 -0.977630
395 0.284341 -0.959874
304 0.012930 -0.998173
108 0.162310 -0.980007
82 0.323644 -0.954602
132 0.189502 -0.971893
399 0.189098 -0.969949
141 0.103319 -0.986168
63 0.228253 -0.968126
227 0.206401 -0.968204
348 0.156405 -0.975372
278 0.005136 -0.998350
106 0.261795 -0.961974
400 0.099584 -0.984369
45 0.346851 -0.952057
437 0.030243 -1.001412
99 0.298273 -0.952602
230 0.170687 -0.972416
18 0.079674 -0.993934
473 0.043570 -0.990585
446 0.036888 -0.996515
385 0.276478 -0.961179
208 0.105333 -0.988746
60 0.190806 -0.970897
20 0.110168 -0.982035
273 0.102511 -0.984411
110 0.056144 -0.991135
429 0.010178 -0.996475
26 0.228200 -0.963684
245 0.094851 -0.989171
183 0.149584 -0.975015
362 0.309413 -0.955155
384 0.163741 -0.976159
274 0.101257 -0.987708
456 0.212081 -0.971075
383 -0.075375 -1.009217
163 0.262140 -0.964175
268 0.038370 -0.984976
415 0.187587 -0.969729
381 -0.001410 -0.998607
257 0.141466 -0.979392
164 0.135892 -0.977218
265 0.179008 -0.972670
436 0.110403 -0.985872
232 0.110974 -0.983474
409 0.089949 -0.977515
3 -0.020027 -1.003408
466 0.273086 -0.962672
214 0.111415 -0.989983
6 0.139543 -0.981561
390 0.299913 -0.963821
369 0.175922 -0.973013
469 0.015992 -0.999017
52 -0.043527 -1.005776
241 0.183958 -0.973429
138 0.062034 -0.992096
168 0.137365 -0.977643
113 0.180045 -0.976108
342 0.222293 -0.966684
103 0.111215 -0.986991
14 0.045143 -0.995481
125 0.150440 -0.982513
339 0.260572 -0.967626
140 0.209582 -0.968323
492 0.054278 -0.993098
206 0.390415 -0.938040
386 -0.078607 -1.017560
193 0.050059 -0.998331
107 0.259544 -0.957512
330 -0.018891 -0.997555
135 -0.016191 -1.001150
12 0.089853 -0.988150
312 0.029877 -0.993354
56 0.117327 -0.981245
34 0.121243 -0.982790
404 0.171076 -0.975792
73 0.003872 -0.995364
129 -0.014052 -1.002801
477 0.280194 -0.961445
293 0.218967 -0.976013
378 0.130731 -0.974437
392 0.013613 -1.001357
86 0.075179 -0.981096
186 0.010937 -1.000810
184 0.312098 -0.953799
203 0.196407 -0.975527
264 0.178806 -0.974931
29 0.109732 -0.982509
162 0.131806 -0.981809
287 0.224717 -0.969272
221 0.053330 -0.988101
290 0.238051 -0.962449
240 0.267128 -0.959551
439 0.217979 -0.961081
337 0.153973 -0.971830
484 0.088034 -0.985377
440 0.143374 -0.973927
109 -0.004916 -0.998576
98 0.300198 -0.955553
418 0.149338 -0.975507
58 0.108671 -0.981898
55 0.428861 -0.936786
62 0.210913 -0.970040
156 0.183558 -0.971639
271 0.280741 -0.961004
452 0.125288 -0.990311
187 -0.046571 -1.007037
380 0.144997 -0.978623
67 0.125148 -0.976407
427 0.240034 -0.966055
43 0.046645 -0.993253
487 0.217625 -0.974000
296 0.077680 -0.996021
102 -0.006939 -1.005204
200 0.009831 -0.993696
93 0.146319 -0.979952
239 0.349933 -0.951489
81 0.194569 -0.966630
126 -0.086306 -1.003877
167 0.312029 -0.958859
119 0.270965 -0.966529
194 0.255961 -0.963326
197 0.109162 -0.985146
438 -0.006835 -1.005456
148 0.003062 -1.001333
207 0.011911 -0.993330
355 0.222258 -0.963956
372 0.340134 -0.954415
388 0.117258 -0.982398
460 -0.134204 -1.016249
472 0.200097 -0.973551
36 0.315906 -0.954842
91 0.122081 -0.980487
174 0.193955 -0.975276
405 0.215996 -0.970650
153 0.027366 -0.998522
152 -0.058246 -1.011450
474 -0.024903 -1.003372
443 -0.186784 -1.029025
403 0.112361 -0.980559
242 0.216880 -0.975369
185 0.052655 -0.993426
351 0.132386 -0.985066
301 0.414012 -0.942774
121 0.481666 -0.934994
498 0.230575 -0.971814
213 0.252020 -0.966238
32 0.150811 -0.979556
283 0.054853 -0.991328
51 0.160767 -0.978737
495 -0.007868 -0.992352
491 0.243255 -0.964792
463 0.077173 -0.989211
114 0.301149 -0.957164
277 0.151563 -0.979785
468 0.153875 -0.977114
116 0.063589 -0.986905
334 0.072062 -0.992378
238 0.139032 -0.983619
267 -0.041853 -1.006209
134 0.147160 -0.973501
11 0.046393 -0.994115
198 0.146387 -0.981023
276 0.006709 -0.997280
131 0.031187 -0.994471
410 0.169509 -0.978469
449 0.030817 -0.995940
1 -0.062027 -1.012952
414 0.153559 -0.972743
217 0.088491 -0.982794
40 -0.028730 -1.007173
105 0.097282 -0.984320
17 0.052427 -0.991616
258 0.170836 -0.971417
216 0.307874 -0.954387
486 0.041809 -0.995450
482 0.104699 -0.983518
38 0.273529 -0.965388
401 0.172592 -0.976802
393 0.234750 -0.966958
65 -0.079277 -1.010278
233 -0.247407 -1.037468
450 0.130536 -0.982215
451 0.158895 -0.976898
172 0.043237 -0.998744
373 0.107772 -0.985946
376 0.061046 -0.992928
454 0.268553 -0.960513
314 0.135774 -0.982792
479 0.036018 -0.993704
335 -0.041249 -1.001361
10 0.207591 -0.965057
120 0.039426 -0.998578
398 0.104751 -0.984719
485 -0.032649 -1.006878
270 -0.018015 -1.002624
279 0.184823 -0.974953
336 0.089493 -0.991990
171 0.108674 -0.989242
205 0.198959 -0.968298
413 0.135932 -0.978376
41 -0.035365 -1.005332
326 0.250966 -0.961898
425 0.358088 -0.948020
426 0.155238 -0.980068
346 0.406970 -0.943877
31 0.196789 -0.968709
136 0.069845 -0.986427
189 0.056362 -0.994627
71 0.274260 -0.963664
303 0.217720 -0.975621
157 0.046528 -0.989639
328 0.171189 -0.969607
196 0.142378 -0.978655
35 -0.087117 -1.013691
180 -0.143358 -1.019384
417 0.059114 -0.989996
496 0.217445 -0.969567
249 0.139284 -0.983347
455 0.048038 -0.991933
79 0.099395 -0.984545
319 0.378810 -0.947012
282 0.028990 -0.996698
229 0.299139 -0.954587
471 -0.035551 -1.006492
299 0.224552 -0.966109
332 0.136487 -0.983571
149 0.009552 -0.995852
124 0.022109 -0.998771
311 0.288909 -0.958341
280 0.094184 -0.989047
147 0.060543 -0.988438
7 0.244346 -0.970840
266 0.205140 -0.968612
54 0.068183 -0.989505
224 0.069989 -0.987160
145 0.023539 -1.001291
289 0.195799 -0.970895
59 -0.026881 -0.999359
489 0.068519 -0.991667
476 0.006195 -0.994363
442 0.076325 -0.989514
70 0.177909 -0.973601
191 0.236110 -0.968749
27 0.109698 -0.979480
370 0.370303 -0.948496
182 0.377592 -0.941978
77 0.221357 -0.966675
255 0.274318 -0.964312
269 0.340576 -0.946800
220 0.121609 -0.981899
480 0.273588 -0.958810
374 0.179060 -0.969408
396 0.267944 -0.960716
118 0.074409 -0.993670
475 0.054235 -0.992469
92 -0.003919 -1.002295
377 0.305269 -0.956827
72 0.194563 -0.969705
127 0.001167 -1.000619
359 0.073081 -0.982959
212 0.030385 -0.995357
458 0.221236 -0.967070
445 0.210511 -0.969458
146 0.071640 -0.985697
421 0.261362 -0.957484
151 0.227746 -0.970538
150 0.367809 -0.951076
154 0.261083 -0.959950
353 0.134881 -0.976447
375 0.100695 -0.994036
260 0.027042 -0.997159
490 0.193146 -0.971594
391 0.209048 -0.967195
262 0.253392 -0.958276
341 0.034640 -0.993639
448 0.035920 -0.991484
100 0.061155 -0.986641
179 0.072568 -0.985640
19 0.283061 -0.962281
64 0.174515 -0.975794
357 0.218414 -0.970648
115 0.137845 -0.985646
345 0.349344 -0.948727
306 0.104460 -0.994492
347 0.295008 -0.960520
95 0.202738 -0.978819
256 0.041081 -0.992530
284 0.172789 -0.976795
298 0.330241 -0.951927
338 0.112563 -0.982278
142 0.076445 -0.988930
407 -0.017964 -1.007213
397 0.050136 -0.991618
170 0.175878 -0.979635
470 0.109111 -0.989694
343 0.219520 -0.972499
275 0.122406 -0.982679
382 0.223052 -0.969116
254 0.263224 -0.961358
158 -0.013487 -1.002738
83 -0.043668 -1.009363
447 0.147328 -0.979346
433 0.345105 -0.952333
74 -0.023698 -1.000494
219 0.147365 -0.979219
294 0.085171 -0.985326
178 0.310815 -0.956823
352 0.125861 -0.979586
5 0.152179 -0.976919
434 0.119490 -0.982661
297 -0.045811 -1.007323
90 0.141828 -0.979971
87 0.043830 -0.992492
243 0.047811 -0.993477
122 -0.006267 -0.997425
144 0.446679 -0.937084
360 0.205524 -0.970542
371 0.280495 -0.961233
244 0.150633 -0.973011
300 0.422203 -0.943959
199 0.198368 -0.970117
160 0.059454 -0.990580
218 0.052862 -0.995161
423 0.237909 -0.965149
159 0.308294 -0.958151
349 0.060661 -0.989730
61 -0.026886 -1.007460
246 0.110456 -0.977948
166 0.054045 -0.987308
441 0.399528 -0.939602
176 0.173979 -0.975574
324 0.008982 -1.000861
263 0.127350 -0.986313
420 0.077473 -0.985445
365 0.014180 -0.997119
21 0.068363 -0.987429
354 -0.012093 -1.002733
358 0.016604 -0.999600
286 0.141708 -0.977600
85 0.104824 -0.980279
204 -0.043446 -1.004362
123 0.282207 -0.958588
88 0.305638 -0.955780
42 0.135028 -0.982694
430 0.103766 -0.980948
431 0.040385 -0.988604
130 -0.038727 -1.002157
291 0.050375 -0.986924
261 0.107110 -0.987481
272 0.024171 -0.997437
322 0.285962 -0.958679
389 0.271537 -0.966071
69 0.001440 -1.003105
344 0.126272 -0.979651
333 0.121302 -0.985223
137 -0.164882 -1.021603
323 0.196760 -0.968078
9 0.109287 -0.984035
39 0.067186 -0.995753
497 0.187094 -0.971964
53 0.267495 -0.956297
223 0.338671 -0.955922
47 0.035862 -0.991589
356 0.137526 -0.972397
80 0.107056 -0.990117
379 0.098582 -0.983015
201 0.177952 -0.969735
317 0.140944 -0.978845
259 0.401728 -0.939275
251 0.220168 -0.959653
94 0.051371 -0.995724
211 0.292825 -0.956225
236 0.110411 -0.983308
316 0.210177 -0.970820
361 0.084803 -0.985041
368 0.435495 -0.936698
325 0.067341 -0.996326
195 0.256112 -0.965498
37 -0.082184 -1.017725
394 0.119534 -0.983869
499 0.098634 -0.983969
0 0.104463 -0.990970
432 0.051721 -0.987646
331 0.156506 -0.978676
28 -0.079142 -1.003511
367 0.177387 -0.974626
363 0.088889 -0.988530
350 0.265268 -0.966357
192 0.196097 -0.970652
329 0.064047 -0.984529
285 0.177314 -0.976529
143 0.241499 -0.969217
488 0.113279 -0.981505
202 0.238025 -0.966448
117 0.184503 -0.976690
112 0.344448 -0.954742
481 0.034682 -0.992986
104 0.135124 -0.986167
483 0.061779 -0.990252
435 0.123019 -0.978969
408 0.101933 -0.989983
459 -0.037753 -1.004846
16 0.102891 -0.986957
75 0.369934 -0.946286
8 0.130987 -0.978621
288 -0.157969 -1.024229
295 0.267523 -0.954544
231 0.370258 -0.942193
305 0.226275 -0.970187
462 0.117336 -0.982489
222 0.065864 -0.994652
428 0.258383 -0.967660
493 0.100585 -0.986506
96 0.287580 -0.957929
467 -0.025506 -1.006755
253 0.386994 -0.945859
46 -0.009649 -0.998440
235 0.132364 -0.983177
247 0.270091 -0.964025
139 0.251160 -0.969924
155 -0.025570 -1.000750
48 -0.007324 -0.998966
453 0.286377 -0.955890
165 0.303599 -0.959328
228 0.160705 -0.978151
237 0.044092 -0.991493
327 0.003129 -0.995680
13 0.225804 -0.963954
364 0.426239 -0.939788
161 0.276085 -0.965966
424 0.426432 -0.942056
366 0.296145 -0.952924
169 0.159283 -0.982590
