500 2
318 -0.374312 -0.934946
106 -0.146585 -0.981563
49 -0.125057 -0.978553
53 -0.168721 -0.975857
191 -0.301915 -0.948711
367 -0.168092 -0.972595
324 -0.342027 -0.941294
387 -0.251987 -0.957415
417 -0.322821 -0.944084
151 -0.068654 -0.992621
316 -0.084347 -0.987574
43 -0.139894 -0.983297
314 -0.188107 -0.973576
364 0.067381 -1.018238
97 -0.186703 -0.973919
214 -0.220592 -0.964753
308 -0.448849 -0.915067
291 -0.070218 -0.992989
117 -0.136469 -0.983340
425 -0.334453 -0.938268
302 -0.330079 -0.944246
471 -0.198493 -0.972290
414 -0.330068 -0.943249
200 -0.252614 -0.964025
69 -0.402350 -0.928946
455 -0.053436 -0.996507
321 -0.161002 -0.974833
121 0.007827 -1.006631
339 -0.080977 -0.994747
109 -0.208394 -0.963315
380 -0.021049 -1.003541
73 -0.299795 -0.955241
126 -0.297933 -0.949446
220 -0.370010 -0.935389
12 -0.226345 -0.967469
306 -0.150577 -0.974549
135 -0.165916 -0.980880
415 -0.153208 -0.972417
307 -0.133748 -0.983701
224 -0.386164 -0.928380
494 -0.178057 -0.971408
209 -0.273152 -0.952895
381 -0.222205 -0.963146
265 -0.151135 -0.973396
2 -0.142028 -0.981875
377 -0.043788 -0.997686
335 -0.413827 -0.926944
75 -0.162908 -0.976844
124 -0.297513 -0.950984
353 0.026805 -1.011061
219 -0.094465 -0.992255
303 -0.205223 -0.964267
105 -0.074731 -0.995828
67 -0.285686 -0.948973
254 -0.072241 -0.989223
38 -0.171037 -0.976687
93 -0.135316 -0.982116
361 -0.362307 -0.937082
116 -0.447842 -0.918700
156 -0.015957 -1.005787
390 -0.103662 -0.984271
476 -0.084816 -0.988141
139 0.032309 -1.015163
70 -0.014296 -0.998007
100 -0.382802 -0.932233
386 -0.231591 -0.958614
467 -0.298081 -0.951557
289 -0.308728 -0.950748
244 -0.127874 -0.984217
351 -0.161024 -0.979219
266 -0.345565 -0.939829
337 -0.120540 -0.978837
199 -0.409056 -0.930356
450 -0.196129 -0.970444
15 -0.272466 -0.955568
127 -0.195940 -0.972999
400 -0.385540 -0.932275
83 -0.218251 -0.961031
168 0.006141 -1.006548
356 -0.022922 -1.002500
119 -0.064618 -0.994345
424 -0.062282 -0.995461
94 -0.282968 -0.955535
4 -0.204247 -0.965670
345 -0.184352 -0.969284
338 -0.233687 -0.964110
399 -0.153253 -0.978543
10 -0.179444 -0.974999
427 -0.213812 -0.962784
349 -0.173431 -0.974470
435 -0.084498 -0.997534
312 -0.154032 -0.976424
225 -0.066422 -0.991779
41 -0.315083 -0.945138
194 -0.089187 -0.986837
238 -0.054378 -0.991111
292 -0.068531 -0.995380
452 -0.110013 -0.987652
14 -0.281012 -0.955047
146 -0.344371 -0.939280
419 -0.005495 -1.007322
250 -0.268179 -0.954820
298 -0.116764 -0.981602
101 -0.102809 -0.987298
95 -0.080376 -0.992178
77 -0.107247 -0.984661
464 -0.454087 -0.916304
216 -0.148060 -0.975997
63 -0.195164 -0.966597
478 -0.257555 -0.955875
479 -0.293430 -0.948399
62 -0.223025 -0.966295
80 -0.194217 -0.969375
395 -0.088618 -0.992035
443 -0.274643 -0.953116
102 -0.179128 -0.973836
28 -0.139603 -0.978770
396 -0.113848 -0.988492
444 -0.294852 -0.947658
402 -0.055116 -0.991729
76 -0.278740 -0.955959
183 -0.364539 -0.931173
19 -0.022616 -1.004059
50 -0.396687 -0.925893
374 -0.249297 -0.959259
223 0.073129 -1.019164
270 -0.315056 -0.944939
189 -0.126449 -0.986145
8 -0.203480 -0.970176
128 -0.248097 -0.959651
362 -0.048259 -0.999124
258 -0.117300 -0.986583
161 0.065586 -1.016674
210 -0.057447 -0.994694
54 -0.386723 -0.929096
30 -0.019678 -1.005702
376 -0.091011 -0.985362
397 -0.181865 -0.975948
281 -0.231165 -0.961774
348 -0.130987 -0.980156
296 -0.179693 -0.971609
142 -0.251914 -0.962028
458 -0.279675 -0.952236
326 -0.354956 -0.934086
416 -0.088230 -0.988313
410 -0.127052 -0.978694
150 -0.094571 -0.990611
320 -0.239260 -0.959257
201 -0.236545 -0.959125
369 -0.159983 -0.974295
288 -0.262365 -0.955037
262 -0.112102 -0.985699
155 -0.350893 -0.935056
372 0.077238 -1.014913
358 -0.480691 -0.914739
285 -0.007313 -1.001489
267 -0.267463 -0.954892
375 -0.377679 -0.937589
64 -0.190974 -0.972830
352 -0.245207 -0.957308
272 -0.162960 -0.971462
107 -0.205205 -0.966322
439 -0.225330 -0.966375
120 -0.248536 -0.961480
9 -0.335758 -0.940779
421 -0.119245 -0.983001
89 -0.356589 -0.938439
473 -0.137222 -0.983186
35 -0.240348 -0.961989
21 -0.382107 -0.933998
371 -0.259902 -0.952927
18 -0.054910 -0.996500
202 -0.077553 -0.992891
423 -0.237263 -0.960772
293 -0.253428 -0.958575
132 -0.331283 -0.946037
20 -0.326740 -0.944848
336 0.093649 -1.023830
406 -0.480869 -0.922225
357 -0.257682 -0.955151
261 -0.196650 -0.967507
229 -0.066956 -0.995920
330 -0.154664 -0.976751
172 -0.267782 -0.955328
186 -0.219802 -0.966761
269 -0.011472 -1.002823
485 -0.140212 -0.973882
340 -0.136217 -0.979072
295 -0.073999 -0.994010
445 -0.277106 -0.953481
134 0.123210 -1.028229
243 0.056499 -1.014820
472 -0.282263 -0.952926
61 -0.324310 -0.940796
112 -0.072977 -0.992516
405 -0.217974 -0.964325
457 -0.098929 -0.990301
169 -0.194744 -0.974733
68 -0.411977 -0.929513
474 -0.278005 -0.946687
233 -0.198213 -0.967890
329 -0.183495 -0.973995
305 -0.327881 -0.942245
433 -0.040037 -1.000072
160 -0.174603 -0.972097
153 -0.189191 -0.975287
45 -0.006727 -1.004468
486 -0.037330 -0.999873
31 -0.027572 -1.003456
454 -0.024860 -0.999765
391 -0.094715 -0.988168
260 -0.287266 -0.944113
429 -0.259122 -0.951981
222 -0.359420 -0.939135
123 -0.223926 -0.959926
129 -0.417934 -0.923213
65 -0.092298 -0.988025
144 -0.294328 -0.946065
411 -0.155125 -0.975229
388 -0.223189 -0.962858
166 -0.289491 -0.956273
157 -0.245461 -0.957281
56 -0.400662 -0.927763
256 -0.095892 -0.986914
74 -0.146950 -0.980920
71 -0.006862 -1.003917
51 -0.190702 -0.966183
453 -0.052099 -0.994655
206 -0.001754 -1.009562
497 -0.176779 -0.967467
477 -0.143098 -0.978250
393 -0.106314 -0.981136
208 -0.219704 -0.964808
368 -0.160738 -0.974249
228 0.012859 -1.011967
333 -0.125852 -0.981692
22 -0.147906 -0.977404
7 -0.249801 -0.959424
245 0.006264 -1.001812
498 -0.094604 -0.982878
255 -0.044914 -1.002062
190 -0.194679 -0.968766
273 -0.291245 -0.948345
432 -0.263459 -0.961696
82 -0.030142 -0.998199
175 -0.257453 -0.953487
44 -0.166359 -0.978215
165 -0.119508 -0.981798
226 -0.203910 -0.969307
149 -0.228128 -0.962910
463 -0.306500 -0.943048
212 -0.295644 -0.953870
268 -0.087680 -0.991490
57 -0.157571 -0.976539
274 -0.176509 -0.976168
449 -0.271427 -0.951557
247 -0.165536 -0.972285
11 -0.382472 -0.932829
195 -0.189490 -0.969120
143 -0.243762 -0.957956
392 0.039065 -1.019262
86 -0.173917 -0.978867
84 -0.346246 -0.939010
469 -0.306432 -0.947011
59 -0.328339 -0.943920
276 -0.131550 -0.980956
231 -0.208505 -0.968020
145 -0.327006 -0.943364
88 -0.197919 -0.968493
46 -0.193375 -0.965650
232 -0.361944 -0.937277
131 -0.260892 -0.956931
342 -0.319746 -0.946242
99 -0.063711 -0.991931
240 -0.067136 -0.995714
13 -0.073983 -0.996758
311 -0.054396 -0.995584
158 -0.308534 -0.947424
294 -0.192162 -0.967486
104 -0.049550 -0.996421
227 -0.065884 -0.995723
48 -0.010310 -1.000877
299 -0.249888 -0.963465
81 -0.070775 -0.996108
184 -0.035870 -0.999436
205 -0.024383 -0.993268
350 -0.161546 -0.977141
58 -0.050274 -0.996289
489 0.022320 -1.010924
237 -0.103229 -0.985218
363 -0.041781 -0.993937
488 -0.269444 -0.953330
1 -0.295301 -0.949824
373 -0.278282 -0.954414
456 -0.320703 -0.941292
313 -0.316880 -0.943970
282 -0.107926 -0.985241
297 -0.266981 -0.955024
29 -0.175240 -0.977577
401 -0.302945 -0.950023
176 -0.112569 -0.983120
16 -0.234763 -0.959879
263 -0.089860 -0.991713
422 -0.221603 -0.967224
40 -0.384486 -0.931638
480 -0.319399 -0.946625
90 -0.422192 -0.922236
96 -0.200442 -0.964068
130 -0.212449 -0.964090
327 -0.261482 -0.959862
118 -0.207641 -0.965381
24 -0.148286 -0.978288
365 -0.243611 -0.959761
252 0.104198 -1.023155
113 -0.138613 -0.979184
309 -0.394743 -0.931003
495 -0.131143 -0.988657
27 -0.129089 -0.981443
366 -0.142357 -0.981658
300 -0.055831 -0.996319
277 -0.174309 -0.971850
278 -0.282613 -0.957909
279 -0.126770 -0.978149
441 -0.154204 -0.978124
436 -0.248180 -0.959619
87 -0.126692 -0.980481
162 -0.239806 -0.964206
347 -0.279163 -0.953146
341 -0.146797 -0.978171
32 -0.145115 -0.978257
408 -0.220538 -0.970479
451 -0.260900 -0.958969
355 -0.214356 -0.967497
275 -0.092963 -0.989651
431 -0.249509 -0.962759
493 -0.155741 -0.979519
284 -0.193889 -0.966782
440 -0.139160 -0.982313
34 -0.254254 -0.958410
331 -0.310083 -0.944625
230 -0.343954 -0.939453
148 -0.305988 -0.949486
310 -0.293608 -0.948854
389 -0.024597 -1.003650
465 -0.360478 -0.938976
211 -0.081094 -0.992051
287 -0.108762 -0.990327
33 -0.268542 -0.954059
426 -0.138788 -0.981612
235 -0.288121 -0.947726
460 -0.246755 -0.965814
221 -0.391083 -0.931527
72 -0.147650 -0.977727
164 0.008730 -1.007712
354 -0.225914 -0.964696
111 -0.152827 -0.973104
26 -0.135700 -0.979343
17 -0.271279 -0.954297
259 0.134404 -1.034878
271 -0.173176 -0.967438
103 -0.252487 -0.961529
438 -0.251839 -0.955426
25 -0.207717 -0.961532
66 -0.010604 -1.005728
475 -0.290883 -0.949445
133 -0.373762 -0.938667
446 -0.123946 -0.984522
490 -0.192109 -0.968950
179 -0.396936 -0.929526
207 -0.462440 -0.921068
317 -0.305949 -0.941243
215 -0.115279 -0.984908
218 -0.073578 -0.996500
5 -0.012288 -1.006566
315 -0.186824 -0.966532
383 -0.325026 -0.940785
163 -0.125200 -0.981889
442 -0.205352 -0.965852
188 -0.030003 -1.004403
79 -0.085553 -0.986788
286 -0.181182 -0.974708
3 -0.194867 -0.965432
193 -0.281509 -0.954832
378 -0.086095 -0.988143
323 -0.191672 -0.967680
125 -0.142234 -0.979759
470 -0.183714 -0.974568
234 -0.097740 -0.991465
187 -0.269037 -0.955073
264 -0.271519 -0.951503
180 -0.185955 -0.968346
203 -0.440360 -0.920281
152 -0.270095 -0.953374
47 -0.191755 -0.970648
198 -0.064381 -0.993954
197 -0.156347 -0.970441
192 -0.433556 -0.918162
459 -0.220794 -0.967126
325 -0.201036 -0.965282
413 -0.238081 -0.968305
385 -0.148595 -0.978910
428 0.031516 -1.017207
239 -0.199303 -0.965102
384 -0.231125 -0.964179
181 -0.169999 -0.974415
147 -0.259544 -0.949019
257 0.124088 -1.029290
461 -0.217527 -0.967063
78 -0.263234 -0.954225
484 -0.121200 -0.986171
407 -0.191277 -0.972142
328 -0.047513 -0.998192
360 -0.250099 -0.958359
290 -0.347144 -0.938936
249 -0.360404 -0.938172
122 -0.050905 -0.996773
167 -0.018715 -1.004497
481 -0.333781 -0.941112
91 -0.272798 -0.952120
174 -0.186659 -0.966851
251 -0.117757 -0.981680
242 -0.314257 -0.947048
304 -0.434498 -0.921080
196 -0.360920 -0.939893
334 -0.097229 -0.994108
241 -0.217395 -0.966460
204 -0.382904 -0.931664
173 -0.076745 -0.995557
213 -0.012344 -1.002734
115 -0.176719 -0.968246
301 -0.356832 -0.931123
236 -0.274033 -0.952232
140 -0.201465 -0.966890
404 -0.309788 -0.951947
154 -0.099268 -0.994690
0 -0.187529 -0.968165
319 -0.096654 -0.985035
283 -0.324386 -0.945505
482 -0.169206 -0.972952
430 -0.257407 -0.957149
483 -0.273563 -0.952930
344 -0.249934 -0.960160
36 -0.159661 -0.978448
466 -0.060279 -0.993979
409 -0.163781 -0.974512
110 0.030465 -1.012323
138 -0.235174 -0.957773
462 -0.310443 -0.945163
343 -0.144674 -0.976840
248 -0.384403 -0.934642
394 0.008531 -1.010309
170 -0.244343 -0.956991
332 0.017607 -1.012102
98 -0.118875 -0.985196
60 -0.053942 -0.996406
108 -0.308311 -0.946595
437 -0.100972 -0.982031
6 -0.102386 -0.984488
253 -0.128442 -0.979065
487 -0.208991 -0.962082
141 -0.110974 -0.980466
379 -0.100741 -0.990337
185 -0.243304 -0.964070
322 -0.079599 -0.991105
382 -0.306903 -0.945833
499 -0.174065 -0.971371
492 -0.022769 -0.999819
23 -0.020301 -1.005625
418 -0.323888 -0.948537
178 -0.193905 -0.962637
136 -0.118146 -0.985929
447 -0.018042 -1.005137
403 -0.023146 -1.005657
434 -0.158236 -0.971278
42 -0.225335 -0.960680
217 -0.352492 -0.939134
177 -0.334297 -0.945604
496 -0.215347 -0.959844
182 -0.068045 -0.991631
468 -0.108022 -0.982811
114 -0.148483 -0.976183
52 -0.171263 -0.976058
37 -0.540728 -0.907596
92 -0.339278 -0.948653
39 -0.285725 -0.950230
412 -0.103497 -0.983196
280 -0.147109 -0.979417
420 -0.329229 -0.942959
491 -0.261514 -0.951051
171 -0.298728 -0.949439
137 -0.250039 -0.958117
448 -0.137929 -0.981074
398 0.015430 -1.014422
246 -0.158814 -0.979642
370 -0.176011 -0.974521
359 -0.254780 -0.958926
85 -0.263191 -0.959011
346 -0.184144 -0.971881
159 -0.069490 -0.993558
55 -0.062713 -0.998360
