500 2
111 -0.156687 -0.980811
410 -0.986949 -0.841151
97 -0.110822 -0.996117
210 -0.263345 -0.955212
194 -0.081464 -0.996410
261 0.015991 -1.017552
153 -0.019391 -1.006305
418 -0.256519 -0.961976
260 -0.632841 -0.900617
88 -0.078733 -0.985112
65 -0.675549 -0.892586
399 0.365739 -1.083628
67 0.287474 -1.066129
297 0.000402 -1.014722
421 -0.100511 -0.992482
453 0.244608 -1.053717
447 -0.039946 -1.010110
154 -0.492519 -0.916642
145 -0.261204 -0.961273
125 -0.111725 -0.989433
59 -0.138091 -0.990552
483 0.085469 -1.023990
205 -0.143506 -0.978036
117 -0.340451 -0.945727
219 -0.011766 -1.003196
84 0.069476 -1.018041
55 0.018650 -1.015568
473 0.010935 -1.006539
377 -0.295379 -0.951679
331 0.482742 -1.102348
402 0.346621 -1.078598
193 0.326964 -1.076471
33 0.231665 -1.051638
459 0.130163 -1.043174
188 0.276777 -1.072443
19 -0.543345 -0.918973
241 -0.522869 -0.915300
446 -0.131058 -0.985028
85 -0.107911 -0.984899
77 0.010042 -1.010115
290 -0.200858 -0.972281
215 -0.091930 -0.987103
356 0.103795 -1.029739
246 -0.313477 -0.954669
327 0.095383 -1.021998
168 0.092127 -1.031049
498 -0.470999 -0.925189
134 -0.175410 -0.978492
82 -0.080969 -0.999006
393 -0.785654 -0.871388
414 -0.140346 -0.976965
228 0.192314 -1.044731
441 -0.227499 -0.960972
202 -0.312803 -0.949633
114 -0.256895 -0.961946
332 0.079434 -1.021354
379 -0.164817 -0.976230
317 0.085874 -1.023504
355 0.052221 -1.017587
90 -0.198011 -0.970868
131 -0.354544 -0.945872
493 -0.471917 -0.920543
247 0.097569 -1.031752
439 0.325470 -1.079245
296 -0.070744 -0.997933
338 -0.547962 -0.915828
1 0.168347 -1.037458
209 -0.079810 -0.988588
316 -0.058659 -0.989015
30 -0.462924 -0.919189
386 -0.437932 -0.931020
214 -0.207761 -0.973397
235 0.024618 -1.014886
384 -0.382262 -0.933553
115 -0.191172 -0.965322
475 -0.415753 -0.931695
173 -0.466565 -0.929836
216 -0.247156 -0.958470
26 -0.500329 -0.923382
403 0.416827 -1.096301
451 -0.696987 -0.888276
464 -0.603876 -0.902413
347 -0.629307 -0.899508
92 -0.015506 -1.005795
288 -0.412610 -0.928422
98 -0.098393 -0.989017
378 -0.174490 -0.983830
73 -0.101866 -0.993704
37 -0.621083 -0.901581
406 -0.241285 -0.959132
180 0.666971 -1.150513
227 -0.240104 -0.959068
251 0.306825 -1.073122
368 0.150533 -1.039082
284 -0.300914 -0.948349
105 0.167572 -1.047168
396 0.406416 -1.093174
99 0.085108 -1.026001
41 -0.061829 -0.995559
39 0.327334 -1.078573
380 -0.255876 -0.963784
480 0.231227 -1.061616
36 -0.297670 -0.956457
345 -0.358240 -0.943001
165 -0.621086 -0.906272
89 -0.228706 -0.972072
274 0.040846 -1.012415
237 0.014913 -1.010431
481 -0.470778 -0.929903
467 -0.639282 -0.906369
333 -0.336916 -0.945775
426 -0.285363 -0.956240
191 -0.466122 -0.922804
83 -0.290638 -0.953114
177 -0.554711 -0.917590
204 -0.259981 -0.961233
352 -0.001220 -1.008431
70 0.563282 -1.134513
334 -0.103536 -0.989198
63 -0.210339 -0.972009
343 -0.089529 -0.997839
499 -0.248892 -0.958320
450 -0.294953 -0.954649
430 0.078041 -1.021369
195 -0.091451 -0.999156
21 -0.217418 -0.971210
322 0.116122 -1.031427
263 -0.555114 -0.916526
448 -0.386732 -0.932973
133 -0.166821 -0.974996
346 0.010490 -1.009139
146 -0.003117 -1.008689
340 0.006258 -1.011162
478 -0.032314 -1.010895
445 -0.224060 -0.966483
490 0.242207 -1.054339
113 0.350466 -1.073513
182 -0.542977 -0.911640
434 0.014073 -1.016551
258 -0.109557 -0.990326
28 -0.246128 -0.963676
432 -0.058556 -0.995753
221 0.162262 -1.041199
18 -0.456708 -0.925974
75 -0.336902 -0.946680
329 -0.160865 -0.977197
35 0.091436 -1.025651
394 0.233817 -1.060462
315 0.455297 -1.101007
365 -0.193270 -0.976591
468 0.063063 -1.024542
232 -0.086116 -0.991445
424 -0.145083 -0.982174
107 -0.307370 -0.951973
95 0.389907 -1.083727
183 0.211248 -1.044607
250 -0.399146 -0.939771
273 0.151448 -1.036302
287 -0.809766 -0.873258
308 0.083264 -1.037558
487 -0.089344 -0.992684
325 0.269094 -1.059488
255 0.485316 -1.105242
163 0.115761 -1.035189
31 -0.455774 -0.924920
116 -0.238324 -0.970606
270 -0.172000 -0.980418
101 0.462593 -1.106498
127 -0.385163 -0.943474
254 -0.581253 -0.903490
349 -0.398293 -0.940394
199 -0.144167 -0.987243
264 -0.541613 -0.915510
275 0.116579 -1.025102
400 -0.594849 -0.901855
5 -0.163573 -0.978119
411 -0.405182 -0.938278
366 -0.042880 -1.000054
6 -0.344398 -0.945989
53 -0.723775 -0.885645
197 -0.458868 -0.932356
305 -0.768954 -0.883772
482 -0.380561 -0.939861
74 -0.234946 -0.964779
488 -0.668973 -0.904565
330 -0.318239 -0.948870
337 -0.547605 -0.911246
179 -0.521554 -0.922861
465 0.133984 -1.041411
218 -0.001447 -1.009503
285 0.059216 -1.013421
486 -0.398907 -0.944985
401 -0.273224 -0.955094
457 0.049581 -1.020977
184 0.384780 -1.086622
293 0.442283 -1.107638
243 -0.421630 -0.938716
341 -0.408427 -0.932391
185 -0.212293 -0.965128
158 -0.378519 -0.940267
280 -0.538729 -0.916922
428 0.373213 -1.080071
69 -0.576609 -0.904803
381 -0.383746 -0.934329
301 -0.220257 -0.962512
271 -0.541537 -0.915552
137 -0.034000 -1.010066
80 -0.191857 -0.970648
484 -0.162249 -0.978798
42 -0.091538 -0.995066
178 -0.348532 -0.945348
419 -0.274313 -0.952980
279 -0.586309 -0.905030
239 -0.067468 -0.993829
382 -0.009344 -1.004567
303 -0.633826 -0.895652
106 0.392241 -1.095971
22 0.258964 -1.067849
78 0.042539 -1.023826
309 -0.288237 -0.956144
27 -0.177470 -0.977473
139 -0.024300 -1.007856
46 -0.474682 -0.924705
391 -0.687378 -0.894387
323 0.044543 -1.023897
61 -0.204590 -0.968973
187 0.170678 -1.039923
429 -0.227418 -0.967538
54 -0.648886 -0.896978
14 -0.051400 -1.002167
281 -0.111888 -0.986958
362 -0.046348 -1.010679
479 -0.204162 -0.967834
196 -0.159423 -0.978212
220 0.268823 -1.061409
130 -0.516837 -0.917841
147 0.280496 -1.069265
58 -0.024822 -0.996915
71 -0.283294 -0.953908
370 -0.134041 -0.983790
86 -0.079300 -0.992918
240 -0.062228 -1.003184
440 0.132118 -1.030018
291 -0.554163 -0.918777
7 0.081112 -1.035778
253 -0.152267 -0.977769
495 0.243363 -1.058164
477 -0.249354 -0.958786
23 -0.271219 -0.963728
164 -0.036667 -0.999639
24 -0.203340 -0.969265
206 0.030027 -1.016374
140 -0.497111 -0.919890
375 0.131599 -1.033676
371 -0.249799 -0.971179
361 -0.525787 -0.917418
120 -0.330496 -0.949509
49 -0.491017 -0.921799
43 -0.421828 -0.936149
142 -0.257060 -0.962766
248 -0.096548 -0.992477
314 -0.329185 -0.950808
138 -0.303285 -0.950841
471 0.399959 -1.087942
172 -0.205962 -0.962482
10 -0.693515 -0.886506
224 0.253057 -1.062368
234 0.113968 -1.028237
407 -0.489497 -0.925834
141 -0.785112 -0.884439
121 -0.329193 -0.951320
48 -0.369912 -0.939366
344 -0.549372 -0.919328
299 0.276713 -1.065408
324 -0.008922 -1.002904
76 -0.465117 -0.918956
353 -0.390746 -0.942747
109 -0.203371 -0.959598
229 -0.699172 -0.886889
233 -0.393056 -0.936933
189 -0.645683 -0.899297
15 -0.433178 -0.938670
318 0.469255 -1.103915
466 0.051430 -1.020035
282 -0.540137 -0.920601
51 -0.335154 -0.937248
181 -0.948841 -0.847855
417 -0.583969 -0.904142
358 -0.681412 -0.901285
300 -0.417980 -0.941224
225 -0.220915 -0.960200
110 0.061186 -1.011625
449 0.014694 -1.014397
422 -0.140879 -0.981983
29 0.207325 -1.050472
72 -0.137647 -0.979718
13 0.004836 -1.005176
351 -0.451099 -0.928785
236 -0.050144 -0.999153
395 -0.143362 -0.982308
129 -0.609517 -0.906122
292 -0.258096 -0.959425
310 -0.586610 -0.895674
222 0.286147 -1.066619
369 -0.462508 -0.932033
412 -0.067674 -0.995034
256 -0.098477 -0.988456
474 -0.443483 -0.930348
242 -0.090689 -0.994171
348 -0.322779 -0.951998
319 0.064651 -1.027166
198 0.091361 -1.033332
469 -0.034527 -0.996978
313 -0.171749 -0.982123
304 -0.328091 -0.950835
212 -0.682390 -0.886794
413 -0.210746 -0.978698
124 0.191247 -1.048174
156 -0.198094 -0.970824
190 -0.352836 -0.938233
167 -0.009878 -1.011296
452 -0.338770 -0.948005
203 -0.281361 -0.956180
436 -0.167898 -0.984635
350 0.169880 -1.041367
485 -0.035313 -1.014054
433 0.228636 -1.065121
456 0.245954 -1.061848
201 0.059257 -1.016061
442 -0.652976 -0.896910
438 0.350517 -1.080270
144 -0.046220 -0.998948
9 -0.901799 -0.866111
217 0.128517 -1.036656
103 -0.258340 -0.968614
136 0.234889 -1.048670
60 -0.562111 -0.918255
112 -0.426235 -0.932713
494 -0.603227 -0.902386
306 0.094647 -1.022795
68 -0.262780 -0.958094
307 -0.313089 -0.944175
416 -0.107296 -0.984481
398 0.166512 -1.049550
170 -0.423149 -0.934286
302 -0.569873 -0.920493
372 -0.545576 -0.910944
200 -0.254249 -0.964283
211 -0.564882 -0.910159
489 0.078346 -1.019817
104 -0.693366 -0.895689
11 0.178568 -1.047790
376 -0.261060 -0.961965
321 -0.107946 -0.992099
339 -0.035596 -1.010120
454 0.231289 -1.050471
298 0.495867 -1.119276
34 -0.056258 -1.006398
373 -0.048033 -1.000772
96 -0.090545 -0.992029
397 -0.157554 -0.977919
359 0.032085 -1.013437
208 -0.523257 -0.919807
213 -0.390594 -0.940679
149 -0.016854 -1.009991
277 -0.773701 -0.880049
119 -0.391472 -0.929029
286 -0.439952 -0.933577
40 -0.388933 -0.944086
87 0.103923 -1.023079
244 -0.543961 -0.921380
385 -0.569727 -0.906654
420 0.340239 -1.077735
81 -0.309311 -0.952732
276 -0.579726 -0.915366
389 0.028427 -1.023433
155 0.058434 -1.016721
342 -0.044522 -1.002431
388 0.391979 -1.097723
50 -0.334333 -0.948303
311 -0.170293 -0.976465
148 -0.157578 -0.977560
186 -0.205233 -0.972392
294 -0.820263 -0.870807
162 -0.687730 -0.888304
364 -0.007709 -1.004405
461 0.154598 -1.037230
283 -0.055110 -1.004916
151 -0.189436 -0.971976
91 0.100275 -1.034523
437 -0.239175 -0.961822
497 -0.580354 -0.907416
44 -0.758801 -0.865905
405 -0.373618 -0.936741
176 -0.080093 -0.995778
192 -0.479933 -0.917328
435 -0.491701 -0.920633
161 -0.043868 -1.002350
470 -0.011698 -1.002436
249 -0.140768 -0.982944
392 -0.677983 -0.900610
2 -0.160779 -0.982052
157 0.417358 -1.087591
443 -0.726134 -0.883402
262 -0.158100 -0.982963
126 -0.323313 -0.947818
267 -0.153301 -0.979400
0 -0.313647 -0.958097
295 0.049566 -1.017888
272 0.138489 -1.034302
17 0.187854 -1.049288
100 -0.511785 -0.915246
367 -0.742615 -0.890090
427 -0.814410 -0.873843
25 0.068158 -1.023260
52 -0.242393 -0.963311
3 -0.124276 -0.983707
118 0.234491 -1.068038
123 -0.342488 -0.944840
289 -0.448249 -0.935242
159 0.166314 -1.038174
357 -0.318322 -0.945633
4 -0.596318 -0.907129
476 -0.231268 -0.967664
175 -0.507384 -0.921204
354 -0.503493 -0.924011
336 -0.354863 -0.946081
383 -0.949762 -0.848413
496 -0.157757 -0.982230
171 0.287017 -1.074442
387 -0.046440 -0.995766
374 -0.112423 -0.995592
269 0.516843 -1.119674
57 0.570634 -1.123082
257 -0.132115 -0.981534
122 -0.184447 -0.975497
8 0.165524 -1.043912
472 -0.246902 -0.963584
431 -0.086670 -0.992638
174 0.100492 -1.025040
223 0.083739 -1.028557
363 0.192813 -1.046674
45 -0.183091 -0.975313
312 -0.343797 -0.959316
56 -0.379591 -0.937655
102 -0.906842 -0.864481
12 -0.347545 -0.957439
135 -0.139195 -0.992501
320 -0.059892 -0.995197
408 0.150341 -1.035172
404 -0.275606 -0.950532
259 -0.006772 -1.019230
230 -0.619072 -0.909358
444 -0.253538 -0.964499
492 0.061272 -1.026018
460 0.129690 -1.039379
94 -0.306329 -0.950166
390 0.222069 -1.052083
265 -0.036040 -0.997324
66 0.428542 -1.101338
423 0.175017 -1.046547
160 -0.841284 -0.858634
268 -0.244865 -0.963252
16 -0.292502 -0.962593
458 0.422029 -1.092575
455 -0.799044 -0.877619
169 -0.363263 -0.943852
20 -0.119306 -0.983933
143 0.498784 -1.119721
108 -0.674731 -0.891647
38 0.668035 -1.142802
491 0.165317 -1.047016
152 -0.269390 -0.965860
47 -0.070104 -1.004579
93 -0.319134 -0.957202
128 0.068233 -1.022214
326 -0.669212 -0.897121
415 -0.006570 -1.007661
64 -0.496179 -0.923613
425 0.021819 -1.014248
207 -0.271118 -0.961570
360 -0.524426 -0.919694
226 -0.627165 -0.890627
32 0.117842 -1.031293
238 -0.360857 -0.937811
62 -0.331050 -0.957816
150 -0.067591 -1.001789
462 -0.360785 -0.941756
266 -0.326855 -0.951004
409 0.174977 -1.050387
132 -0.437420 -0.923581
79 -0.571784 -0.915316
463 0.022709 -1.015180
328 -0.525124 -0.918570
166 -0.143258 -0.986144
245 -0.558368 -0.912117
231 -0.390928 -0.943043
252 0.074697 -1.017309
335 -0.485507 -0.915885
278 -0.629539 -0.909458
