500 2
370 0.111014 -1.071094
226 0.019098 -1.046127
11 -0.379067 -0.909716
43 -0.592909 -0.865139
393 -0.178165 -0.978283
277 -0.645199 -0.855987
319 0.178565 -1.083061
25 -0.358112 -0.927626
220 -0.442709 -0.905547
91 -0.391164 -0.914392
403 -0.027679 -1.021679
272 -0.885678 -0.804807
86 -0.053913 -1.023278
228 0.103913 -1.062658
249 -0.338389 -0.932689
191 -0.581186 -0.871688
450 -0.355789 -0.930053
476 -0.469198 -0.897550
46 -0.358143 -0.923073
82 -0.232446 -0.966238
137 -0.187888 -0.970775
251 -0.479873 -0.895675
301 -0.144492 -0.995770
478 0.479053 -1.183954
394 -0.575038 -0.878730
287 -0.668831 -0.850108
40 -0.721411 -0.825860
453 -0.490239 -0.897299
293 -0.276716 -0.945005
225 -0.334270 -0.940553
49 0.130804 -1.073869
409 -0.272490 -0.956098
367 -0.051450 -1.016045
150 -0.116493 -1.001244
102 -0.078978 -1.013697
457 -0.265295 -0.946512
182 -0.267140 -0.957523
26 -0.520568 -0.890020
154 -0.589580 -0.869489
368 -0.134794 -0.986296
258 -0.268842 -0.958186
345 0.317068 -1.131078
405 -0.175179 -0.986575
326 -0.036945 -1.030498
309 -0.193369 -0.971362
149 -0.504329 -0.892874
388 -0.727781 -0.837868
338 -0.292520 -0.952837
374 -0.260268 -0.961063
204 -0.699341 -0.837228
27 -0.347749 -0.933262
365 -0.010153 -1.028110
495 -0.381855 -0.928085
256 -0.154146 -0.982123
216 -0.307837 -0.952267
74 -0.252498 -0.957015
414 0.226800 -1.102617
64 -0.533803 -0.880471
241 0.157332 -1.076888
286 -0.267414 -0.959216
343 -0.409879 -0.919650
142 -0.278260 -0.949327
376 0.094437 -1.055813
432 -0.727437 -0.840838
280 0.038879 -1.034587
324 -0.160888 -0.985879
215 -0.444896 -0.909060
195 -0.084070 -1.005852
385 -0.442748 -0.904184
264 -0.336527 -0.937443
227 -0.747357 -0.821222
157 -0.651151 -0.857514
205 -0.853206 -0.806334
120 -0.237213 -0.970514
203 -0.591576 -0.870001
420 -0.036406 -1.020214
68 -0.317363 -0.939214
360 -0.643544 -0.855961
377 -0.051051 -1.023842
155 -0.291186 -0.947885
354 0.283537 -1.110989
48 -0.355733 -0.920631
363 -0.345767 -0.936694
285 0.091713 -1.060648
412 -0.245709 -0.959480
188 -0.695137 -0.828074
71 -0.190010 -0.975489
266 -0.410080 -0.919777
472 -0.643071 -0.853555
6 -0.154759 -0.979786
87 0.131239 -1.069952
321 -0.020351 -1.027374
100 -0.585309 -0.868769
20 -0.390820 -0.918134
499 -0.319586 -0.937266
164 -0.683898 -0.848299
77 -0.135318 -0.990585
302 -0.720021 -0.828455
244 -0.108233 -1.003854
239 -0.260337 -0.953785
57 0.057451 -1.052886
275 -0.160606 -0.980786
474 -0.518886 -0.888513
292 -0.121300 -0.991646
232 -0.487957 -0.899100
387 -0.397056 -0.911774
75 -0.060411 -1.021592
29 0.064594 -1.050350
12 -0.495749 -0.887178
89 -0.357574 -0.925235
2 -0.202171 -0.984040
248 -0.273920 -0.955896
270 -0.845684 -0.800961
105 -0.237587 -0.954681
353 -0.433281 -0.916797
38 0.326775 -1.134495
171 -0.327176 -0.937502
211 -0.259062 -0.955048
58 0.065861 -1.047501
346 -0.155911 -0.983179
418 -0.538885 -0.886087
250 -0.302516 -0.951045
488 -0.027174 -1.028611
72 0.024577 -1.042529
174 -0.041530 -1.020053
366 -0.277116 -0.956702
190 -0.472391 -0.909555
41 0.197604 -1.099835
490 -0.864028 -0.801362
358 -0.299529 -0.944616
317 -0.245380 -0.964881
125 -0.583100 -0.866211
440 -0.201856 -0.977089
274 -0.088095 -1.009455
199 -0.493626 -0.901748
494 -0.629376 -0.858649
303 -0.295136 -0.948653
347 -0.352742 -0.939939
245 0.261610 -1.109790
311 0.067071 -1.058384
421 -0.409704 -0.912023
373 -0.430836 -0.908803
140 -0.114292 -1.002301
94 -0.869753 -0.801466
230 -0.198778 -0.972131
59 -0.743900 -0.829952
134 -0.121862 -0.989387
320 -0.681031 -0.843146
238 0.195736 -1.093569
111 -0.328875 -0.937730
121 0.123656 -1.074525
62 -0.288937 -0.951311
52 -0.888047 -0.802226
398 0.150746 -1.079963
312 -0.570179 -0.879494
362 -0.299547 -0.958702
113 -0.145835 -0.992515
78 -0.005123 -1.026610
381 -0.622214 -0.868874
318 -0.574432 -0.876089
333 -0.380976 -0.926006
315 -0.537995 -0.884072
109 -0.553884 -0.882851
471 -0.213317 -0.976420
66 0.532176 -1.194507
167 -0.283805 -0.947576
96 -0.350305 -0.933057
268 -0.626597 -0.859109
166 0.107581 -1.071105
36 -0.303294 -0.939593
231 -0.009685 -1.031820
479 -0.058401 -1.016001
282 -0.739749 -0.831509
104 -0.358404 -0.927430
223 -0.673736 -0.846418
35 -0.318791 -0.945641
189 -0.052743 -1.022197
481 -0.470536 -0.899387
397 -0.626360 -0.855306
442 -0.308469 -0.944315
5 -0.105691 -1.006837
97 -0.046107 -1.013481
295 -0.220819 -0.967888
196 -0.052908 -1.020948
138 -0.662388 -0.852281
115 -0.503918 -0.890582
425 -0.046084 -1.025455
430 -0.130922 -0.987625
307 -0.294499 -0.950100
253 0.177440 -1.082514
175 -0.602197 -0.876368
314 -0.528763 -0.878119
371 0.232594 -1.113741
4 -0.416524 -0.926005
451 -0.671328 -0.842500
17 -0.620634 -0.862491
396 0.179901 -1.087576
480 -0.008146 -1.033823
401 -0.120510 -1.001827
356 -0.539776 -0.875979
179 -0.740711 -0.823202
378 -0.618488 -0.863027
15 -0.537119 -0.882714
468 -0.354236 -0.933316
447 0.101542 -1.057465
135 -0.312670 -0.941600
67 -0.245930 -0.959927
8 0.417873 -1.165830
288 -0.528439 -0.888642
200 0.303245 -1.123834
14 -0.095870 -0.999864
257 0.032476 -1.033464
379 -0.142414 -0.993564
139 -0.379288 -0.928565
340 -0.488200 -0.895429
436 -0.436738 -0.915629
1 -0.320895 -0.942078
69 -0.403325 -0.915727
446 0.163421 -1.084158
24 -0.356773 -0.920865
170 -0.625022 -0.854353
427 -0.388769 -0.920222
444 -0.444706 -0.907160
44 -0.455480 -0.908832
45 -0.653989 -0.853111
32 -0.578334 -0.874908
395 -0.530759 -0.871855
350 -0.326230 -0.937968
229 -0.091755 -1.007241
438 -0.315088 -0.947336
351 -0.429942 -0.915091
146 -0.218207 -0.968560
402 -0.357115 -0.935537
316 0.002890 -1.030155
207 0.230124 -1.103409
147 -0.152373 -0.992610
415 -0.371303 -0.932106
357 -0.080226 -1.021618
441 0.442097 -1.182011
219 -0.218854 -0.972908
224 -0.431277 -0.913345
290 -0.460269 -0.898158
23 -0.339708 -0.941944
83 -0.196296 -0.967527
19 0.201921 -1.094718
355 -0.468300 -0.891184
477 -0.396995 -0.929524
492 -0.307871 -0.949725
208 -0.453400 -0.908306
201 -0.441654 -0.906808
297 0.007320 -1.033714
156 -0.203710 -0.971967
439 -0.474764 -0.908176
434 -0.232913 -0.960697
386 -0.315608 -0.944538
218 -0.006469 -1.022956
37 -0.143394 -0.990626
422 -0.171544 -0.982099
194 -0.444363 -0.901729
233 -0.398801 -0.919424
417 -0.424188 -0.908350
475 -0.316787 -0.944079
118 -0.115261 -0.995344
187 0.362439 -1.149295
123 -0.417430 -0.916476
335 -0.081711 -1.006642
413 -0.058144 -1.011619
383 -0.633051 -0.849388
34 -0.500239 -0.896058
18 0.119583 -1.067250
294 0.011050 -1.039166
39 0.132427 -1.077082
406 0.306287 -1.124581
361 0.003726 -1.023753
279 -0.414766 -0.909748
163 0.029852 -1.031007
222 -0.056342 -1.010426
423 -0.225410 -0.967602
337 -0.596736 -0.873961
455 -0.624138 -0.862841
322 0.423683 -1.162655
73 -0.320501 -0.947237
165 -0.023444 -1.024059
428 -0.447405 -0.905391
129 -0.690975 -0.845730
60 0.027071 -1.042038
92 -0.788890 -0.820305
172 -0.016602 -1.032945
10 -0.315196 -0.945284
437 -0.304655 -0.940005
267 -0.346614 -0.938826
197 -0.527672 -0.887610
304 -0.314972 -0.940850
153 -0.564296 -0.873767
431 -0.172561 -0.980363
107 -0.292585 -0.944899
181 -0.339557 -0.935445
341 -0.160613 -0.984850
240 0.320621 -1.136372
467 -0.025635 -1.016168
160 -0.543098 -0.883931
404 -0.106102 -1.008525
487 0.003621 -1.034602
435 -0.630482 -0.854099
117 -0.312850 -0.947955
426 -0.420535 -0.904447
110 -0.564974 -0.870862
400 -0.793326 -0.815566
469 -0.143837 -0.989676
217 -0.888444 -0.790725
108 0.056527 -1.055708
334 -0.419615 -0.908808
237 -0.370089 -0.926264
80 -0.572538 -0.864913
178 -0.249205 -0.961576
456 -0.024347 -1.027578
31 -0.456884 -0.908491
21 -0.091318 -1.010773
389 -0.415759 -0.918517
276 -0.735084 -0.832674
485 -0.039820 -1.020981
55 -0.379322 -0.931657
299 0.119202 -1.073388
465 -0.475704 -0.895228
464 -0.738137 -0.846852
9 -0.846144 -0.818007
263 0.030543 -1.040350
269 0.493694 -1.185320
331 0.370219 -1.141389
399 -0.479852 -0.905168
424 -0.624075 -0.861472
81 -0.298406 -0.941390
473 -0.433763 -0.903520
336 -0.537718 -0.886599
209 -0.434508 -0.907382
359 0.068965 -1.058641
284 0.076137 -1.052878
330 -0.764289 -0.817162
483 -0.717168 -0.829871
177 -0.016831 -1.031864
454 0.178163 -1.087986
308 -0.182625 -0.976949
122 -0.267858 -0.948994
281 0.299550 -1.130350
349 -0.191824 -0.978716
328 -0.793914 -0.825125
79 0.033775 -1.041406
496 -0.244668 -0.962704
186 -0.352526 -0.940225
54 -0.516293 -0.882566
246 0.102996 -1.070278
42 0.074575 -1.056579
261 -0.735629 -0.823484
193 0.081366 -1.067256
254 -0.019161 -1.026847
449 0.194023 -1.098458
180 -0.171125 -0.978725
51 -0.153586 -0.986088
375 -0.242875 -0.961172
56 0.579516 -1.215462
103 -0.282623 -0.961103
332 -0.699746 -0.847892
498 -0.725962 -0.829998
116 -0.188308 -0.974621
221 -0.337684 -0.941601
151 -0.155742 -0.989193
198 -0.325577 -0.937514
259 -0.576578 -0.878490
252 0.232943 -1.113594
136 -0.413888 -0.911932
3 -0.048978 -1.015975
289 -0.837364 -0.809879
13 -0.498192 -0.900457
491 -0.883810 -0.795367
271 -0.369233 -0.932383
445 0.082571 -1.056184
458 -0.386378 -0.921711
408 -0.736146 -0.830232
327 -1.000896 -0.770417
152 0.015210 -1.024253
158 0.094517 -1.063550
329 0.116708 -1.075109
486 0.113121 -1.068631
95 0.127020 -1.065206
130 -0.337503 -0.932016
126 -0.517936 -0.887274
210 -0.335996 -0.932721
265 -0.346889 -0.927485
0 -0.794363 -0.810900
411 -0.349853 -0.932485
61 -0.522642 -0.882882
416 -0.556503 -0.868908
497 -0.220386 -0.977397
185 -0.296887 -0.949837
202 -0.041093 -1.024594
131 -0.974535 -0.780911
390 0.132172 -1.073693
63 -0.430273 -0.918561
141 -0.489655 -0.895599
85 -0.181977 -0.979611
206 -0.478744 -0.898842
382 -0.045106 -1.023883
342 -0.168573 -0.980232
470 0.327305 -1.133423
459 -0.273341 -0.952593
128 -0.466935 -0.897913
391 -0.073451 -1.014784
296 -0.174450 -0.988101
176 0.055346 -1.042423
28 -0.715094 -0.831604
99 -0.018190 -1.029483
460 -1.055361 -0.747156
214 -0.232556 -0.958607
143 -0.248521 -0.964920
452 -0.096119 -0.996186
162 -0.362520 -0.934358
278 -0.698919 -0.836661
148 -0.801861 -0.818723
236 -0.403377 -0.914124
159 -0.434143 -0.910225
88 -0.255519 -0.947763
429 -0.429834 -0.910990
127 0.176397 -1.087138
145 -0.604474 -0.857515
443 -0.167669 -0.982190
234 -0.172896 -0.987160
213 -0.294961 -0.953337
344 0.238719 -1.107991
70 0.286193 -1.121845
410 -0.247858 -0.958867
47 -0.129928 -0.991667
364 -0.352404 -0.929260
372 0.004176 -1.035410
493 -0.526909 -0.885500
76 -0.432932 -0.913494
369 -0.349284 -0.932061
291 -0.367764 -0.930089
384 -0.246230 -0.961736
300 0.037143 -1.052130
84 -0.276622 -0.953210
255 -0.153024 -0.984793
93 -0.635331 -0.851452
7 0.043289 -1.049281
22 0.255335 -1.110447
313 -0.128772 -0.999612
114 -0.454795 -0.910037
339 0.535716 -1.202772
461 0.319545 -1.132859
212 -0.808706 -0.809734
433 -0.675076 -0.858798
407 -0.079716 -1.005102
124 -0.956706 -0.782334
90 -0.321592 -0.942388
273 -0.214949 -0.972066
242 -0.308595 -0.945640
482 -0.227720 -0.969707
462 -0.605718 -0.861747
247 0.337868 -1.137635
16 -0.426261 -0.914342
50 -0.002604 -1.022832
484 -0.041592 -1.011133
168 -0.221722 -0.973865
310 0.043239 -1.056255
325 -0.371069 -0.927622
305 0.102124 -1.065461
306 -0.276560 -0.957055
448 -0.254277 -0.950031
101 -0.339717 -0.928144
33 0.314062 -1.127945
144 0.378525 -1.149413
184 -0.131107 -0.990904
132 -0.919378 -0.792113
173 -0.255581 -0.957774
466 -0.461314 -0.905852
262 0.387192 -1.149060
192 -0.233302 -0.967444
260 -0.730985 -0.824781
169 -0.367365 -0.923512
352 -0.044755 -1.020569
65 -0.652209 -0.849827
298 0.093942 -1.047969
392 -0.567241 -0.878844
183 -0.120326 -0.999705
323 -0.300923 -0.957333
243 -0.200018 -0.973794
53 -0.244737 -0.961829
133 0.179952 -1.094844
119 -0.244606 -0.965362
235 -0.256581 -0.950582
489 0.209524 -1.102349
380 -0.754924 -0.829572
419 -0.154214 -0.990701
112 -0.342850 -0.931988
348 -0.582106 -0.872237
161 -0.166729 -0.985046
106 0.441112 -1.172018
463 -0.414684 -0.916294
30 -0.072795 -1.014257
98 -0.331961 -0.939102
283 -0.200648 -0.978528
