512 2
511 -0.222463 -0.979531
383 -0.203726 -0.981155
447 -0.113294 -0.998521
495 -0.031804 -1.010700
507 0.027540 -1.033534
375 -0.000783 -1.020099
510 -0.406434 -0.942461
508 -0.230958 -0.979960
247 -0.036711 -1.015175
479 -0.340963 -0.957657
251 -0.227421 -0.981514
509 -0.096960 -1.004689
415 -0.041535 -1.015800
443 -0.311192 -0.953858
471 0.225603 -1.071760
191 -0.339605 -0.955670
489 -0.388911 -0.942246
252 0.171471 -1.058088
239 -0.250613 -0.971088
505 -0.358377 -0.955712
477 -0.349727 -0.950803
506 -0.483405 -0.926997
381 -0.309837 -0.962852
127 -0.168987 -0.992295
494 -0.332741 -0.953491
123 -0.365796 -0.953178
379 0.017495 -1.030096
492 -0.111033 -0.998620
255 -0.417547 -0.943576
431 -0.602959 -0.906420
493 -0.183506 -0.988376
119 -0.359283 -0.955943
446 -0.052173 -1.012784
367 0.062473 -1.040793
487 -0.290200 -0.963027
382 -0.120535 -1.001365
486 -0.039325 -1.013031
504 -0.516636 -0.917735
499 -0.223239 -0.972931
246 -0.284920 -0.968495
501 -0.343891 -0.954436
467 0.224939 -1.074271
307 -0.381391 -0.944772
490 -0.250490 -0.972180
319 -0.054140 -1.009225
253 -0.000996 -1.017208
478 -0.010032 -1.021598
374 -0.022451 -1.022771
463 -0.500941 -0.931871
399 -0.413943 -0.947780
491 -0.269163 -0.971056
190 -0.231086 -0.965046
315 -0.274383 -0.972420
502 0.010037 -1.021019
473 0.027715 -1.033710
347 0.128844 -1.047534
440 0.137116 -1.057722
63 0.122759 -1.052244
245 0.235103 -1.079172
183 -0.290211 -0.961648
485 -0.506481 -0.920241
350 -0.083636 -1.014318
207 -0.544939 -0.911808
475 -0.036438 -1.015590
250 -0.113294 -1.005790
318 -0.293642 -0.965852
460 -0.010913 -1.016368
454 -0.187189 -0.983134
95 -0.505794 -0.926647
413 -0.549082 -0.914073
351 -0.291495 -0.967525
365 -0.407121 -0.945737
254 -0.104376 -1.002488
377 -0.061497 -1.010589
371 -0.029434 -1.018955
215 0.072546 -1.041163
445 -0.378334 -0.956056
363 -0.164139 -0.986036
410 0.074892 -1.039866
459 -0.080716 -0.999456
423 -0.576217 -0.914307
175 -0.323735 -0.958551
378 -0.072014 -1.003455
343 -0.308309 -0.962429
483 -0.054211 -1.012896
126 -0.677605 -0.891282
115 -0.053830 -1.012363
428 -0.034017 -1.015335
223 -0.359856 -0.944954
303 -0.221499 -0.985002
227 -0.305822 -0.961396
430 0.067976 -1.041228
231 0.227345 -1.069752
111 -0.198583 -0.981681
159 -0.105641 -0.998965
370 -1.019789 -0.838883
455 -0.273611 -0.968092
462 0.020871 -1.028403
316 -0.172067 -0.993842
412 -0.313167 -0.964712
359 -0.254845 -0.969389
437 -0.218206 -0.976525
311 -0.063532 -1.013306
366 -0.088625 -1.003552
125 0.161534 -1.057175
503 0.076501 -1.036967
498 -0.190029 -0.977373
453 -0.233252 -0.982059
435 -0.151314 -0.995424
411 0.320366 -1.094243
355 -0.816251 -0.874977
221 -0.345522 -0.958084
295 0.428575 -1.121453
441 -0.503607 -0.934145
79 -0.276739 -0.974747
470 -0.510459 -0.920660
349 -0.174186 -0.987040
158 -0.374771 -0.956833
235 -0.547353 -0.916037
425 -0.095011 -1.002559
238 -0.176145 -0.989812
335 -0.316342 -0.953394
186 -0.605033 -0.906728
469 -0.469940 -0.932526
249 -0.141893 -0.994843
59 -0.245960 -0.977879
442 -0.573678 -0.912717
87 -0.794050 -0.877095
287 0.094699 -1.042635
438 -0.464948 -0.928378
476 -0.064572 -1.013568
406 -0.113025 -1.006715
189 -0.476651 -0.928213
373 -0.319984 -0.956086
171 -0.335360 -0.960488
229 -0.410663 -0.945562
237 -0.108647 -0.988937
185 -0.292125 -0.969628
309 -0.140757 -0.991257
439 0.041586 -1.031403
461 -0.136896 -0.991755
143 -0.516449 -0.931282
205 -0.297726 -0.967883
357 0.346235 -1.101521
342 -0.104256 -1.004205
230 -0.178827 -0.982455
213 0.143675 -1.053303
436 -0.521529 -0.925411
234 -0.016290 -1.019200
314 -0.282775 -0.964895
497 -0.169436 -0.998922
61 0.009588 -1.025348
83 -0.434483 -0.938832
57 -0.180836 -0.984006
376 0.070604 -1.040887
188 0.016487 -1.029429
220 -0.229434 -0.975959
457 -0.092955 -1.007835
118 -0.610490 -0.903357
407 -0.388105 -0.940491
450 -0.185662 -0.988317
427 -0.462097 -0.936359
341 -0.236747 -0.976278
310 -0.233679 -0.977105
433 -0.204064 -0.982604
429 -0.137725 -1.000162
219 -0.079159 -1.007748
361 -0.428050 -0.937530
369 -0.552173 -0.922185
313 -0.585787 -0.910871
286 0.174323 -1.053872
488 -0.209359 -0.975672
263 -0.448411 -0.940136
414 -0.106901 -1.000254
500 -0.754232 -0.880984
283 -0.300837 -0.962441
358 -0.135563 -0.995654
124 -0.003275 -1.031626
444 -0.140418 -1.001369
409 -0.316065 -0.960569
496 -0.152074 -0.995499
217 -0.151690 -0.997147
103 -0.586272 -0.902718
110 0.075452 -1.037240
362 -0.033860 -1.016362
149 -0.619116 -0.895415
271 -0.259912 -0.971159
206 0.422440 -1.122957
62 -0.177534 -0.987533
397 -0.279465 -0.969080
187 0.004828 -1.029259
163 0.138690 -1.059368
481 -0.271738 -0.972858
380 -0.308621 -0.962644
474 0.166024 -1.056738
173 0.163664 -1.056451
174 -0.519524 -0.923236
294 -0.413473 -0.944578
458 -0.527363 -0.920737
181 0.090751 -1.044439
55 -0.554516 -0.907441
179 -0.549499 -0.916059
182 -0.258490 -0.969069
222 -0.272688 -0.967399
155 -0.726718 -0.881566
405 -0.519802 -0.922362
419 -0.227214 -0.976762
333 -0.246814 -0.978605
151 -0.141711 -1.001774
93 -0.116971 -0.998451
465 -0.719967 -0.886852
327 -0.819280 -0.862518
398 -0.518583 -0.923664
339 0.246951 -1.075374
484 -0.598185 -0.908036
122 -0.346308 -0.950405
305 0.011512 -1.032497
244 -0.453183 -0.934343
248 -0.683139 -0.899875
345 -0.385171 -0.940397
236 -0.594056 -0.910837
29 0.092491 -1.032458
243 0.195915 -1.067227
293 -0.234142 -0.971893
317 0.268331 -1.079146
225 0.070590 -1.040281
426 -0.238712 -0.969891
226 -0.759047 -0.880710
102 0.140323 -1.058249
92 -0.478647 -0.929466
299 0.064295 -1.040328
403 0.104424 -1.046703
211 -0.804385 -0.866364
94 0.144620 -1.062722
210 0.023489 -1.027679
166 -0.368501 -0.949825
468 0.113166 -1.048577
402 -0.159850 -0.996313
201 -0.130673 -0.999142
364 0.001257 -1.028462
89 -0.456022 -0.940313
372 0.023666 -1.025695
135 -0.108360 -1.011955
214 -0.425636 -0.937422
51 -0.140306 -0.998864
117 0.192854 -1.070130
401 -0.186813 -0.990792
330 -0.304846 -0.967011
331 0.130247 -1.053588
85 -0.320031 -0.957706
242 -0.175112 -0.995624
422 0.222304 -1.071074
153 -0.735311 -0.880655
279 0.096681 -1.041521
23 -0.711226 -0.884622
241 -0.258421 -0.969797
47 -0.579733 -0.910566
301 0.242793 -1.071901
395 0.064347 -1.047844
216 0.387222 -1.107837
300 -0.243632 -0.977590
393 -0.181284 -0.990717
78 -0.296938 -0.967750
302 -0.320609 -0.955013
31 -0.051884 -1.012664
39 -0.327942 -0.960565
348 -0.627566 -0.899060
198 -0.318746 -0.945007
356 -0.101045 -1.001470
312 0.402760 -1.110956
101 -0.611968 -0.902772
109 -0.223246 -0.974500
156 0.349899 -1.096329
75 0.077918 -1.043818
308 -0.013637 -1.023725
116 -0.847058 -0.867467
218 0.009252 -1.029312
344 -0.512953 -0.920717
202 0.188040 -1.061634
91 -0.003232 -1.017347
354 -0.124019 -1.000942
270 -0.376490 -0.952717
417 0.037224 -1.030715
466 -0.004219 -1.030888
157 -0.091058 -1.000936
282 -0.308337 -0.964886
273 0.311508 -1.091748
290 -0.114576 -0.998816
434 -0.330653 -0.958470
139 0.132577 -1.045898
233 -0.184828 -0.986759
451 0.237341 -1.070171
203 -0.157264 -0.986628
332 0.543742 -1.152839
240 -0.080021 -1.008127
167 -0.160021 -0.990499
278 -0.137344 -0.997368
284 -0.019189 -1.024983
165 0.143916 -1.056652
15 -0.208115 -0.979051
82 -0.102775 -1.010976
170 -0.215488 -0.977381
154 -0.132285 -0.989432
432 -0.517490 -0.925919
449 -0.198962 -0.987003
107 -0.176261 -0.986830
346 -0.022898 -1.017978
421 -0.260783 -0.964106
424 0.037280 -1.028168
482 -0.187150 -0.986202
390 -0.020386 -1.021808
338 -0.254815 -0.974023
77 0.329618 -1.093030
228 -0.195080 -0.988444
452 -0.445841 -0.942002
106 0.416823 -1.110731
389 -0.257814 -0.980417
297 -0.056031 -1.010655
146 -0.266080 -0.965412
266 -0.311915 -0.964868
334 -0.470542 -0.930499
45 -0.027263 -1.019060
67 -0.093163 -0.999991
232 0.054525 -1.029575
353 0.005602 -1.023711
323 -0.284364 -0.968625
269 0.259924 -1.086923
387 0.435115 -1.117388
326 -0.624636 -0.908140
386 -0.776726 -0.875560
199 -0.092876 -1.004305
52 -0.885705 -0.857657
391 -0.739687 -0.884294
53 0.185031 -1.063410
43 0.033875 -1.029801
162 0.141285 -1.062224
197 -0.222555 -0.986399
73 -0.180471 -0.997887
196 -0.182925 -0.994505
268 -0.345979 -0.952906
113 0.058612 -1.040502
291 -0.063472 -1.017636
184 0.057950 -1.040035
133 -0.090825 -1.008008
306 -0.309075 -0.973777
152 -0.113594 -1.001886
121 0.118321 -1.049788
108 0.120704 -1.048508
418 -0.267859 -0.972203
281 -0.032037 -1.022061
105 -0.257166 -0.973519
141 -0.495267 -0.929163
172 -0.020353 -1.024494
472 -0.362418 -0.950545
265 -0.211264 -0.978890
178 0.135886 -1.057055
71 -0.050079 -1.019310
336 0.041409 -1.039033
12 -0.653213 -0.887747
285 -0.599747 -0.916809
328 -0.201440 -0.976880
60 -0.057457 -1.009705
54 -0.115486 -1.010882
13 -0.247535 -0.979560
298 -0.637086 -0.906485
209 -0.092918 -1.009123
320 -0.594467 -0.918602
46 -0.570604 -0.912864
150 -0.366448 -0.951970
420 -0.013785 -1.032470
41 -0.036055 -1.016690
274 -0.192721 -0.987760
322 -0.514966 -0.921471
448 -0.266367 -0.985164
337 -0.153459 -0.996466
169 -0.173222 -0.995925
9 0.032517 -1.043762
88 0.068193 -1.033570
142 -0.118922 -0.999336
260 -0.407994 -0.933151
329 -0.386531 -0.939958
99 -0.122206 -1.002257
98 0.220079 -1.071912
304 -0.424428 -0.949031
48 -0.557323 -0.912175
90 -0.032756 -1.021474
396 -0.205594 -0.979251
144 -0.166980 -0.995662
14 -0.444962 -0.938191
277 0.150281 -1.052147
38 -0.297349 -0.960716
147 -0.141037 -0.991133
394 0.142111 -1.050027
340 -0.002596 -1.034298
176 -0.361757 -0.950662
114 0.146459 -1.052930
120 -0.583137 -0.908424
164 -0.243332 -0.972878
280 -0.902971 -0.856885
25 -0.577730 -0.915453
195 -0.064180 -1.016030
408 -0.343408 -0.943294
138 0.365027 -1.112903
145 -0.489644 -0.931591
464 -0.115683 -0.993397
81 0.157470 -1.053797
388 0.036125 -1.030054
480 0.035448 -1.035083
22 -0.948910 -0.844368
261 -0.190540 -0.986422
368 -0.329839 -0.968223
193 -0.414678 -0.942447
100 0.016836 -1.035615
36 0.204099 -1.070396
134 0.052831 -1.039433
97 -0.498150 -0.927295
140 0.116198 -1.051070
360 -0.519446 -0.922905
30 -0.282530 -0.965534
416 -0.475283 -0.924583
292 -0.463779 -0.928797
27 0.301199 -1.091874
259 0.174488 -1.071208
76 -0.424475 -0.942998
161 -0.039952 -1.020029
352 -0.566896 -0.911460
96 -0.233125 -0.976976
404 -0.004105 -1.031089
321 -0.377532 -0.947173
26 -0.167635 -0.990811
168 -0.370572 -0.946268
194 -0.373303 -0.944376
86 -0.176057 -0.993963
267 -0.448032 -0.934410
74 -0.574805 -0.918366
204 -0.331534 -0.954640
385 -0.111994 -1.010516
50 -0.215529 -0.989862
19 0.133848 -1.057998
7 -0.119305 -1.002309
276 -0.137751 -1.003337
131 0.062139 -1.047152
324 0.016705 -1.020451
65 -0.864277 -0.861700
40 -0.586122 -0.912223
180 -0.499182 -0.930872
325 0.231461 -1.068318
296 -0.506148 -0.918257
177 -0.141697 -0.998750
44 -0.443764 -0.941317
104 -0.348957 -0.947525
148 -0.508246 -0.925242
392 -0.145277 -0.995504
456 -0.024093 -1.013571
17 -0.091855 -1.000099
208 -0.137789 -1.002843
72 0.057933 -1.040126
37 -0.600694 -0.912407
56 -0.071166 -1.009626
1 -0.230746 -0.975160
137 -0.264248 -0.973416
11 -0.149791 -0.994484
58 -0.669261 -0.900104
35 -0.114449 -0.999315
257 -0.348849 -0.943241
70 0.271301 -1.091502
224 -0.228501 -0.968951
160 -0.023887 -1.021067
69 -0.335105 -0.966468
258 -0.172877 -0.987715
262 -0.127525 -0.998495
42 -0.038159 -1.023457
49 0.071845 -1.047357
5 -0.552100 -0.916776
33 -0.343158 -0.959885
112 0.108388 -1.054113
28 -0.257865 -0.976789
192 -0.359707 -0.956254
212 -0.206584 -0.983876
3 -0.251751 -0.978167
66 -0.183777 -0.982230
68 -0.276990 -0.973136
129 -0.097701 -1.009166
21 -0.309734 -0.959654
256 -0.112353 -1.005716
84 0.111335 -1.046742
200 -0.229076 -0.980891
275 -0.227124 -0.983014
400 -0.266851 -0.976173
289 -0.393221 -0.950391
24 -0.608003 -0.910980
288 -0.162153 -0.990753
6 -0.142522 -1.002594
130 -0.237976 -0.971744
20 -0.392830 -0.946891
18 -0.225805 -0.974359
80 0.075357 -1.048105
10 -0.033176 -1.011682
34 -0.675187 -0.888894
8 -0.270007 -0.978697
272 -0.948434 -0.847407
264 -0.340754 -0.956652
136 0.562042 -1.163877
128 0.349790 -1.096240
64 -0.289711 -0.972464
2 -0.096135 -1.010815
384 -0.381180 -0.965840
16 -0.209059 -0.989208
132 0.036717 -1.039036
4 0.069482 -1.060900
0 -0.198546 -0.994735
32 -0.635312 -0.903540
