512 2
511 0.011326 -1.056121
510 0.437168 -0.912062
447 0.227824 -0.975584
495 0.625431 -0.855781
479 0.419380 -0.915490
507 0.167029 -1.006079
503 0.276081 -0.976051
383 0.022923 -1.059063
255 0.422514 -0.921303
247 0.203464 -0.983016
415 0.300009 -0.958658
486 0.169083 -1.008154
506 0.302591 -0.959369
382 0.517387 -0.889444
379 0.008674 -1.053880
443 0.277195 -0.959870
431 0.302569 -0.963050
505 0.593591 -0.867184
499 0.294692 -0.967954
501 0.406265 -0.928579
509 0.232933 -0.985937
446 0.386186 -0.934899
491 0.264726 -0.972044
351 0.364318 -0.939631
475 0.190577 -0.999829
365 0.089341 -1.024343
367 0.304753 -0.966467
490 0.362660 -0.939468
478 0.275578 -0.974581
191 0.413547 -0.927842
350 0.568478 -0.878767
366 0.509235 -0.897444
239 0.216313 -0.990448
439 0.292145 -0.959763
207 0.351640 -0.945082
159 0.250405 -0.980160
498 0.371190 -0.937643
223 0.257230 -0.973932
494 0.121166 -1.015912
381 0.566855 -0.881982
487 0.125545 -1.015926
461 0.611836 -0.862652
477 0.203331 -0.984446
254 0.293494 -0.967572
411 0.399077 -0.930765
371 0.338707 -0.943487
251 0.232392 -0.987748
219 0.335886 -0.947983
463 0.101127 -1.025681
221 0.048922 -1.042437
319 0.338604 -0.950946
335 0.365837 -0.939817
467 0.453827 -0.916424
483 -0.012125 -1.061033
493 0.389639 -0.931060
253 0.599535 -0.861818
347 0.339589 -0.952810
471 0.378463 -0.933809
441 0.484229 -0.905141
349 0.210367 -0.985180
318 0.245358 -0.976435
125 0.501510 -0.894534
127 -0.014985 -1.065177
407 0.075435 -1.040221
502 0.586574 -0.871322
488 0.386565 -0.934842
500 0.185162 -1.002077
119 0.142172 -1.002977
445 0.523720 -0.884304
482 0.210792 -0.991203
437 0.269286 -0.967147
250 0.323323 -0.964400
242 0.466738 -0.908371
287 0.466385 -0.906269
95 0.485125 -0.907032
492 -0.217235 -1.133337
489 0.464335 -0.917003
474 0.274382 -0.975204
455 0.367738 -0.937592
190 0.211201 -0.988057
252 0.484520 -0.903545
470 0.175818 -1.007084
462 -0.096997 -1.086968
243 0.298128 -0.963389
427 0.763698 -0.814258
414 0.062418 -1.036949
430 0.076449 -1.030241
111 0.991784 -0.752745
413 0.542673 -0.879779
375 -0.019409 -1.061737
444 -0.213546 -1.124806
245 0.221339 -0.985234
123 0.145051 -1.007394
317 0.901972 -0.774907
380 0.377686 -0.934689
508 0.752470 -0.827698
183 0.046031 -1.044580
246 0.446245 -0.918080
423 -0.259991 -1.146791
231 0.291795 -0.960195
115 0.459337 -0.905874
175 0.300419 -0.954238
174 0.380719 -0.940725
187 0.341186 -0.947756
171 0.512411 -0.899675
309 0.235715 -0.979644
429 0.380390 -0.936736
237 0.221871 -0.991041
442 0.463127 -0.911058
126 0.293771 -0.968051
303 0.440750 -0.923990
241 0.274488 -0.962348
403 0.217183 -0.987231
189 -0.205592 -1.133918
334 0.626137 -0.857212
185 0.119181 -1.028821
373 0.681829 -0.838701
295 0.204214 -1.000242
238 0.244834 -0.976251
31 0.432240 -0.924393
436 0.123328 -1.025375
460 -0.104271 -1.090393
476 0.501968 -0.896446
466 0.573409 -0.878536
94 0.549447 -0.890734
315 0.200350 -1.002708
47 0.240648 -0.975989
222 0.474191 -0.909511
311 0.615803 -0.867863
55 -0.267816 -1.153744
205 0.095973 -1.033046
158 0.421157 -0.921360
244 0.623476 -0.851978
434 0.306158 -0.960858
421 0.464924 -0.911182
399 0.310072 -0.957752
469 0.378278 -0.940982
249 0.323085 -0.952361
61 -0.069215 -1.081911
377 0.446767 -0.916149
497 0.205799 -0.997009
63 0.306143 -0.961862
435 0.541126 -0.887532
342 0.039129 -1.049280
481 0.496137 -0.904763
182 -0.153322 -1.113004
313 0.259386 -0.970455
275 0.072846 -1.038260
485 0.250938 -0.976588
279 0.218374 -0.986049
181 0.300340 -0.957646
167 0.126708 -1.022596
452 0.033668 -1.045743
398 0.057969 -1.045843
282 0.531139 -0.888955
410 0.138517 -1.018217
211 0.494126 -0.898259
271 0.444412 -0.919494
58 0.448852 -0.912140
215 0.354343 -0.945080
103 0.262671 -0.964210
433 0.215692 -0.988741
346 0.744799 -0.820956
235 0.291609 -0.956850
291 0.291358 -0.961212
473 0.334091 -0.949807
173 0.178871 -0.995412
359 0.405718 -0.928162
357 0.137068 -1.018546
409 -0.055575 -1.079750
343 0.507308 -0.899159
412 0.365649 -0.936581
286 0.065977 -1.033842
376 0.315958 -0.952930
363 0.382041 -0.943306
149 0.386251 -0.937900
464 0.165377 -1.000319
285 0.686245 -0.840865
283 0.345768 -0.946711
179 0.048534 -1.046017
240 0.679345 -0.838878
372 0.470733 -0.903878
454 0.635577 -0.859488
504 -0.079126 -1.086041
234 0.591574 -0.874677
378 0.655757 -0.850550
310 0.409116 -0.927832
391 0.644371 -0.853363
348 0.173334 -1.010460
369 0.057402 -1.045299
203 0.337890 -0.944639
422 0.632243 -0.862105
233 0.298114 -0.958727
86 0.457901 -0.920279
151 -0.006712 -1.059306
453 0.618340 -0.863486
218 0.284402 -0.960599
230 0.580556 -0.877312
188 0.252234 -0.976911
213 0.164360 -1.002877
116 -0.025450 -1.063514
457 0.490830 -0.908637
356 -0.240620 -1.139115
358 0.514098 -0.898253
62 0.794668 -0.801726
472 0.821635 -0.801548
206 0.119016 -1.024116
362 0.613985 -0.868013
468 -0.154478 -1.112104
327 0.452812 -0.913171
428 0.277692 -0.964935
401 0.459723 -0.912422
316 0.075911 -1.046134
338 -0.124511 -1.107638
214 0.268481 -0.975029
302 0.417552 -0.927064
172 0.405279 -0.926489
163 0.187658 -1.003840
122 0.447308 -0.917899
355 0.572388 -0.876141
314 0.242474 -0.980093
458 0.391757 -0.933398
299 0.051681 -1.037535
93 0.250129 -0.974026
459 -0.036410 -1.071225
331 0.586962 -0.878820
79 -0.001960 -1.059794
394 0.261491 -0.966152
496 -0.025610 -1.067406
85 0.177653 -1.005688
225 0.948353 -0.762073
484 0.064870 -1.043781
305 0.692685 -0.838233
364 0.256782 -0.977937
154 0.599715 -0.870363
297 0.177937 -1.004066
91 0.002911 -1.057138
339 0.332580 -0.949774
270 0.310069 -0.957135
59 -0.154271 -1.105126
216 0.135839 -1.015268
120 0.017506 -1.048989
406 0.225172 -0.984899
307 0.270600 -0.970189
198 0.326640 -0.952409
278 0.441898 -0.910785
157 0.413710 -0.924931
60 0.650105 -0.838781
419 0.119976 -1.027325
156 0.460388 -0.906640
107 0.482136 -0.907429
438 0.552305 -0.887515
23 0.788359 -0.808206
51 0.705035 -0.839634
354 0.221226 -0.988839
425 0.497789 -0.897758
109 -0.282958 -1.150773
374 0.617448 -0.870317
121 0.500812 -0.891264
220 -0.238475 -1.134956
424 0.131376 -1.022636
118 -0.182205 -1.121096
402 0.578087 -0.881031
294 0.262439 -0.971826
27 0.284810 -0.965084
345 0.837912 -0.790687
451 0.135246 -1.015290
143 0.490534 -0.900396
201 0.285335 -0.965587
440 0.701780 -0.837279
277 0.054029 -1.033669
341 -0.007033 -1.059627
166 0.162664 -1.008524
333 0.428631 -0.914066
229 0.255117 -0.981324
308 0.362121 -0.937044
117 0.442355 -0.917070
45 0.242361 -0.985187
102 0.418971 -0.930861
197 0.437665 -0.923712
145 0.032768 -1.050372
390 0.318303 -0.968119
199 -0.133361 -1.098498
155 0.369677 -0.937995
150 0.804020 -0.807618
43 0.511334 -0.904770
360 0.207363 -0.986933
186 0.168832 -1.003495
426 0.196049 -0.990096
195 0.873683 -0.789169
124 0.096472 -1.028377
46 -0.141946 -1.111864
465 0.179058 -1.004312
92 0.447195 -0.907919
177 0.385037 -0.934396
329 -0.337219 -1.177152
405 0.342036 -0.953124
39 0.046173 -1.046588
29 0.620271 -0.852929
456 0.317807 -0.953709
368 0.075166 -1.035113
217 0.034335 -1.057089
292 0.459207 -0.911306
420 0.480921 -0.901302
404 0.475543 -0.904619
77 0.116974 -1.022526
101 0.452529 -0.912287
361 0.382671 -0.934222
325 0.650025 -0.854371
142 0.381181 -0.933549
178 0.551130 -0.879503
397 0.308837 -0.962203
290 0.420188 -0.921872
370 0.140129 -1.018057
114 0.009343 -1.055185
432 0.291009 -0.963131
232 0.409190 -0.925920
281 0.197376 -0.984668
87 -0.074449 -1.082947
165 0.175560 -0.994876
330 0.261311 -0.972808
69 0.308459 -0.952599
169 0.160318 -1.005994
54 0.312073 -0.964801
7 0.993902 -0.753251
105 0.416278 -0.930854
293 0.027920 -1.042406
395 0.558756 -0.874901
344 0.271472 -0.962508
227 0.287577 -0.964996
72 0.232895 -0.988467
284 0.335616 -0.949067
269 0.070550 -1.042407
204 0.319333 -0.964001
340 0.412032 -0.931533
212 0.038519 -1.044033
336 0.033546 -1.041509
53 0.068177 -1.031175
393 0.703691 -0.849092
202 0.350328 -0.950338
385 -0.157931 -1.110525
208 0.358958 -0.942469
139 0.078739 -1.030119
337 -0.009334 -1.063894
28 -0.088347 -1.092714
301 0.268648 -0.966353
209 -0.024681 -1.065012
99 0.566033 -0.879866
74 0.526228 -0.888521
228 -0.207597 -1.131610
417 0.438265 -0.924383
448 0.729727 -0.820282
135 0.477479 -0.899104
180 0.530069 -0.895372
194 -0.092388 -1.087911
106 0.540688 -0.888499
267 0.112878 -1.018491
248 0.831370 -0.801694
75 0.472092 -0.907776
35 0.513741 -0.890893
236 0.149149 -1.010576
353 0.590134 -0.868673
262 0.335811 -0.946266
52 0.207741 -0.993698
9 -0.028348 -1.075869
113 0.729564 -0.822447
416 0.217410 -0.985298
396 0.298057 -0.960227
300 0.802987 -0.807264
298 0.544930 -0.876183
56 0.714311 -0.833470
97 0.533390 -0.885222
83 0.161782 -1.005180
140 0.349760 -0.951479
323 0.728683 -0.828174
184 0.547666 -0.883537
259 0.116474 -1.020617
193 0.512845 -0.891122
387 0.829887 -0.798146
14 0.854166 -0.786351
161 0.601091 -0.856023
68 0.015305 -1.056240
321 0.329896 -0.958084
263 0.180774 -0.996990
13 0.436138 -0.929662
224 0.517651 -0.894590
312 0.114522 -1.023936
25 0.311625 -0.958724
408 0.298525 -0.963243
480 0.352938 -0.947620
332 0.717475 -0.835735
274 0.255089 -0.976486
98 0.040466 -1.056586
104 0.083627 -1.031407
100 0.519756 -0.905936
112 0.526982 -0.891518
70 0.546144 -0.889012
138 -0.005986 -1.064654
176 0.487437 -0.901897
400 0.359671 -0.945072
389 0.059500 -1.039509
30 0.107909 -1.027685
322 0.785173 -0.814703
76 -0.151279 -1.112941
148 0.094831 -1.022069
131 0.368041 -0.943629
11 0.293255 -0.965439
89 0.271378 -0.976269
108 0.257784 -0.969515
146 -0.141010 -1.104141
6 0.192079 -0.986754
50 0.056882 -1.032387
170 0.179293 -1.009714
88 0.396851 -0.931058
152 -0.030891 -1.073642
392 0.298191 -0.971773
133 0.576510 -0.876767
450 0.489177 -0.893420
22 0.745526 -0.825710
71 0.361373 -0.944193
164 0.933838 -0.763722
162 0.562378 -0.878241
134 0.785740 -0.813251
26 0.095193 -1.030191
280 0.527542 -0.880817
57 0.476408 -0.908612
137 0.332991 -0.939935
73 0.209677 -0.998540
110 -0.007455 -1.059036
226 0.265797 -0.967693
352 -0.049335 -1.079005
141 0.033667 -1.042921
306 0.244008 -0.976034
38 0.214556 -0.990404
65 -0.081535 -1.091926
19 0.111629 -1.028806
48 0.263418 -0.969886
90 -0.365102 -1.184355
78 0.405705 -0.918126
153 0.339339 -0.945973
15 0.235431 -0.986778
67 0.545848 -0.876826
266 0.267505 -0.971780
449 0.286311 -0.973351
268 0.146062 -1.008894
276 0.240699 -0.986769
326 0.236895 -0.980521
16 -0.354974 -1.186907
386 0.667633 -0.841884
10 -0.252824 -1.153392
81 -0.074529 -1.070525
304 -0.005718 -1.061603
260 0.065503 -1.044311
34 0.308637 -0.966266
418 0.177355 -0.997283
147 0.758343 -0.810896
132 0.215393 -1.000283
21 0.791878 -0.797243
320 0.232292 -0.985572
41 -0.030791 -1.068056
324 -0.162315 -1.111026
289 0.550621 -0.874940
42 0.055953 -1.043425
24 0.478466 -0.907716
210 0.468304 -0.901541
261 0.031552 -1.050140
84 0.489603 -0.904220
20 0.455141 -0.909414
288 -0.145132 -1.118178
192 0.213140 -0.988751
388 0.544801 -0.883917
17 0.100356 -1.029434
33 0.509091 -0.898184
136 0.477489 -0.896108
5 0.307238 -0.956152
18 0.179889 -1.007204
200 0.481225 -0.897850
168 0.495603 -0.902207
256 0.120710 -1.026732
265 0.382504 -0.934837
12 -0.004490 -1.054675
44 0.269930 -0.985234
296 0.465700 -0.916141
196 -0.195705 -1.125424
36 0.301122 -0.963117
144 0.927409 -0.778553
272 0.317541 -0.964122
66 0.499101 -0.899766
32 0.633390 -0.854614
264 0.179154 -1.001912
160 0.165609 -1.012177
37 0.008855 -1.066622
273 0.249932 -0.974881
257 0.466016 -0.907278
49 0.062361 -1.039152
258 0.598886 -0.855103
80 0.915131 -0.778738
3 0.226971 -0.988132
128 0.373419 -0.946184
130 0.279575 -0.959809
328 0.299931 -0.969540
1 -0.204134 -1.119589
129 0.335047 -0.947636
4 0.544680 -0.878863
96 -0.216881 -1.127744
82 0.304875 -0.983364
40 0.397658 -0.934168
2 0.566313 -0.883602
384 0.288637 -0.968696
8 -0.110905 -1.093515
64 0.741990 -0.833395
0 0.381045 -0.936942
