512 2
0 -0.074138 -1.007873
260 0.001589 -1.006815
128 -0.083396 -1.009545
8 0.135976 -1.008886
16 -0.185593 -1.008340
256 -0.137055 -1.010896
1 -0.271380 -1.008412
24 -0.355458 -1.012084
65 0.096676 -1.010621
132 -0.052887 -1.007586
96 -0.001051 -1.009563
12 -0.114972 -1.009863
384 -0.044325 -1.007666
2 -0.000138 -1.003379
4 -0.086396 -0.996735
64 -0.219726 -1.008241
272 -0.289629 -1.010245
130 -0.145053 -1.007630
80 -0.179155 -1.001232
104 0.145400 -0.998844
10 0.188489 -1.019646
9 0.079450 -1.010075
216 0.115311 -1.005050
257 -0.033661 -1.004717
192 -0.334558 -1.015593
5 -0.021584 -1.015335
72 -0.020153 -1.005780
129 -0.492667 -1.013985
168 0.180699 -1.002764
146 -0.249125 -1.014667
258 0.181482 -1.009460
264 -0.093871 -1.009621
66 0.482931 -1.017573
136 0.220968 -1.012262
134 0.528571 -1.017632
6 0.013284 -1.006605
280 -0.272849 -1.018127
49 0.024508 -1.007347
68 -0.207110 -1.013779
25 0.127844 -1.015650
48 0.158561 -1.005961
114 -0.208456 -1.005171
288 -0.206350 -1.002189
262 0.097483 -1.009194
32 0.069288 -1.016163
44 -0.061910 -1.002753
22 0.491970 -1.023682
69 -0.637490 -1.023898
3 0.374676 -1.013363
58 0.264514 -1.012465
34 -0.282716 -1.012638
17 -0.101186 -1.001957
99 -0.380538 -1.011959
160 -0.387657 -1.012714
84 -0.054736 -1.002000
38 0.227946 -1.013471
56 -0.153132 -1.009708
488 -0.411254 -1.019545
290 0.069997 -1.006434
20 -0.363001 -1.012537
230 -0.100036 -1.016080
448 -0.064378 -1.011443
180 -0.042048 -1.006340
176 -0.144785 -1.010583
137 0.007744 -1.015392
268 0.444299 -1.022894
75 0.114164 -1.006118
263 0.195749 -1.010483
323 0.406201 -1.005127
352 0.345304 -1.011913
90 -0.039166 -1.001831
51 0.256983 -1.011834
26 0.167084 -1.005086
177 -0.371372 -1.016904
289 0.526471 -1.025564
328 -0.056355 -1.005142
79 0.109270 -1.013237
337 -0.275687 -1.016312
18 0.228329 -1.001139
41 -0.118014 -1.012966
19 -0.073541 -1.014502
40 0.159722 -1.009072
50 0.017335 -1.008492
131 -0.683265 -1.024620
200 0.271275 -1.007712
88 0.026972 -1.005537
267 0.065489 -1.005817
292 0.004709 -1.008361
11 0.733085 -1.027032
144 0.119919 -1.013077
74 -0.269244 -1.018318
334 0.086674 -1.012474
21 0.075385 -1.022190
89 -0.203451 -1.014715
140 0.051222 -1.009915
270 0.227160 -1.004572
304 -0.120095 -1.004989
133 -0.364696 -1.013555
52 -0.377683 -1.009764
389 -0.335583 -1.007776
276 -0.423397 -1.018012
150 0.184377 -0.999784
273 -0.535624 -1.018816
67 0.080499 -1.017703
193 0.097843 -1.009503
213 -0.344353 -1.016027
259 0.082193 -1.016402
145 -0.088765 -1.019467
450 -0.192429 -1.011875
324 -0.314974 -1.011548
28 -0.673308 -1.023303
105 0.746557 -1.035468
147 -0.050653 -1.013030
81 0.097496 -1.002006
202 0.024129 -1.014773
293 -0.079815 -1.014064
55 0.259423 -1.015022
208 0.112948 -1.021323
153 0.130591 -1.015998
35 -0.013426 -1.009040
204 -0.567913 -1.021916
393 0.142887 -1.014568
326 -0.370143 -1.015773
209 -0.038292 -1.015588
266 0.461272 -1.014132
418 -0.094935 -1.001215
354 0.036157 -1.004422
37 -0.262486 -1.012333
261 0.084048 -1.009718
394 0.341033 -1.009745
170 0.212832 -1.011573
332 0.335809 -1.013390
148 -0.611074 -1.029185
82 0.149275 -1.010508
226 -0.415070 -1.010734
76 -0.896184 -1.037287
113 -0.350243 -1.015217
325 0.116527 -1.004895
86 0.379407 -1.006051
372 0.001925 -1.010136
265 -0.441413 -1.009838
220 0.222613 -1.010820
194 0.416611 -1.015849
338 -0.064469 -1.011817
98 -0.020007 -0.999803
320 -0.536237 -1.027276
181 0.062165 -1.004768
225 -0.649432 -1.027507
42 0.517556 -1.027031
54 -0.064283 -1.021252
296 -0.234184 -1.007624
116 -0.046567 -1.007236
228 0.111665 -1.009496
387 0.202072 -1.004043
162 -0.043947 -1.007228
33 -0.596690 -1.023520
401 0.008006 -1.010678
248 -0.503690 -1.020011
420 0.048178 -1.002977
184 0.192802 -1.008575
232 -0.340261 -1.008675
336 0.206128 -1.019246
152 0.382421 -1.017586
182 -0.388634 -1.023600
138 0.176736 -1.020164
14 0.338035 -1.016466
310 -0.469200 -1.014001
102 -0.887418 -1.033462
198 0.045806 -1.009510
201 0.603765 -1.031775
344 0.008819 -1.005854
322 -0.307018 -1.022477
43 0.486228 -1.025425
396 0.490169 -1.026677
122 0.142106 -1.008992
70 0.634634 -1.034804
368 0.004101 -1.009183
172 -0.373033 -1.013881
297 -0.191777 -1.023353
482 -0.538887 -1.018730
149 -0.369493 -1.004496
45 0.151452 -1.004753
60 -0.450391 -1.021057
197 0.134029 -1.013440
386 -0.052912 -1.002522
29 0.261086 -1.008424
345 -0.000426 -1.003164
385 0.249931 -1.005889
279 -0.829877 -1.033266
92 -0.369940 -1.015694
282 -0.160729 -1.001572
139 0.196017 -1.017098
283 -0.419501 -0.987648
321 -0.185690 -1.004971
196 0.120554 -1.014177
240 0.270610 -1.010547
224 -0.355906 -1.019539
340 0.775433 -1.035342
355 -0.292199 -1.007213
311 -0.083603 -1.003444
218 0.400848 -1.008779
286 0.039863 -1.009499
308 -0.272004 -1.015656
299 0.189160 -1.020627
327 0.764030 -1.038897
120 0.219551 -1.002778
432 -0.028798 -1.006095
36 -0.617836 -1.013847
53 -0.643299 -1.020264
423 0.570259 -1.019870
330 0.394093 -1.019086
78 0.196025 -1.010367
83 -0.197008 -1.016777
71 0.415159 -1.012344
169 0.051928 -1.010881
57 0.223661 -1.007482
186 -0.317614 -1.012904
212 -0.547963 -1.022532
294 0.299511 -1.011612
164 0.332294 -1.014168
472 0.310479 -1.022793
362 0.097414 -1.026271
269 0.270682 -1.010383
7 -0.136440 -1.011348
395 0.120838 -1.014586
402 -0.205255 -1.012606
156 -0.223496 -1.015617
277 -0.138680 -1.006303
63 0.293407 -0.996356
414 0.562054 -1.025183
124 -0.590957 -1.035616
464 -0.390665 -1.016528
291 0.428637 -1.010661
284 -0.153523 -1.010566
27 -0.137547 -1.010714
369 0.126884 -0.999439
117 0.105322 -0.997669
271 0.067982 -1.000236
329 0.157793 -1.017278
100 -0.254116 -1.007438
165 0.543232 -1.021117
221 -0.505793 -1.019284
437 0.166677 -1.008626
405 0.116540 -1.000641
433 -0.169115 -1.002919
353 -0.194895 -1.004703
241 -0.664225 -1.021747
452 -0.502980 -1.010631
359 0.410343 -1.008293
348 -0.100560 -1.004601
309 0.374359 -1.012658
453 0.324715 -1.018064
242 -0.571741 -1.024074
451 -0.367767 -1.013668
315 0.274406 -1.030178
135 -0.230908 -1.010227
460 0.434759 -1.014505
249 -0.658354 -1.025055
167 -0.125133 -1.008335
161 0.276609 -1.022275
214 0.088677 -1.006601
449 0.634740 -1.026981
236 0.412535 -1.019181
112 0.341381 -1.005932
360 0.140310 -1.013535
424 -0.057936 -1.006849
15 0.391290 -1.007757
205 0.241088 -1.011989
390 0.434660 -1.022540
210 -0.246923 -1.004381
274 0.053779 -1.008869
238 0.157092 -1.013506
417 0.546620 -1.028975
484 -0.212179 -1.009944
155 0.231785 -1.012254
106 -0.174320 -1.013958
357 0.101375 -1.011974
119 -0.095287 -1.007670
400 -0.184650 -1.007286
278 -0.301648 -1.018709
407 0.157472 -1.007213
115 0.200118 -1.017901
440 0.607493 -1.015811
171 0.007107 -1.014557
461 1.272114 -1.080878
158 -0.281415 -1.015341
331 0.065347 -1.011778
154 0.229337 -1.001063
142 -0.408148 -1.011710
416 -0.577119 -1.023926
438 0.514206 -1.015874
227 -0.389445 -1.008337
195 -0.080785 -1.009951
93 0.378564 -1.013304
419 -0.351508 -1.008505
306 -0.157685 -1.018891
77 -0.454815 -1.008642
473 -0.216794 -1.013405
229 0.174819 -1.009566
166 0.344871 -1.023290
349 -0.084342 -1.010915
406 0.054077 -1.002441
456 0.066733 -1.010034
281 0.229537 -1.011714
428 0.182352 -1.013427
157 -0.074843 -1.004498
199 0.119473 -1.012537
426 0.276817 -1.018185
298 0.298130 -1.015632
404 -0.220163 -1.012213
303 0.368030 -1.024442
312 0.245180 -1.013113
339 0.581563 -1.020873
434 0.038911 -1.010832
391 0.385141 -1.014365
409 0.602693 -1.017431
500 -0.480255 -1.023160
300 0.547311 -1.012111
497 -0.380792 -1.015426
110 0.294870 -1.023920
39 -0.090631 -1.017643
143 0.521058 -1.017698
187 0.268894 -1.010992
108 -0.243368 -1.010928
234 -0.058264 -1.006142
23 0.067813 -1.011763
185 -0.461160 -1.023554
62 0.357863 -1.014204
109 0.446086 -1.030259
388 0.583686 -1.034841
174 0.302547 -1.006010
217 0.145043 -1.005209
307 -0.722884 -1.022433
211 -0.316389 -1.006613
141 0.111938 -1.014505
159 0.534973 -1.017455
190 -0.237615 -1.015371
371 -0.398876 -1.025185
178 -0.630120 -1.032331
235 0.952895 -1.040138
467 -0.827236 -1.037820
430 -0.612134 -1.017064
346 0.169405 -1.004275
382 -0.665112 -1.027023
489 0.442917 -1.012263
173 0.012417 -1.003836
431 -0.167453 -1.004966
374 -0.517467 -1.018655
73 0.241867 -1.011315
95 0.164632 -0.999306
103 -1.155087 -1.068351
446 -0.614237 -1.008677
342 0.375496 -1.011008
397 0.091012 -1.004992
466 -0.106378 -1.009044
285 0.272789 -1.007449
87 0.185737 -1.017701
408 0.053996 -1.003976
333 0.218591 -1.002795
465 -0.076733 -1.016331
480 0.133458 -1.000892
101 0.434856 -1.028265
151 0.757892 -1.041713
435 -0.235323 -1.017336
441 0.051474 -1.011663
246 -1.110934 -1.059070
412 -0.525183 -1.012902
31 -0.077923 -1.001541
341 0.189960 -1.017708
370 0.297827 -1.014617
175 0.127651 -1.003534
203 0.451730 -1.012353
392 0.339444 -1.020956
316 0.670351 -1.010982
47 -0.379129 -1.030999
207 0.464129 -1.010497
335 0.693781 -1.020729
244 -0.617232 -1.019818
377 -0.023705 -1.010682
364 -0.301468 -1.022572
222 -0.357019 -1.018408
429 -0.805444 -1.030456
436 -0.275772 -1.026426
111 0.438944 -1.011554
163 -0.761733 -1.028173
13 -0.380072 -1.022447
379 0.301544 -1.008762
505 -0.937577 -1.039877
442 -0.548504 -1.014837
421 0.272546 -1.011609
313 0.084483 -1.015334
254 0.145292 -1.008908
504 -0.023037 -1.015332
422 0.129897 -1.001853
502 -0.140222 -0.999957
356 0.114778 -1.010197
59 -0.407685 -1.024689
457 -0.200998 -1.010556
125 0.106692 -1.005790
46 0.268216 -1.022487
97 -0.429413 -1.027390
496 -0.516913 -1.018579
361 0.597826 -1.032899
121 0.902162 -1.049248
319 0.503475 -1.014372
239 0.360720 -0.995622
314 -0.594302 -1.014201
413 -0.534915 -1.008286
318 0.110287 -1.007659
410 -0.440857 -1.015642
358 0.088121 -1.012134
455 0.182666 -1.016498
188 -0.327679 -1.015175
363 0.205855 -1.014897
301 0.322203 -1.008787
439 0.455746 -1.021455
459 0.430013 -1.023897
454 0.268551 -1.016229
206 1.431744 -1.101627
474 0.134105 -1.009435
378 0.281673 -1.014041
219 0.164731 -1.005781
91 0.106264 -1.003725
399 0.446474 -1.012387
183 -1.130639 -1.056388
468 -0.092767 -1.006454
126 -0.545796 -1.021123
444 0.006171 -1.014899
94 -0.214477 -1.008312
427 0.375297 -1.017015
107 -0.800205 -1.035135
498 -0.405217 -1.021271
398 1.180155 -1.075743
491 0.463869 -1.031757
483 -0.302892 -1.019289
411 0.483333 -1.016075
30 -0.315237 -1.013712
252 0.179671 -1.003283
179 0.345472 -1.020534
61 0.431635 -1.029199
189 0.353500 -1.016312
506 -0.158043 -1.008685
373 -0.171007 -1.025255
287 0.455694 -1.021106
305 -0.463133 -1.020664
302 -0.216746 -1.005940
503 -0.030729 -1.010550
251 0.611988 -1.031856
478 -0.309697 -1.016756
380 0.114304 -1.018295
470 -0.260744 -1.006501
118 -0.761216 -1.029075
350 0.092022 -1.013004
481 -0.133311 -0.996243
492 0.060148 -1.007083
471 -0.152559 -1.019630
347 -0.007151 -1.019629
486 0.162092 -1.005034
403 0.368627 -1.005432
487 0.210230 -1.005577
275 0.378149 -1.024584
343 -0.307547 -1.017948
85 0.381942 -1.032043
295 0.624021 -1.036452
317 0.377556 -1.008780
443 0.469116 -1.027010
233 -0.039451 -1.011797
231 0.469051 -1.000646
245 -0.049411 -1.012467
458 -0.280554 -1.006407
469 -0.068646 -1.010937
247 0.078331 -0.990526
375 1.084074 -1.050397
494 0.300889 -1.015164
490 -0.506354 -1.021486
425 0.036178 -1.016789
367 -0.409728 -1.016015
476 0.293355 -1.007626
508 -1.263176 -1.081474
479 0.133046 -1.005421
366 -0.569822 -1.011074
243 -0.837440 -1.049065
485 0.451875 -1.022583
191 0.218816 -1.017698
493 -1.236399 -1.062012
127 0.230986 -1.019292
365 -1.428594 -1.087718
463 1.200165 -1.072483
462 -0.107850 -1.012008
255 -0.516986 -1.014660
253 -0.427885 -1.019112
215 -0.018605 -1.010606
123 0.333850 -1.014373
381 0.530101 -1.014472
507 0.118608 -1.017371
511 -0.098666 -1.006185
250 -0.062904 -1.008648
499 0.324858 -1.013917
510 0.545874 -1.018523
501 -0.806518 -1.045672
509 0.506454 -1.006748
351 0.716205 -1.030452
477 -0.317985 -1.009729
237 -0.635007 -1.030951
495 -0.189985 -1.019922
447 0.277548 -1.006829
376 -0.473537 -1.039218
223 -0.979912 -1.059637
475 0.257077 -1.009437
445 -0.859067 -1.034189
383 -0.885752 -1.036441
415 0.588156 -1.005867
