512 2
8 -0.521904 -0.861654
2 -0.433806 -0.922762
0 -0.548631 -0.862132
256 -0.394745 -0.937319
9 -0.144126 -1.079575
4 -0.414746 -0.927115
1 -0.361317 -0.951048
264 -0.736659 -0.767542
32 -0.778834 -0.736817
160 -0.509944 -0.878669
130 -0.152895 -1.066655
128 -0.916725 -0.672356
48 -0.464296 -0.894226
280 -0.875476 -0.688367
258 -0.473301 -0.893745
33 -0.237290 -1.016851
260 -0.413734 -0.919768
18 -0.316672 -0.980479
96 -0.504218 -0.886980
64 -0.311221 -0.983927
266 -0.653819 -0.800574
16 -0.464854 -0.895043
320 -0.321731 -0.977938
5 -0.322954 -0.979892
322 -0.263955 -0.998369
34 -0.879890 -0.689406
132 -0.719022 -0.776167
66 -0.489057 -0.872948
68 -0.459318 -0.892657
20 -0.537145 -0.858272
336 -0.206175 -1.031337
40 -0.442141 -0.907311
14 -0.491171 -0.893708
6 -0.555579 -0.847083
52 -0.533174 -0.867547
12 -0.533072 -0.864789
88 -0.452867 -0.911964
7 -0.151071 -1.070704
84 -0.576017 -0.842386
138 -0.758276 -0.758507
144 0.311677 -1.357918
296 -0.209726 -1.032504
392 -0.697033 -0.776201
136 -1.035947 -0.613442
200 -0.762256 -0.748203
164 -0.304057 -0.988995
82 -0.385810 -0.941866
480 -0.691940 -0.777586
26 -0.976893 -0.655515
178 -0.448833 -0.896091
80 -0.471783 -0.906978
152 -0.720116 -0.771354
232 -0.584166 -0.836582
325 -0.781890 -0.746301
72 -0.573883 -0.845439
328 -0.504338 -0.884606
204 -0.327554 -0.968682
98 -0.393513 -0.941842
276 -0.559439 -0.849848
24 -0.505991 -0.889332
74 -0.447759 -0.906556
37 -0.644107 -0.804059
268 -0.620474 -0.816300
10 -0.047021 -1.119462
384 -0.513346 -0.873441
262 -0.270930 -0.998403
304 -0.598046 -0.824129
36 -0.709509 -0.775966
69 -0.493220 -0.877737
192 -0.631510 -0.814340
49 -0.435838 -0.918066
134 -0.356857 -0.955012
129 -0.645668 -0.813435
17 -0.572929 -0.835104
273 -0.359688 -0.953864
261 -0.423423 -0.922700
22 0.010362 -1.152939
289 -0.378714 -0.937455
300 -0.231173 -1.036541
224 -0.892422 -0.687556
162 -0.816689 -0.735147
161 -0.599262 -0.834958
89 -0.651557 -0.797751
257 -0.607952 -0.829857
3 -0.642470 -0.798755
65 -0.606729 -0.827115
11 -0.228513 -1.028057
225 -0.229694 -1.022940
259 -0.332304 -0.967544
362 -0.138643 -1.071703
153 -0.519077 -0.866783
100 -0.548745 -0.847954
193 -0.403499 -0.936015
408 -1.073486 -0.605754
387 -0.437913 -0.896580
388 -0.499934 -0.880243
449 -0.387403 -0.940609
145 -0.105897 -1.096924
131 -0.363906 -0.953459
28 -0.760606 -0.747944
19 -0.092321 -1.106825
105 -0.185821 -1.064621
198 -0.252893 -1.019234
448 -0.589019 -0.831274
44 -0.537889 -0.875333
481 0.032334 -1.174253
94 -0.482106 -0.887742
212 -1.018313 -0.616443
180 -0.324334 -0.975099
400 -0.552489 -0.847588
137 -0.699663 -0.778848
67 -0.572081 -0.836265
83 -0.955692 -0.657443
416 -0.560273 -0.853876
76 -0.473781 -0.893978
424 -0.435280 -0.913654
104 -0.469115 -0.903905
21 -0.274304 -1.008786
25 -0.804775 -0.727390
288 -0.445690 -0.921543
270 -0.479051 -0.885947
140 -0.466794 -0.891407
78 -0.189997 -1.052779
332 -0.596220 -0.833070
496 -0.759307 -0.746847
464 -0.460301 -0.895138
202 -0.634173 -0.814726
135 -0.385473 -0.936022
324 -0.424422 -0.913077
168 -0.346789 -0.965251
248 -0.467197 -0.900873
177 -0.458257 -0.903562
352 -0.521413 -0.878384
386 -0.826396 -0.711772
38 -0.001639 -1.162197
184 -0.668682 -0.791778
139 -0.054290 -1.114961
321 -0.357839 -0.961001
277 -0.803284 -0.733113
29 -0.815536 -0.723568
13 -0.450854 -0.906423
116 0.110408 -1.219191
210 -0.065738 -1.120670
292 -0.906260 -0.688862
112 -0.280182 -0.996925
42 -0.709441 -0.779182
108 -0.855856 -0.709701
148 -0.953693 -0.666685
181 -0.523823 -0.861543
73 -0.291066 -0.990039
265 -0.478985 -0.897660
344 -0.505930 -0.883703
46 -0.387046 -0.940383
146 -0.677658 -0.790505
157 -0.038467 -1.143779
291 -0.901802 -0.676300
228 -0.475369 -0.898260
113 -0.193178 -1.049803
353 -0.184921 -1.048048
147 -0.004542 -1.137675
170 -0.617682 -0.828976
85 -0.222486 -1.033444
389 -0.715925 -0.765782
356 -0.562079 -0.855039
150 -0.796369 -0.716605
30 -0.290721 -0.992376
385 -0.340410 -0.964166
81 -0.874347 -0.700456
15 -0.689832 -0.793635
354 -0.507363 -0.879111
165 -0.603926 -0.833880
283 -0.511586 -0.891981
176 -0.718567 -0.763582
314 -0.196320 -1.042490
142 -0.123517 -1.077371
211 -0.235354 -1.023624
272 -1.141687 -0.561163
194 -0.535088 -0.870296
453 -0.499335 -0.880056
103 -0.694079 -0.789466
456 -0.703346 -0.773446
458 0.017871 -1.173005
282 -0.840894 -0.713691
470 -0.576974 -0.840233
279 -0.230639 -1.020498
371 -0.353344 -0.967315
305 -1.114802 -0.580238
197 -0.398601 -0.925780
133 -0.420933 -0.917928
497 -0.684541 -0.787232
99 -0.567457 -0.861331
172 -0.317728 -0.980168
337 -0.199171 -1.033326
230 -0.555697 -0.858717
297 -0.689468 -0.791918
70 0.276839 -1.314512
250 -0.604026 -0.826571
55 -1.269118 -0.523854
62 -0.540688 -0.867475
274 -0.035013 -1.142147
195 -0.820025 -0.720706
284 -0.257123 -1.010901
281 -0.436364 -0.907902
203 -0.852203 -0.708561
422 -1.285239 -0.518435
451 -0.287213 -1.008837
308 -0.190172 -1.054590
483 -0.488656 -0.889358
179 -1.014310 -0.625793
171 -0.814706 -0.724607
154 -0.377427 -0.948943
209 -0.071665 -1.107528
56 -0.841109 -0.713953
75 -0.013561 -1.151899
39 -0.428839 -0.906913
215 -0.907844 -0.671009
149 -0.457869 -0.892569
218 -0.620555 -0.834433
50 -0.313407 -0.980343
290 -0.216464 -1.027932
391 -0.535526 -0.853957
393 0.218305 -1.274938
269 -0.067084 -1.120467
118 -0.866279 -0.700728
43 -0.125143 -1.083610
155 -0.247774 -1.023149
245 -0.008671 -1.159781
345 -0.799891 -0.737481
97 -0.389279 -0.938679
420 -0.746220 -0.750970
206 -0.096681 -1.092119
35 -0.297937 -0.988344
396 -0.815248 -0.717678
86 -1.098539 -0.599296
476 -0.131359 -1.088284
208 0.032729 -1.173304
71 0.211205 -1.284230
186 -0.596924 -0.833759
166 -0.736026 -0.762624
267 -0.026882 -1.138388
275 -0.147416 -1.073297
196 -0.740966 -0.764879
51 -0.311994 -0.981325
214 -0.448639 -0.902408
220 -0.905375 -0.684421
361 -0.170523 -1.056826
390 -0.094372 -1.105180
57 -0.365735 -0.937317
366 0.438971 -1.434774
357 -0.627735 -0.807295
187 -0.564254 -0.854840
90 -0.108514 -1.094466
106 -0.312349 -0.985296
293 -0.393458 -0.934529
316 -0.617021 -0.824455
460 -0.510156 -0.872681
428 -0.301319 -0.979814
360 -0.617575 -0.835248
226 -0.382386 -0.939281
190 -1.145679 -0.569567
454 0.339711 -1.365026
347 -1.517333 -0.401088
156 -0.668875 -0.795440
295 -0.509865 -0.881905
421 -0.399082 -0.927267
331 -0.179726 -1.054209
417 -0.572158 -0.839936
41 -0.113836 -1.095202
374 -0.335441 -0.980025
412 -0.253349 -1.008075
263 -0.418025 -0.914032
244 -1.493452 -0.435433
121 -0.083052 -1.097755
418 0.135372 -1.234307
364 -0.335691 -0.964152
355 -0.319070 -0.979761
201 -0.600291 -0.833763
457 0.023346 -1.169273
294 -0.173203 -1.061003
286 -0.531300 -0.870829
306 -0.377035 -0.947512
370 -0.524030 -0.872057
163 -0.717800 -0.776134
450 -0.277445 -0.999146
53 -0.168763 -1.058759
141 -0.938885 -0.662120
278 -0.730524 -0.760306
455 -0.401210 -0.933187
326 -0.715195 -0.763940
313 -0.932725 -0.667879
482 0.240695 -1.304314
440 -0.645689 -0.818022
299 -0.001285 -1.149677
338 -0.179513 -1.053018
461 -0.395442 -0.930042
143 -0.159301 -1.056211
406 -0.481443 -0.881785
401 -0.778536 -0.754126
102 -0.498709 -0.888175
330 -0.443790 -0.912278
234 -0.322500 -0.980656
167 -0.806310 -0.716205
285 -1.214875 -0.542341
407 -1.043175 -0.632074
452 -0.508553 -0.882450
432 -0.502164 -0.882064
403 0.378388 -1.384043
213 -0.438837 -0.916116
101 -0.577556 -0.834529
358 -0.641546 -0.795853
339 0.336618 -1.357725
466 -0.359281 -0.961582
233 -0.429132 -0.911981
60 -0.189474 -1.050017
327 0.454155 -1.426673
77 -0.845986 -0.717550
474 -1.063738 -0.615197
45 0.189943 -1.266811
377 0.207891 -1.266644
207 -0.180506 -1.047845
175 -0.539384 -0.854414
468 -0.641372 -0.813125
227 -0.318430 -0.971520
341 -0.588716 -0.827125
399 -0.196234 -1.039715
419 -0.319980 -0.969373
87 -0.737426 -0.775912
159 0.041160 -1.179007
199 -0.820895 -0.720881
242 -0.499216 -0.884443
59 -1.001784 -0.642431
298 -0.298745 -0.986370
372 0.100189 -1.183820
221 -0.311774 -0.986618
312 -0.646495 -0.814929
158 -1.313303 -0.489442
27 -0.089946 -1.096991
107 -0.729332 -0.775272
231 -0.176509 -1.050946
340 -0.248184 -0.998570
394 -0.024390 -1.133934
323 -0.606653 -0.832824
114 -0.767722 -0.745737
465 -0.538817 -0.876948
217 -0.254715 -1.003958
115 -0.858417 -0.700243
117 0.270651 -1.312764
120 0.083214 -1.206048
124 -0.294897 -0.995189
472 -0.747627 -0.757149
309 -0.543366 -0.856122
434 -0.139277 -1.082079
334 -0.786293 -0.725791
335 -0.474992 -0.882215
402 -0.647890 -0.795814
92 -0.425256 -0.913708
491 0.122773 -1.242781
310 -0.342767 -0.961740
216 -0.287795 -0.997009
348 -0.825527 -0.728759
111 -0.763145 -0.752713
54 -0.361168 -0.943834
301 -0.480639 -0.897203
329 -0.056022 -1.134980
58 -0.382658 -0.937319
151 -1.006360 -0.639422
410 -0.257496 -1.016537
430 -0.352632 -0.967166
404 -0.378933 -0.930742
241 -0.360823 -0.960933
238 -0.143288 -1.080059
125 -1.206026 -0.527142
369 -0.138000 -1.087732
504 -0.625332 -0.808641
169 -0.643137 -0.809155
333 -0.228001 -1.024711
188 -1.199929 -0.557151
317 -0.510211 -0.871983
425 -0.027919 -1.152484
79 -0.380996 -0.936901
502 -1.064537 -0.625211
346 -1.467186 -0.424080
485 -0.268017 -1.004415
23 -0.681606 -0.786347
441 -0.157741 -1.055656
185 -1.107450 -0.594213
205 0.088886 -1.184605
47 -0.313860 -0.982959
119 -0.627615 -0.828937
488 -0.400411 -0.925589
110 -0.575063 -0.845934
487 -0.282281 -0.999459
469 -0.668641 -0.791450
436 0.273555 -1.314723
459 -0.447200 -0.907543
189 -0.207082 -1.047029
499 0.488251 -1.462455
342 -0.433207 -0.915760
173 -1.110666 -0.582071
438 -0.809737 -0.735012
380 -0.573856 -0.857561
473 -1.179493 -0.551061
246 0.300629 -1.329744
243 -0.040231 -1.108127
359 -1.073562 -0.575390
467 -0.583158 -0.846097
431 -0.284914 -0.996018
397 -0.617401 -0.811927
376 -0.861564 -0.705002
271 -0.487455 -0.887363
439 -1.866773 -0.266646
287 -0.231104 -1.035542
414 -0.109921 -1.091705
368 -0.418242 -0.915259
31 -0.143374 -1.069923
93 -0.139527 -1.071916
91 -1.484049 -0.416135
183 -1.037349 -0.613635
307 -0.580687 -0.842431
229 -0.427996 -0.902600
508 -0.620923 -0.808021
351 0.613480 -1.537855
236 -0.170151 -1.068222
426 -0.014022 -1.128654
433 -0.879511 -0.704261
222 -0.372705 -0.952390
223 0.026989 -1.169947
423 -1.060949 -0.608044
395 -0.659611 -0.805397
445 -1.321899 -0.503633
409 -0.794572 -0.728933
398 -0.529500 -0.870020
235 -0.425018 -0.916561
471 -0.269076 -1.011164
109 0.019535 -1.171595
251 -0.720400 -0.781847
493 -0.185475 -1.032750
500 -1.680071 -0.341393
174 -0.039969 -1.129850
61 -0.032487 -1.141403
489 -0.616096 -0.825348
254 -0.458701 -0.887968
413 -0.824547 -0.717327
191 -1.025788 -0.632548
498 -0.295438 -0.987550
311 -0.867303 -0.702627
506 -1.403858 -0.471057
240 -0.923059 -0.681349
405 0.390092 -1.379189
123 -0.115064 -1.086078
363 -0.510262 -0.879762
126 -0.154048 -1.040506
182 -0.177614 -1.048026
252 -0.381943 -0.945874
302 -0.036945 -1.140435
411 -0.336227 -0.979935
378 -0.556995 -0.821801
479 -0.958869 -0.657649
350 -0.303542 -0.979232
375 -0.155091 -1.075301
382 -1.025352 -0.625698
247 0.114297 -1.220981
437 -0.487465 -0.884989
435 -0.666616 -0.780208
373 0.030833 -1.161462
486 0.338986 -1.356759
349 -0.508314 -0.874637
444 -0.576846 -0.854345
492 -0.659841 -0.791877
63 -0.630428 -0.816035
442 -1.777341 -0.306471
381 -0.299641 -0.999709
95 -1.431098 -0.461257
429 -0.622394 -0.820971
303 -0.815595 -0.731194
122 -0.680551 -0.793606
219 -0.585440 -0.843894
484 0.067624 -1.193875
494 -0.389625 -0.931864
315 -0.914457 -0.647447
443 -0.239513 -1.006263
446 -0.303418 -0.984751
379 -0.051884 -1.125387
427 -0.797668 -0.720219
475 -0.349696 -0.979900
490 -0.477873 -0.874582
127 0.220195 -1.285633
343 -0.629004 -0.831900
367 0.414713 -1.403483
319 -0.067463 -1.099616
503 -0.364524 -0.944812
463 0.004190 -1.162943
249 -1.686557 -0.327684
505 -0.168239 -1.070265
253 -0.765172 -0.733967
365 -0.770807 -0.752201
447 -0.929900 -0.667680
509 -0.152011 -1.061076
510 0.489650 -1.475275
511 -0.732532 -0.762880
255 -1.657632 -0.365976
237 -0.586646 -0.837348
501 -0.437869 -0.926387
415 -0.455201 -0.904135
477 -0.072621 -1.117238
318 -0.457531 -0.902470
478 -1.771614 -0.311975
462 -0.073388 -1.126553
383 -0.493327 -0.873312
507 -0.112358 -1.082483
495 -0.832318 -0.683105
239 -0.274505 -0.976752
