512 2
511 0.144307 -0.995401
479 0.151588 -0.991311
495 0.170598 -0.992988
319 0.387174 -0.957846
447 0.410083 -0.954391
507 0.162593 -0.990650
383 0.037086 -1.017931
471 0.278821 -0.976989
509 0.032782 -1.016759
255 0.365680 -0.955823
463 -0.204993 -1.051650
503 0.173327 -0.994664
191 0.189954 -0.988987
127 -0.081804 -1.028418
510 0.064672 -1.007340
247 0.305325 -0.965192
506 0.421429 -0.951121
446 0.183329 -0.987789
223 0.457632 -0.946951
367 0.330854 -0.962477
505 0.213418 -0.981141
508 0.178092 -0.985458
375 0.137322 -0.994644
445 0.095882 -1.008687
431 0.061621 -1.005471
382 0.092442 -1.000272
499 0.083978 -1.009772
475 0.238245 -0.985302
351 0.029475 -1.015036
493 -0.034095 -1.023523
239 0.566062 -0.927610
253 0.127155 -1.000633
443 0.111145 -0.998727
477 0.290118 -0.973073
439 0.008468 -1.020718
501 0.092396 -1.008833
377 -0.162184 -1.046331
492 -0.052644 -1.031022
254 -0.038040 -1.027579
478 -0.084556 -1.030576
435 0.250243 -0.978610
476 -0.026659 -1.029111
455 -0.010784 -1.018035
251 -0.029644 -1.021709
365 -0.058389 -1.026485
489 0.025861 -1.011814
491 0.270730 -0.974767
381 0.420347 -0.947802
437 -0.188472 -1.054201
311 0.400604 -0.952102
249 -0.295331 -1.061688
498 -0.102851 -1.032531
303 -0.007665 -1.020288
379 0.135672 -0.994592
252 0.107341 -0.993453
486 0.361550 -0.959068
237 0.352706 -0.969975
399 -0.125431 -1.045021
487 0.150825 -0.993574
126 0.548347 -0.927496
366 0.099554 -0.998761
189 0.300938 -0.965533
187 0.557455 -0.929556
315 0.359616 -0.958418
494 0.051952 -1.005904
63 -0.311065 -1.071259
349 0.183886 -0.988600
371 0.061167 -1.008471
317 -0.029201 -1.021393
343 0.044833 -1.010128
483 -0.043295 -1.030699
473 0.297018 -0.969270
415 0.422799 -0.951552
502 -0.229689 -1.063875
429 0.106888 -0.999624
414 -0.229198 -1.058333
469 0.180981 -0.984452
474 0.135777 -0.996333
380 0.102517 -0.998621
504 0.400238 -0.954388
215 0.253236 -0.981671
359 0.455348 -0.941365
378 0.006699 -1.020222
183 -0.113045 -1.037835
438 -0.205214 -1.054662
248 -0.069725 -1.028539
461 0.102910 -0.998963
220 0.017501 -1.019032
407 0.071060 -1.004421
159 0.020899 -1.015344
374 0.286119 -0.973869
500 0.181140 -0.989166
345 0.104199 -1.005553
350 0.529904 -0.937337
118 0.110399 -0.999741
459 -0.025117 -1.021269
363 0.293584 -0.971245
412 0.163638 -0.990755
119 0.225035 -0.981832
470 0.321427 -0.962963
347 -0.109887 -1.038689
103 0.100023 -1.001431
175 0.153318 -0.992089
419 -0.004869 -1.014958
423 -0.235168 -1.059210
335 0.014433 -1.020124
457 -0.090898 -1.028031
219 0.185904 -0.988253
158 -0.201849 -1.043990
372 0.538635 -0.941450
426 0.150653 -0.991155
231 -0.147462 -1.047290
441 0.470622 -0.949486
467 0.324598 -0.967486
444 0.305466 -0.971898
497 -0.323478 -1.073010
472 0.314971 -0.961741
430 0.060297 -1.006032
490 0.523906 -0.931731
213 0.035503 -1.008281
227 -0.077814 -1.035087
242 0.227267 -0.984160
287 0.516093 -0.936327
91 0.351743 -0.961832
481 0.067255 -1.009314
79 0.317090 -0.960408
121 0.490037 -0.937379
229 0.589024 -0.937092
406 0.127205 -1.010220
309 0.456386 -0.943454
235 0.826360 -0.901783
316 0.373573 -0.958846
182 0.142811 -0.998234
222 0.614215 -0.924547
307 -0.013961 -1.023540
339 0.291173 -0.974380
207 -0.573217 -1.120619
391 0.216230 -0.983589
482 0.185819 -0.988213
218 -0.275134 -1.061239
411 0.265932 -0.969225
95 -0.204194 -1.053437
250 -0.129896 -1.037027
107 0.307169 -0.971950
179 0.496945 -0.934444
427 -0.430253 -1.090127
373 0.714712 -0.907501
462 0.361208 -0.963106
355 0.492925 -0.939765
484 0.082142 -1.002151
111 0.234032 -0.977297
310 -0.034056 -1.021748
496 0.261349 -0.979309
442 0.086764 -1.004091
395 0.044796 -1.016641
123 0.629124 -0.919861
283 0.233662 -0.980499
245 0.346280 -0.966433
241 0.262954 -0.974897
238 0.111061 -1.001137
398 0.192322 -0.985480
466 0.154845 -0.990699
243 -0.052884 -1.027874
341 0.108182 -0.998767
364 0.191507 -0.991336
299 0.222134 -0.979672
413 0.501150 -0.943049
434 0.347411 -0.965695
246 0.525620 -0.936107
59 -0.268218 -1.065877
99 0.560605 -0.926711
94 -0.011974 -1.019065
122 -0.316400 -1.073834
458 -0.060174 -1.026623
369 0.109071 -1.000309
286 0.384459 -0.955240
167 0.187453 -0.989129
333 0.155644 -0.995740
151 0.155325 -0.993648
301 0.565142 -0.922723
186 0.165104 -0.987199
453 0.384180 -0.957238
356 0.588907 -0.926616
376 0.129649 -1.001277
436 0.082147 -0.999493
421 0.136638 -0.998123
190 -0.345069 -1.080406
440 0.552472 -0.940915
295 0.161101 -0.984321
331 0.447385 -0.943285
318 0.373847 -0.971429
409 -0.107833 -1.042298
370 0.218636 -0.982488
236 0.252164 -0.981203
29 0.225345 -0.991555
451 0.082642 -1.009349
361 0.138916 -0.993479
357 0.238820 -0.983795
109 0.641084 -0.920490
195 0.127131 -0.999957
221 -0.460180 -1.091840
87 -0.112702 -1.031314
410 0.365780 -0.963187
110 0.384258 -0.954245
47 0.589143 -0.925528
115 0.454828 -0.947487
217 0.012243 -1.011063
449 0.100197 -1.009982
55 0.200455 -0.979388
155 -0.107115 -1.032341
326 0.488122 -0.946287
125 0.438873 -0.949175
393 -0.001238 -1.017704
188 0.438889 -0.954232
214 -0.325497 -1.076213
124 0.041540 -1.013046
267 0.093092 -1.005827
157 0.413478 -0.954688
329 -0.355745 -1.076985
342 0.372235 -0.955451
31 -0.080728 -1.033124
234 -0.137491 -1.042718
199 0.116986 -0.994097
422 0.328426 -0.967699
332 0.217964 -0.981458
51 -0.400505 -1.087391
166 -0.255075 -1.062014
403 0.373272 -0.957009
306 -0.043624 -1.015054
397 -0.190555 -1.056417
209 0.069382 -1.006256
354 0.198140 -0.985500
313 0.050401 -1.016207
141 -0.240753 -1.066009
408 0.200601 -0.988859
271 0.538233 -0.929318
205 -0.421630 -1.094010
143 0.017508 -1.010204
460 0.075202 -1.008874
225 -0.147296 -1.044667
454 -0.042481 -1.030302
78 0.718305 -0.914320
485 0.030848 -1.019791
27 0.092067 -0.999278
456 -0.235390 -1.057909
62 -0.057409 -1.027953
30 0.335831 -0.967308
405 0.042041 -1.008501
468 0.667246 -0.913593
305 -0.005021 -1.022173
93 0.521763 -0.929001
344 -0.014342 -1.019781
488 0.281405 -0.974670
184 -0.082200 -1.036006
85 0.152517 -0.999475
211 0.289060 -0.973906
327 0.263408 -0.979742
325 -0.277757 -1.066984
201 0.272196 -0.976610
101 -0.088450 -1.025225
77 0.390547 -0.954725
216 0.179044 -0.994755
302 0.453931 -0.952075
394 0.280793 -0.980540
177 -0.154646 -1.046143
314 -0.324098 -1.087848
233 -0.021480 -1.020361
92 -0.122387 -1.039715
244 0.057615 -1.015694
294 -0.112992 -1.035801
334 0.514431 -0.937070
84 0.145625 -0.996981
153 0.551353 -0.938612
174 0.265704 -0.972814
230 -0.050778 -1.024970
86 -0.070052 -1.026108
204 -0.135895 -1.041237
228 0.567667 -0.925990
203 0.047392 -1.012371
117 -0.039599 -1.020233
185 -0.602114 -1.126598
290 0.332698 -0.962432
212 -0.334882 -1.079552
450 0.034346 -1.015371
362 0.599718 -0.926999
61 -0.180084 -1.042941
281 0.163256 -0.994616
83 0.103635 -0.993189
387 0.080307 -1.002599
368 0.068074 -1.007555
57 0.402437 -0.952074
120 -0.055771 -1.024087
358 0.130358 -0.994617
39 0.207153 -0.984864
89 -0.060749 -1.028458
198 0.338240 -0.964270
105 -0.073382 -1.034060
181 -0.060553 -1.034760
346 0.249453 -0.982022
404 0.241776 -0.979977
139 0.188748 -0.995263
150 0.539970 -0.934246
171 0.270964 -0.974071
164 0.452559 -0.948069
46 0.309043 -0.965615
147 0.081226 -1.001561
420 0.172718 -0.992042
353 0.083458 -1.006130
348 -0.198867 -1.056481
279 0.158813 -0.988729
300 0.026892 -1.014123
154 0.535088 -0.931073
69 0.643911 -0.920619
196 0.014193 -1.022029
146 0.049553 -1.011725
226 0.154246 -0.989431
240 0.312343 -0.967519
298 -0.213540 -1.056706
425 0.189385 -0.984806
15 0.078177 -1.010060
418 -0.192774 -1.056946
330 0.084325 -1.004309
432 0.184252 -0.980305
142 0.474988 -0.950694
71 -0.035229 -1.026624
149 0.642470 -0.916904
322 0.206189 -0.988980
106 0.212329 -0.985447
338 0.064940 -1.011850
197 0.053329 -1.017542
163 0.107676 -0.994315
54 0.085602 -1.005707
116 0.270001 -0.977456
206 0.029595 -1.015274
417 0.029091 -1.016435
464 0.386257 -0.962960
433 0.634387 -0.924163
428 0.533749 -0.940320
162 0.289075 -0.979685
259 -0.130656 -1.040622
282 -0.170439 -1.051176
45 -0.082656 -1.036899
452 -0.411548 -1.087322
263 -0.001884 -1.019670
202 0.035351 -1.020479
102 0.111484 -0.995101
465 0.140426 -0.998245
156 0.116866 -1.004465
390 0.088484 -1.002279
265 0.287227 -0.969572
19 0.299959 -0.975703
13 0.398674 -0.954383
53 0.021896 -1.013834
60 0.466822 -0.947952
165 0.114669 -1.010282
26 0.097420 -1.002415
337 0.584418 -0.925995
172 0.018342 -1.019668
275 0.623223 -0.922812
232 0.119532 -1.004164
140 0.261420 -0.978092
210 0.655314 -0.914341
74 0.043442 -1.013043
44 0.458545 -0.951070
41 -0.039612 -1.023520
180 0.143409 -0.995327
38 0.469295 -0.950739
173 -0.030930 -1.024886
178 0.155576 -0.995008
200 -0.643166 -1.132997
20 -0.010132 -1.023677
424 0.094828 -1.001599
278 0.044935 -1.016053
23 0.366351 -0.961947
67 -0.060275 -1.024549
296 -0.276381 -1.065158
396 0.758255 -0.906794
58 0.413075 -0.956118
168 0.093111 -1.005440
37 -0.410213 -1.083928
75 0.497347 -0.945212
42 0.322769 -0.968330
336 0.413671 -0.948557
81 0.366846 -0.960129
28 -0.613975 -1.124268
324 0.109506 -1.004246
133 -0.418596 -1.084915
266 0.195446 -0.989101
138 0.299219 -0.970374
50 -0.011130 -1.017791
274 0.116496 -0.998016
269 0.733462 -0.910251
291 -0.077706 -1.034903
285 0.389948 -0.960331
297 -0.044309 -1.024940
261 0.597814 -0.928638
82 -0.115177 -1.039560
308 -0.073811 -1.027522
340 -0.012031 -1.022594
268 0.311630 -0.964458
108 0.161688 -1.000177
9 0.384560 -0.961265
312 0.089593 -1.005804
385 0.628340 -0.919984
114 0.266527 -0.991750
480 0.535309 -0.945101
293 -0.023090 -1.025898
132 -0.332080 -1.074188
170 0.318331 -0.976454
70 0.265643 -0.976844
284 0.331566 -0.967103
25 0.070739 -1.007711
416 0.430491 -0.953932
7 0.203741 -0.985118
144 0.079091 -1.004142
328 0.275128 -0.977824
194 0.457349 -0.946603
135 -0.020349 -1.016969
49 0.006486 -1.019738
129 0.168272 -0.990960
76 0.127924 -1.002740
98 0.672859 -0.918006
145 0.252524 -0.974392
169 0.449547 -0.944120
360 0.175354 -0.988245
448 0.201243 -0.977034
35 0.348807 -0.965844
292 -0.004926 -1.019620
2 0.457558 -0.944987
277 -0.033937 -1.033059
264 -0.249310 -1.066979
161 0.699127 -0.908328
34 -0.006242 -1.024207
389 0.073929 -1.011944
100 0.280561 -0.974527
14 0.516131 -0.944730
401 0.185436 -0.989095
12 -0.265289 -1.063564
304 -0.309595 -1.073800
323 0.596672 -0.930957
262 0.051779 -1.007269
43 0.033773 -1.012743
270 -0.275393 -1.065245
273 0.245759 -0.980739
148 -0.128210 -1.042301
113 0.421766 -0.953566
88 0.506809 -0.943280
72 0.600119 -0.929681
193 0.478367 -0.947373
321 -0.426200 -1.099490
258 -0.011351 -1.019993
66 -0.062874 -1.029760
52 0.178589 -0.998732
64 -0.084836 -1.037734
152 0.302445 -0.970411
90 0.095019 -1.006582
137 0.081338 -1.001128
18 0.333241 -0.962111
97 0.432225 -0.953818
33 0.199192 -0.982960
104 0.324377 -0.963610
21 0.006475 -1.012186
24 0.071656 -1.006372
276 -0.068368 -1.022533
10 0.554769 -0.936631
3 0.210199 -0.990430
176 0.235774 -0.989368
257 1.042086 -0.861863
392 0.419715 -0.961070
160 0.036939 -1.009377
208 -0.173434 -1.049623
388 0.166985 -0.993115
134 0.007429 -1.025000
402 0.372115 -0.953698
136 0.326848 -0.977616
224 0.346467 -0.958516
48 -0.433464 -1.094712
22 0.375430 -0.959074
352 -0.390267 -1.076450
400 0.001238 -1.012308
272 0.378191 -0.961082
192 0.165236 -0.992227
131 -0.091364 -1.039507
130 0.225233 -0.987367
73 0.035918 -1.009642
386 -0.099914 -1.033139
289 -0.138698 -1.050722
65 -0.308700 -1.065592
4 -0.093648 -1.039004
40 0.219606 -0.988404
280 -0.234862 -1.066161
68 0.468311 -0.946650
56 -0.393152 -1.100813
5 0.347104 -0.966499
1 0.291841 -0.984159
11 -0.237222 -1.054296
128 0.738314 -0.903518
384 0.020068 -1.013505
260 -0.069856 -1.031518
80 0.112874 -1.008392
17 0.165794 -0.994201
36 0.574821 -0.929683
8 0.801946 -0.902717
320 0.337021 -0.972212
256 -0.079812 -1.038368
288 0.352530 -0.967121
6 0.045911 -1.013998
16 -0.032193 -1.024832
0 0.131953 -1.001956
96 0.043707 -1.007863
32 0.191050 -0.993443
112 0.024047 -1.022848
