512 2
0 -0.227346 -0.981589
16 -0.277263 -0.972747
288 -0.281123 -0.972473
48 -0.337332 -0.959357
256 -0.343928 -0.952033
257 -0.176635 -0.994544
192 0.016000 -1.043372
32 -0.332671 -0.961438
88 -0.268338 -0.981134
66 -0.222358 -0.985665
96 -0.532378 -0.918718
64 -0.498921 -0.928990
144 0.174096 -1.076330
24 -0.204851 -0.996474
34 -0.544788 -0.918919
5 -0.293663 -0.970183
3 -0.330113 -0.961727
52 -0.360266 -0.956674
36 -0.419904 -0.954336
9 -0.374336 -0.953292
128 -0.251158 -0.970476
6 -0.143139 -0.995093
10 -0.097185 -1.009360
2 -0.371930 -0.955151
160 -0.413080 -0.951326
8 -0.194049 -0.992698
65 -0.708970 -0.892734
129 -0.205046 -0.984672
4 -0.078099 -1.024354
320 -0.156301 -1.003090
384 -0.822286 -0.868099
338 0.068382 -1.045341
73 -0.309496 -0.964232
72 -0.376017 -0.953845
264 -0.434292 -0.938151
200 -0.551745 -0.917757
260 -0.280863 -0.975090
28 -0.502660 -0.925492
17 0.098815 -1.069108
33 -0.222033 -0.990448
274 -0.488471 -0.922267
11 -0.726566 -0.885875
82 -0.488668 -0.934488
276 -0.120712 -1.012613
68 -0.047249 -1.025249
258 -0.486465 -0.941941
70 -0.190970 -0.992063
277 0.092393 -1.056717
136 -0.055565 -1.024779
44 -0.191419 -0.996414
76 -0.303255 -0.967105
368 -0.304556 -0.970477
328 -0.799320 -0.861344
193 -0.172649 -0.994802
162 -0.595811 -0.911696
208 -0.407470 -0.949715
37 -0.669308 -0.895954
1 -0.746624 -0.879277
145 -0.477419 -0.935798
40 -0.154305 -1.010497
112 -0.260203 -0.975933
152 -0.468598 -0.934761
161 -0.062408 -1.026288
265 -0.165973 -0.998261
58 -0.521810 -0.924545
296 -0.628041 -0.896553
7 0.271127 -1.107897
225 -0.140979 -1.011021
25 -0.365905 -0.956723
130 0.017618 -1.043377
196 -0.332647 -0.961626
401 -0.588636 -0.900831
56 -0.708439 -0.881752
364 0.098776 -1.050793
292 -0.452348 -0.936293
140 -0.031841 -1.039170
71 -0.059432 -1.022079
452 -0.251283 -0.977425
78 -0.277633 -0.979603
304 -0.127029 -1.014523
148 -0.742623 -0.890508
42 0.239100 -1.089901
67 -0.213096 -0.991194
132 -0.407509 -0.940214
259 0.118741 -1.053601
224 -0.482887 -0.934759
336 -0.405602 -0.951563
266 -0.671692 -0.893165
324 -0.240599 -0.977550
49 -0.181666 -1.000580
20 -0.255336 -0.980857
268 -0.075660 -1.021062
13 -0.136281 -1.005981
385 -0.522339 -0.922493
50 -0.691465 -0.897745
386 -0.217699 -0.990195
194 -0.189195 -0.997042
323 -0.266075 -0.978923
150 0.261348 -1.108976
270 -0.457156 -0.932816
114 -0.692750 -0.886043
314 -0.392008 -0.951144
272 -0.980279 -0.835670
448 -0.472273 -0.928854
15 -0.248809 -0.988124
77 -0.035903 -1.025986
18 -0.333851 -0.954198
261 -0.389283 -0.946869
41 0.245025 -1.095622
201 -0.216315 -0.983387
165 -0.163831 -0.999943
80 -0.360255 -0.959383
396 -0.146694 -0.993755
35 -0.225434 -0.986183
137 0.250724 -1.102221
464 -0.552505 -0.915606
27 -0.241933 -0.992164
14 0.212211 -1.088031
163 0.204638 -1.085419
307 0.514558 -1.171668
195 -0.339036 -0.961619
280 -0.292073 -0.975835
321 -0.065300 -1.020241
29 -0.201712 -0.991404
408 -0.443988 -0.947476
120 -0.150165 -0.998719
74 0.013263 -1.036802
450 0.342152 -1.136619
305 -0.137468 -1.006810
12 0.172113 -1.070966
84 -0.609136 -0.913183
228 -0.257539 -0.981569
19 -0.071093 -1.024751
93 -0.492588 -0.928967
202 -0.564669 -0.916840
352 -0.491054 -0.924477
290 0.091848 -1.053174
356 0.102962 -1.067832
104 -0.017913 -1.020029
26 0.206976 -1.091366
337 -0.794014 -0.875930
262 0.363938 -1.126447
116 -0.316861 -0.964469
432 -0.320021 -0.968129
402 -0.215688 -0.986130
177 -0.574526 -0.908552
168 -0.362437 -0.955861
322 -0.744518 -0.884266
205 -0.163489 -0.989611
282 -0.615848 -0.908728
465 0.154855 -1.079073
113 -0.363353 -0.961084
151 -0.286158 -0.972743
38 0.288372 -1.114071
391 -0.048804 -1.022247
293 0.354311 -1.132647
117 -0.244563 -0.983601
98 -0.739643 -0.878518
393 -0.197013 -0.995403
55 -0.023969 -1.028238
43 -0.507386 -0.921545
210 -0.344276 -0.964268
100 -0.381821 -0.951691
390 -0.379944 -0.952780
269 -0.243759 -0.977568
362 -0.272571 -0.981142
97 -0.662866 -0.887674
110 -0.194973 -0.984223
45 -0.363952 -0.966340
171 -0.149716 -0.998154
275 0.208888 -1.100498
86 -0.647250 -0.910233
216 0.172403 -1.091823
146 0.190993 -1.085234
325 -0.049565 -1.033130
149 -0.492059 -0.916358
244 0.147694 -1.079316
85 0.084567 -1.044083
39 0.075432 -1.062137
291 -0.151577 -0.999159
138 -0.599952 -0.912358
209 0.503693 -1.180082
357 -0.365735 -0.953435
185 0.137167 -1.081132
417 0.098543 -1.055249
153 -0.144933 -1.000720
273 -0.527126 -0.915254
330 -0.831090 -0.849295
178 -0.608564 -0.896324
108 -0.336621 -0.962167
198 -0.073499 -1.026648
69 -0.344804 -0.956674
220 -0.024928 -1.030200
83 -0.015283 -1.031918
139 -0.447808 -0.928954
166 -0.466876 -0.929423
480 -1.093463 -0.828388
197 -0.042791 -1.029749
458 0.118654 -1.076112
134 -0.172622 -0.994406
344 -0.502056 -0.928618
53 -0.114165 -1.011172
422 -0.229439 -0.980082
298 -0.120844 -1.002160
206 -0.253971 -0.980259
327 -1.020214 -0.829451
485 -0.554220 -0.916355
289 -0.738252 -0.881723
416 -0.726253 -0.880807
360 -0.224782 -0.983739
424 0.139883 -1.067403
22 -0.212352 -0.993012
169 -0.095466 -1.015797
389 0.253745 -1.104301
60 0.247064 -1.105862
267 -0.014874 -1.029589
81 -0.560331 -0.921286
240 -0.196360 -0.983488
394 -0.860983 -0.863631
353 -0.077179 -1.022587
398 -0.093874 -1.018284
214 -0.662477 -0.891280
186 -0.212404 -1.001314
179 -0.228000 -0.986789
285 0.225214 -1.096866
21 -0.135371 -1.011691
204 -0.146730 -0.992505
184 -0.312577 -0.980602
281 -0.174498 -0.993233
157 -0.777191 -0.883025
176 -0.426090 -0.945109
387 -0.509447 -0.926616
300 0.013396 -1.037768
263 -0.284083 -0.969658
326 -0.406616 -0.938713
232 -0.143377 -1.005888
340 -0.271319 -0.970586
135 -0.249416 -0.985343
412 -0.744464 -0.883534
297 -0.441717 -0.937465
278 -0.418090 -0.952383
449 0.306258 -1.105737
468 -0.427583 -0.928970
238 -0.362107 -0.950753
308 0.080194 -1.053550
155 -0.529210 -0.923643
217 -0.156797 -0.995917
212 -0.517189 -0.917649
295 -0.736758 -0.890893
419 -0.924865 -0.847003
99 -0.495881 -0.919584
428 -0.007419 -1.034587
241 -0.253305 -0.973244
51 -0.044070 -1.036561
392 -0.315830 -0.960415
91 -0.537818 -0.917008
457 0.011291 -1.040287
283 -0.488490 -0.933117
173 -0.366141 -0.957921
164 0.199482 -1.100518
106 -0.173593 -1.005277
89 -0.598064 -0.909396
366 -0.029266 -1.037931
147 -0.361025 -0.957619
236 0.455146 -1.150586
354 -0.363439 -0.963429
309 -0.147221 -1.017768
332 0.211417 -1.087137
237 0.358036 -1.122302
342 -0.525754 -0.924979
400 -0.642928 -0.892975
222 -0.062457 -1.018974
294 -0.263336 -0.981413
90 0.348238 -1.130042
405 0.043686 -1.063264
349 0.169363 -1.071678
472 -0.212244 -0.992594
246 -0.430832 -0.934413
131 0.018517 -1.044083
154 0.049130 -1.047205
142 -0.098473 -1.021099
312 -0.842301 -0.857841
102 -0.529319 -0.922883
499 0.164050 -1.084188
331 0.048523 -1.057114
388 -0.370238 -0.954127
103 -0.544535 -0.926378
456 0.223861 -1.101490
404 -0.335544 -0.969378
250 0.231593 -1.096699
75 0.056724 -1.041676
442 -0.598156 -0.917754
172 -0.442495 -0.940110
329 -0.740398 -0.873961
287 0.259562 -1.103287
373 -0.422662 -0.955787
242 -1.005855 -0.820928
170 -0.351233 -0.960571
229 0.059302 -1.057207
87 -0.740150 -0.868911
406 -1.229802 -0.804437
418 -0.462485 -0.930043
23 0.465643 -1.171518
358 -0.596153 -0.901345
376 -0.002823 -1.025680
306 -0.153630 -1.006339
46 -0.162812 -1.008097
367 0.773343 -1.241823
109 0.327292 -1.125679
187 -0.301247 -0.969341
125 -0.119433 -1.009773
436 -0.689092 -0.888844
397 -0.054775 -1.026389
426 -0.210012 -1.002022
482 -1.016152 -0.831473
378 -0.134241 -0.998003
226 -0.072970 -1.017985
47 -0.698916 -0.880224
299 -0.729348 -0.891579
380 0.137903 -1.069686
339 0.128699 -1.075948
54 -0.407158 -0.951216
483 -0.463372 -0.935443
79 -0.349914 -0.965475
346 -0.134016 -0.998932
313 -0.005650 -1.034631
284 -0.092614 -1.015124
218 -0.086355 -1.012858
141 0.670178 -1.212381
440 -0.095673 -1.011697
420 -1.101857 -0.821638
231 -0.286252 -0.974958
121 -0.213320 -0.988407
255 0.371285 -1.140512
310 -0.606542 -0.916406
105 -0.558076 -0.913383
302 0.532298 -1.173017
189 0.035107 -1.045208
301 -0.154158 -0.993017
421 0.508015 -1.166631
215 0.583502 -1.195889
227 0.192116 -1.091251
101 -0.845002 -0.853559
488 -0.226670 -0.976628
143 0.041019 -1.058025
500 -1.040795 -0.829940
455 -1.150299 -0.810018
466 -0.399060 -0.941102
441 -0.188089 -0.985029
454 0.367966 -1.137959
30 0.577777 -1.200808
271 -0.355692 -0.964004
371 -0.092512 -1.017178
505 -0.028781 -1.043795
199 -0.326705 -0.972289
57 -0.270769 -0.968271
118 -0.159811 -0.989692
107 -0.576427 -0.915695
486 -0.739904 -0.871855
470 0.023461 -1.045978
350 -0.194366 -1.002761
425 0.247093 -1.106590
156 -0.062760 -1.016468
490 -0.365266 -0.948584
460 -0.771329 -0.884553
203 0.384190 -1.129982
92 0.348912 -1.121825
219 -0.897581 -0.850032
180 -0.850343 -0.871124
475 0.059566 -1.057104
318 0.012956 -1.036092
473 0.318927 -1.123746
175 -0.022083 -1.041513
459 -0.969179 -0.841356
182 -0.242515 -0.982967
333 0.234773 -1.095001
315 0.437591 -1.153930
409 0.218102 -1.094749
181 -0.018209 -1.030078
62 0.010495 -1.048270
377 -0.883974 -0.867628
372 -0.241014 -0.980957
133 -0.322630 -0.976662
243 -0.464808 -0.930241
159 -0.474604 -0.926235
382 0.726515 -1.241273
230 -0.047088 -1.026826
467 0.309373 -1.104206
158 0.537529 -1.176030
462 -0.738209 -0.883428
403 -0.548727 -0.933133
174 -0.225874 -1.000511
493 0.016417 -1.030408
474 -0.026434 -1.026514
233 -0.541639 -0.923766
253 -0.671777 -0.890239
430 -0.598647 -0.911604
453 0.184572 -1.090757
183 0.013620 -1.032127
481 0.298266 -1.118933
345 -0.937358 -0.844218
119 -0.204836 -0.986434
61 0.210033 -1.087250
410 0.902263 -1.299123
311 0.187384 -1.089994
94 0.367502 -1.130691
251 0.200626 -1.088774
31 0.215425 -1.104850
451 0.016412 -1.053260
348 0.403029 -1.133025
365 0.435265 -1.142662
317 0.135593 -1.068921
375 0.975752 -1.317630
469 -0.712451 -0.878668
427 0.019871 -1.045013
115 -0.118434 -1.017922
188 -0.072286 -1.013177
496 -0.945800 -0.856421
279 -0.632125 -0.900605
213 -0.190902 -0.987533
347 -1.029929 -0.828775
248 -0.950377 -0.850808
316 -0.502942 -0.940132
463 0.552081 -1.195264
207 0.252734 -1.098043
413 -0.575840 -0.896645
508 -0.201324 -0.987442
501 0.101604 -1.051495
361 0.157528 -1.064447
478 -0.396403 -0.936435
190 0.170354 -1.081348
124 -0.217862 -0.986530
126 -0.427269 -0.941077
63 -0.241521 -0.967552
423 -0.474418 -0.919641
223 -0.096416 -1.032032
429 -0.047463 -1.024931
506 -0.411863 -0.951638
491 -0.358875 -0.967929
369 -0.347083 -0.958823
341 0.038741 -1.056823
286 0.058076 -1.064779
411 -0.034682 -1.023501
379 -0.010581 -1.027042
502 -0.001031 -1.030677
221 -0.694036 -0.863020
438 -0.746037 -0.869684
343 0.448870 -1.158152
334 0.404983 -1.145457
395 0.185810 -1.083590
59 -0.080704 -1.011790
498 -0.254742 -0.985441
435 0.001145 -1.025900
252 0.090042 -1.068846
437 -0.302491 -0.965772
211 -0.285266 -0.972733
303 0.802145 -1.259008
122 -0.448347 -0.940288
363 0.399084 -1.146219
123 -0.871983 -0.859152
415 0.668609 -1.223030
477 0.698701 -1.227890
414 -0.539895 -0.914919
370 -0.810610 -0.881107
381 0.454830 -1.161971
249 -0.117374 -1.009836
439 0.916093 -1.313282
399 -0.811796 -0.861549
433 -0.296457 -0.972965
431 0.649825 -1.215960
497 0.041583 -1.062129
471 0.747190 -1.220214
383 -0.751020 -0.866418
484 0.628217 -1.199153
434 -0.856810 -0.857276
374 -1.181068 -0.811771
351 -0.265042 -0.966943
407 0.372115 -1.145055
489 0.165299 -1.068386
507 -1.017144 -0.847362
461 -1.251462 -0.802090
504 -0.640500 -0.903846
492 -0.016495 -1.033318
444 0.019549 -1.031705
495 0.434944 -1.139601
509 -0.115445 -1.002483
335 -0.126637 -1.000675
254 -0.884196 -0.857639
111 0.079929 -1.046525
245 0.007637 -1.045541
503 -0.935821 -0.846105
359 0.366782 -1.143730
487 0.097418 -1.064020
494 -0.337276 -0.969106
127 -1.239016 -0.783889
479 -1.368909 -0.786703
355 -1.348072 -0.795592
95 -0.189246 -1.004915
235 -0.584687 -0.920180
167 -0.667752 -0.887404
511 0.629506 -1.199434
319 0.996376 -1.320374
476 -1.102037 -0.820654
443 -0.286894 -0.989349
447 -0.030139 -1.018129
191 0.572280 -1.197840
445 -0.634799 -0.915539
239 0.671064 -1.231147
234 -0.035801 -1.028946
446 -0.541519 -0.912633
247 0.194261 -1.080329
510 -0.147354 -1.019126
