512 2
511 0.242332 -0.982082
503 0.193217 -0.995116
510 0.164858 -1.001915
509 0.031567 -1.049846
383 0.040255 -1.045588
507 0.253661 -0.970793
247 0.385211 -0.933103
382 0.526537 -0.887355
479 0.367748 -0.939612
255 0.112620 -1.017216
495 0.498143 -0.895057
251 0.250762 -0.976558
447 0.418654 -0.923216
445 0.295778 -0.958090
239 0.516156 -0.888698
191 0.185313 -0.996500
415 0.325982 -0.950028
443 0.161073 -1.002362
431 0.118992 -1.016059
491 -0.027389 -1.065994
475 0.327383 -0.950222
494 0.153420 -1.010586
501 -0.101431 -1.091697
254 0.086753 -1.027691
351 0.052693 -1.035589
399 0.463433 -0.906430
502 0.360724 -0.938271
505 0.282137 -0.971712
347 0.385876 -0.928123
461 0.545045 -0.878640
63 0.270247 -0.964388
249 0.402118 -0.924196
143 0.286170 -0.962789
253 0.530585 -0.879891
477 0.597754 -0.866114
487 0.326905 -0.950910
463 0.074709 -1.034358
311 0.253019 -0.978419
478 0.192284 -0.992876
223 0.442942 -0.910048
367 0.283112 -0.961927
492 0.097070 -1.025858
437 0.129848 -1.018639
471 0.052257 -1.038869
476 0.493229 -0.895424
506 0.192030 -0.998463
499 0.175224 -1.003663
127 0.458981 -0.911303
375 0.371474 -0.936578
439 0.451647 -0.911926
493 0.234527 -0.985145
446 0.251138 -0.968354
381 0.055086 -1.036273
508 0.115922 -1.012685
365 0.230049 -0.977301
423 0.323239 -0.945666
319 0.971247 -0.746447
380 0.032162 -1.045162
335 0.331867 -0.942045
159 0.342233 -0.939331
215 0.215522 -0.986194
504 0.450983 -0.908172
413 0.135595 -1.011973
317 0.386460 -0.927848
467 0.452231 -0.912362
414 0.150264 -1.007634
287 0.503384 -0.893928
207 0.144205 -1.013572
411 0.433523 -0.913481
219 0.757045 -0.810993
403 -0.202223 -1.117958
486 0.404001 -0.920951
95 0.112869 -1.023885
357 0.789429 -0.802411
349 0.282775 -0.957413
250 0.105376 -1.023915
246 0.177595 -1.000410
181 0.462824 -0.907030
183 0.394400 -0.925469
485 0.349146 -0.943734
430 0.081975 -1.029731
175 0.090044 -1.028622
318 0.072663 -1.032280
459 -0.105003 -1.098321
299 0.176230 -0.993070
231 0.435625 -0.912137
245 0.247871 -0.970115
189 0.024891 -1.047654
350 0.530221 -0.886824
490 0.291907 -0.964147
125 0.543593 -0.877189
379 0.557361 -0.871319
103 0.405095 -0.929174
441 0.314920 -0.949143
221 -0.016667 -1.063869
377 0.538776 -0.884417
473 0.012088 -1.051860
303 0.566915 -0.870182
187 -0.042334 -1.071949
433 0.559417 -0.881107
329 0.249156 -0.972033
442 0.157875 -1.005025
203 0.442491 -0.913308
407 -0.104833 -1.098639
119 0.516593 -0.896953
426 0.195650 -0.985079
469 0.393933 -0.927512
451 0.405743 -0.922419
462 0.162710 -1.001805
355 -0.065553 -1.078045
489 0.715273 -0.828834
497 0.561544 -0.873059
234 0.401706 -0.922931
294 0.689252 -0.832805
455 0.083426 -1.032867
118 0.473955 -0.899367
222 0.052732 -1.040734
243 0.246710 -0.974386
283 0.132835 -1.006927
339 0.445823 -0.907955
93 0.470150 -0.907079
115 0.517418 -0.883927
429 0.504855 -0.893178
370 -0.050314 -1.074814
378 0.691838 -0.833127
126 0.564630 -0.874443
211 0.246582 -0.973649
309 0.069229 -1.041429
307 0.230554 -0.981054
252 0.243983 -0.984958
474 0.517397 -0.892127
117 0.239442 -0.979715
279 0.206206 -0.980715
238 0.113817 -1.014729
237 0.375112 -0.935588
374 0.436777 -0.911888
346 0.602411 -0.860477
481 0.475186 -0.905252
343 0.650052 -0.845217
15 0.268034 -0.968061
454 0.373874 -0.934225
359 0.611787 -0.861398
366 0.097867 -1.021858
206 0.692463 -0.832090
466 0.219544 -0.978063
204 0.046691 -1.044110
109 0.448775 -0.916863
123 0.139029 -1.008854
285 0.608434 -0.860758
483 0.092768 -1.026538
376 0.133544 -1.010221
395 0.251109 -0.972236
369 0.264630 -0.969109
235 0.211650 -0.985119
397 0.751828 -0.818327
405 0.369647 -0.932558
472 0.608424 -0.855583
188 0.297259 -0.958223
394 0.034386 -1.046465
362 -0.031532 -1.070131
295 0.233399 -0.982479
435 -0.001303 -1.056651
422 0.320302 -0.950300
111 0.708823 -0.833908
301 0.471240 -0.897869
409 0.518427 -0.884763
107 0.984301 -0.752801
421 0.027709 -1.039664
468 0.360533 -0.940469
427 0.315650 -0.958733
453 0.449459 -0.913915
230 0.470303 -0.908336
419 0.461958 -0.905383
190 -0.085881 -1.090117
316 0.815620 -0.798010
363 0.635922 -0.851327
31 0.465927 -0.904324
122 0.570818 -0.871049
59 0.337052 -0.949313
410 0.181598 -0.996584
460 0.347807 -0.942678
425 0.418620 -0.926187
438 0.313823 -0.956741
77 0.439307 -0.910041
393 0.650283 -0.843889
182 -0.260726 -1.141089
269 0.480586 -0.906018
220 0.427143 -0.921185
218 0.021854 -1.042021
373 0.311700 -0.955132
371 0.617941 -0.856053
345 0.513648 -0.891954
398 0.331238 -0.947554
242 0.189027 -1.000228
213 0.169112 -1.002357
361 -0.096984 -1.083100
87 0.289964 -0.959116
271 0.353161 -0.933646
79 0.428551 -0.916514
214 0.438326 -0.912739
286 0.221775 -0.986713
205 0.681518 -0.841706
282 0.226202 -0.980064
61 0.269949 -0.966673
387 0.360305 -0.941838
47 -0.053761 -1.076267
23 0.538030 -0.883511
241 0.270198 -0.963761
248 0.145613 -1.011929
450 0.212334 -0.992800
436 0.110409 -1.023967
440 0.474001 -0.900354
30 0.189747 -0.992593
315 -0.385878 -1.191252
124 0.380486 -0.935686
470 0.076541 -1.034327
55 0.785528 -0.796162
62 0.238005 -0.983049
434 0.158079 -1.007706
498 0.170673 -0.999277
228 0.140828 -1.010862
227 0.764502 -0.815506
121 0.437879 -0.917280
106 0.392953 -0.931367
391 0.371135 -0.930345
305 0.220500 -0.980454
186 -0.428043 -1.208833
444 0.306477 -0.954660
428 0.765868 -0.812976
457 0.245947 -0.973700
171 0.502234 -0.900723
51 0.568676 -0.876270
326 0.741097 -0.823376
496 0.469494 -0.904481
500 0.210900 -0.978730
348 0.485981 -0.899229
327 -0.040773 -1.073440
412 0.232595 -0.981628
195 0.211453 -0.990848
452 0.744077 -0.815681
75 0.194622 -0.994626
325 0.180936 -0.995143
432 0.383448 -0.935714
465 0.056871 -1.032151
199 0.355944 -0.941298
233 0.148527 -1.012843
151 0.086576 -1.031830
277 -0.060606 -1.077798
102 -0.115126 -1.096902
184 0.519154 -0.881381
165 0.395640 -0.924284
91 0.330727 -0.948538
406 -0.014680 -1.063038
372 0.743591 -0.819467
360 -0.014010 -1.062922
331 0.350132 -0.948326
149 0.013978 -1.054764
314 0.014029 -1.054687
300 0.470730 -0.899902
156 0.816893 -0.791005
482 0.593464 -0.858462
155 0.476716 -0.904127
236 0.955004 -0.749709
152 0.044822 -1.039139
173 0.295704 -0.960429
99 0.211376 -0.984812
424 0.206908 -0.990387
278 -0.014458 -1.066803
364 0.466235 -0.904837
154 0.104830 -1.015477
342 0.286499 -0.964447
60 0.288074 -0.962797
114 0.092898 -1.025279
153 0.249374 -0.970667
179 0.549044 -0.879091
39 0.157192 -1.008464
86 0.349371 -0.945165
170 0.345727 -0.941582
310 -0.172830 -1.118262
110 0.124676 -1.019566
297 0.406247 -0.925164
275 0.660508 -0.841485
267 0.539192 -0.882820
141 -0.015792 -1.063266
229 -0.023107 -1.064930
113 0.650643 -0.846156
139 0.692317 -0.834897
90 0.603241 -0.873851
196 0.108507 -1.020441
334 0.642714 -0.843957
330 0.205225 -0.991495
333 0.275203 -0.968857
304 0.528567 -0.886297
298 0.259163 -0.973025
484 0.136592 -1.017772
176 0.309574 -0.959727
94 0.170936 -0.996906
456 -0.177762 -1.114034
57 0.620970 -0.855112
313 0.313625 -0.958984
404 0.012187 -1.055047
166 0.244552 -0.975523
417 0.571400 -0.871103
197 0.064270 -1.031018
174 0.581170 -0.868743
85 -0.087842 -1.092567
226 0.193383 -0.992316
43 0.099669 -1.031059
27 1.072126 -0.719961
158 0.671037 -0.835631
353 -0.250599 -1.140865
341 0.379418 -0.937864
108 0.110021 -1.019312
81 0.692195 -0.830417
306 -0.052334 -1.075929
464 -0.019455 -1.056418
284 0.457855 -0.909162
212 -0.002102 -1.060119
83 0.491751 -0.908529
449 -0.238036 -1.139940
354 -0.123545 -1.108449
13 0.496960 -0.890111
217 -0.150788 -1.106633
488 0.001543 -1.054451
358 0.422865 -0.919890
201 0.010479 -1.068976
232 0.472322 -0.908426
216 0.590698 -0.862290
308 -0.271486 -1.154983
302 0.266117 -0.970202
105 -0.038228 -1.077942
185 0.193787 -0.997065
167 0.035625 -1.055460
402 0.378268 -0.933445
168 -0.086036 -1.081417
177 0.327205 -0.949938
98 0.446304 -0.913882
225 0.572661 -0.878299
270 0.233211 -0.984065
42 0.474950 -0.899424
21 0.092550 -1.026927
54 0.359282 -0.933490
46 0.310816 -0.955423
44 0.599096 -0.867114
408 0.121945 -1.011889
169 0.384952 -0.929300
163 0.360222 -0.941391
396 0.556806 -0.876423
274 0.299765 -0.956914
172 0.410469 -0.918290
180 0.383999 -0.935628
101 0.374786 -0.936441
352 0.170299 -1.001432
73 0.429419 -0.911133
89 0.488755 -0.894846
244 0.467154 -0.909887
389 0.442309 -0.910249
150 0.640973 -0.846715
337 0.225721 -0.985780
53 0.327253 -0.947060
137 0.092084 -1.029054
420 0.585218 -0.865961
416 0.003400 -1.058674
265 0.513364 -0.888529
340 0.769434 -0.810617
69 0.619306 -0.860873
280 0.141454 -1.018175
390 0.229774 -0.992423
338 0.515997 -0.882884
70 0.568802 -0.868206
198 0.824864 -0.803551
41 -0.045536 -1.074110
480 0.288407 -0.958489
157 0.837595 -0.799129
178 0.590671 -0.863304
291 0.122166 -1.020513
392 0.123724 -1.026590
263 0.387941 -0.944003
116 0.113331 -1.021395
259 0.768795 -0.816739
48 0.184485 -0.994740
78 0.444844 -0.913279
336 0.600013 -0.859458
142 0.179546 -1.005621
146 0.429913 -0.919086
145 0.554308 -0.878043
332 0.456147 -0.903472
260 -0.124628 -1.107203
240 0.589306 -0.876050
268 0.122454 -1.011894
92 -0.022449 -1.069435
401 0.325546 -0.945421
194 0.092968 -1.029587
76 0.006701 -1.052940
147 0.444500 -0.911869
320 0.168956 -1.005994
261 0.181505 -0.999441
140 0.601850 -0.868506
29 0.521258 -0.880515
45 0.976032 -0.754186
38 0.390571 -0.934123
11 0.122610 -1.017606
458 0.665200 -0.841961
14 0.391035 -0.930400
202 0.653149 -0.847161
323 0.374160 -0.939010
368 0.193588 -0.994484
161 0.462411 -0.904808
210 0.525154 -0.886650
26 0.300133 -0.958643
224 0.024755 -1.056246
58 0.404873 -0.921818
135 -0.371632 -1.190182
257 0.300167 -0.954239
293 0.370407 -0.939529
84 0.110049 -1.026513
34 0.340577 -0.942278
321 0.149528 -0.998264
418 0.463268 -0.907425
312 -0.024976 -1.072173
400 0.178060 -1.002231
328 0.354276 -0.940012
148 0.238474 -0.976470
385 0.645881 -0.850441
276 -0.141786 -1.111262
272 0.213432 -0.989348
208 0.612066 -0.862621
133 0.423558 -0.919575
22 0.585846 -0.870516
290 0.464712 -0.908506
88 0.219690 -0.978731
120 0.036774 -1.039930
131 0.404004 -0.925947
138 0.154627 -1.007799
281 -0.033623 -1.075700
56 -0.162958 -1.113627
82 0.532819 -0.885966
130 0.547963 -0.879964
132 0.164608 -1.002763
388 0.354025 -0.951668
292 0.309113 -0.961878
324 0.159681 -1.003638
9 0.094586 -1.025662
104 0.768032 -0.807106
136 0.574233 -0.874228
296 0.155800 -1.000515
200 0.473416 -0.903639
193 -0.251333 -1.144769
262 0.242391 -0.979364
344 0.381419 -0.932527
71 0.474155 -0.897870
162 -0.065472 -1.083967
258 0.089014 -1.028335
7 -0.076595 -1.080516
322 0.665678 -0.833638
37 0.125362 -1.023986
25 -0.049410 -1.076973
33 0.109231 -1.020268
134 0.752140 -0.809582
164 0.206937 -0.987037
448 0.379232 -0.938350
386 0.063058 -1.035756
28 0.430614 -0.924372
64 0.231368 -0.981596
273 -0.170382 -1.118593
49 0.223784 -0.986461
209 0.372322 -0.946006
100 0.228048 -0.977632
74 0.313272 -0.955806
65 0.546759 -0.885674
40 0.169016 -1.003901
144 0.537817 -0.886838
356 0.701676 -0.831894
19 0.439428 -0.919410
5 -0.169710 -1.114103
160 0.344618 -0.944290
67 0.330726 -0.954336
289 0.029877 -1.047421
24 0.114574 -1.026504
10 0.076083 -1.042564
17 0.438203 -0.915691
112 0.456042 -0.917728
96 -0.065598 -1.090245
18 0.025214 -1.055804
20 0.506621 -0.890606
35 0.480924 -0.910991
36 0.529231 -0.882852
266 0.481789 -0.896258
80 -0.139375 -1.111952
12 -0.275600 -1.164381
3 0.597604 -0.865469
2 0.645482 -0.841833
192 0.323593 -0.947257
129 0.311153 -0.946580
97 0.814666 -0.795079
0 0.322398 -0.953504
52 0.657446 -0.851242
68 0.177347 -1.008486
256 0.385303 -0.929958
4 0.245002 -0.978562
16 0.094053 -1.025891
6 0.715488 -0.830638
128 0.097317 -1.034651
288 0.472795 -0.898446
264 0.361203 -0.943820
72 0.305922 -0.951121
1 0.237957 -0.975082
8 0.521806 -0.894181
50 0.052102 -1.034718
32 0.202603 -0.991357
384 -0.024641 -1.068746
66 0.285278 -0.961281
