511 2
0 -0.854050 -0.575497
256 -0.839299 -0.591540
8 -0.739639 -0.687351
64 -0.595751 -0.829803
258 -0.494920 -0.922226
96 -0.587165 -0.833587
1 -0.596449 -0.827423
129 -0.800874 -0.623411
2 -0.684685 -0.742375
4 -0.616899 -0.813268
260 -0.696390 -0.717473
34 -0.607140 -0.824224
16 -0.508186 -0.906717
50 -0.578052 -0.840261
5 -0.385948 -1.034352
12 -0.796034 -0.628365
18 -0.268443 -1.156487
392 -0.724980 -0.709500
144 -0.476231 -0.946564
146 -0.640207 -0.778162
384 -0.510746 -0.914556
289 -0.944129 -0.489031
138 -0.913490 -0.525065
272 -0.799146 -0.633806
416 -0.842561 -0.586018
388 -0.622980 -0.811378
17 -0.758261 -0.668646
288 -1.124284 -0.323255
160 -0.611907 -0.794658
264 -0.735251 -0.688045
161 -0.627128 -0.801575
24 -0.941323 -0.502618
33 -0.666325 -0.747561
32 -0.835925 -0.597393
193 -0.605922 -0.828951
3 -0.706685 -0.717045
82 -0.401985 -1.001561
10 -0.574894 -0.850665
192 -0.823806 -0.615254
132 -0.764299 -0.664907
386 -0.610261 -0.807754
270 -0.614999 -0.812691
66 -0.533092 -0.891085
140 -0.887509 -0.539646
130 -0.603719 -0.837950
281 -0.892923 -0.544423
6 -0.835712 -0.600855
320 -0.745016 -0.675324
9 -0.841265 -0.579924
100 -0.973628 -0.480570
53 -0.571244 -0.851731
30 -0.370242 -1.057759
172 -1.010997 -0.423244
40 -0.983248 -0.465440
292 -0.489884 -0.929062
276 -0.565398 -0.867555
72 -0.869171 -0.563224
449 -0.905410 -0.522494
152 -0.988966 -0.442366
36 -0.687237 -0.741251
68 -0.642604 -0.793100
273 -0.905174 -0.526987
29 -0.515934 -0.907422
65 -0.773869 -0.644579
195 -0.629116 -0.791030
97 -0.902419 -0.529695
178 -0.646428 -0.775179
322 -0.287508 -1.150689
73 -0.449031 -0.971386
54 -0.552045 -0.873137
325 -0.441534 -0.986810
131 -0.538977 -0.893185
266 -0.964839 -0.473195
14 -0.470735 -0.951059
208 -0.433884 -0.994418
304 -0.755488 -0.668399
80 -0.607481 -0.824229
44 -0.757897 -0.664891
337 -0.720569 -0.701310
274 -0.653046 -0.782312
15 -0.940859 -0.490055
112 -0.704353 -0.727737
48 -0.841883 -0.586748
88 -0.517416 -0.915453
128 -0.513858 -0.913701
352 -0.800758 -0.616340
284 -0.704841 -0.721134
102 -0.893448 -0.549674
41 -0.978383 -0.470786
265 -0.711379 -0.715696
261 -0.406076 -1.014694
448 -0.725392 -0.704162
176 -0.949147 -0.492636
400 -0.373060 -1.056930
133 -0.892103 -0.542774
148 -0.655783 -0.757401
280 -0.870445 -0.571553
321 -0.543010 -0.884140
257 -0.835610 -0.593575
401 -0.781607 -0.646477
393 -0.843842 -0.581278
45 -0.840100 -0.594633
38 -0.384770 -1.042156
23 -0.691722 -0.733661
262 -0.861822 -0.573006
296 -0.688113 -0.740885
168 -0.637007 -0.799628
204 -0.819876 -0.604189
278 -0.783293 -0.652159
418 -0.810927 -0.605648
277 -0.529369 -0.894347
13 -0.445096 -0.989166
22 -0.325145 -1.101525
200 -1.019469 -0.413613
329 -0.536133 -0.892510
456 -0.316416 -1.108939
267 -0.654006 -0.770277
275 -0.927340 -0.503761
390 -1.022392 -0.430549
70 -0.898409 -0.541752
21 -0.801415 -0.636254
162 -0.763215 -0.666119
226 -0.669453 -0.749010
28 -0.583833 -0.841513
259 -0.591604 -0.824385
294 -0.556846 -0.865298
26 -0.128148 -1.332368
324 -0.736910 -0.690065
20 -0.351657 -1.075637
76 -0.732888 -0.705121
104 -1.213646 -0.243875
210 -0.634907 -0.781425
212 -0.609208 -0.820503
328 -0.673545 -0.756244
145 -0.281933 -1.151378
141 -0.773268 -0.643654
58 -0.592247 -0.840916
136 -0.264776 -1.173017
121 -0.465440 -0.948454
11 -0.363930 -1.052869
85 -0.558677 -0.859910
150 -0.423875 -1.012673
143 -0.743406 -0.683797
197 -0.780333 -0.658759
298 -0.704087 -0.731479
464 -0.490323 -0.940574
216 -0.714992 -0.708952
84 -0.979763 -0.457946
92 -0.894695 -0.544550
42 -1.146536 -0.316124
67 -0.804205 -0.625204
37 -0.465844 -0.952973
177 -0.846796 -0.585907
377 -1.290191 -0.194863
396 -0.735632 -0.683010
344 -0.746356 -0.688680
312 -0.883032 -0.544446
98 -0.097065 -1.368755
483 -0.691381 -0.745589
293 -0.527987 -0.886141
291 -0.674703 -0.752238
153 -0.530105 -0.907053
194 -0.358956 -1.070500
69 -0.679222 -0.740290
167 -0.504024 -0.912363
224 -0.854397 -0.564019
241 -0.932591 -0.506276
165 -0.865649 -0.577203
269 -0.363137 -1.062936
49 -0.725345 -0.706895
218 -0.508433 -0.920426
496 -0.481028 -0.950820
110 -1.029273 -0.417317
242 -0.483711 -0.942023
81 -0.762662 -0.647229
290 -0.779888 -0.648617
142 -0.776009 -0.637644
458 -0.757537 -0.662850
323 -0.335315 -1.083957
137 -0.343991 -1.086230
232 -0.738728 -0.684795
424 -0.653879 -0.774707
60 -0.720502 -0.709178
134 -0.339255 -1.086101
326 -0.762025 -0.664569
180 -1.105491 -0.362560
19 -1.023624 -0.423296
155 -1.176563 -0.290764
420 -0.642877 -0.780133
419 -0.809430 -0.624967
409 -0.454856 -0.976065
7 -0.871998 -0.565708
25 -0.955601 -0.491683
428 -0.835642 -0.588461
39 -0.815702 -0.610682
308 -0.860690 -0.555727
101 -0.788021 -0.628082
228 -0.816523 -0.597153
360 -0.698045 -0.734596
368 -0.646501 -0.776827
86 -0.341504 -1.095356
105 -0.979085 -0.481439
394 -0.173497 -1.278754
248 -0.921767 -0.512026
157 -0.738772 -0.688994
196 -0.792507 -0.632922
405 -0.709445 -0.711742
359 -0.296014 -1.147266
27 -0.585213 -0.837719
271 -0.815404 -0.609854
156 -0.754588 -0.676993
417 -0.659441 -0.777548
427 -0.162276 -1.273820
99 -1.256739 -0.208104
372 -0.538229 -0.869396
453 -0.284614 -1.138613
387 -0.416462 -1.012186
164 -0.222546 -1.209986
166 -0.727506 -0.699863
89 -0.810600 -0.613628
71 -0.455502 -0.965368
169 -0.846933 -0.585616
305 -0.403405 -1.011306
336 -0.909921 -0.527243
318 -0.425023 -0.969667
114 -0.926345 -0.523778
56 -0.666713 -0.775763
209 -0.497845 -0.945599
94 -0.589182 -0.845138
389 -1.049518 -0.409745
466 -0.168102 -1.279375
408 -0.962926 -0.477616
376 -0.945448 -0.494072
364 -0.429782 -0.973397
214 -0.444123 -0.992931
113 -0.751673 -0.674044
126 -0.535051 -0.881994
149 -0.756497 -0.671681
106 -0.347350 -1.078877
51 -0.761894 -0.676590
233 -0.737934 -0.696692
174 -0.866529 -0.574143
480 -0.984802 -0.440872
35 -0.292872 -1.163080
422 -1.027284 -0.417735
426 -0.546689 -0.877785
410 -0.530786 -0.900246
103 -0.544254 -0.876971
452 -0.557853 -0.863363
46 -0.779022 -0.653239
75 -0.533633 -0.873661
79 -0.574055 -0.851405
465 -0.460406 -0.951815
159 -0.483681 -0.935153
135 -0.617493 -0.811316
78 -0.120617 -1.316026
450 -0.745184 -0.670852
182 -0.666911 -0.760331
403 -0.539412 -0.888822
147 -0.913669 -0.523417
354 -0.701242 -0.725401
236 -1.065965 -0.393384
307 -0.008951 -1.447151
347 -0.465767 -0.946385
370 -0.321214 -1.103376
199 -0.632200 -0.803308
198 -0.405572 -1.008930
340 -1.115592 -0.344270
268 -0.629487 -0.790649
202 -0.678882 -0.724684
346 -0.613973 -0.820271
327 -0.662085 -0.773506
158 -0.833636 -0.604808
331 -1.084607 -0.350970
385 -0.402455 -1.030018
402 -0.655819 -0.746404
154 -0.792330 -0.655227
451 -0.094105 -1.361237
63 -1.444351 -0.049383
332 -0.871249 -0.556238
338 -0.535539 -0.899265
302 -0.769855 -0.646534
415 -0.961056 -0.491187
374 -0.698383 -0.712656
306 -1.097285 -0.346483
87 -0.410946 -1.024408
203 -1.065378 -0.380733
398 -0.815292 -0.631142
341 -0.120037 -1.316569
116 -0.417294 -1.013948
330 -1.001912 -0.429068
163 -0.808470 -0.640284
221 -1.244582 -0.230675
355 -0.675652 -0.753797
250 -1.051660 -0.413290
234 -0.470137 -0.959284
432 -0.827375 -0.605641
361 -0.660876 -0.762636
213 -0.640634 -0.776590
286 -0.398677 -1.040959
47 -0.447325 -0.987528
225 -0.882926 -0.556781
52 -0.932526 -0.514497
151 -0.599794 -0.826327
342 -0.568235 -0.852869
482 -0.687200 -0.743573
407 -0.218068 -1.246919
108 -0.764889 -0.661874
74 -0.334993 -1.078469
245 -1.180917 -0.288851
43 -0.550044 -0.888207
120 -0.806013 -0.622993
460 -0.484810 -0.951254
485 -0.988263 -0.456429
431 -0.630180 -0.797109
300 -0.891282 -0.536232
227 -0.664051 -0.758291
279 -0.528051 -0.898499
181 -1.245088 -0.239771
488 -0.820760 -0.620230
457 -0.844219 -0.595873
375 -0.532345 -0.895652
139 -0.955846 -0.507427
391 -0.655762 -0.770983
462 -0.524233 -0.889446
61 -0.784024 -0.643413
170 -0.854037 -0.571940
109 -1.256132 -0.228193
118 -0.626445 -0.800141
317 -0.362615 -1.087143
220 -0.656253 -0.756253
476 -1.263298 -0.201175
285 -0.570406 -0.880174
235 -0.614952 -0.810386
185 -0.477095 -0.961872
345 -0.380540 -1.048942
93 -0.755973 -0.673386
201 -0.298463 -1.121999
122 -1.243382 -0.229067
183 -1.034431 -0.424131
468 -0.574004 -0.829686
489 -1.051283 -0.393871
461 -1.036052 -0.418622
107 -0.872344 -0.537760
59 -1.020338 -0.424502
315 -1.098677 -0.342401
309 -0.566346 -0.864196
243 -0.384819 -1.048900
184 -1.332558 -0.143080
205 -0.482241 -0.941310
303 -0.403793 -1.010934
252 -0.779952 -0.650051
406 -1.195463 -0.269180
171 -0.982746 -0.472741
441 -0.916347 -0.521563
91 -1.131516 -0.331918
378 -0.230555 -1.211826
240 -0.897381 -0.517583
173 -1.182016 -0.279516
508 -0.691863 -0.738374
350 -1.248048 -0.222857
115 -1.287642 -0.179855
83 -0.819371 -0.617144
498 -0.226442 -1.188119
506 -0.766256 -0.643901
77 -0.595835 -0.835725
397 -1.292320 -0.189870
333 -0.569455 -0.853693
356 -0.897338 -0.531304
125 -0.899244 -0.529720
283 -1.096673 -0.336639
421 -1.049964 -0.392956
497 -0.869021 -0.579392
353 -0.953154 -0.491753
222 -0.719735 -0.706794
430 -0.834609 -0.603324
334 -0.408011 -1.010279
404 -0.449660 -0.972392
229 -0.892168 -0.538303
349 -0.969363 -0.483412
119 -0.363275 -1.073693
57 -0.871346 -0.583531
124 -0.925931 -0.517182
491 -0.196270 -1.265148
434 -0.632770 -0.781340
369 -1.304340 -0.188924
363 -0.172464 -1.242963
238 -0.412642 -1.038617
442 -1.331335 -0.168371
412 -0.782612 -0.650798
247 -1.136680 -0.321286
175 -0.823251 -0.615119
206 0.157544 -1.637923
219 -1.046520 -0.412902
444 -1.047213 -0.411762
55 -0.679255 -0.749616
186 -0.637693 -0.779234
494 -0.983519 -0.459844
335 -0.336276 -1.095727
454 -0.354697 -1.077527
503 -0.866078 -0.550643
399 -0.883445 -0.549802
311 -0.455927 -0.962140
339 -0.269339 -1.157611
455 -0.095719 -1.375574
297 -1.370792 -0.118871
31 -0.876032 -0.559766
423 -1.022107 -0.418704
179 -1.489541 -0.046498
207 0.030994 -1.495542
237 -0.705179 -0.732738
463 -0.452982 -0.956063
436 -0.587707 -0.832867
111 -0.581164 -0.862966
254 -1.105503 -0.332241
446 -0.941720 -0.490874
287 -0.327058 -1.101002
490 -0.539250 -0.899017
371 -0.400079 -1.015707
435 -1.162637 -0.304973
500 -1.307427 -0.166877
230 -0.937401 -0.491419
301 -0.274174 -1.167810
429 -1.197897 -0.278621
475 -0.166667 -1.289518
217 -1.126720 -0.319379
425 -0.482868 -0.956870
188 -1.236424 -0.221186
357 -0.788606 -0.639611
310 -0.528302 -0.889572
223 -0.522947 -0.900146
395 -0.507906 -0.910481
459 -1.061663 -0.398191
439 -0.524545 -0.904475
504 -1.034076 -0.417205
211 -1.047606 -0.409317
474 -0.918098 -0.510867
90 -1.042687 -0.414002
246 -0.312286 -1.119913
215 -0.394594 -1.016822
253 -1.424410 -0.090551
244 -0.869722 -0.574124
414 0.128320 -1.596404
117 -0.619761 -0.801284
190 -1.449703 -0.074341
316 -0.697443 -0.729042
471 -0.316064 -1.132024
351 -0.091900 -1.370027
187 -0.705197 -0.726651
62 -0.662921 -0.769549
492 -0.139357 -1.312160
477 -1.346455 -0.128880
343 -0.820492 -0.612544
251 -0.578212 -0.846117
263 -1.044913 -0.416122
313 -0.849317 -0.595820
413 -1.005990 -0.455655
299 -0.956866 -0.492548
367 -0.700248 -0.723777
365 -1.431472 -0.066476
484 -0.438835 -0.980927
189 -0.830670 -0.600273
358 0.013295 -1.488254
478 -0.232413 -1.214165
411 -0.657242 -0.790859
314 -0.496190 -0.904829
445 -1.259774 -0.215963
366 -0.299650 -1.134974
231 -0.892865 -0.538742
486 -1.230136 -0.233046
481 -0.819447 -0.606387
440 -0.146246 -1.320019
362 -0.540492 -0.888373
127 -0.101550 -1.357787
381 -1.390566 -0.080758
379 -0.600775 -0.815854
239 -1.073364 -0.389690
433 -0.551985 -0.865521
505 0.114728 -1.588362
282 -0.835764 -0.589532
382 -0.742783 -0.667983
123 -1.007674 -0.477201
95 -0.178951 -1.238674
295 -0.594796 -0.824040
470 -0.787816 -0.642602
373 -0.855248 -0.591007
348 -0.967880 -0.487787
509 -1.386214 -0.087005
487 -1.451952 -0.062082
472 -0.764498 -0.656285
191 -0.178395 -1.255706
380 -0.838377 -0.603060
493 -0.335043 -1.107567
507 -0.953659 -0.483933
249 -0.824268 -0.648712
383 -1.248698 -0.230752
502 -0.685343 -0.723514
499 -0.878607 -0.541578
443 -0.779989 -0.638003
501 0.060610 -1.509685
437 -0.622987 -0.801231
473 -0.736137 -0.714115
447 -0.504764 -0.909951
467 -0.725706 -0.721032
255 -0.333057 -1.099686
469 -1.116356 -0.329306
495 -0.216480 -1.242011
438 -0.568248 -0.861376
511 -1.220373 -0.268024
479 -1.351252 -0.131149
319 -0.731937 -0.717683
