512 2
64 0.139429 -0.998214
0 0.344094 -0.972836
1 0.136321 -1.004213
12 -0.076559 -1.023904
128 0.319732 -0.975607
8 -0.106052 -1.023210
2 0.298146 -0.976044
256 0.037004 -1.011383
32 0.181104 -0.997790
400 0.453747 -0.969248
34 0.126140 -1.002462
320 0.198652 -0.985064
5 0.341517 -0.975203
65 0.188124 -1.000796
6 0.360278 -0.979050
260 0.187197 -0.997029
66 0.183829 -0.999065
10 0.098856 -1.002742
264 -0.172382 -1.044663
145 0.400973 -0.964653
72 0.185645 -0.998331
17 0.134502 -0.997888
328 -0.401027 -1.069133
144 0.658006 -0.945573
4 -0.090578 -1.027686
304 0.035653 -1.017890
9 0.263320 -0.992462
192 0.315669 -0.983207
258 0.608814 -0.950913
20 0.298881 -0.976416
16 0.436039 -0.968875
132 0.113963 -1.000559
130 0.272576 -0.979690
134 0.417947 -0.967487
24 0.397642 -0.973563
384 0.073083 -1.006423
193 0.105932 -1.004259
48 0.144180 -0.997938
96 -0.035944 -1.024486
36 0.536974 -0.958453
136 0.143469 -0.997755
3 0.275250 -0.985858
40 -0.363885 -1.064627
147 0.269134 -0.995993
41 -0.129227 -1.038172
129 0.304906 -0.982304
280 -0.052950 -1.014032
290 -0.131431 -1.037797
284 0.034795 -1.016722
392 0.100958 -1.007539
196 -0.260999 -1.046822
112 -0.074718 -1.023517
336 -0.005760 -1.011866
274 0.177609 -1.001013
22 -0.065738 -1.017692
160 0.388341 -0.975753
80 0.110213 -0.990099
268 0.301593 -0.983449
70 0.250895 -0.991858
396 0.242847 -0.993255
417 -0.160708 -1.038107
68 -0.104929 -1.025348
282 0.325997 -0.987276
133 -0.203305 -1.042084
73 0.070402 -1.008332
272 0.471958 -0.971444
50 -0.174518 -1.043284
29 -0.170834 -1.037554
25 0.122306 -1.006833
164 0.413880 -0.967730
56 0.371773 -0.988134
7 -0.325687 -1.058640
82 0.439330 -0.967648
321 0.322193 -0.976456
98 0.296692 -0.992131
75 0.064861 -1.007232
81 0.313983 -0.978871
385 -0.081709 -1.033235
212 0.022360 -1.013127
386 0.156800 -0.997686
92 -0.006575 -1.019982
456 0.591457 -0.955274
85 0.071039 -1.007372
21 0.160684 -0.988419
270 0.115251 -1.006710
308 -0.121622 -1.031864
265 0.536965 -0.969504
161 -0.449035 -1.078609
152 0.428270 -0.979561
416 0.260471 -0.993080
464 0.021978 -1.016993
194 -0.190737 -1.037809
37 0.190797 -0.999532
352 -0.421457 -1.073258
394 0.373364 -0.968303
113 -0.006934 -1.020861
162 0.825629 -0.948583
266 0.003462 -1.018612
52 -0.528990 -1.089606
18 0.293754 -0.990356
267 -0.042168 -1.029623
257 0.202843 -0.988845
57 0.107672 -1.005347
14 0.093037 -1.011775
170 0.589344 -0.952646
388 0.529410 -0.961919
324 0.232619 -0.992625
261 0.224826 -0.989312
289 0.001304 -1.014273
259 -0.143554 -1.040684
218 0.489298 -0.967055
292 0.083266 -1.012914
353 0.278473 -0.988368
104 0.197334 -0.996697
13 -0.039724 -1.018715
240 0.703517 -0.948732
116 -0.316423 -1.059016
69 -0.235885 -1.043082
389 -0.286159 -1.055173
165 -0.067540 -1.021400
325 -0.251217 -1.047146
329 -0.409183 -1.077920
208 0.044176 -1.006272
262 -0.073140 -1.025476
28 0.382003 -0.981279
166 0.395771 -0.968420
77 0.076167 -1.014413
143 -0.038494 -1.023537
176 0.730550 -0.942210
354 0.119929 -1.003036
213 0.034110 -1.029983
86 0.565421 -0.957309
154 0.832435 -0.946032
33 -0.314483 -1.065604
294 -0.895299 -1.148479
100 -0.416497 -1.081782
466 -0.258186 -1.053524
344 -0.516552 -1.093247
472 -0.365142 -1.063588
356 0.222717 -0.993326
44 -0.360891 -1.072997
39 -0.517523 -1.092964
120 0.108292 -1.003017
448 0.440431 -0.967786
225 0.203420 -0.988885
49 0.601499 -0.960622
71 0.220613 -0.994114
277 0.039896 -1.019986
67 0.385079 -0.971031
53 0.190233 -0.991380
242 0.326783 -0.987568
263 -0.195627 -1.044403
172 -0.347497 -1.056248
186 0.260781 -0.990176
273 -0.020379 -1.024727
230 0.164596 -0.997100
368 0.160956 -1.004037
408 -0.164234 -1.036523
184 0.245255 -0.984203
58 0.285210 -0.980548
276 0.221985 -0.992790
288 0.072344 -1.011607
390 0.077588 -1.003833
146 0.133677 -1.002629
299 0.352678 -0.987157
74 -0.389042 -1.073863
141 -0.203077 -1.052503
210 0.024071 -1.008021
306 0.116722 -1.004894
454 0.169313 -0.990888
387 0.113612 -1.006837
97 -0.039187 -1.023512
333 0.406246 -0.957480
296 -0.026434 -1.022834
105 0.562194 -0.953049
19 -0.053232 -1.029819
180 -0.050400 -1.025692
131 0.420025 -0.978611
298 0.066449 -1.008386
102 0.218232 -0.999238
30 0.367161 -0.975621
150 0.603618 -0.949709
323 -0.028856 -1.021818
59 0.665599 -0.948362
295 -0.254733 -1.057201
297 -0.453550 -1.086355
203 0.436246 -0.946693
322 -0.006920 -1.020587
163 0.378220 -0.984934
137 -0.729258 -1.128541
46 0.256313 -0.988361
209 -0.454483 -1.083098
426 0.585968 -0.950259
11 0.272672 -0.983326
310 0.205849 -0.993801
228 0.047040 -1.009604
135 0.135631 -1.007695
402 0.265814 -0.982952
118 0.446458 -0.966633
35 0.339406 -0.982418
142 0.383210 -0.977153
23 0.210534 -0.986644
312 -0.379817 -1.081940
188 -0.175273 -1.039228
60 0.313358 -0.981749
84 -0.559396 -1.091624
327 -0.398676 -1.081204
302 0.200714 -0.996941
109 -0.436517 -1.083965
269 0.360635 -0.980092
278 1.156945 -0.925126
79 0.124357 -0.992319
229 0.268722 -0.984506
401 0.398477 -0.976895
171 0.164371 -0.996944
168 0.442556 -0.975246
391 0.532080 -0.960990
349 -0.323525 -1.064278
424 0.547321 -0.975607
436 0.186332 -0.995284
76 0.200596 -0.994393
198 0.442750 -0.973644
339 -0.457860 -1.085531
331 -0.057973 -1.023282
314 -0.307953 -1.051367
27 0.672708 -0.952840
450 -0.020477 -1.023067
226 0.047774 -1.004226
55 -0.181094 -1.042434
224 0.646684 -0.954449
337 0.079654 -1.008476
148 0.089101 -1.003455
121 0.664903 -0.947734
432 0.571321 -0.964241
90 0.163075 -1.006958
78 0.339691 -0.975146
83 0.204427 -0.998689
139 -0.161334 -1.042444
338 -0.020119 -1.018944
433 -0.183231 -1.038107
43 -0.559222 -1.099036
380 -0.443489 -1.068565
332 -0.344773 -1.062327
140 0.550878 -0.955192
286 0.131875 -0.998916
88 0.464627 -0.974473
405 0.164636 -1.000056
169 0.984259 -0.934001
281 -0.016375 -1.026467
421 0.514314 -0.955682
177 -0.059077 -1.035259
241 0.066657 -1.019374
300 0.829238 -0.952233
410 0.119534 -1.002512
358 0.693498 -0.952361
45 -0.010944 -1.007166
167 0.188241 -1.001007
108 0.256194 -0.979340
423 0.395003 -0.976477
93 -0.027011 -1.018325
369 0.598210 -0.952002
248 0.088623 -0.998628
360 -0.889572 -1.155957
326 0.378160 -0.969854
94 0.359931 -0.982626
449 -0.578146 -1.109288
422 0.580816 -0.955314
465 0.342450 -0.984207
106 0.463769 -0.965320
51 0.262848 -0.994231
149 0.104025 -1.008505
206 0.734372 -0.945687
107 -0.052159 -1.020343
138 -0.350633 -1.071954
428 -0.351788 -1.061633
101 -0.201989 -1.039488
110 0.389443 -0.979142
54 -0.258673 -1.051571
434 -0.565708 -1.100568
99 -0.184652 -1.040027
202 -0.174441 -1.042281
155 0.938424 -0.928220
232 0.496729 -0.959970
403 0.331684 -0.986250
488 0.041593 -1.010959
95 -0.865658 -1.164920
15 0.019532 -1.018386
496 -0.124961 -1.038119
220 0.013262 -1.013640
114 -0.461578 -1.090313
182 0.131300 -1.000450
355 0.078091 -1.008420
47 0.273241 -0.991772
497 0.507540 -0.969387
178 0.384580 -0.973362
480 0.471857 -0.968001
42 0.200268 -0.997956
481 -0.058948 -1.012184
179 0.304639 -0.981801
243 0.298410 -0.977073
252 0.081544 -1.006317
181 0.267815 -0.989736
350 0.068540 -1.010219
429 -0.544189 -1.094464
87 0.326330 -0.986038
279 -0.218401 -1.047030
330 -0.193681 -1.040025
482 -0.986052 -1.171202
362 0.032462 -1.019442
419 1.005603 -0.924878
309 0.019513 -1.017016
341 -0.310843 -1.059553
457 -0.653987 -1.119246
287 0.017465 -1.018328
197 0.837837 -0.937586
372 -0.220090 -1.036879
195 0.214587 -0.990872
31 0.425721 -0.968923
156 0.206757 -1.004960
200 -0.008381 -1.013041
173 0.360723 -0.985615
366 -0.514109 -1.109528
158 -0.010260 -1.024205
185 -0.351907 -1.068631
117 0.119334 -1.006891
469 -0.227689 -1.039055
398 0.368177 -0.966496
201 0.101408 -1.014465
227 0.861902 -0.950013
334 0.085305 -0.996767
508 1.363087 -0.913298
293 0.517628 -0.961069
468 0.708322 -0.957479
244 0.211378 -0.992217
418 -0.000848 -1.023664
119 -0.356573 -1.061560
305 -0.401721 -1.089321
474 -0.010407 -1.013713
452 0.087225 -1.004089
216 0.338051 -0.983838
91 1.017967 -0.937486
377 -0.747075 -1.139697
103 0.181861 -1.006312
204 -0.292605 -1.050627
291 0.016009 -1.026827
444 0.180239 -0.985569
345 0.280506 -0.983497
420 0.327408 -0.985416
123 0.726312 -0.950178
425 -0.510548 -1.081542
126 -0.871321 -1.150113
342 -0.504295 -1.086008
215 0.293803 -0.976221
63 -0.203340 -1.044137
303 0.232409 -0.983006
231 -0.260250 -1.037854
124 -0.584451 -1.111173
315 0.188243 -0.994473
38 0.699375 -0.950362
430 -0.176695 -1.041455
458 0.025729 -1.014810
502 -0.045803 -1.015582
461 0.174273 -0.998598
89 0.254913 -0.992267
235 0.347204 -0.986143
189 0.987493 -0.941062
285 0.532766 -0.951394
217 0.179753 -1.009260
211 0.042210 -1.016351
115 0.292705 -1.001954
376 0.104716 -1.001095
412 0.353116 -0.968614
499 0.141033 -1.009081
404 -0.172856 -1.027880
26 0.211270 -0.992757
275 0.113717 -1.004804
407 0.139569 -0.993726
253 -0.542063 -1.094636
406 0.122110 -1.002653
373 0.243192 -0.986803
222 0.568638 -0.955472
357 1.179509 -0.921669
409 0.378479 -0.986045
382 0.379553 -0.976492
151 0.572864 -0.959355
397 0.146641 -0.992970
62 1.140307 -0.930893
199 -0.143925 -1.027449
346 0.230405 -0.988484
301 0.365565 -0.977878
233 -0.064720 -1.037775
153 -0.600740 -1.105958
316 -0.579796 -1.100446
427 1.369907 -0.922121
361 0.272398 -0.998343
483 0.433487 -0.975099
365 -0.620729 -1.100827
250 0.535121 -0.967989
221 0.372667 -0.975076
459 -0.680266 -1.116815
347 -0.600112 -1.098957
438 0.290512 -0.973458
393 0.317733 -0.989545
478 0.520703 -0.964380
271 -0.055365 -1.020711
490 -0.368745 -1.076925
467 0.526079 -0.965316
451 -0.109589 -1.023294
437 0.307231 -0.986077
214 -0.309438 -1.068215
460 -0.206906 -1.050964
370 -0.026888 -1.018064
125 -0.204791 -1.041497
307 0.794276 -0.932726
441 -0.209325 -1.044613
445 -0.459861 -1.074302
111 0.001291 -1.004616
435 0.514253 -0.960768
476 -0.343039 -1.051549
249 -0.085096 -1.021175
491 0.579950 -0.959293
254 -0.450724 -1.081475
477 0.295447 -0.976802
61 -0.073166 -1.020917
343 1.135772 -0.928247
504 -0.265634 -1.054008
486 0.635912 -0.947460
283 0.117498 -1.011327
237 0.851184 -0.941066
157 -0.030402 -1.021328
234 -0.003385 -1.014398
487 -0.129145 -1.025888
375 -0.411083 -1.066303
379 -0.604438 -1.098850
174 0.293487 -0.989765
313 -0.015438 -1.021552
363 0.394298 -0.968375
489 1.064506 -0.931974
205 0.367467 -0.980909
335 0.026225 -1.017132
183 0.050185 -1.015233
340 -0.536361 -1.092394
503 0.613945 -0.958799
348 0.315216 -0.977141
395 -0.099400 -1.030653
239 0.862689 -0.934438
238 0.483933 -0.976276
374 0.649568 -0.959427
439 0.610904 -0.953268
462 0.610790 -0.955218
414 0.018843 -1.015389
475 0.744776 -0.955783
175 0.055500 -1.017281
364 -0.047922 -1.029171
484 0.327134 -0.987097
319 0.940998 -0.944830
219 0.640963 -0.966822
246 -0.467630 -1.087296
245 -0.134406 -1.040501
187 -0.103118 -1.031493
473 -0.289459 -1.057135
470 0.255258 -0.985748
443 -0.714178 -1.121510
455 0.181600 -1.007111
453 0.379394 -0.972019
411 0.348957 -0.972316
498 -0.044568 -1.030593
415 0.490274 -0.964610
507 -0.516511 -1.079380
442 0.399943 -0.960771
399 -0.208497 -1.045394
505 -0.367193 -1.069786
359 0.348722 -0.974331
446 0.268691 -0.980866
317 0.276166 -0.992720
510 -0.093234 -1.029339
492 -0.697951 -1.121771
351 0.003801 -1.015090
493 -1.162559 -1.209585
223 0.572543 -0.954023
159 -0.038546 -1.014342
381 -0.543631 -1.125739
431 0.008166 -0.999442
413 -0.598823 -1.108079
190 0.451474 -0.979054
378 0.342374 -0.979899
122 -0.222658 -1.050323
251 -0.286655 -1.055438
440 -0.555738 -1.093546
367 0.102045 -1.009109
500 -0.578036 -1.092036
501 -0.184591 -1.031979
485 0.010438 -1.025400
311 0.230839 -0.999066
236 0.693856 -0.951316
371 -0.203142 -1.064616
447 0.719109 -0.947658
463 0.550690 -0.961466
247 -0.496989 -1.085999
127 0.181375 -1.001820
318 0.587833 -0.970635
191 -0.584358 -1.094336
255 0.709048 -0.952086
509 -0.046440 -1.033365
207 0.429804 -0.980849
383 -0.716945 -1.112890
495 -1.020596 -1.196238
471 0.666156 -0.942477
494 0.843451 -0.954994
479 0.123965 -1.000318
511 -0.248724 -1.030000
506 1.720196 -0.942028
