512 2
0 -0.572176 -0.831432
2 -0.660379 -0.755516
4 -0.673182 -0.752495
20 -0.722727 -0.704462
8 -0.816793 -0.630987
32 -0.516413 -0.879548
16 -0.604893 -0.812059
65 -0.387633 -0.980142
256 -0.468643 -0.926809
12 -0.379932 -0.976999
18 -0.851244 -0.611402
128 -0.912629 -0.559791
68 -0.617183 -0.802742
80 -0.670496 -0.748130
320 -0.496337 -0.890474
36 -0.495771 -0.889225
192 -0.814344 -0.650337
64 -0.313052 -1.056084
272 -0.913330 -0.569789
5 -0.440253 -0.942745
17 -0.609855 -0.787021
34 -0.937020 -0.541794
262 -0.607370 -0.812049
304 -0.587099 -0.821870
257 -0.663705 -0.765374
72 -0.501932 -0.879195
324 -0.422109 -0.950289
288 -0.492502 -0.902100
10 -0.517450 -0.884009
132 -0.846648 -0.614829
37 -0.749476 -0.684655
129 -0.870915 -0.603047
264 -0.768499 -0.681634
1 -0.944615 -0.536758
386 -0.537663 -0.855303
24 -0.665252 -0.753502
145 -0.822002 -0.643030
136 -0.895325 -0.583215
21 -0.605162 -0.802318
50 -0.581274 -0.828323
33 -0.521299 -0.870233
194 -0.644117 -0.772344
76 -0.693083 -0.729727
432 -0.685685 -0.725858
140 -0.814197 -0.641676
44 -0.339935 -1.026203
48 -0.803311 -0.647962
290 -0.979806 -0.522284
265 -0.699896 -0.729327
40 -0.523274 -0.861326
274 -0.866699 -0.599972
292 -0.543194 -0.850462
148 -0.410376 -0.960404
70 -0.688462 -0.745205
258 -0.668587 -0.754984
176 -0.522934 -0.870032
384 -0.605908 -0.808860
388 -0.483762 -0.903835
66 -0.270001 -1.081823
208 -0.943815 -0.547572
38 -0.585490 -0.816852
138 -0.775311 -0.679251
416 -0.735077 -0.704174
96 -0.422260 -0.965569
296 -0.837837 -0.621877
202 -0.646020 -0.779832
168 -0.278117 -1.076077
6 -0.489199 -0.907230
42 -1.138196 -0.403138
144 -0.510967 -0.874498
74 -0.856064 -0.633767
417 -0.554208 -0.848212
448 -0.485882 -0.906011
193 -0.619287 -0.798809
162 -0.574944 -0.836236
282 -0.700724 -0.729952
3 -0.957940 -0.541473
139 -0.416546 -0.965957
98 -0.323902 -1.034769
200 -0.797392 -0.657030
273 -0.968196 -0.525121
141 -0.630452 -0.792042
440 -0.965483 -0.523470
100 -0.519715 -0.869825
224 -0.317913 -1.053877
289 -0.993818 -0.510070
130 -0.488968 -0.909067
149 -0.526177 -0.869670
360 -0.664906 -0.764261
22 -1.020080 -0.491415
389 -0.328522 -1.044728
88 -0.483378 -0.908693
19 -0.484438 -0.910005
81 -0.343081 -1.020181
454 -0.530818 -0.868583
260 -0.448788 -0.935012
92 -0.210672 -1.138258
160 -0.653474 -0.756273
182 -0.418914 -0.953425
259 -0.947899 -0.537328
201 -0.688234 -0.744444
404 -0.502684 -0.897727
263 -0.566414 -0.828545
99 -0.401161 -0.962461
28 -0.828908 -0.630061
268 -0.282847 -1.080873
25 -0.399240 -0.958242
400 -0.842645 -0.629224
7 -0.449854 -0.937379
266 -0.718058 -0.717007
328 -0.914113 -0.562372
112 -0.408653 -0.963696
49 -0.757648 -0.688255
197 -0.700063 -0.731349
184 -0.821497 -0.631277
51 -0.501186 -0.886667
13 -1.015287 -0.496660
35 -0.752227 -0.681528
14 -0.764471 -0.671600
392 -1.165437 -0.392206
276 -0.897485 -0.581476
116 -0.505441 -0.886121
101 -0.375033 -0.991506
385 -0.642703 -0.773270
327 -0.811381 -0.641906
69 -0.818601 -0.632840
9 -1.012883 -0.492199
56 -0.790063 -0.660554
305 -0.762231 -0.690333
106 -0.844306 -0.618614
275 -1.004619 -0.504613
291 -0.843145 -0.613971
156 -0.781974 -0.671374
82 -0.513784 -0.874304
261 -1.269936 -0.318148
83 -1.031103 -0.474973
84 -0.463194 -0.917948
322 -0.493491 -0.894868
228 -0.981567 -0.512327
152 -0.770800 -0.672111
97 -0.433910 -0.941976
232 -0.301257 -1.052931
280 -1.031348 -0.484906
352 -0.363644 -1.018605
73 -0.441497 -0.939973
393 -0.572621 -0.837041
344 -0.443542 -0.932965
294 -0.913185 -0.561700
167 -0.546093 -0.848608
307 -0.837858 -0.621140
339 -0.485906 -0.896303
387 -1.044105 -0.465925
354 -0.737622 -0.704549
71 -0.404742 -0.962258
153 -0.546584 -0.856416
23 -0.511250 -0.878793
204 -0.903265 -0.572580
117 -0.534479 -0.869048
326 -0.522479 -0.870247
370 -0.665314 -0.756615
234 -0.157952 -1.177318
297 -0.448580 -0.940282
241 -0.708509 -0.725237
353 -0.348690 -1.010737
418 -0.867980 -0.598002
26 -0.249525 -1.098719
198 0.030200 -1.348864
314 -0.947388 -0.549998
57 -1.013833 -0.490813
220 0.145351 -1.459602
78 -0.989911 -0.504346
151 -0.437497 -0.945536
236 -0.608426 -0.793059
146 -1.268453 -0.315552
161 -0.729722 -0.715479
121 -0.202751 -1.123034
164 -0.796306 -0.660487
52 -0.363868 -1.002345
158 -0.520068 -0.871443
104 -1.038765 -0.487132
279 -0.226601 -1.102010
62 -0.351789 -1.015388
225 -0.640800 -0.758296
452 -0.709035 -0.721952
281 -0.897617 -0.578494
43 -0.987869 -0.509752
306 -0.211039 -1.123442
394 -0.851371 -0.624958
293 -0.348452 -1.017167
424 -0.704402 -0.734856
336 -0.487792 -0.894740
338 -0.371311 -1.004023
310 -0.350589 -1.006500
270 -0.701877 -0.730679
15 -0.620528 -0.808977
468 -0.211878 -1.120503
436 -0.516376 -0.874885
170 -0.950318 -0.545944
229 -0.613128 -0.801305
481 -0.879863 -0.592654
267 -0.450011 -0.935711
54 -0.663203 -0.761433
46 -0.778302 -0.669919
77 -0.947790 -0.530718
169 -0.785390 -0.672814
199 -0.642182 -0.774264
90 -0.739838 -0.699729
11 -0.561288 -0.831410
93 0.170606 -1.472203
30 -0.935127 -0.537245
408 -1.092316 -0.436333
85 -0.273891 -1.090544
308 -0.462083 -0.929396
340 -0.867846 -0.597541
166 -0.754322 -0.685364
41 -0.594622 -0.798416
309 -0.724627 -0.719697
298 -0.933194 -0.555228
403 -0.306862 -1.051886
178 -0.533152 -0.856977
120 -0.522698 -0.881553
27 -0.967225 -0.530339
216 -0.864736 -0.601242
137 -0.880399 -0.591914
142 -0.351562 -1.016477
450 -0.791989 -0.657457
434 -0.600917 -0.805276
346 -0.564292 -0.839585
179 -1.138409 -0.412205
214 -0.702187 -0.726763
113 -0.554374 -0.849087
457 -0.624449 -0.793537
449 -0.311962 -1.046303
155 -0.723050 -0.719637
332 -0.793033 -0.652397
195 -0.278539 -1.065871
211 -0.379514 -0.995787
458 -1.279220 -0.306855
108 -1.071387 -0.465990
286 -0.826658 -0.632233
131 -0.866953 -0.608371
89 -1.033964 -0.479106
67 -0.776134 -0.686403
196 -0.805314 -0.646646
330 -0.690917 -0.753069
133 -0.503350 -0.881675
134 -0.371776 -0.991649
442 -1.436411 -0.214302
180 -0.093338 -1.223667
39 -0.622434 -0.792690
107 -0.369028 -0.998616
334 -0.514110 -0.883754
102 -0.564196 -0.836163
165 -0.402680 -0.968643
206 -0.298544 -1.051635
323 -0.322504 -1.037813
312 -0.383741 -0.979631
325 -0.946339 -0.542837
147 -0.779325 -0.671181
421 -0.356444 -1.012616
105 -0.562006 -0.846630
464 -0.851440 -0.619929
489 -1.045693 -0.461378
172 -0.521221 -0.883469
426 -0.088086 -1.225654
284 -0.870087 -0.597237
406 -0.179388 -1.158808
427 -0.296003 -1.064404
362 -0.325734 -1.020134
349 -0.877611 -0.607349
226 -0.634501 -0.788207
420 -0.345686 -1.017138
425 -0.760183 -0.692573
341 -0.704994 -0.735353
484 -0.348680 -1.011807
61 -0.375345 -0.994393
482 -0.662566 -0.766472
175 -0.982113 -0.506946
269 -0.676166 -0.750548
53 -0.985998 -0.523972
396 -0.905925 -0.590369
163 -0.299283 -1.070632
391 -0.568700 -0.847676
248 -0.967330 -0.529557
472 -0.662592 -0.763925
356 -0.306519 -1.057626
177 -0.317293 -1.046029
174 -0.537632 -0.861128
150 -1.034246 -0.492849
439 -0.634218 -0.786113
466 -0.512313 -0.869733
45 -0.462400 -0.925061
414 -0.400299 -0.970483
212 -0.749075 -0.694940
373 -0.325678 -1.028431
240 -0.436639 -0.941709
244 0.261505 -1.584933
361 -0.390195 -0.989305
171 -1.299818 -0.297011
359 -0.980831 -0.528568
410 -0.499184 -0.885154
233 -0.619964 -0.804977
365 -0.305226 -1.047258
55 -0.510047 -0.881000
337 -0.353036 -1.009665
321 -0.374274 -0.995923
390 -0.576910 -0.833939
283 -0.148427 -1.184295
209 -0.019702 -1.304800
350 -0.868993 -0.608453
329 -0.520967 -0.884641
109 -0.251273 -1.094321
433 -0.646180 -0.772973
401 -0.394159 -0.974864
462 -0.372001 -0.987060
342 -0.925336 -0.557609
95 -1.065012 -0.459939
315 -0.967454 -0.522711
358 -0.650712 -0.762192
87 -0.958204 -0.537901
483 -0.779542 -0.664000
245 -0.096635 -1.241498
422 -1.517355 -0.159590
135 -0.433178 -0.952566
124 -0.468892 -0.915618
397 -0.891566 -0.594242
465 -0.807188 -0.655052
227 -0.574006 -0.822957
487 -0.863584 -0.608593
277 -0.819051 -0.641659
103 -0.130487 -1.201020
243 -0.393548 -0.975044
59 -0.751197 -0.691874
335 -0.904455 -0.562845
368 -0.213395 -1.134260
343 -1.092840 -0.425944
190 -0.834677 -0.625661
110 -0.356448 -1.016499
31 -0.717671 -0.715026
500 -0.357291 -1.018232
405 -0.519213 -0.864768
313 -0.642093 -0.795780
300 -0.914501 -0.581029
203 -0.748147 -0.695875
357 -0.758878 -0.689869
376 -0.501274 -0.896103
399 -0.152515 -1.177583
371 -0.504797 -0.887650
369 -0.668546 -0.743895
278 -0.737382 -0.705512
114 -0.267952 -1.086817
205 -0.710834 -0.729860
213 -0.533747 -0.858974
118 -0.024656 -1.313156
363 -0.391432 -1.001512
395 -0.143820 -1.205562
217 -0.267273 -1.089911
402 -0.923232 -0.563885
86 -0.679913 -0.747147
412 -0.968848 -0.523670
60 -1.005251 -0.509142
242 -0.334816 -1.021478
486 -0.974614 -0.527975
188 -0.408495 -0.965548
372 -0.078284 -1.243345
191 -1.083143 -0.439471
381 -0.589696 -0.827879
496 0.193905 -1.491742
355 -1.124788 -0.403955
491 -1.779190 0.008702
499 -0.664816 -0.753986
235 -0.496867 -0.893688
413 -1.092506 -0.441759
58 -1.354802 -0.255089
498 0.420006 -1.732381
441 -0.666493 -0.759163
249 -0.778396 -0.670951
455 -0.663117 -0.762206
157 -1.047266 -0.473383
473 -0.641180 -0.786302
467 -0.923165 -0.560138
366 -0.908866 -0.568030
47 -0.819339 -0.650753
239 -0.271813 -1.073519
364 -0.697691 -0.735826
398 0.022075 -1.333381
331 -0.847332 -0.622464
29 -1.269626 -0.320579
456 -0.077523 -1.260163
367 -0.304788 -1.057597
271 -0.943417 -0.534743
250 -1.184138 -0.374154
230 -0.810374 -0.643834
173 -0.670379 -0.759501
186 -0.663748 -0.741540
210 -0.972118 -0.530049
504 -0.131065 -1.197399
111 -0.434288 -0.953670
318 -0.830414 -0.625035
493 -0.594071 -0.812193
187 -1.039759 -0.476389
254 -0.352234 -1.018595
494 -0.983850 -0.505922
75 -0.537553 -0.869957
285 -0.239750 -1.118700
215 -0.135521 -1.198941
159 -0.216878 -1.127301
431 -0.522056 -0.873160
437 0.087133 -1.400631
154 -0.447891 -0.954988
333 -1.027472 -0.486819
91 -0.800262 -0.645996
181 -0.415872 -0.972698
231 -0.432945 -0.941858
474 -0.688740 -0.751525
238 -0.426874 -0.945413
299 -1.166648 -0.386451
419 -1.142323 -0.410046
303 -0.380825 -0.990669
123 -0.606105 -0.823302
126 -0.300437 -1.076192
492 -0.829484 -0.635964
503 -0.761987 -0.689156
122 -1.326306 -0.264000
459 -0.424120 -0.968828
348 -0.918240 -0.569175
237 -0.657520 -0.765019
143 -0.294013 -1.056143
479 -0.736557 -0.701442
471 -0.251291 -1.095465
317 -1.013442 -0.487532
444 -0.421617 -0.942575
430 -0.977434 -0.524669
480 -0.350674 -1.022232
63 -0.287405 -1.057936
382 -1.104218 -0.431154
508 -1.053522 -0.471080
301 -0.609760 -0.797681
223 -0.734496 -0.708199
495 0.248542 -1.573746
445 -0.821666 -0.654006
377 -0.893505 -0.591547
507 -0.716949 -0.717360
125 -0.028472 -1.297376
506 -0.790177 -0.661153
219 -0.108836 -1.218325
407 -1.136802 -0.405465
127 -1.329692 -0.254975
409 -0.754220 -0.684686
311 -0.839505 -0.622019
345 -0.375544 -1.001130
253 -1.022977 -0.478631
477 -0.858128 -0.594368
428 -0.593323 -0.819427
463 -0.733828 -0.704454
475 -0.526632 -0.871564
451 -0.440014 -0.940646
490 -0.227630 -1.108846
460 0.119912 -1.449121
221 -0.538974 -0.877451
319 -0.175424 -1.170177
511 0.375258 -1.685068
316 -0.934507 -0.546180
461 -0.335250 -1.032654
438 -1.168609 -0.361571
505 -0.529956 -0.857963
469 -0.927985 -0.548579
119 -1.123307 -0.430239
347 -1.453754 -0.175362
94 -1.175688 -0.392621
287 -0.513823 -0.883861
79 -0.347805 -1.019191
251 -1.360607 -0.258803
411 -0.120293 -1.206462
222 -0.676106 -0.762415
429 -1.040408 -0.489503
115 -0.926259 -0.565971
485 0.195695 -1.514195
497 -0.080119 -1.245827
252 -0.733695 -0.715311
375 -1.287024 -0.298557
478 0.065807 -1.380706
246 -0.958071 -0.533972
435 -1.392700 -0.241670
470 -0.648728 -0.773955
453 -0.703053 -0.717689
207 -1.400741 -0.242793
255 -0.108264 -1.215326
183 -0.739585 -0.712985
302 -0.966710 -0.526332
488 -0.610826 -0.806200
247 -0.346185 -1.025745
383 -1.309768 -0.319392
415 0.126698 -1.420225
423 -0.428304 -0.946667
378 -1.519389 -0.148827
446 0.242932 -1.516608
509 -0.459014 -0.944051
380 -0.756626 -0.698764
501 -0.726690 -0.715120
218 -0.400036 -0.976087
443 -1.223871 -0.340388
374 -0.841853 -0.628705
295 0.572134 -1.921363
351 -1.048090 -0.465589
379 -0.780573 -0.697387
510 0.015524 -1.341418
189 0.135517 -1.406506
476 -1.010559 -0.474040
185 -0.695819 -0.723399
502 0.018523 -1.370503
447 -0.548618 -0.868019
