512 2
383 -0.763640 -0.676325
511 -0.558373 -0.838867
503 -0.617278 -0.787550
255 -0.610947 -0.798319
479 -0.357450 -1.003635
510 -0.775325 -0.661881
507 -0.544126 -0.844440
127 -0.720434 -0.717689
254 -0.631019 -0.786748
447 -0.257523 -1.076409
239 -0.636480 -0.774217
509 -0.541725 -0.856360
375 -0.544958 -0.850631
508 -0.646099 -0.766390
463 -0.801414 -0.636126
351 -0.711784 -0.711799
367 -0.399506 -0.967759
493 -0.688482 -0.737067
319 -0.358985 -0.990803
247 -0.584534 -0.816098
494 -0.620996 -0.782532
478 -0.633982 -0.777706
382 -0.647992 -0.759933
470 -0.642216 -0.774824
501 -0.729273 -0.697805
251 -0.674086 -0.741477
495 -0.569850 -0.825670
505 -0.363751 -0.994364
502 -0.579565 -0.818243
253 -0.928273 -0.549263
475 -0.968441 -0.517842
471 -0.571489 -0.824006
446 -0.698069 -0.733975
381 -0.611096 -0.795937
347 -0.569201 -0.838944
415 -0.583821 -0.816400
335 -0.663085 -0.753003
189 -0.886829 -0.585415
430 -0.830472 -0.630232
379 -0.789389 -0.654931
491 -0.334617 -1.023529
191 -0.830297 -0.630734
175 -0.681486 -0.740653
187 -0.525463 -0.865169
414 -0.619357 -0.794084
487 -0.633493 -0.775742
235 -0.864115 -0.595825
407 -0.448801 -0.930618
245 -0.613268 -0.792352
443 -0.741135 -0.695579
444 -0.873433 -0.585656
439 -0.712247 -0.706479
459 -0.740089 -0.695351
492 -0.634458 -0.781231
126 -0.560331 -0.831343
429 -0.563803 -0.833178
343 -0.574839 -0.826140
357 -0.698087 -0.732856
183 -0.692450 -0.732307
61 -0.569107 -0.827229
350 -0.833125 -0.620042
499 -0.511198 -0.879709
483 -0.640515 -0.779827
435 -0.461786 -0.921967
445 -0.761082 -0.673115
377 -0.657719 -0.757219
371 -0.575129 -0.823990
500 -0.874385 -0.593312
119 -0.493573 -0.899244
111 -0.578333 -0.822409
477 -0.690741 -0.732443
380 -0.651670 -0.768702
311 -0.583532 -0.824286
363 -0.255273 -1.081989
349 -0.896340 -0.568330
411 -0.770982 -0.661328
506 -0.777696 -0.668393
373 -0.685123 -0.733516
315 -0.279886 -1.070603
476 -0.829571 -0.631007
467 -1.063750 -0.450296
461 -0.839390 -0.621772
63 -0.711650 -0.720989
486 -0.339699 -1.010176
159 -0.722094 -0.710618
223 -0.420258 -0.954967
365 -0.744450 -0.695271
469 -0.492667 -0.878751
465 -0.831035 -0.614181
485 -0.849402 -0.610659
190 -0.620211 -0.787757
374 -0.674077 -0.739311
237 -0.429078 -0.941345
462 -0.572366 -0.823617
423 -0.492979 -0.884087
399 -0.433882 -0.931673
243 -0.623104 -0.783825
95 -0.685623 -0.741801
249 -0.418094 -0.961020
333 -0.580469 -0.817585
431 -0.673326 -0.747085
181 -0.766574 -0.670166
215 -0.602981 -0.804102
318 -0.768964 -0.676033
238 -0.790265 -0.653812
421 -0.493873 -0.891582
472 -0.700368 -0.731077
438 -0.651876 -0.765123
221 -0.735645 -0.703367
230 -0.389177 -0.974480
205 -1.042155 -0.459943
497 -0.656842 -0.760418
458 -0.438243 -0.933350
473 -0.637382 -0.783580
222 -0.386276 -0.980140
489 -0.366516 -1.008588
427 -0.410672 -0.957849
355 -0.887620 -0.570592
317 -0.883481 -0.579782
219 -0.597372 -0.806895
455 -0.337189 -1.021669
252 -0.782237 -0.664829
207 -0.525696 -0.870031
171 -0.575211 -0.829286
359 -0.844175 -0.614779
474 -0.654553 -0.766345
482 -0.527252 -0.870760
334 -0.364854 -1.013745
412 -0.906670 -0.566700
122 -0.596921 -0.812909
206 -0.634708 -0.777828
332 -0.594887 -0.810681
316 -0.817611 -0.638204
94 -0.590801 -0.810118
457 -0.747346 -0.686727
301 -0.719331 -0.706942
481 -0.545202 -0.847463
496 -0.411191 -0.961415
231 -0.572515 -0.822808
498 -0.495248 -0.894496
490 -0.865487 -0.589276
397 -0.510852 -0.879628
125 -0.763766 -0.674555
441 -0.930059 -0.540591
62 -0.772992 -0.677774
250 -0.914039 -0.553895
419 -0.516959 -0.878952
91 -0.896386 -0.567125
484 -0.634470 -0.778694
437 -0.548719 -0.851592
403 -0.568433 -0.825883
331 -0.567368 -0.824244
378 -0.369641 -0.996501
433 -0.918108 -0.565310
286 0.040650 -1.334324
303 -0.469053 -0.917229
405 -0.595486 -0.815603
87 -0.515202 -0.878888
143 -0.137382 -1.174721
410 -0.468236 -0.906653
504 -0.285408 -1.060061
47 -0.823731 -0.621105
434 -0.726600 -0.701749
246 -1.056006 -0.452454
454 -0.729005 -0.720442
182 -0.617758 -0.793224
283 -0.617435 -0.793121
413 -0.758512 -0.683857
185 -0.893760 -0.574359
217 -0.944035 -0.529291
188 -0.446596 -0.932378
295 -0.927851 -0.551111
234 -0.674500 -0.747874
366 -0.416057 -0.960005
302 -0.623795 -0.776459
314 -0.791004 -0.659375
173 -0.539553 -0.852871
358 -0.669413 -0.752669
155 -0.758369 -0.682350
79 -0.359784 -1.000107
436 -0.568065 -0.840654
287 -0.710406 -0.716437
488 -0.493137 -0.889200
117 -0.421978 -0.943526
227 -0.541710 -0.853218
342 -0.623543 -0.779482
299 -0.795890 -0.651520
298 -0.654008 -0.750199
233 -0.680793 -0.750010
214 -0.666968 -0.758729
198 -0.722589 -0.704942
236 -0.526878 -0.858078
341 -0.310918 -1.039865
404 -0.947641 -0.528375
123 -0.781856 -0.654191
307 -0.570684 -0.836665
426 -0.923249 -0.550916
442 -0.445040 -0.924028
344 -1.062594 -0.443763
346 -0.707804 -0.719880
211 -0.233438 -1.098026
370 -0.182025 -1.148096
460 -0.906093 -0.566642
362 -0.286343 -1.060658
406 -0.653686 -0.748829
93 -0.643622 -0.774691
157 -0.751436 -0.684730
23 -0.719119 -0.710698
240 -0.680018 -0.749793
391 -0.644421 -0.769059
105 -0.617761 -0.789705
285 -0.502299 -0.892826
323 -0.467822 -0.914314
263 -0.556816 -0.841157
186 -0.758324 -0.689060
428 -0.663077 -0.748731
103 -0.507524 -0.880386
179 -0.607857 -0.795473
313 -0.468442 -0.903621
361 -0.540865 -0.853524
107 -0.411572 -0.944529
220 -0.556113 -0.841257
308 -0.843336 -0.615169
453 -1.021229 -0.478646
31 -0.490952 -0.895536
345 -0.832185 -0.618269
43 -0.747565 -0.694407
163 -0.467672 -0.913627
229 -0.705022 -0.719578
151 -0.806055 -0.650854
199 -0.734375 -0.694424
139 -0.486611 -0.906640
376 -0.890252 -0.579323
71 -0.681243 -0.745916
395 -0.421472 -0.951862
398 -0.267495 -1.075414
248 -0.550077 -0.852838
269 -0.455899 -0.928572
45 -0.867116 -0.599085
149 -0.775319 -0.671400
195 -0.882092 -0.580180
180 -0.606716 -0.798627
293 -0.529703 -0.866470
327 -1.252338 -0.300269
213 -0.686290 -0.741408
218 -0.813224 -0.630942
113 -0.611403 -0.805898
242 -0.191848 -1.141370
39 -0.819270 -0.635437
165 -0.654915 -0.765517
267 -0.869085 -0.600728
418 -0.350810 -1.008548
141 -0.540228 -0.856524
55 -0.399077 -0.969508
156 -0.300013 -1.053229
118 -0.514054 -0.883228
282 -0.598832 -0.807649
59 -0.851034 -0.611527
109 -0.576169 -0.816827
279 -0.835086 -0.619963
309 -0.555137 -0.852774
124 -0.551796 -0.849647
464 -0.624688 -0.787934
147 -0.436293 -0.938390
35 -0.876695 -0.586745
108 -0.729031 -0.699923
172 -1.020866 -0.472873
114 -0.555236 -0.846454
120 -0.399606 -0.965581
226 -0.698877 -0.720847
83 -0.548480 -0.846578
305 -0.630357 -0.783851
451 -0.828635 -0.621958
228 -0.730467 -0.685738
340 -0.520615 -0.872365
135 -0.352862 -1.008611
364 -0.355491 -0.994017
300 -0.513581 -0.882816
275 -0.439997 -0.946744
330 -1.216571 -0.328191
422 -1.085172 -0.427875
291 -0.636662 -0.778734
158 -0.683873 -0.741087
339 -0.407933 -0.947819
297 -0.636025 -0.767034
137 -0.626329 -0.794896
154 -0.556575 -0.838096
56 -1.103379 -0.405883
449 -0.778221 -0.654674
30 -0.564088 -0.828768
401 -0.286824 -1.073068
15 -0.937506 -0.538836
106 -0.477023 -0.911399
409 -0.495376 -0.892381
450 -0.557352 -0.854583
387 -0.450309 -0.924158
432 -0.776806 -0.669135
167 -0.551393 -0.837850
369 -0.777798 -0.667748
92 -0.557383 -0.842367
452 -0.814549 -0.629638
278 -0.665348 -0.758272
162 -0.733982 -0.693644
368 -0.740724 -0.699215
393 -0.485646 -0.898441
197 -0.563994 -0.832682
440 -0.382198 -0.979310
390 -0.416822 -0.947700
184 -0.989641 -0.497467
322 -0.807496 -0.650067
90 -0.709570 -0.717737
54 -0.505251 -0.885748
348 -0.085570 -1.233877
244 -0.699036 -0.730361
44 -0.595643 -0.814912
174 -0.772280 -0.663719
142 -0.757216 -0.686881
328 -0.536450 -0.859056
153 -0.932554 -0.542177
294 -0.591233 -0.816279
116 -0.868664 -0.593611
241 -0.658749 -0.749453
78 -0.521778 -0.875043
115 -1.093598 -0.422472
166 -0.642935 -0.783955
225 -0.360780 -0.998557
178 -0.598048 -0.817526
425 -0.783222 -0.666103
77 -0.344212 -1.011798
57 -0.423827 -0.941265
29 -0.183914 -1.141003
466 -0.475480 -0.915171
99 -0.534761 -0.855474
150 -0.649039 -0.777657
152 -0.384536 -0.982577
209 -0.534664 -0.853875
337 -0.527908 -0.872455
329 -0.675431 -0.742804
389 -0.705989 -0.721694
296 -0.869717 -0.591816
7 -0.757233 -0.689823
51 -1.169412 -0.357171
456 -0.867744 -0.593003
169 -0.511618 -0.876900
170 -0.582824 -0.827740
312 -0.293532 -1.054584
310 -0.491045 -0.904008
372 -0.684494 -0.743658
46 -0.799525 -0.650809
325 -0.592823 -0.812760
75 -0.495076 -0.905598
110 -0.069282 -1.245624
121 -0.596370 -0.823851
338 -0.591350 -0.813956
277 -1.074299 -0.438536
18 -0.336774 -1.018216
177 -0.609603 -0.807233
145 -0.589040 -0.815368
394 -0.575312 -0.827806
73 -0.341528 -1.029481
284 -0.542083 -0.848414
210 -0.521970 -0.869539
270 -0.472066 -0.922326
292 -0.583072 -0.817767
274 -0.610285 -0.789003
27 -0.562068 -0.843202
203 -0.841201 -0.607473
86 -0.828827 -0.624044
321 -0.680936 -0.740976
212 -0.874925 -0.583497
130 -1.003611 -0.490639
72 -0.687655 -0.739768
216 -0.516918 -0.874724
14 -0.739080 -0.704636
354 -0.693213 -0.732690
38 -0.352853 -1.003320
85 -0.190687 -1.132872
360 -0.492893 -0.894667
50 -0.414243 -0.958628
140 -0.778761 -0.672183
356 -0.557500 -0.843190
202 -0.713815 -0.716910
385 -0.903884 -0.580667
272 -0.869945 -0.590694
326 -0.673302 -0.743593
306 -0.780523 -0.659603
468 -0.518732 -0.862317
352 -0.286514 -1.053710
84 -0.861925 -0.591548
138 -0.419223 -0.948156
52 -0.901366 -0.570929
336 -0.618871 -0.786423
417 -0.486101 -0.897234
70 -0.037693 -1.283245
69 -0.712512 -0.712873
82 -0.239657 -1.100755
353 -0.851202 -0.601688
194 -0.532104 -0.863942
58 -0.449852 -0.936862
88 -0.499612 -0.898592
290 -0.984456 -0.492914
232 -0.222621 -1.107747
3 -0.770575 -0.680145
104 -0.410241 -0.970083
280 -0.489160 -0.893079
480 -0.542404 -0.844949
402 -0.923459 -0.553656
265 -0.827533 -0.634112
133 -0.572382 -0.823218
74 -0.676087 -0.747915
60 -0.957843 -0.525699
49 -0.732531 -0.703366
268 -0.667574 -0.747045
208 -0.622669 -0.783711
41 -0.276042 -1.068362
22 -0.701267 -0.732636
11 -0.965941 -0.526085
161 -0.098783 -1.223312
281 -0.842232 -0.608755
276 -0.458581 -0.923862
53 -0.606397 -0.802383
134 -0.613380 -0.800100
201 -0.729087 -0.703238
204 -0.691530 -0.740092
400 -0.583743 -0.812942
4 -0.541967 -0.863627
42 -0.905908 -0.563237
420 -0.495610 -0.885538
271 -0.461374 -0.915949
102 -0.626169 -0.785933
68 -0.765886 -0.677900
424 -0.240356 -1.088174
21 -0.666473 -0.750372
67 -0.601013 -0.806223
196 -0.937483 -0.537375
388 -1.058989 -0.445105
25 -0.471129 -0.910803
97 -0.694327 -0.723486
259 -0.519691 -0.876821
112 -0.503786 -0.872119
101 -0.486644 -0.879443
164 -0.483707 -0.889838
416 -0.716710 -0.718965
76 -0.593382 -0.814387
89 -0.608700 -0.802439
264 -0.446074 -0.926591
193 -0.808981 -0.651013
1 -0.722427 -0.714730
448 -0.581743 -0.833595
289 -0.835595 -0.616746
324 -0.475673 -0.913990
168 -0.463278 -0.923249
100 -0.619614 -0.798480
37 -0.666716 -0.760844
13 -0.724229 -0.717752
384 -0.202209 -1.147527
17 -0.549269 -0.849990
26 -0.383228 -0.973782
146 -0.585257 -0.824349
131 -0.543396 -0.840484
260 -0.568373 -0.837293
257 -0.393406 -0.970465
65 -0.852233 -0.616467
304 -0.729773 -0.705143
81 -0.621155 -0.787526
19 -0.145160 -1.168385
320 -0.797694 -0.653585
408 -0.471259 -0.911701
266 -0.464661 -0.905701
24 -0.383907 -0.976572
6 -0.880893 -0.594476
36 -0.599954 -0.802076
396 -0.589234 -0.813128
273 -0.619965 -0.796198
261 -1.194937 -0.342641
148 -0.670327 -0.754525
0 -0.377543 -1.003445
8 -0.342322 -1.021979
66 -0.715578 -0.721698
262 -0.719901 -0.710564
28 -0.859545 -0.599096
34 -0.984077 -0.514364
64 -0.538032 -0.856801
256 -0.762526 -0.686043
144 -0.756214 -0.675348
20 -0.225378 -1.122858
176 0.051125 -1.344650
9 -0.908254 -0.564696
288 -0.335237 -1.036460
132 -0.994449 -0.492749
386 -0.616226 -0.802192
98 -0.670479 -0.749088
160 -0.546535 -0.848359
200 -0.505194 -0.875524
16 -0.577116 -0.828918
12 -0.521712 -0.860310
258 -0.657685 -0.771670
5 -0.335989 -1.029467
224 -0.590211 -0.809104
48 -0.731204 -0.704824
40 -1.003869 -0.502840
2 -0.602459 -0.802292
32 -0.874854 -0.587929
129 -0.767000 -0.674248
33 -0.723299 -0.719767
192 -0.718635 -0.730321
128 -0.464183 -0.913532
136 -0.550753 -0.853644
10 -0.554001 -0.855351
80 -0.245250 -1.086545
392 -0.735190 -0.710874
96 -0.474726 -0.918269
