500 4
0.000000000000000000e+00 1.000000000000000000e+00 9.992001274367056096e-01 0.000000000000000000e+00 3.998881506637647770e-02
1.000000000000000000e+00 1.000000000000000000e+00 9.992001274367012797e-01 0.000000000000000000e+00 3.998881506637917693e-02
2.000000000000000000e+00 1.000000000000000000e+00 9.992001274366938413e-01 0.000000000000000000e+00 3.998881506637681771e-02
3.000000000000000000e+00 1.000000000000000000e+00 9.992001274367073860e-01 0.000000000000000000e+00 3.998881506637960714e-02
4.000000000000000000e+00 1.000000000000000000e+00 9.992001274367050545e-01 0.000000000000000000e+00 3.998881506637656097e-02
5.000000000000000000e+00 1.000000000000000000e+00 9.992001274367019459e-01 0.000000000000000000e+00 3.998881506637776834e-02
6.000000000000000000e+00 1.000000000000000000e+00 9.992001274366991703e-01 0.000000000000000000e+00 3.998881506637809446e-02
7.000000000000000000e+00 1.000000000000000000e+00 9.992001274366948405e-01 0.000000000000000000e+00 3.998881506637579075e-02
8.000000000000000000e+00 1.000000000000000000e+00 9.992001274367103836e-01 0.000000000000000000e+00 3.998881506637707445e-02
9.000000000000000000e+00 1.000000000000000000e+00 9.992001274367059427e-01 0.000000000000000000e+00 3.998881506637821243e-02
1.000000000000000000e+01 1.000000000000000000e+00 9.992001274366972829e-01 0.000000000000000000e+00 3.998881506637674832e-02
1.100000000000000000e+01 1.000000000000000000e+00 9.992001274366993924e-01 0.000000000000000000e+00 3.998881506637806671e-02
1.200000000000000000e+01 1.000000000000000000e+00 9.992001274366992813e-01 0.000000000000000000e+00 3.998881506637699812e-02
1.300000000000000000e+01 1.000000000000000000e+00 9.992001274366850705e-01 0.000000000000000000e+00 3.998881506637604749e-02
1.400000000000000000e+01 1.000000000000000000e+00 9.992001274367069419e-01 0.000000000000000000e+00 3.998881506637684546e-02
1.500000000000000000e+01 1.000000000000000000e+00 9.992001274367044994e-01 0.000000000000000000e+00 3.998881506637903815e-02
1.600000000000000000e+01 1.000000000000000000e+00 9.992001274366916208e-01 0.000000000000000000e+00 3.998881506637586708e-02
1.700000000000000000e+01 1.000000000000000000e+00 9.992001274367121599e-01 0.000000000000000000e+00 3.998881506637852468e-02
1.800000000000000000e+01 1.000000000000000000e+00 9.992001274367077190e-01 0.000000000000000000e+00 3.998881506637756017e-02
1.900000000000000000e+01 1.000000000000000000e+00 9.992001274366985042e-01 0.000000000000000000e+00 3.998881506637897570e-02
2.000000000000000000e+01 1.000000000000000000e+00 9.992001274367028341e-01 0.000000000000000000e+00 3.998881506637931571e-02
2.100000000000000000e+01 1.000000000000000000e+00 9.992001274366930641e-01 0.000000000000000000e+00 3.998881506637737282e-02
2.200000000000000000e+01 1.000000000000000000e+00 9.992001274366971719e-01 0.000000000000000000e+00 3.998881506637842059e-02
2.300000000000000000e+01 1.000000000000000000e+00 9.992001274367002805e-01 0.000000000000000000e+00 3.998881506637863570e-02
2.400000000000000000e+01 1.000000000000000000e+00 9.992001274367053876e-01 0.000000000000000000e+00 3.998881506637882305e-02
2.500000000000000000e+01 1.000000000000000000e+00 9.992001274367011687e-01 0.000000000000000000e+00 3.998881506637760874e-02
2.600000000000000000e+01 1.000000000000000000e+00 9.992001274366989483e-01 0.000000000000000000e+00 3.998881506637646382e-02
2.700000000000000000e+01 1.000000000000000000e+00 9.992001274366907326e-01 0.000000000000000000e+00 3.998881506637907285e-02
2.800000000000000000e+01 1.000000000000000000e+00 9.992001274366965058e-01 0.000000000000000000e+00 3.998881506637610300e-02
2.900000000000000000e+01 1.000000000000000000e+00 9.992001274367046104e-01 0.000000000000000000e+00 3.998881506637953775e-02
3.000000000000000000e+01 1.000000000000000000e+00 9.992001274367025010e-01 0.000000000000000000e+00 3.998881506637799732e-02
3.100000000000000000e+01 1.000000000000000000e+00 9.992001274366989483e-01 0.000000000000000000e+00 3.998881506637731731e-02
3.200000000000000000e+01 1.000000000000000000e+00 9.992001274367041663e-01 0.000000000000000000e+00 3.998881506637843447e-02
3.300000000000000000e+01 1.000000000000000000e+00 9.992001274366991703e-01 0.000000000000000000e+00 3.998881506637762956e-02
3.400000000000000000e+01 1.000000000000000000e+00 9.992001274367015018e-01 0.000000000000000000e+00 3.998881506637688710e-02
3.500000000000000000e+01 1.000000000000000000e+00 9.992001274367000585e-01 0.000000000000000000e+00 3.998881506637874672e-02
3.600000000000000000e+01 1.000000000000000000e+00 9.992001274366948405e-01 0.000000000000000000e+00 3.998881506637618627e-02
3.700000000000000000e+01 1.000000000000000000e+00 9.992001274367036112e-01 0.000000000000000000e+00 3.998881506637841365e-02
3.800000000000000000e+01 1.000000000000000000e+00 9.992001274366999475e-01 0.000000000000000000e+00 3.998881506637901734e-02
3.900000000000000000e+01 1.000000000000000000e+00 9.992001274367047214e-01 0.000000000000000000e+00 3.998881506637774058e-02
4.000000000000000000e+01 1.000000000000000000e+00 9.992001274367056096e-01 0.000000000000000000e+00 3.998881506637745609e-02
4.100000000000000000e+01 1.000000000000000000e+00 9.992001274367013908e-01 0.000000000000000000e+00 3.998881506637758793e-02
4.200000000000000000e+01 1.000000000000000000e+00 9.992001274367058317e-01 0.000000000000000000e+00 3.998881506637722710e-02
4.300000000000000000e+01 1.000000000000000000e+00 9.992001274367047214e-01 0.000000000000000000e+00 3.998881506637802508e-02
4.400000000000000000e+01 1.000000000000000000e+00 9.992001274366998365e-01 0.000000000000000000e+00 3.998881506637805283e-02
4.500000000000000000e+01 1.000000000000000000e+00 9.992001274366961727e-01 0.000000000000000000e+00 3.998881506637814998e-02
4.600000000000000000e+01 1.000000000000000000e+00 9.992001274367012797e-01 0.000000000000000000e+00 3.998881506637749772e-02
4.700000000000000000e+01 1.000000000000000000e+00 9.992001274366985042e-01 0.000000000000000000e+00 3.998881506637720629e-02
4.800000000000000000e+01 1.000000000000000000e+00 9.992001274366976160e-01 0.000000000000000000e+00 3.998881506637923244e-02
4.900000000000000000e+01 1.000000000000000000e+00 9.992001274367039443e-01 0.000000000000000000e+00 3.998881506638007205e-02
5.000000000000000000e+01 1.000000000000000000e+00 9.992001274367032781e-01 0.000000000000000000e+00 3.998881506637657485e-02
5.100000000000000000e+01 1.000000000000000000e+00 9.992001274366978381e-01 0.000000000000000000e+00 3.998881506637756711e-02
5.200000000000000000e+01 1.000000000000000000e+00 9.992001274367060537e-01 0.000000000000000000e+00 3.998881506637939204e-02
5.300000000000000000e+01 1.000000000000000000e+00 9.992001274367092734e-01 0.000000000000000000e+00 3.998881506637755323e-02
5.400000000000000000e+01 1.000000000000000000e+00 9.992001274367017238e-01 0.000000000000000000e+00 3.998881506637855243e-02
5.500000000000000000e+01 1.000000000000000000e+00 9.992001274366991703e-01 0.000000000000000000e+00 3.998881506637572830e-02
5.600000000000000000e+01 1.000000000000000000e+00 9.992001274366991703e-01 0.000000000000000000e+00 3.998881506637833039e-02
5.700000000000000000e+01 1.000000000000000000e+00 9.992001274367012797e-01 0.000000000000000000e+00 3.998881506637783079e-02
5.800000000000000000e+01 1.000000000000000000e+00 9.992001274366993924e-01 0.000000000000000000e+00 3.998881506637751160e-02
5.900000000000000000e+01 1.000000000000000000e+00 9.992001274366971719e-01 0.000000000000000000e+00 3.998881506637835120e-02
6.000000000000000000e+01 1.000000000000000000e+00 9.992001274366962837e-01 0.000000000000000000e+00 3.998881506637849692e-02
6.100000000000000000e+01 1.000000000000000000e+00 9.992001274366980601e-01 0.000000000000000000e+00 3.998881506637658872e-02
6.200000000000000000e+01 1.000000000000000000e+00 9.992001274367009467e-01 0.000000000000000000e+00 3.998881506637766425e-02
6.300000000000000000e+01 1.000000000000000000e+00 9.992001274367018349e-01 0.000000000000000000e+00 3.998881506637857325e-02
6.400000000000000000e+01 1.000000000000000000e+00 9.992001274367082742e-01 0.000000000000000000e+00 3.998881506637765038e-02
6.500000000000000000e+01 1.000000000000000000e+00 9.992001274367050545e-01 0.000000000000000000e+00 3.998881506637850386e-02
6.600000000000000000e+01 1.000000000000000000e+00 9.992001274367168229e-01 0.000000000000000000e+00 3.998881506637824018e-02
6.700000000000000000e+01 1.000000000000000000e+00 9.992001274366976160e-01 0.000000000000000000e+00 3.998881506637803895e-02
6.800000000000000000e+01 1.000000000000000000e+00 9.992001274367031671e-01 0.000000000000000000e+00 3.998881506637840672e-02
6.900000000000000000e+01 1.000000000000000000e+00 9.992001274366982821e-01 0.000000000000000000e+00 3.998881506637873978e-02
7.000000000000000000e+01 1.000000000000000000e+00 9.992001274367290353e-01 0.000000000000000000e+00 3.998881506636688121e-02
7.100000000000000000e+01 1.000000000000000000e+00 9.992001274367301455e-01 0.000000000000000000e+00 3.998881506636671468e-02
7.200000000000000000e+01 1.000000000000000000e+00 9.992001274367301455e-01 0.000000000000000000e+00 3.998881506636609712e-02
7.300000000000000000e+01 1.000000000000000000e+00 9.992001274367305896e-01 0.000000000000000000e+00 3.998881506636736693e-02
7.400000000000000000e+01 1.000000000000000000e+00 9.992001274367294794e-01 0.000000000000000000e+00 3.998881506636763061e-02
7.500000000000000000e+01 1.000000000000000000e+00 9.992001274367294794e-01 0.000000000000000000e+00 3.998881506637858019e-02
7.600000000000000000e+01 1.000000000000000000e+00 9.992001274367290353e-01 0.000000000000000000e+00 3.998881506638258393e-02
7.700000000000000000e+01 1.000000000000000000e+00 9.992001274367300345e-01 0.000000000000000000e+00 3.998881506635844352e-02
7.800000000000000000e+01 1.000000000000000000e+00 9.992001274367292574e-01 0.000000000000000000e+00 3.998881506636893512e-02
7.900000000000000000e+01 1.000000000000000000e+00 9.992001274367291463e-01 0.000000000000000000e+00 3.998881506636914329e-02
8.000000000000000000e+01 1.000000000000000000e+00 9.992001274367301455e-01 0.000000000000000000e+00 3.998881506636351585e-02
8.100000000000000000e+01 1.000000000000000000e+00 9.992001274367299235e-01 0.000000000000000000e+00 3.998881506636962901e-02
8.200000000000000000e+01 1.000000000000000000e+00 9.992001274367299235e-01 0.000000000000000000e+00 3.998881506636786654e-02
8.300000000000000000e+01 1.000000000000000000e+00 9.992001274367035002e-01 0.000000000000000000e+00 3.998881506637731731e-02
8.400000000000000000e+01 1.000000000000000000e+00 9.992001274367077190e-01 0.000000000000000000e+00 3.998881506637681771e-02
8.500000000000000000e+01 1.000000000000000000e+00 9.992001274367144914e-01 0.000000000000000000e+00 3.998881506638007899e-02
8.600000000000000000e+01 1.000000000000000000e+00 9.992001274367044994e-01 0.000000000000000000e+00 3.998881506637957245e-02
8.700000000000000000e+01 1.000000000000000000e+00 9.992001274367007246e-01 0.000000000000000000e+00 3.998881506637802508e-02
8.800000000000000000e+01 1.000000000000000000e+00 9.992001274367064978e-01 0.000000000000000000e+00 3.998881506637843447e-02
8.900000000000000000e+01 1.000000000000000000e+00 9.992001274367019459e-01 0.000000000000000000e+00 3.998881506637912836e-02
9.000000000000000000e+01 1.000000000000000000e+00 9.992001274366894004e-01 0.000000000000000000e+00 3.998881506637745609e-02
9.100000000000000000e+01 1.000000000000000000e+00 9.992001274367080521e-01 0.000000000000000000e+00 3.998881506637846917e-02
9.200000000000000000e+01 1.000000000000000000e+00 9.992001274366998365e-01 0.000000000000000000e+00 3.998881506637799732e-02
9.300000000000000000e+01 1.000000000000000000e+00 9.992001274366976160e-01 0.000000000000000000e+00 3.998881506637786548e-02
9.400000000000000000e+01 1.000000000000000000e+00 9.992001274367015018e-01 0.000000000000000000e+00 3.998881506637884387e-02
9.500000000000000000e+01 1.000000000000000000e+00 9.992001274367157126e-01 0.000000000000000000e+00 3.998881506637771976e-02
9.600000000000000000e+01 1.000000000000000000e+00 9.992001274367022789e-01 0.000000000000000000e+00 3.998881506637785160e-02
9.700000000000000000e+01 1.000000000000000000e+00 9.992001274367030561e-01 0.000000000000000000e+00 3.998881506637899652e-02
9.800000000000000000e+01 1.000000000000000000e+00 9.992001274366955066e-01 0.000000000000000000e+00 3.998881506637871897e-02
9.900000000000000000e+01 1.000000000000000000e+00 9.992001274367040553e-01 0.000000000000000000e+00 3.998881506637798344e-02
1.000000000000000000e+02 1.000000000000000000e+00 9.992001274367039443e-01 0.000000000000000000e+00 3.998881506637606137e-02
1.010000000000000000e+02 1.000000000000000000e+00 9.992001274367054986e-01 0.000000000000000000e+00 3.998881506637971817e-02
1.020000000000000000e+02 1.000000000000000000e+00 9.992001274367001695e-01 0.000000000000000000e+00 3.998881506637880917e-02
1.030000000000000000e+02 1.000000000000000000e+00 9.992001274367088293e-01 0.000000000000000000e+00 3.998881506637809446e-02
1.040000000000000000e+02 1.000000000000000000e+00 9.992001274366985042e-01 0.000000000000000000e+00 3.998881506637854549e-02
1.050000000000000000e+02 1.000000000000000000e+00 9.992001274366988373e-01 0.000000000000000000e+00 3.998881506637798344e-02
1.060000000000000000e+02 1.000000000000000000e+00 9.992001274366980601e-01 0.000000000000000000e+00 3.998881506637867039e-02
1.070000000000000000e+02 1.000000000000000000e+00 9.992001274366955066e-01 0.000000000000000000e+00 3.998881506637758099e-02
1.080000000000000000e+02 1.000000000000000000e+00 9.992001274367082742e-01 0.000000000000000000e+00 3.998881506637804589e-02
1.090000000000000000e+02 1.000000000000000000e+00 9.992001274367090513e-01 0.000000000000000000e+00 3.998881506637629729e-02
1.100000000000000000e+02 1.000000000000000000e+00 9.992001274367012797e-01 0.000000000000000000e+00 3.998881506637836508e-02
1.110000000000000000e+02 1.000000000000000000e+00 9.992001274366991703e-01 0.000000000000000000e+00 3.998881506637901734e-02
1.120000000000000000e+02 1.000000000000000000e+00 9.992001274367312558e-01 0.000000000000000000e+00 3.998881506636370320e-02
1.130000000000000000e+02 1.000000000000000000e+00 9.992001274367301455e-01 0.000000000000000000e+00 3.998881506636504934e-02
1.140000000000000000e+02 1.000000000000000000e+00 9.992001274367294794e-01 0.000000000000000000e+00 3.998881506636931676e-02
1.150000000000000000e+02 1.000000000000000000e+00 9.992001274367295904e-01 0.000000000000000000e+00 3.998881506636595834e-02
1.160000000000000000e+02 1.000000000000000000e+00 9.992001274367294794e-01 0.000000000000000000e+00 3.998881506636784572e-02
1.170000000000000000e+02 1.000000000000000000e+00 9.992001274367300345e-01 0.000000000000000000e+00 3.998881506637293887e-02
1.180000000000000000e+02 1.000000000000000000e+00 9.992001274367308117e-01 0.000000000000000000e+00 3.998881506636387667e-02
1.190000000000000000e+02 1.000000000000000000e+00 9.992001274367303676e-01 0.000000000000000000e+00 3.998881506636592365e-02
1.200000000000000000e+02 1.000000000000000000e+00 9.992001274367294794e-01 0.000000000000000000e+00 3.998881506636689509e-02
1.210000000000000000e+02 1.000000000000000000e+00 9.992001274367279251e-01 0.000000000000000000e+00 3.998881506638345129e-02
1.220000000000000000e+02 1.000000000000000000e+00 9.992001274367299235e-01 0.000000000000000000e+00 3.998881506636991351e-02
1.230000000000000000e+02 1.000000000000000000e+00 9.992001274367298125e-01 0.000000000000000000e+00 3.998881506636547956e-02
1.240000000000000000e+02 1.000000000000000000e+00 9.992001274367302566e-01 0.000000000000000000e+00 3.998881506636813715e-02
1.250000000000000000e+02 1.000000000000000000e+00 9.992001274367299235e-01 0.000000000000000000e+00 3.998881506636752653e-02
1.260000000000000000e+02 1.000000000000000000e+00 9.992001274367046104e-01 0.000000000000000000e+00 3.998881506637724098e-02
1.270000000000000000e+02 1.000000000000000000e+00 9.992001274366999475e-01 0.000000000000000000e+00 3.998881506637613076e-02
1.280000000000000000e+02 1.000000000000000000e+00 9.992001274367002805e-01 0.000000000000000000e+00 3.998881506637821243e-02
1.290000000000000000e+02 1.000000000000000000e+00 9.992001274367000585e-01 0.000000000000000000e+00 3.998881506637673444e-02
1.300000000000000000e+02 1.000000000000000000e+00 9.992001274367096064e-01 0.000000000000000000e+00 3.998881506637767119e-02
1.310000000000000000e+02 1.000000000000000000e+00 9.992001274367089403e-01 0.000000000000000000e+00 3.998881506637810834e-02
1.320000000000000000e+02 1.000000000000000000e+00 9.992001274367005026e-01 0.000000000000000000e+00 3.998881506637734506e-02
1.330000000000000000e+02 1.000000000000000000e+00 9.992001274367019459e-01 0.000000000000000000e+00 3.998881506637740751e-02
1.340000000000000000e+02 1.000000000000000000e+00 9.992001274366981711e-01 0.000000000000000000e+00 3.998881506637801814e-02
1.350000000000000000e+02 1.000000000000000000e+00 9.992001274367028341e-01 0.000000000000000000e+00 3.998881506637789324e-02
1.360000000000000000e+02 1.000000000000000000e+00 9.992001274367017238e-01 0.000000000000000000e+00 3.998881506637667199e-02
1.370000000000000000e+02 1.000000000000000000e+00 9.992001274367048325e-01 0.000000000000000000e+00 3.998881506637822630e-02
1.380000000000000000e+02 1.000000000000000000e+00 9.992001274367008357e-01 0.000000000000000000e+00 3.998881506637745609e-02
1.390000000000000000e+02 1.000000000000000000e+00 9.992001274367069419e-01 0.000000000000000000e+00 3.998881506637814998e-02
1.400000000000000000e+02 1.000000000000000000e+00 9.992001274367016128e-01 0.000000000000000000e+00 3.998881506637753935e-02
1.410000000000000000e+02 1.000000000000000000e+00 9.992001274367297015e-01 0.000000000000000000e+00 3.998881506637140537e-02
1.420000000000000000e+02 1.000000000000000000e+00 9.992001274367295904e-01 0.000000000000000000e+00 3.998881506636509098e-02
1.430000000000000000e+02 1.000000000000000000e+00 9.992001274367285912e-01 0.000000000000000000e+00 3.998881506638398559e-02
1.440000000000000000e+02 1.000000000000000000e+00 9.992001274367292574e-01 0.000000000000000000e+00 3.998881506638033573e-02
1.450000000000000000e+02 1.000000000000000000e+00 9.992001274367299235e-01 0.000000000000000000e+00 3.998881506636217664e-02
1.460000000000000000e+02 1.000000000000000000e+00 9.992001274367295904e-01 0.000000000000000000e+00 3.998881506636888655e-02
1.470000000000000000e+02 1.000000000000000000e+00 9.992001274367291463e-01 0.000000000000000000e+00 3.998881506638187616e-02
1.480000000000000000e+02 1.000000000000000000e+00 9.992001274367302566e-01 0.000000000000000000e+00 3.998881506636643018e-02
1.490000000000000000e+02 1.000000000000000000e+00 9.992001274367287023e-01 0.000000000000000000e+00 3.998881506637366051e-02
1.500000000000000000e+02 1.000000000000000000e+00 9.992001274367294794e-01 0.000000000000000000e+00 3.998881506638107819e-02
1.510000000000000000e+02 1.000000000000000000e+00 9.992001274367297015e-01 0.000000000000000000e+00 3.998881506637177313e-02
1.520000000000000000e+02 1.000000000000000000e+00 9.992001274367304786e-01 0.000000000000000000e+00 3.998881506637313316e-02
1.530000000000000000e+02 1.000000000000000000e+00 9.992001274367294794e-01 0.000000000000000000e+00 3.998881506636880329e-02
1.540000000000000000e+02 1.000000000000000000e+00 9.992001274367319219e-01 0.000000000000000000e+00 3.998881506636591671e-02
1.550000000000000000e+02 1.000000000000000000e+00 9.992001274367303676e-01 0.000000000000000000e+00 3.998881506636720040e-02
1.560000000000000000e+02 1.000000000000000000e+00 9.992001274367304786e-01 0.000000000000000000e+00 3.998881506636663835e-02
1.570000000000000000e+02 1.000000000000000000e+00 9.992001274367298125e-01 0.000000000000000000e+00 3.998881506636758204e-02
1.580000000000000000e+02 1.000000000000000000e+00 9.992001274367290353e-01 0.000000000000000000e+00 3.998881506636941391e-02
1.590000000000000000e+02 1.000000000000000000e+00 9.992001274366980601e-01 0.000000000000000000e+00 3.998881506637703975e-02
1.600000000000000000e+02 1.000000000000000000e+00 9.992001274367042774e-01 0.000000000000000000e+00 3.998881506637842753e-02
1.610000000000000000e+02 1.000000000000000000e+00 9.992001274366962837e-01 0.000000000000000000e+00 3.998881506637872590e-02
1.620000000000000000e+02 1.000000000000000000e+00 9.992001274366966168e-01 0.000000000000000000e+00 3.998881506637778221e-02
1.630000000000000000e+02 1.000000000000000000e+00 9.992001274367292574e-01 0.000000000000000000e+00 3.998881506637124578e-02
1.640000000000000000e+02 1.000000000000000000e+00 9.992001274367302566e-01 0.000000000000000000e+00 3.998881506636751959e-02
1.650000000000000000e+02 1.000000000000000000e+00 9.992001274367298125e-01 0.000000000000000000e+00 3.998881506636788041e-02
1.660000000000000000e+02 1.000000000000000000e+00 9.992001274367300345e-01 0.000000000000000000e+00 3.998881506636784572e-02
1.670000000000000000e+02 1.000000000000000000e+00 9.992001274367297015e-01 0.000000000000000000e+00 3.998881506636654121e-02
1.680000000000000000e+02 1.000000000000000000e+00 9.992001274367301455e-01 0.000000000000000000e+00 3.998881506636411259e-02
1.690000000000000000e+02 1.000000000000000000e+00 9.992001274367292574e-01 0.000000000000000000e+00 3.998881506636929595e-02
1.700000000000000000e+02 1.000000000000000000e+00 9.992001274367299235e-01 0.000000000000000000e+00 3.998881506636951799e-02
1.710000000000000000e+02 1.000000000000000000e+00 9.992001274367300345e-01 0.000000000000000000e+00 3.998881506636952493e-02
1.720000000000000000e+02 1.000000000000000000e+00 9.992001274367305896e-01 0.000000000000000000e+00 3.998881506637335520e-02
1.730000000000000000e+02 1.000000000000000000e+00 9.992001274367301455e-01 0.000000000000000000e+00 3.998881506636647182e-02
1.740000000000000000e+02 1.000000000000000000e+00 9.992001274367297015e-01 0.000000000000000000e+00 3.998881506636828981e-02
1.750000000000000000e+02 1.000000000000000000e+00 9.992001274367298125e-01 0.000000000000000000e+00 3.998881506636081662e-02
1.760000000000000000e+02 1.000000000000000000e+00 9.992001274367292574e-01 0.000000000000000000e+00 3.998881506636590283e-02
1.770000000000000000e+02 1.000000000000000000e+00 9.992001274367012797e-01 0.000000000000000000e+00 3.998881506637746996e-02
1.780000000000000000e+02 1.000000000000000000e+00 9.992001274366982821e-01 0.000000000000000000e+00 3.998881506637837896e-02
1.790000000000000000e+02 1.000000000000000000e+00 9.992001274367017238e-01 0.000000000000000000e+00 3.998881506637748384e-02
1.800000000000000000e+02 1.000000000000000000e+00 9.992001274367091623e-01 0.000000000000000000e+00 3.998881506637751160e-02
1.810000000000000000e+02 1.000000000000000000e+00 9.992001274367303676e-01 0.000000000000000000e+00 3.998881506636557670e-02
1.820000000000000000e+02 1.000000000000000000e+00 9.992001274367292574e-01 0.000000000000000000e+00 3.998881506636908778e-02
1.830000000000000000e+02 1.000000000000000000e+00 9.992001274367305896e-01 0.000000000000000000e+00 3.998881506637119027e-02
1.840000000000000000e+02 1.000000000000000000e+00 9.992001274367299235e-01 0.000000000000000000e+00 3.998881506636968453e-02
1.850000000000000000e+02 1.000000000000000000e+00 9.992001274367294794e-01 0.000000000000000000e+00 3.998881506636762367e-02
1.860000000000000000e+02 1.000000000000000000e+00 9.992001274367279251e-01 0.000000000000000000e+00 3.998881506638488070e-02
1.870000000000000000e+02 1.000000000000000000e+00 9.992001274367294794e-01 0.000000000000000000e+00 3.998881506637215477e-02
1.880000000000000000e+02 1.000000000000000000e+00 9.992001274367307007e-01 0.000000000000000000e+00 3.998881506637110006e-02
1.890000000000000000e+02 1.000000000000000000e+00 9.992001274366998365e-01 0.000000000000000000e+00 3.998881506637755323e-02
1.900000000000000000e+02 1.000000000000000000e+00 9.992001274367299235e-01 0.000000000000000000e+00 3.998881506636781796e-02
1.910000000000000000e+02 1.000000000000000000e+00 9.992001274367299235e-01 0.000000000000000000e+00 3.998881506636881716e-02
1.920000000000000000e+02 1.000000000000000000e+00 9.992001274367303676e-01 0.000000000000000000e+00 3.998881506637237682e-02
1.930000000000000000e+02 1.000000000000000000e+00 9.992001274367301455e-01 0.000000000000000000e+00 3.998881506637192579e-02
1.940000000000000000e+02 1.000000000000000000e+00 9.992001274367305896e-01 0.000000000000000000e+00 3.998881506637086414e-02
1.950000000000000000e+02 1.000000000000000000e+00 9.992001274367297015e-01 0.000000000000000000e+00 3.998881506636675631e-02
1.960000000000000000e+02 1.000000000000000000e+00 9.992001274367283692e-01 0.000000000000000000e+00 3.998881506638225780e-02
1.970000000000000000e+02 1.000000000000000000e+00 9.992001274367299235e-01 0.000000000000000000e+00 3.998881506636847716e-02
1.980000000000000000e+02 1.000000000000000000e+00 9.992001274367294794e-01 0.000000000000000000e+00 3.998881506636992739e-02
1.990000000000000000e+02 1.000000000000000000e+00 9.992001274367293684e-01 0.000000000000000000e+00 3.998881506636819266e-02
2.000000000000000000e+02 1.000000000000000000e+00 9.992001274367301455e-01 0.000000000000000000e+00 3.998881506637100985e-02
2.010000000000000000e+02 1.000000000000000000e+00 9.992001274367294794e-01 0.000000000000000000e+00 3.998881506636845634e-02
2.020000000000000000e+02 1.000000000000000000e+00 9.992001274367305896e-01 0.000000000000000000e+00 3.998881506637009392e-02
2.030000000000000000e+02 1.000000000000000000e+00 9.992001274367294794e-01 0.000000000000000000e+00 3.998881506636995514e-02
2.040000000000000000e+02 1.000000000000000000e+00 9.992001274367295904e-01 0.000000000000000000e+00 3.998881506636866451e-02
2.050000000000000000e+02 1.000000000000000000e+00 9.992001274367297015e-01 0.000000000000000000e+00 3.998881506637114863e-02
2.060000000000000000e+02 1.000000000000000000e+00 9.992001274367039443e-01 0.000000000000000000e+00 3.998881506637647076e-02
2.070000000000000000e+02 1.000000000000000000e+00 9.992001274366989483e-01 0.000000000000000000e+00 3.998881506637728261e-02
2.080000000000000000e+02 1.000000000000000000e+00 9.992001274367016128e-01 0.000000000000000000e+00 3.998881506637778221e-02
2.090000000000000000e+02 1.000000000000000000e+00 9.992001274367010577e-01 0.000000000000000000e+00 3.998881506637955857e-02
2.100000000000000000e+02 1.000000000000000000e+00 9.992001274367088293e-01 0.000000000000000000e+00 3.998881506637890632e-02
2.110000000000000000e+02 1.000000000000000000e+00 9.992001274366993924e-01 0.000000000000000000e+00 3.998881506637803201e-02
2.120000000000000000e+02 1.000000000000000000e+00 9.992001274367050545e-01 0.000000000000000000e+00 3.998881506637765731e-02
2.130000000000000000e+02 1.000000000000000000e+00 9.992001274367029451e-01 0.000000000000000000e+00 3.998881506637909367e-02
2.140000000000000000e+02 1.000000000000000000e+00 9.992001274367287023e-01 0.000000000000000000e+00 3.998881506637869121e-02
2.150000000000000000e+02 1.000000000000000000e+00 9.992001274367299235e-01 0.000000000000000000e+00 3.998881506636581262e-02
2.160000000000000000e+02 1.000000000000000000e+00 9.992001274367298125e-01 0.000000000000000000e+00 3.998881506636790817e-02
2.170000000000000000e+02 1.000000000000000000e+00 9.992001274367308117e-01 0.000000000000000000e+00 3.998881506636693672e-02
2.180000000000000000e+02 1.000000000000000000e+00 9.992001274367294794e-01 0.000000000000000000e+00 3.998881506638156391e-02
2.190000000000000000e+02 1.000000000000000000e+00 9.992001274367294794e-01 0.000000000000000000e+00 3.998881506637100292e-02
2.200000000000000000e+02 1.000000000000000000e+00 9.992001274367301455e-01 0.000000000000000000e+00 3.998881506636522282e-02
2.210000000000000000e+02 1.000000000000000000e+00 9.992001274367292574e-01 0.000000000000000000e+00 3.998881506636685346e-02
2.220000000000000000e+02 1.000000000000000000e+00 9.992001274366871799e-01 0.000000000000000000e+00 3.998881506637761568e-02
2.230000000000000000e+02 1.000000000000000000e+00 9.992001274367053876e-01 0.000000000000000000e+00 3.998881506637855243e-02
2.240000000000000000e+02 1.000000000000000000e+00 9.992001274366975050e-01 0.000000000000000000e+00 3.998881506637919081e-02
2.250000000000000000e+02 1.000000000000000000e+00 9.992001274367012797e-01 0.000000000000000000e+00 3.998881506637774058e-02
2.260000000000000000e+02 1.000000000000000000e+00 9.992001274367033892e-01 0.000000000000000000e+00 3.998881506637782385e-02
2.270000000000000000e+02 1.000000000000000000e+00 9.992001274367012797e-01 0.000000000000000000e+00 3.998881506637916999e-02
2.280000000000000000e+02 1.000000000000000000e+00 9.992001274367292574e-01 0.000000000000000000e+00 3.998881506636969146e-02
2.290000000000000000e+02 1.000000000000000000e+00 9.992001274367303676e-01 0.000000000000000000e+00 3.998881506636518118e-02
2.300000000000000000e+02 1.000000000000000000e+00 9.992001274367295904e-01 0.000000000000000000e+00 3.998881506636545180e-02
2.310000000000000000e+02 1.000000000000000000e+00 9.992001274367301455e-01 0.000000000000000000e+00 3.998881506636466771e-02
2.320000000000000000e+02 1.000000000000000000e+00 9.992001274367299235e-01 0.000000000000000000e+00 3.998881506637055883e-02
2.330000000000000000e+02 1.000000000000000000e+00 9.992001274367301455e-01 0.000000000000000000e+00 3.998881506636493832e-02
2.340000000000000000e+02 1.000000000000000000e+00 9.992001274367284802e-01 0.000000000000000000e+00 3.998881506636858124e-02
2.350000000000000000e+02 1.000000000000000000e+00 9.992001274367297015e-01 0.000000000000000000e+00 3.998881506637502747e-02
2.360000000000000000e+02 1.000000000000000000e+00 9.992001274367300345e-01 0.000000000000000000e+00 3.998881506636826205e-02
2.370000000000000000e+02 1.000000000000000000e+00 9.992001274367302566e-01 0.000000000000000000e+00 3.998881506637279315e-02
2.380000000000000000e+02 1.000000000000000000e+00 9.992001274367297015e-01 0.000000000000000000e+00 3.998881506636509098e-02
2.390000000000000000e+02 1.000000000000000000e+00 9.992001274367300345e-01 0.000000000000000000e+00 3.998881506636857430e-02
2.400000000000000000e+02 1.000000000000000000e+00 9.992001274367282582e-01 0.000000000000000000e+00 3.998881506637894795e-02
2.410000000000000000e+02 1.000000000000000000e+00 9.992001274367290353e-01 0.000000000000000000e+00 3.998881506637338989e-02
2.420000000000000000e+02 1.000000000000000000e+00 9.992001274367020569e-01 0.000000000000000000e+00 3.998881506637703281e-02
2.430000000000000000e+02 1.000000000000000000e+00 9.992001274367006136e-01 0.000000000000000000e+00 3.998881506637832345e-02
2.440000000000000000e+02 1.000000000000000000e+00 9.992001274367043884e-01 0.000000000000000000e+00 3.998881506637805283e-02
2.450000000000000000e+02 1.000000000000000000e+00 9.992001274367062758e-01 0.000000000000000000e+00 3.998881506637819855e-02
2.460000000000000000e+02 1.000000000000000000e+00 9.992001274367019459e-01 0.000000000000000000e+00 3.998881506637680383e-02
2.470000000000000000e+02 1.000000000000000000e+00 9.992001274367144914e-01 0.000000000000000000e+00 3.998881506637873978e-02
2.480000000000000000e+02 1.000000000000000000e+00 9.992001274367060537e-01 0.000000000000000000e+00 3.998881506637717159e-02
2.490000000000000000e+02 1.000000000000000000e+00 9.992001274367062758e-01 0.000000000000000000e+00 3.998881506637796263e-02
2.500000000000000000e+02 1.000000000000000000e+00 9.992001274367310337e-01 0.000000000000000000e+00 3.998881506636814409e-02
2.510000000000000000e+02 1.000000000000000000e+00 9.992001274367308117e-01 0.000000000000000000e+00 3.998881506636781796e-02
2.520000000000000000e+02 1.000000000000000000e+00 9.992001274367303676e-01 0.000000000000000000e+00 3.998881506637103067e-02
2.530000000000000000e+02 1.000000000000000000e+00 9.992001274367303676e-01 0.000000000000000000e+00 3.998881506636448729e-02
2.540000000000000000e+02 1.000000000000000000e+00 9.992001274367294794e-01 0.000000000000000000e+00 3.998881506636540323e-02
2.550000000000000000e+02 1.000000000000000000e+00 9.992001274367304786e-01 0.000000000000000000e+00 3.998881506636977473e-02
2.560000000000000000e+02 1.000000000000000000e+00 9.992001274367287023e-01 0.000000000000000000e+00 3.998881506638053696e-02
2.570000000000000000e+02 1.000000000000000000e+00 9.992001274367043884e-01 0.000000000000000000e+00 3.998881506637673444e-02
2.580000000000000000e+02 1.000000000000000000e+00 9.992001274367035002e-01 0.000000000000000000e+00 3.998881506637889244e-02
2.590000000000000000e+02 1.000000000000000000e+00 9.992001274367294794e-01 0.000000000000000000e+00 3.998881506637286948e-02
2.600000000000000000e+02 1.000000000000000000e+00 9.992001274367295904e-01 0.000000000000000000e+00 3.998881506636756122e-02
2.610000000000000000e+02 1.000000000000000000e+00 9.992001274367298125e-01 0.000000000000000000e+00 3.998881506636879635e-02
2.620000000000000000e+02 1.000000000000000000e+00 9.992001274367295904e-01 0.000000000000000000e+00 3.998881506636804695e-02
2.630000000000000000e+02 1.000000000000000000e+00 9.992001274367303676e-01 0.000000000000000000e+00 3.998881506636928207e-02
2.640000000000000000e+02 1.000000000000000000e+00 9.992001274367297015e-01 0.000000000000000000e+00 3.998881506637013555e-02
2.650000000000000000e+02 1.000000000000000000e+00 9.992001274367302566e-01 0.000000000000000000e+00 3.998881506637042699e-02
2.660000000000000000e+02 1.000000000000000000e+00 9.992001274367299235e-01 0.000000000000000000e+00 3.998881506637082250e-02
2.670000000000000000e+02 1.000000000000000000e+00 9.992001274367299235e-01 0.000000000000000000e+00 3.998881506637032290e-02
2.680000000000000000e+02 1.000000000000000000e+00 9.992001274367297015e-01 0.000000000000000000e+00 3.998881506637021882e-02
2.690000000000000000e+02 1.000000000000000000e+00 9.992001274367297015e-01 0.000000000000000000e+00 3.998881506636911554e-02
2.700000000000000000e+02 1.000000000000000000e+00 9.992001274367273700e-01 0.000000000000000000e+00 3.998881506637839284e-02
2.710000000000000000e+02 1.000000000000000000e+00 9.992001274366998365e-01 0.000000000000000000e+00 3.998881506637946143e-02
2.720000000000000000e+02 1.000000000000000000e+00 9.992001274367019459e-01 0.000000000000000000e+00 3.998881506637916999e-02
2.730000000000000000e+02 1.000000000000000000e+00 9.992001274367023900e-01 0.000000000000000000e+00 3.998881506637786548e-02
2.740000000000000000e+02 1.000000000000000000e+00 9.992001274367305896e-01 0.000000000000000000e+00 3.998881506636706856e-02
2.750000000000000000e+02 1.000000000000000000e+00 9.992001274367305896e-01 0.000000000000000000e+00 3.998881506636280808e-02
2.760000000000000000e+02 1.000000000000000000e+00 9.992001274367301455e-01 0.000000000000000000e+00 3.998881506636822736e-02
2.770000000000000000e+02 1.000000000000000000e+00 9.992001274367298125e-01 0.000000000000000000e+00 3.998881506637062128e-02
2.780000000000000000e+02 1.000000000000000000e+00 9.992001274367299235e-01 0.000000000000000000e+00 3.998881506636833838e-02
2.790000000000000000e+02 1.000000000000000000e+00 9.992001274367294794e-01 0.000000000000000000e+00 3.998881506636803307e-02
2.800000000000000000e+02 1.000000000000000000e+00 9.992001274367302566e-01 0.000000000000000000e+00 3.998881506636942779e-02
2.810000000000000000e+02 1.000000000000000000e+00 9.992001274367298125e-01 0.000000000000000000e+00 3.998881506636933064e-02
2.820000000000000000e+02 1.000000000000000000e+00 9.992001274366982821e-01 0.000000000000000000e+00 3.998881506637860794e-02
2.830000000000000000e+02 1.000000000000000000e+00 9.992001274367290353e-01 0.000000000000000000e+00 3.998881506636782490e-02
2.840000000000000000e+02 1.000000000000000000e+00 9.992001274367301455e-01 0.000000000000000000e+00 3.998881506637070454e-02
2.850000000000000000e+02 1.000000000000000000e+00 9.992001274367298125e-01 0.000000000000000000e+00 3.998881506636996902e-02
2.860000000000000000e+02 1.000000000000000000e+00 9.992001274367308117e-01 0.000000000000000000e+00 3.998881506636892819e-02
2.870000000000000000e+02 1.000000000000000000e+00 9.992001274367302566e-01 0.000000000000000000e+00 3.998881506636909472e-02
2.880000000000000000e+02 1.000000000000000000e+00 9.992001274367299235e-01 0.000000000000000000e+00 3.998881506636667305e-02
2.890000000000000000e+02 1.000000000000000000e+00 9.992001274367299235e-01 0.000000000000000000e+00 3.998881506636844940e-02
2.900000000000000000e+02 1.000000000000000000e+00 9.992001274366952845e-01 0.000000000000000000e+00 3.998881506637798344e-02
2.910000000000000000e+02 1.000000000000000000e+00 9.992001274367009467e-01 0.000000000000000000e+00 3.998881506637824018e-02
2.920000000000000000e+02 1.000000000000000000e+00 9.992001274367297015e-01 0.000000000000000000e+00 3.998881506636736693e-02
2.930000000000000000e+02 1.000000000000000000e+00 9.992001274367301455e-01 0.000000000000000000e+00 3.998881506637057964e-02
2.940000000000000000e+02 1.000000000000000000e+00 9.992001274367326991e-01 0.000000000000000000e+00 3.998881506636876859e-02
2.950000000000000000e+02 1.000000000000000000e+00 9.992001274367302566e-01 0.000000000000000000e+00 3.998881506636432770e-02
2.960000000000000000e+02 1.000000000000000000e+00 9.992001274367297015e-01 0.000000000000000000e+00 3.998881506636734612e-02
2.970000000000000000e+02 1.000000000000000000e+00 9.992001274367292574e-01 0.000000000000000000e+00 3.998881506636697142e-02
2.980000000000000000e+02 1.000000000000000000e+00 9.992001274367297015e-01 0.000000000000000000e+00 3.998881506636683958e-02
2.990000000000000000e+02 1.000000000000000000e+00 9.992001274367294794e-01 0.000000000000000000e+00 3.998881506636789429e-02
3.000000000000000000e+02 1.000000000000000000e+00 9.992001274367298125e-01 0.000000000000000000e+00 3.998881506637169680e-02
3.010000000000000000e+02 1.000000000000000000e+00 9.992001274367295904e-01 0.000000000000000000e+00 3.998881506637443073e-02
3.020000000000000000e+02 1.000000000000000000e+00 9.992001274367297015e-01 0.000000000000000000e+00 3.998881506636847022e-02
3.030000000000000000e+02 1.000000000000000000e+00 9.992001274367037222e-01 0.000000000000000000e+00 3.998881506637851774e-02
3.040000000000000000e+02 1.000000000000000000e+00 9.992001274367067198e-01 0.000000000000000000e+00 3.998881506637862182e-02
3.050000000000000000e+02 1.000000000000000000e+00 9.992001274367032781e-01 0.000000000000000000e+00 3.998881506637751854e-02
3.060000000000000000e+02 1.000000000000000000e+00 9.992001274367292574e-01 0.000000000000000000e+00 3.998881506637690791e-02
3.070000000000000000e+02 1.000000000000000000e+00 9.992001274367293684e-01 0.000000000000000000e+00 3.998881506636824124e-02
3.080000000000000000e+02 1.000000000000000000e+00 9.992001274367298125e-01 0.000000000000000000e+00 3.998881506637464583e-02
3.090000000000000000e+02 1.000000000000000000e+00 9.992001274367298125e-01 0.000000000000000000e+00 3.998881506636861594e-02
3.100000000000000000e+02 1.000000000000000000e+00 9.992001274367290353e-01 0.000000000000000000e+00 3.998881506636789429e-02
3.110000000000000000e+02 1.000000000000000000e+00 9.992001274367301455e-01 0.000000000000000000e+00 3.998881506637988470e-02
3.120000000000000000e+02 1.000000000000000000e+00 9.992001274367301455e-01 0.000000000000000000e+00 3.998881506636794286e-02
3.130000000000000000e+02 1.000000000000000000e+00 9.992001274367017238e-01 0.000000000000000000e+00 3.998881506637914918e-02
3.140000000000000000e+02 1.000000000000000000e+00 9.992001274367084962e-01 0.000000000000000000e+00 3.998881506637753935e-02
3.150000000000000000e+02 1.000000000000000000e+00 9.992001274367292574e-01 0.000000000000000000e+00 3.998881506637148170e-02
3.160000000000000000e+02 1.000000000000000000e+00 9.992001274367293684e-01 0.000000000000000000e+00 3.998881506637188415e-02
3.170000000000000000e+02 1.000000000000000000e+00 9.992001274367295904e-01 0.000000000000000000e+00 3.998881506636903921e-02
3.180000000000000000e+02 1.000000000000000000e+00 9.992001274367284802e-01 0.000000000000000000e+00 3.998881506638153616e-02
3.190000000000000000e+02 1.000000000000000000e+00 9.992001274367300345e-01 0.000000000000000000e+00 3.998881506637030903e-02
3.200000000000000000e+02 1.000000000000000000e+00 9.992001274367295904e-01 0.000000000000000000e+00 3.998881506636533384e-02
3.210000000000000000e+02 1.000000000000000000e+00 9.992001274367303676e-01 0.000000000000000000e+00 3.998881506636672162e-02
3.220000000000000000e+02 1.000000000000000000e+00 9.992001274367299235e-01 0.000000000000000000e+00 3.998881506637100292e-02
3.230000000000000000e+02 1.000000000000000000e+00 9.992001274367297015e-01 0.000000000000000000e+00 3.998881506637393113e-02
3.240000000000000000e+02 1.000000000000000000e+00 9.992001274367299235e-01 0.000000000000000000e+00 3.998881506636875471e-02
3.250000000000000000e+02 1.000000000000000000e+00 9.992001274367297015e-01 0.000000000000000000e+00 3.998881506637030903e-02
3.260000000000000000e+02 1.000000000000000000e+00 9.992001274367017238e-01 0.000000000000000000e+00 3.998881506637864958e-02
3.270000000000000000e+02 1.000000000000000000e+00 9.992001274366943964e-01 0.000000000000000000e+00 3.998881506637630423e-02
3.280000000000000000e+02 1.000000000000000000e+00 9.992001274367048325e-01 0.000000000000000000e+00 3.998881506637835120e-02
3.290000000000000000e+02 1.000000000000000000e+00 9.992001274367032781e-01 0.000000000000000000e+00 3.998881506637919775e-02
3.300000000000000000e+02 1.000000000000000000e+00 9.992001274367294794e-01 0.000000000000000000e+00 3.998881506636785266e-02
3.310000000000000000e+02 1.000000000000000000e+00 9.992001274367292574e-01 0.000000000000000000e+00 3.998881506636924738e-02
3.320000000000000000e+02 1.000000000000000000e+00 9.992001274367283692e-01 0.000000000000000000e+00 3.998881506637010780e-02
3.330000000000000000e+02 1.000000000000000000e+00 9.992001274367297015e-01 0.000000000000000000e+00 3.998881506638018307e-02
3.340000000000000000e+02 1.000000000000000000e+00 9.992001274367298125e-01 0.000000000000000000e+00 3.998881506637139149e-02
3.350000000000000000e+02 1.000000000000000000e+00 9.992001274367023900e-01 0.000000000000000000e+00 3.998881506637778915e-02
3.360000000000000000e+02 1.000000000000000000e+00 9.992001274367297015e-01 0.000000000000000000e+00 3.998881506637143313e-02
3.370000000000000000e+02 1.000000000000000000e+00 9.992001274367298125e-01 0.000000000000000000e+00 3.998881506637359806e-02
3.380000000000000000e+02 1.000000000000000000e+00 9.992001274367301455e-01 0.000000000000000000e+00 3.998881506636917105e-02
3.390000000000000000e+02 1.000000000000000000e+00 9.992001274367294794e-01 0.000000000000000000e+00 3.998881506636704081e-02
3.400000000000000000e+02 1.000000000000000000e+00 9.992001274367302566e-01 0.000000000000000000e+00 3.998881506637361888e-02
3.410000000000000000e+02 1.000000000000000000e+00 9.992001274367301455e-01 0.000000000000000000e+00 3.998881506636914329e-02
3.420000000000000000e+02 1.000000000000000000e+00 9.992001274367084962e-01 0.000000000000000000e+00 3.998881506637887856e-02
3.430000000000000000e+02 1.000000000000000000e+00 9.992001274367023900e-01 0.000000000000000000e+00 3.998881506637809446e-02
3.440000000000000000e+02 1.000000000000000000e+00 9.992001274367297015e-01 0.000000000000000000e+00 3.998881506637113475e-02
3.450000000000000000e+02 1.000000000000000000e+00 9.992001274367295904e-01 0.000000000000000000e+00 3.998881506637091965e-02
3.460000000000000000e+02 1.000000000000000000e+00 9.992001274366995034e-01 0.000000000000000000e+00 3.998881506637808059e-02
3.470000000000000000e+02 1.000000000000000000e+00 9.992001274367082742e-01 0.000000000000000000e+00 3.998881506637810834e-02
3.480000000000000000e+02 1.000000000000000000e+00 9.992001274367008357e-01 0.000000000000000000e+00 3.998881506637689404e-02
3.490000000000000000e+02 1.000000000000000000e+00 9.992001274367297015e-01 0.000000000000000000e+00 3.998881506636560446e-02
3.500000000000000000e+02 1.000000000000000000e+00 9.992001274367301455e-01 0.000000000000000000e+00 3.998881506637140537e-02
3.510000000000000000e+02 1.000000000000000000e+00 9.992001274367301455e-01 0.000000000000000000e+00 3.998881506636896288e-02
3.520000000000000000e+02 1.000000000000000000e+00 9.992001274367298125e-01 0.000000000000000000e+00 3.998881506636975391e-02
3.530000000000000000e+02 1.000000000000000000e+00 9.992001274367294794e-01 0.000000000000000000e+00 3.998881506636883798e-02
3.540000000000000000e+02 1.000000000000000000e+00 9.992001274367294794e-01 0.000000000000000000e+00 3.998881506636822042e-02
3.550000000000000000e+02 1.000000000000000000e+00 9.992001274367290353e-01 0.000000000000000000e+00 3.998881506637230049e-02
3.560000000000000000e+02 1.000000000000000000e+00 9.992001274366900665e-01 0.000000000000000000e+00 3.998881506637708139e-02
3.570000000000000000e+02 1.000000000000000000e+00 9.992001274367297015e-01 0.000000000000000000e+00 3.998881506637448624e-02
3.580000000000000000e+02 1.000000000000000000e+00 9.992001274367292574e-01 0.000000000000000000e+00 3.998881506637053107e-02
3.590000000000000000e+02 1.000000000000000000e+00 9.992001274367304786e-01 0.000000000000000000e+00 3.998881506636837307e-02
3.600000000000000000e+02 1.000000000000000000e+00 9.992001274367292574e-01 0.000000000000000000e+00 3.998881506637113475e-02
3.610000000000000000e+02 1.000000000000000000e+00 9.992001274367064978e-01 0.000000000000000000e+00 3.998881506637783773e-02
3.620000000000000000e+02 1.000000000000000000e+00 9.992001274366969499e-01 0.000000000000000000e+00 3.998881506637879529e-02
3.630000000000000000e+02 1.000000000000000000e+00 9.992001274367043884e-01 0.000000000000000000e+00 3.998881506637613076e-02
3.640000000000000000e+02 1.000000000000000000e+00 9.992001274367300345e-01 0.000000000000000000e+00 3.998881506637252253e-02
3.650000000000000000e+02 1.000000000000000000e+00 9.992001274367302566e-01 0.000000000000000000e+00 3.998881506637588096e-02
3.660000000000000000e+02 1.000000000000000000e+00 9.992001274367301455e-01 0.000000000000000000e+00 3.998881506636835920e-02
3.670000000000000000e+02 1.000000000000000000e+00 9.992001274367233732e-01 0.000000000000000000e+00 3.998881506637591565e-02
3.680000000000000000e+02 1.000000000000000000e+00 9.992001274367279251e-01 0.000000000000000000e+00 3.998881506637676220e-02
3.690000000000000000e+02 1.000000000000000000e+00 9.992001274367039443e-01 0.000000000000000000e+00 3.998881506637808059e-02
3.700000000000000000e+02 1.000000000000000000e+00 9.992001274367299235e-01 0.000000000000000000e+00 3.998881506637539524e-02
3.710000000000000000e+02 1.000000000000000000e+00 9.992001274367294794e-01 0.000000000000000000e+00 3.998881506637314009e-02
3.720000000000000000e+02 1.000000000000000000e+00 9.992001274367295904e-01 0.000000000000000000e+00 3.998881506637185640e-02
3.730000000000000000e+02 1.000000000000000000e+00 9.992001274367292574e-01 0.000000000000000000e+00 3.998881506637216171e-02
3.740000000000000000e+02 1.000000000000000000e+00 9.992001274367043884e-01 0.000000000000000000e+00 3.998881506637744221e-02
3.750000000000000000e+02 1.000000000000000000e+00 9.992001274367294794e-01 0.000000000000000000e+00 3.998881506637467359e-02
3.760000000000000000e+02 1.000000000000000000e+00 9.992001274367292574e-01 0.000000000000000000e+00 3.998881506637428501e-02
3.770000000000000000e+02 1.000000000000000000e+00 9.992001274367294794e-01 0.000000000000000000e+00 3.998881506637173844e-02
3.780000000000000000e+02 1.000000000000000000e+00 9.992001274367300345e-01 0.000000000000000000e+00 3.998881506637044780e-02
3.790000000000000000e+02 1.000000000000000000e+00 9.992001274367295904e-01 0.000000000000000000e+00 3.998881506637371602e-02
3.800000000000000000e+02 1.000000000000000000e+00 9.992001274366979491e-01 0.000000000000000000e+00 3.998881506637718547e-02
3.810000000000000000e+02 1.000000000000000000e+00 9.992001274367295904e-01 0.000000000000000000e+00 3.998881506637080863e-02
3.820000000000000000e+02 1.000000000000000000e+00 9.992001274367297015e-01 0.000000000000000000e+00 3.998881506637325112e-02
3.830000000000000000e+02 1.000000000000000000e+00 9.992001274367290353e-01 0.000000000000000000e+00 3.998881506637450706e-02
3.840000000000000000e+02 1.000000000000000000e+00 9.992001274367294794e-01 0.000000000000000000e+00 3.998881506637307071e-02
3.850000000000000000e+02 1.000000000000000000e+00 9.992001274367303676e-01 0.000000000000000000e+00 3.998881506636928207e-02
3.860000000000000000e+02 1.000000000000000000e+00 9.992001274367297015e-01 0.000000000000000000e+00 3.998881506636982330e-02
3.870000000000000000e+02 1.000000000000000000e+00 9.992001274367300345e-01 0.000000000000000000e+00 3.998881506637044086e-02
3.880000000000000000e+02 1.000000000000000000e+00 9.992001274366956176e-01 0.000000000000000000e+00 3.998881506637674138e-02
3.890000000000000000e+02 1.000000000000000000e+00 9.992001274366961727e-01 0.000000000000000000e+00 3.998881506637759486e-02
3.900000000000000000e+02 1.000000000000000000e+00 9.992001274366988373e-01 0.000000000000000000e+00 3.998881506637851080e-02
3.910000000000000000e+02 1.000000000000000000e+00 9.992001274367297015e-01 0.000000000000000000e+00 3.998881506637080863e-02
3.920000000000000000e+02 1.000000000000000000e+00 9.992001274367292574e-01 0.000000000000000000e+00 3.998881506637311234e-02
3.930000000000000000e+02 1.000000000000000000e+00 9.992001274367307007e-01 0.000000000000000000e+00 3.998881506637095434e-02
3.940000000000000000e+02 1.000000000000000000e+00 9.992001274367278141e-01 0.000000000000000000e+00 3.998881506637898958e-02
3.950000000000000000e+02 1.000000000000000000e+00 9.992001274367308117e-01 0.000000000000000000e+00 3.998881506637427807e-02
3.960000000000000000e+02 1.000000000000000000e+00 9.992001274367023900e-01 0.000000000000000000e+00 3.998881506637810834e-02
3.970000000000000000e+02 1.000000000000000000e+00 9.992001274367301455e-01 0.000000000000000000e+00 3.998881506636867839e-02
3.980000000000000000e+02 1.000000000000000000e+00 9.992001274367297015e-01 0.000000000000000000e+00 3.998881506637204375e-02
3.990000000000000000e+02 1.000000000000000000e+00 9.992001274367291463e-01 0.000000000000000000e+00 3.998881506637057964e-02
4.000000000000000000e+02 1.000000000000000000e+00 9.992001274367294794e-01 0.000000000000000000e+00 3.998881506637563810e-02
4.010000000000000000e+02 1.000000000000000000e+00 9.992001274367061647e-01 0.000000000000000000e+00 3.998881506637678995e-02
4.020000000000000000e+02 1.000000000000000000e+00 9.992001274367303676e-01 0.000000000000000000e+00 3.998881506637264743e-02
4.030000000000000000e+02 1.000000000000000000e+00 9.992001274367287023e-01 0.000000000000000000e+00 3.998881506637718547e-02
4.040000000000000000e+02 1.000000000000000000e+00 9.992001274367300345e-01 0.000000000000000000e+00 3.998881506637241845e-02
4.050000000000000000e+02 1.000000000000000000e+00 9.992001274367295904e-01 0.000000000000000000e+00 3.998881506637661648e-02
4.060000000000000000e+02 1.000000000000000000e+00 9.992001274367297015e-01 0.000000000000000000e+00 3.998881506637467359e-02
4.070000000000000000e+02 1.000000000000000000e+00 9.992001274367316999e-01 0.000000000000000000e+00 3.998881506637661648e-02
4.080000000000000000e+02 1.000000000000000000e+00 9.992001274367282582e-01 0.000000000000000000e+00 3.998881506637660260e-02
4.090000000000000000e+02 1.000000000000000000e+00 9.992001274367023900e-01 0.000000000000000000e+00 3.998881506637860100e-02
4.100000000000000000e+02 1.000000000000000000e+00 9.992001274367047214e-01 0.000000000000000000e+00 3.998881506637803895e-02
4.110000000000000000e+02 1.000000000000000000e+00 9.992001274366967278e-01 0.000000000000000000e+00 3.998881506637785854e-02
4.120000000000000000e+02 1.000000000000000000e+00 9.992001274367299235e-01 0.000000000000000000e+00 3.998881506637803895e-02
4.130000000000000000e+02 1.000000000000000000e+00 9.992001274367294794e-01 0.000000000000000000e+00 3.998881506637690791e-02
4.140000000000000000e+02 1.000000000000000000e+00 9.992001274367290353e-01 0.000000000000000000e+00 3.998881506637794181e-02
4.150000000000000000e+02 1.000000000000000000e+00 9.992001274367281471e-01 0.000000000000000000e+00 3.998881506637808059e-02
4.160000000000000000e+02 1.000000000000000000e+00 9.992001274367291463e-01 0.000000000000000000e+00 3.998881506637341765e-02
4.170000000000000000e+02 1.000000000000000000e+00 9.992001274367297015e-01 0.000000000000000000e+00 3.998881506637461808e-02
4.180000000000000000e+02 1.000000000000000000e+00 9.992001274367294794e-01 0.000000000000000000e+00 3.998881506637062128e-02
4.190000000000000000e+02 1.000000000000000000e+00 9.992001274367301455e-01 0.000000000000000000e+00 3.998881506637651934e-02
4.200000000000000000e+02 1.000000000000000000e+00 9.992001274367303676e-01 0.000000000000000000e+00 3.998881506637130129e-02
4.210000000000000000e+02 1.000000000000000000e+00 9.992001274367301455e-01 0.000000000000000000e+00 3.998881506637302907e-02
4.220000000000000000e+02 1.000000000000000000e+00 9.992001274367297015e-01 0.000000000000000000e+00 3.998881506637370215e-02
4.230000000000000000e+02 1.000000000000000000e+00 9.992001274367301455e-01 0.000000000000000000e+00 3.998881506637508992e-02
4.240000000000000000e+02 1.000000000000000000e+00 9.992001274367297015e-01 0.000000000000000000e+00 3.998881506637513850e-02
4.250000000000000000e+02 1.000000000000000000e+00 9.992001274367025010e-01 0.000000000000000000e+00 3.998881506637892019e-02
4.260000000000000000e+02 1.000000000000000000e+00 9.992001274367287023e-01 0.000000000000000000e+00 3.998881506637005229e-02
4.270000000000000000e+02 1.000000000000000000e+00 9.992001274367292574e-01 0.000000000000000000e+00 3.998881506637541605e-02
4.280000000000000000e+02 1.000000000000000000e+00 9.992001274367301455e-01 0.000000000000000000e+00 3.998881506638166106e-02
4.290000000000000000e+02 1.000000000000000000e+00 9.992001274367292574e-01 0.000000000000000000e+00 3.998881506637580463e-02
4.300000000000000000e+02 1.000000000000000000e+00 9.992001274367294794e-01 0.000000000000000000e+00 3.998881506637047556e-02
4.310000000000000000e+02 1.000000000000000000e+00 9.992001274366987262e-01 0.000000000000000000e+00 3.998881506637784466e-02
4.320000000000000000e+02 1.000000000000000000e+00 9.992001274367298125e-01 0.000000000000000000e+00 3.998881506637467359e-02
4.330000000000000000e+02 1.000000000000000000e+00 9.992001274367302566e-01 0.000000000000000000e+00 3.998881506637241151e-02
4.340000000000000000e+02 1.000000000000000000e+00 9.992001274367297015e-01 0.000000000000000000e+00 3.998881506637644995e-02
4.350000000000000000e+02 1.000000000000000000e+00 9.992001274367299235e-01 0.000000000000000000e+00 3.998881506637457645e-02
4.360000000000000000e+02 1.000000000000000000e+00 9.992001274367292574e-01 0.000000000000000000e+00 3.998881506637212702e-02
4.370000000000000000e+02 1.000000000000000000e+00 9.992001274367033892e-01 0.000000000000000000e+00 3.998881506637665811e-02
4.380000000000000000e+02 1.000000000000000000e+00 9.992001274367299235e-01 0.000000000000000000e+00 3.998881506636974004e-02
4.390000000000000000e+02 1.000000000000000000e+00 9.992001274367299235e-01 0.000000000000000000e+00 3.998881506637360500e-02
4.400000000000000000e+02 1.000000000000000000e+00 9.992001274367297015e-01 0.000000000000000000e+00 3.998881506637307764e-02
4.410000000000000000e+02 1.000000000000000000e+00 9.992001274367301455e-01 0.000000000000000000e+00 3.998881506636936534e-02
4.420000000000000000e+02 1.000000000000000000e+00 9.992001274367294794e-01 0.000000000000000000e+00 3.998881506637600586e-02
4.430000000000000000e+02 1.000000000000000000e+00 9.992001274367302566e-01 0.000000000000000000e+00 3.998881506637856631e-02
4.440000000000000000e+02 1.000000000000000000e+00 9.992001274367287023e-01 0.000000000000000000e+00 3.998881506637662342e-02
4.450000000000000000e+02 1.000000000000000000e+00 9.992001274367294794e-01 0.000000000000000000e+00 3.998881506637359112e-02
4.460000000000000000e+02 1.000000000000000000e+00 9.992001274366876240e-01 0.000000000000000000e+00 3.998881506637626260e-02
4.470000000000000000e+02 1.000000000000000000e+00 9.992001274367031671e-01 0.000000000000000000e+00 3.998881506637724792e-02
4.480000000000000000e+02 1.000000000000000000e+00 9.992001274367301455e-01 0.000000000000000000e+00 3.998881506637306377e-02
4.490000000000000000e+02 1.000000000000000000e+00 9.992001274367297015e-01 0.000000000000000000e+00 3.998881506637829569e-02
4.500000000000000000e+02 1.000000000000000000e+00 9.992001274367000585e-01 0.000000000000000000e+00 3.998881506637871203e-02
4.510000000000000000e+02 1.000000000000000000e+00 9.992001274366983932e-01 0.000000000000000000e+00 3.998881506637783773e-02
4.520000000000000000e+02 1.000000000000000000e+00 9.992001274367287023e-01 0.000000000000000000e+00 3.998881506637630423e-02
4.530000000000000000e+02 1.000000000000000000e+00 9.992001274367302566e-01 0.000000000000000000e+00 3.998881506637957939e-02
4.540000000000000000e+02 1.000000000000000000e+00 9.992001274367035002e-01 0.000000000000000000e+00 3.998881506637810834e-02
4.550000000000000000e+02 1.000000000000000000e+00 9.992001274367299235e-01 0.000000000000000000e+00 3.998881506637492339e-02
4.560000000000000000e+02 1.000000000000000000e+00 9.992001274367284802e-01 0.000000000000000000e+00 3.998881506637646382e-02
4.570000000000000000e+02 1.000000000000000000e+00 9.992001274367299235e-01 0.000000000000000000e+00 3.998881506637436134e-02
4.580000000000000000e+02 1.000000000000000000e+00 9.992001274367293684e-01 0.000000000000000000e+00 3.998881506637860794e-02
4.590000000000000000e+02 1.000000000000000000e+00 9.992001274366928421e-01 0.000000000000000000e+00 3.998881506637724098e-02
4.600000000000000000e+02 1.000000000000000000e+00 9.992001274367295904e-01 0.000000000000000000e+00 3.998881506637932959e-02
4.610000000000000000e+02 1.000000000000000000e+00 9.992001274367294794e-01 0.000000000000000000e+00 3.998881506637489563e-02
4.620000000000000000e+02 1.000000000000000000e+00 9.992001274367295904e-01 0.000000000000000000e+00 3.998881506637891325e-02
4.630000000000000000e+02 1.000000000000000000e+00 9.992001274367302566e-01 0.000000000000000000e+00 3.998881506636983718e-02
4.640000000000000000e+02 1.000000000000000000e+00 9.992001274367292574e-01 0.000000000000000000e+00 3.998881506637929489e-02
4.650000000000000000e+02 1.000000000000000000e+00 9.992001274367299235e-01 0.000000000000000000e+00 3.998881506637477073e-02
4.660000000000000000e+02 1.000000000000000000e+00 9.992001274367290353e-01 0.000000000000000000e+00 3.998881506637535360e-02
4.670000000000000000e+02 1.000000000000000000e+00 9.992001274367292574e-01 0.000000000000000000e+00 3.998881506637615157e-02
4.680000000000000000e+02 1.000000000000000000e+00 9.992001274367293684e-01 0.000000000000000000e+00 3.998881506637694955e-02
4.690000000000000000e+02 1.000000000000000000e+00 9.992001274367292574e-01 0.000000000000000000e+00 3.998881506637737976e-02
4.700000000000000000e+02 1.000000000000000000e+00 9.992001274367292574e-01 0.000000000000000000e+00 3.998881506637448624e-02
4.710000000000000000e+02 1.000000000000000000e+00 9.992001274367284802e-01 0.000000000000000000e+00 3.998881506637873978e-02
4.720000000000000000e+02 1.000000000000000000e+00 9.992001274367299235e-01 0.000000000000000000e+00 3.998881506637912142e-02
4.730000000000000000e+02 1.000000000000000000e+00 9.992001274367290353e-01 0.000000000000000000e+00 3.998881506638064104e-02
4.740000000000000000e+02 1.000000000000000000e+00 9.992001274367298125e-01 0.000000000000000000e+00 3.998881506637725486e-02
4.750000000000000000e+02 1.000000000000000000e+00 9.992001274367301455e-01 0.000000000000000000e+00 3.998881506637585320e-02
4.760000000000000000e+02 1.000000000000000000e+00 9.992001274366970609e-01 0.000000000000000000e+00 3.998881506637766425e-02
4.770000000000000000e+02 1.000000000000000000e+00 9.992001274366898445e-01 0.000000000000000000e+00 3.998881506637705363e-02
4.780000000000000000e+02 1.000000000000000000e+00 9.992001274366969499e-01 0.000000000000000000e+00 3.998881506637828182e-02
4.790000000000000000e+02 1.000000000000000000e+00 9.992001274367297015e-01 0.000000000000000000e+00 3.998881506637327193e-02
4.800000000000000000e+02 1.000000000000000000e+00 9.992001274367030561e-01 0.000000000000000000e+00 3.998881506637799732e-02
4.810000000000000000e+02 1.000000000000000000e+00 9.992001274367297015e-01 0.000000000000000000e+00 3.998881506637550626e-02
4.820000000000000000e+02 1.000000000000000000e+00 9.992001274367026120e-01 0.000000000000000000e+00 3.998881506637821243e-02
4.830000000000000000e+02 1.000000000000000000e+00 9.992001274367001695e-01 0.000000000000000000e+00 3.998881506637692873e-02
4.840000000000000000e+02 1.000000000000000000e+00 9.992001274367297015e-01 0.000000000000000000e+00 3.998881506637398664e-02
4.850000000000000000e+02 1.000000000000000000e+00 9.992001274367292574e-01 0.000000000000000000e+00 3.998881506637570749e-02
4.860000000000000000e+02 1.000000000000000000e+00 9.992001274367291463e-01 0.000000000000000000e+00 3.998881506637454869e-02
4.870000000000000000e+02 1.000000000000000000e+00 9.992001274367287023e-01 0.000000000000000000e+00 3.998881506637766425e-02
4.880000000000000000e+02 1.000000000000000000e+00 9.992001274367287023e-01 0.000000000000000000e+00 3.998881506637910754e-02
4.890000000000000000e+02 1.000000000000000000e+00 9.992001274367291463e-01 0.000000000000000000e+00 3.998881506637762956e-02
4.900000000000000000e+02 1.000000000000000000e+00 9.992001274367292574e-01 0.000000000000000000e+00 3.998881506638248678e-02
4.910000000000000000e+02 1.000000000000000000e+00 9.992001274367293684e-01 0.000000000000000000e+00 3.998881506637915612e-02
4.920000000000000000e+02 1.000000000000000000e+00 9.992001274366982821e-01 0.000000000000000000e+00 3.998881506637712996e-02
4.930000000000000000e+02 1.000000000000000000e+00 9.992001274367294794e-01 0.000000000000000000e+00 3.998881506637638750e-02
4.940000000000000000e+02 1.000000000000000000e+00 9.992001274367294794e-01 0.000000000000000000e+00 3.998881506637847610e-02
4.950000000000000000e+02 1.000000000000000000e+00 9.992001274367290353e-01 0.000000000000000000e+00 3.998881506637549932e-02
4.960000000000000000e+02 1.000000000000000000e+00 9.992001274367294794e-01 0.000000000000000000e+00 3.998881506637527034e-02
4.970000000000000000e+02 1.000000000000000000e+00 9.992001274367287023e-01 0.000000000000000000e+00 3.998881506637339683e-02
4.980000000000000000e+02 1.000000000000000000e+00 9.992001274367293684e-01 0.000000000000000000e+00 3.998881506638052308e-02
4.990000000000000000e+02 1.000000000000000000e+00 9.992001274367292574e-01 0.000000000000000000e+00 3.998881506637661648e-02
