500 4
0.000000000000000000e+00 1.000000000000000000e+00 9.992001274367299235e-01 0.000000000000000000e+00 3.998881506638712890e-02
1.000000000000000000e+00 1.000000000000000000e+00 9.992001274367287023e-01 0.000000000000000000e+00 3.998881506637095434e-02
2.000000000000000000e+00 1.000000000000000000e+00 9.992001274367311447e-01 0.000000000000000000e+00 3.998881506637248090e-02
3.000000000000000000e+00 1.000000000000000000e+00 9.992001274367303676e-01 0.000000000000000000e+00 3.998881506637121108e-02
4.000000000000000000e+00 1.000000000000000000e+00 9.992001274367295904e-01 0.000000000000000000e+00 3.998881506638430477e-02
5.000000000000000000e+00 1.000000000000000000e+00 9.992001274367301455e-01 0.000000000000000000e+00 3.998881506636244726e-02
6.000000000000000000e+00 1.000000000000000000e+00 9.992001274367291463e-01 0.000000000000000000e+00 3.998881506636586119e-02
7.000000000000000000e+00 1.000000000000000000e+00 9.992001274367300345e-01 0.000000000000000000e+00 3.998881506638861383e-02
8.000000000000000000e+00 1.000000000000000000e+00 9.992001274367297015e-01 0.000000000000000000e+00 3.998881506638300026e-02
9.000000000000000000e+00 1.000000000000000000e+00 9.992001274367299235e-01 0.000000000000000000e+00 3.998881506637107230e-02
1.000000000000000000e+01 1.000000000000000000e+00 9.992001274367303676e-01 0.000000000000000000e+00 3.998881506635970640e-02
1.100000000000000000e+01 1.000000000000000000e+00 9.992001274367303676e-01 0.000000000000000000e+00 3.998881506636929595e-02
1.200000000000000000e+01 1.000000000000000000e+00 9.992001274367303676e-01 0.000000000000000000e+00 3.998881506638179290e-02
1.300000000000000000e+01 1.000000000000000000e+00 9.992001274367298125e-01 0.000000000000000000e+00 3.998881506639419964e-02
1.400000000000000000e+01 1.000000000000000000e+00 9.992001274367303676e-01 0.000000000000000000e+00 3.998881506638121003e-02
1.500000000000000000e+01 1.000000000000000000e+00 9.992001274367301455e-01 0.000000000000000000e+00 3.998881506636873390e-02
1.600000000000000000e+01 1.000000000000000000e+00 9.992001274367298125e-01 0.000000000000000000e+00 3.998881506636759592e-02
1.700000000000000000e+01 1.000000000000000000e+00 9.992001274367294794e-01 0.000000000000000000e+00 3.998881506638646277e-02
1.800000000000000000e+01 1.000000000000000000e+00 9.992001274367303676e-01 0.000000000000000000e+00 3.998881506638535255e-02
1.900000000000000000e+01 1.000000000000000000e+00 9.992001274367297015e-01 0.000000000000000000e+00 3.998881506638923139e-02
2.000000000000000000e+01 1.000000000000000000e+00 9.992001274367301455e-01 0.000000000000000000e+00 3.998881506638572725e-02
2.100000000000000000e+01 1.000000000000000000e+00 9.992001274367293684e-01 0.000000000000000000e+00 3.998881506639071631e-02
2.200000000000000000e+01 1.000000000000000000e+00 9.992001274367300345e-01 0.000000000000000000e+00 3.998881506639419270e-02
2.300000000000000000e+01 1.000000000000000000e+00 9.992001274367299235e-01 0.000000000000000000e+00 3.998881506637312622e-02
2.400000000000000000e+01 1.000000000000000000e+00 9.992001274367292574e-01 0.000000000000000000e+00 3.998881506638587296e-02
2.500000000000000000e+01 1.000000000000000000e+00 9.992001274367301455e-01 0.000000000000000000e+00 3.998881506637008004e-02
2.600000000000000000e+01 1.000000000000000000e+00 9.992001274367299235e-01 0.000000000000000000e+00 3.998881506637029515e-02
2.700000000000000000e+01 1.000000000000000000e+00 9.992001274367292574e-01 0.000000000000000000e+00 3.998881506638977956e-02
2.800000000000000000e+01 1.000000000000000000e+00 9.992001274367297015e-01 0.000000000000000000e+00 3.998881506638236188e-02
2.900000000000000000e+01 1.000000000000000000e+00 9.992001274367293684e-01 0.000000000000000000e+00 3.998881506638816974e-02
3.000000000000000000e+01 1.000000000000000000e+00 9.992001274367301455e-01 0.000000000000000000e+00 3.998881506638891914e-02
3.100000000000000000e+01 1.000000000000000000e+00 9.992001274367299235e-01 0.000000000000000000e+00 3.998881506638736483e-02
3.200000000000000000e+01 1.000000000000000000e+00 9.992001274367298125e-01 0.000000000000000000e+00 3.998881506638551908e-02
3.300000000000000000e+01 1.000000000000000000e+00 9.992001274367297015e-01 0.000000000000000000e+00 3.998881506637006616e-02
3.400000000000000000e+01 1.000000000000000000e+00 9.992001274367289243e-01 0.000000000000000000e+00 3.998881506639238859e-02
3.500000000000000000e+01 1.000000000000000000e+00 9.992001274367294794e-01 0.000000000000000000e+00 3.998881506638563010e-02
3.600000000000000000e+01 1.000000000000000000e+00 9.992001274367301455e-01 0.000000000000000000e+00 3.998881506637073230e-02
3.700000000000000000e+01 1.000000000000000000e+00 9.992001274367290353e-01 0.000000000000000000e+00 3.998881506637581851e-02
3.800000000000000000e+01 1.000000000000000000e+00 9.992001274367300345e-01 0.000000000000000000e+00 3.998881506638892608e-02
3.900000000000000000e+01 1.000000000000000000e+00 9.992001274367283692e-01 0.000000000000000000e+00 3.998881506637334826e-02
4.000000000000000000e+01 1.000000000000000000e+00 9.992001274367297015e-01 0.000000000000000000e+00 3.998881506638636563e-02
4.100000000000000000e+01 1.000000000000000000e+00 9.992001274367294794e-01 0.000000000000000000e+00 3.998881506638638644e-02
4.200000000000000000e+01 1.000000000000000000e+00 9.992001274367302566e-01 0.000000000000000000e+00 3.998881506636854655e-02
4.300000000000000000e+01 1.000000000000000000e+00 9.992001274367300345e-01 0.000000000000000000e+00 3.998881506636607630e-02
4.400000000000000000e+01 1.000000000000000000e+00 9.992001274367297015e-01 0.000000000000000000e+00 3.998881506638909261e-02
4.500000000000000000e+01 1.000000000000000000e+00 9.992001274367297015e-01 0.000000000000000000e+00 3.998881506639025835e-02
4.600000000000000000e+01 1.000000000000000000e+00 9.992001274367297015e-01 0.000000000000000000e+00 3.998881506637153027e-02
4.700000000000000000e+01 1.000000000000000000e+00 9.992001274367290353e-01 0.000000000000000000e+00 3.998881506637502053e-02
4.800000000000000000e+01 1.000000000000000000e+00 9.992001274367298125e-01 0.000000000000000000e+00 3.998881506636615263e-02
4.900000000000000000e+01 1.000000000000000000e+00 9.992001274367294794e-01 0.000000000000000000e+00 3.998881506639334615e-02
5.000000000000000000e+01 1.000000000000000000e+00 9.992001274367297015e-01 0.000000000000000000e+00 3.998881506636936534e-02
5.100000000000000000e+01 1.000000000000000000e+00 9.992001274367290353e-01 0.000000000000000000e+00 3.998881506637103067e-02
5.200000000000000000e+01 1.000000000000000000e+00 9.992001274367298125e-01 0.000000000000000000e+00 3.998881506636663835e-02
5.300000000000000000e+01 1.000000000000000000e+00 9.992001274367297015e-01 0.000000000000000000e+00 3.998881506637154415e-02
5.400000000000000000e+01 1.000000000000000000e+00 9.992001274367298125e-01 0.000000000000000000e+00 3.998881506637222416e-02
5.500000000000000000e+01 1.000000000000000000e+00 9.992001274367300345e-01 0.000000000000000000e+00 3.998881506638352762e-02
5.600000000000000000e+01 1.000000000000000000e+00 9.992001274367294794e-01 0.000000000000000000e+00 3.998881506639039018e-02
5.700000000000000000e+01 1.000000000000000000e+00 9.992001274367287023e-01 0.000000000000000000e+00 3.998881506637376460e-02
5.800000000000000000e+01 1.000000000000000000e+00 9.992001274367303676e-01 0.000000000000000000e+00 3.998881506637548544e-02
5.900000000000000000e+01 1.000000000000000000e+00 9.992001274367301455e-01 0.000000000000000000e+00 3.998881506638902322e-02
6.000000000000000000e+01 1.000000000000000000e+00 9.992001274367299235e-01 0.000000000000000000e+00 3.998881506639034855e-02
6.100000000000000000e+01 1.000000000000000000e+00 9.992001274367301455e-01 0.000000000000000000e+00 3.998881506636865757e-02
6.200000000000000000e+01 1.000000000000000000e+00 9.992001274367299235e-01 0.000000000000000000e+00 3.998881506638612277e-02
6.300000000000000000e+01 1.000000000000000000e+00 9.992001274367294794e-01 0.000000000000000000e+00 3.998881506636809552e-02
6.400000000000000000e+01 1.000000000000000000e+00 9.992001274367292574e-01 0.000000000000000000e+00 3.998881506636952493e-02
6.500000000000000000e+01 1.000000000000000000e+00 9.992001274367301455e-01 0.000000000000000000e+00 3.998881506637358418e-02
6.600000000000000000e+01 1.000000000000000000e+00 9.992001274367299235e-01 0.000000000000000000e+00 3.998881506636892125e-02
6.700000000000000000e+01 1.000000000000000000e+00 9.992001274367301455e-01 0.000000000000000000e+00 3.998881506636549343e-02
6.800000000000000000e+01 1.000000000000000000e+00 9.992001274367294794e-01 0.000000000000000000e+00 3.998881506638739258e-02
6.900000000000000000e+01 1.000000000000000000e+00 9.992001274367300345e-01 0.000000000000000000e+00 3.998881506638476274e-02
7.000000000000000000e+01 1.000000000000000000e+00 9.992001274367302566e-01 0.000000000000000000e+00 3.998881506637165517e-02
7.100000000000000000e+01 1.000000000000000000e+00 9.992001274367301455e-01 0.000000000000000000e+00 3.998881506636452199e-02
7.200000000000000000e+01 1.000000000000000000e+00 9.992001274367299235e-01 0.000000000000000000e+00 3.998881506638884281e-02
7.300000000000000000e+01 1.000000000000000000e+00 9.992001274367301455e-01 0.000000000000000000e+00 3.998881506638501948e-02
7.400000000000000000e+01 1.000000000000000000e+00 9.992001274367298125e-01 0.000000000000000000e+00 3.998881506636948330e-02
7.500000000000000000e+01 1.000000000000000000e+00 9.992001274367299235e-01 0.000000000000000000e+00 3.998881506638483907e-02
7.600000000000000000e+01 1.000000000000000000e+00 9.992001274367299235e-01 0.000000000000000000e+00 3.998881506638510275e-02
7.700000000000000000e+01 1.000000000000000000e+00 9.992001274367290353e-01 0.000000000000000000e+00 3.998881506639250655e-02
7.800000000000000000e+01 1.000000000000000000e+00 9.992001274367297015e-01 0.000000000000000000e+00 3.998881506636985800e-02
7.900000000000000000e+01 1.000000000000000000e+00 9.992001274367294794e-01 0.000000000000000000e+00 3.998881506638737870e-02
8.000000000000000000e+01 1.000000000000000000e+00 9.992001274367293684e-01 0.000000000000000000e+00 3.998881506640012545e-02
8.100000000000000000e+01 1.000000000000000000e+00 9.992001274367297015e-01 0.000000000000000000e+00 3.998881506638744809e-02
8.200000000000000000e+01 1.000000000000000000e+00 9.992001274367297015e-01 0.000000000000000000e+00 3.998881506637146088e-02
8.300000000000000000e+01 1.000000000000000000e+00 9.992001274367294794e-01 0.000000000000000000e+00 3.998881506639352656e-02
8.400000000000000000e+01 1.000000000000000000e+00 9.992001274367299235e-01 0.000000000000000000e+00 3.998881506638680278e-02
8.500000000000000000e+01 1.000000000000000000e+00 9.992001274367301455e-01 0.000000000000000000e+00 3.998881506638451988e-02
8.600000000000000000e+01 1.000000000000000000e+00 9.992001274367301455e-01 0.000000000000000000e+00 3.998881506636840083e-02
8.700000000000000000e+01 1.000000000000000000e+00 9.992001274367298125e-01 0.000000000000000000e+00 3.998881506636616651e-02
8.800000000000000000e+01 1.000000000000000000e+00 9.992001274367303676e-01 0.000000000000000000e+00 3.998881506638495703e-02
8.900000000000000000e+01 1.000000000000000000e+00 9.992001274367295904e-01 0.000000000000000000e+00 3.998881506639363065e-02
9.000000000000000000e+01 1.000000000000000000e+00 9.992001274367297015e-01 0.000000000000000000e+00 3.998881506638506111e-02
9.100000000000000000e+01 1.000000000000000000e+00 9.992001274367292574e-01 0.000000000000000000e+00 3.998881506637499278e-02
9.200000000000000000e+01 1.000000000000000000e+00 9.992001274367300345e-01 0.000000000000000000e+00 3.998881506639236083e-02
9.300000000000000000e+01 1.000000000000000000e+00 9.992001274367301455e-01 0.000000000000000000e+00 3.998881506637043393e-02
9.400000000000000000e+01 1.000000000000000000e+00 9.992001274367297015e-01 0.000000000000000000e+00 3.998881506638615052e-02
9.500000000000000000e+01 1.000000000000000000e+00 9.992001274367299235e-01 0.000000000000000000e+00 3.998881506636822042e-02
9.600000000000000000e+01 1.000000000000000000e+00 9.992001274367300345e-01 0.000000000000000000e+00 3.998881506638442274e-02
9.700000000000000000e+01 1.000000000000000000e+00 9.992001274367292574e-01 0.000000000000000000e+00 3.998881506636683958e-02
9.800000000000000000e+01 1.000000000000000000e+00 9.992001274367297015e-01 0.000000000000000000e+00 3.998881506638021083e-02
9.900000000000000000e+01 1.000000000000000000e+00 9.992001274367295904e-01 0.000000000000000000e+00 3.998881506636964289e-02
1.000000000000000000e+02 1.000000000000000000e+00 9.992001274367294794e-01 0.000000000000000000e+00 3.998881506638833627e-02
1.010000000000000000e+02 1.000000000000000000e+00 9.992001274367297015e-01 0.000000000000000000e+00 3.998881506636884492e-02
1.020000000000000000e+02 1.000000000000000000e+00 9.992001274367297015e-01 0.000000000000000000e+00 3.998881506638746891e-02
1.030000000000000000e+02 1.000000000000000000e+00 9.992001274367297015e-01 0.000000000000000000e+00 3.998881506638858607e-02
1.040000000000000000e+02 1.000000000000000000e+00 9.992001274367297015e-01 0.000000000000000000e+00 3.998881506637037841e-02
1.050000000000000000e+02 1.000000000000000000e+00 9.992001274367300345e-01 0.000000000000000000e+00 3.998881506638690686e-02
1.060000000000000000e+02 1.000000000000000000e+00 9.992001274367299235e-01 0.000000000000000000e+00 3.998881506638979344e-02
1.070000000000000000e+02 1.000000000000000000e+00 9.992001274367290353e-01 0.000000000000000000e+00 3.998881506638819749e-02
1.080000000000000000e+02 1.000000000000000000e+00 9.992001274367291463e-01 0.000000000000000000e+00 3.998881506637071842e-02
1.090000000000000000e+02 1.000000000000000000e+00 9.992001274367299235e-01 0.000000000000000000e+00 3.998881506637632505e-02
1.100000000000000000e+02 1.000000000000000000e+00 9.992001274367292574e-01 0.000000000000000000e+00 3.998881506638415212e-02
1.110000000000000000e+02 1.000000000000000000e+00 9.992001274367305896e-01 0.000000000000000000e+00 3.998881506637948918e-02
1.120000000000000000e+02 1.000000000000000000e+00 9.992001274367301455e-01 0.000000000000000000e+00 3.998881506636773470e-02
1.130000000000000000e+02 1.000000000000000000e+00 9.992001274367305896e-01 0.000000000000000000e+00 3.998881506638751748e-02
1.140000000000000000e+02 1.000000000000000000e+00 9.992001274367295904e-01 0.000000000000000000e+00 3.998881506638536643e-02
1.150000000000000000e+02 1.000000000000000000e+00 9.992001274367298125e-01 0.000000000000000000e+00 3.998881506639142408e-02
1.160000000000000000e+02 1.000000000000000000e+00 9.992001274367297015e-01 0.000000000000000000e+00 3.998881506637158578e-02
1.170000000000000000e+02 1.000000000000000000e+00 9.992001274367294794e-01 0.000000000000000000e+00 3.998881506638014838e-02
1.180000000000000000e+02 1.000000000000000000e+00 9.992001274367294794e-01 0.000000000000000000e+00 3.998881506637600586e-02
1.190000000000000000e+02 1.000000000000000000e+00 9.992001274367301455e-01 0.000000000000000000e+00 3.998881506638429090e-02
1.200000000000000000e+02 1.000000000000000000e+00 9.992001274367295904e-01 0.000000000000000000e+00 3.998881506637954469e-02
1.210000000000000000e+02 1.000000000000000000e+00 9.992001274367292574e-01 0.000000000000000000e+00 3.998881506638812811e-02
1.220000000000000000e+02 1.000000000000000000e+00 9.992001274367297015e-01 0.000000000000000000e+00 3.998881506638157085e-02
1.230000000000000000e+02 1.000000000000000000e+00 9.992001274367292574e-01 0.000000000000000000e+00 3.998881506638695543e-02
1.240000000000000000e+02 1.000000000000000000e+00 9.992001274367294794e-01 0.000000000000000000e+00 3.998881506638560235e-02
1.250000000000000000e+02 1.000000000000000000e+00 9.992001274367297015e-01 0.000000000000000000e+00 3.998881506639481026e-02
1.260000000000000000e+02 1.000000000000000000e+00 9.992001274367293684e-01 0.000000000000000000e+00 3.998881506638438804e-02
1.270000000000000000e+02 1.000000000000000000e+00 9.992001274367287023e-01 0.000000000000000000e+00 3.998881506639288819e-02
1.280000000000000000e+02 1.000000000000000000e+00 9.992001274367292574e-01 0.000000000000000000e+00 3.998881506638696237e-02
1.290000000000000000e+02 1.000000000000000000e+00 9.992001274367297015e-01 0.000000000000000000e+00 3.998881506638318067e-02
1.300000000000000000e+02 1.000000000000000000e+00 9.992001274367289243e-01 0.000000000000000000e+00 3.998881506636946942e-02
1.310000000000000000e+02 1.000000000000000000e+00 9.992001274367303676e-01 0.000000000000000000e+00 3.998881506638506111e-02
1.320000000000000000e+02 1.000000000000000000e+00 9.992001274367298125e-01 0.000000000000000000e+00 3.998881506638114758e-02
1.330000000000000000e+02 1.000000000000000000e+00 9.992001274367301455e-01 0.000000000000000000e+00 3.998881506636745714e-02
1.340000000000000000e+02 1.000000000000000000e+00 9.992001274367303676e-01 0.000000000000000000e+00 3.998881506638173045e-02
1.350000000000000000e+02 1.000000000000000000e+00 9.992001274367298125e-01 0.000000000000000000e+00 3.998881506638659461e-02
1.360000000000000000e+02 1.000000000000000000e+00 9.992001274367297015e-01 0.000000000000000000e+00 3.998881506638292394e-02
1.370000000000000000e+02 1.000000000000000000e+00 9.992001274367297015e-01 0.000000000000000000e+00 3.998881506637123190e-02
1.380000000000000000e+02 1.000000000000000000e+00 9.992001274367301455e-01 0.000000000000000000e+00 3.998881506637935040e-02
1.390000000000000000e+02 1.000000000000000000e+00 9.992001274367300345e-01 0.000000000000000000e+00 3.998881506638907873e-02
1.400000000000000000e+02 1.000000000000000000e+00 9.992001274367297015e-01 0.000000000000000000e+00 3.998881506636987881e-02
1.410000000000000000e+02 1.000000000000000000e+00 9.992001274367299235e-01 0.000000000000000000e+00 3.998881506637410460e-02
1.420000000000000000e+02 1.000000000000000000e+00 9.992001274367303676e-01 0.000000000000000000e+00 3.998881506637980837e-02
1.430000000000000000e+02 1.000000000000000000e+00 9.992001274367308117e-01 0.000000000000000000e+00 3.998881506637078087e-02
1.440000000000000000e+02 1.000000000000000000e+00 9.992001274367294794e-01 0.000000000000000000e+00 3.998881506637134292e-02
1.450000000000000000e+02 1.000000000000000000e+00 9.992001274367299235e-01 0.000000000000000000e+00 3.998881506636302319e-02
1.460000000000000000e+02 1.000000000000000000e+00 9.992001274367298125e-01 0.000000000000000000e+00 3.998881506638198025e-02
1.470000000000000000e+02 1.000000000000000000e+00 9.992001274367297015e-01 0.000000000000000000e+00 3.998881506637422950e-02
1.480000000000000000e+02 1.000000000000000000e+00 9.992001274367298125e-01 0.000000000000000000e+00 3.998881506638327088e-02
1.490000000000000000e+02 1.000000000000000000e+00 9.992001274367291463e-01 0.000000000000000000e+00 3.998881506638355537e-02
1.500000000000000000e+02 1.000000000000000000e+00 9.992001274367294794e-01 0.000000000000000000e+00 3.998881506638196637e-02
1.510000000000000000e+02 1.000000000000000000e+00 9.992001274367297015e-01 0.000000000000000000e+00 3.998881506637139149e-02
1.520000000000000000e+02 1.000000000000000000e+00 9.992001274367297015e-01 0.000000000000000000e+00 3.998881506638568561e-02
1.530000000000000000e+02 1.000000000000000000e+00 9.992001274367291463e-01 0.000000000000000000e+00 3.998881506637436134e-02
1.540000000000000000e+02 1.000000000000000000e+00 9.992001274367299235e-01 0.000000000000000000e+00 3.998881506639094530e-02
1.550000000000000000e+02 1.000000000000000000e+00 9.992001274367294794e-01 0.000000000000000000e+00 3.998881506637471522e-02
1.560000000000000000e+02 1.000000000000000000e+00 9.992001274367297015e-01 0.000000000000000000e+00 3.998881506637072536e-02
1.570000000000000000e+02 1.000000000000000000e+00 9.992001274367299235e-01 0.000000000000000000e+00 3.998881506638116839e-02
1.580000000000000000e+02 1.000000000000000000e+00 9.992001274367294794e-01 0.000000000000000000e+00 3.998881506637113475e-02
1.590000000000000000e+02 1.000000000000000000e+00 9.992001274367292574e-01 0.000000000000000000e+00 3.998881506639104244e-02
1.600000000000000000e+02 1.000000000000000000e+00 9.992001274367301455e-01 0.000000000000000000e+00 3.998881506637708833e-02
1.610000000000000000e+02 1.000000000000000000e+00 9.992001274367299235e-01 0.000000000000000000e+00 3.998881506638161942e-02
1.620000000000000000e+02 1.000000000000000000e+00 9.992001274367305896e-01 0.000000000000000000e+00 3.998881506637640137e-02
1.630000000000000000e+02 1.000000000000000000e+00 9.992001274367292574e-01 0.000000000000000000e+00 3.998881506639088285e-02
1.640000000000000000e+02 1.000000000000000000e+00 9.992001274367297015e-01 0.000000000000000000e+00 3.998881506638320843e-02
1.650000000000000000e+02 1.000000000000000000e+00 9.992001274367294794e-01 0.000000000000000000e+00 3.998881506637476380e-02
1.660000000000000000e+02 1.000000000000000000e+00 9.992001274367294794e-01 0.000000000000000000e+00 3.998881506638758687e-02
1.670000000000000000e+02 1.000000000000000000e+00 9.992001274367301455e-01 0.000000000000000000e+00 3.998881506637501360e-02
1.680000000000000000e+02 1.000000000000000000e+00 9.992001274367295904e-01 0.000000000000000000e+00 3.998881506638501948e-02
1.690000000000000000e+02 1.000000000000000000e+00 9.992001274367298125e-01 0.000000000000000000e+00 3.998881506638624767e-02
1.700000000000000000e+02 1.000000000000000000e+00 9.992001274367294794e-01 0.000000000000000000e+00 3.998881506638576888e-02
1.710000000000000000e+02 1.000000000000000000e+00 9.992001274367292574e-01 0.000000000000000000e+00 3.998881506638673339e-02
1.720000000000000000e+02 1.000000000000000000e+00 9.992001274367300345e-01 0.000000000000000000e+00 3.998881506638463784e-02
1.730000000000000000e+02 1.000000000000000000e+00 9.992001274367305896e-01 0.000000000000000000e+00 3.998881506637825406e-02
1.740000000000000000e+02 1.000000000000000000e+00 9.992001274367300345e-01 0.000000000000000000e+00 3.998881506637431277e-02
1.750000000000000000e+02 1.000000000000000000e+00 9.992001274367302566e-01 0.000000000000000000e+00 3.998881506639009181e-02
1.760000000000000000e+02 1.000000000000000000e+00 9.992001274367292574e-01 0.000000000000000000e+00 3.998881506637649852e-02
1.770000000000000000e+02 1.000000000000000000e+00 9.992001274367299235e-01 0.000000000000000000e+00 3.998881506637116945e-02
1.780000000000000000e+02 1.000000000000000000e+00 9.992001274367304786e-01 0.000000000000000000e+00 3.998881506637924632e-02
1.790000000000000000e+02 1.000000000000000000e+00 9.992001274367295904e-01 0.000000000000000000e+00 3.998881506639081346e-02
1.800000000000000000e+02 1.000000000000000000e+00 9.992001274367299235e-01 0.000000000000000000e+00 3.998881506638270883e-02
1.810000000000000000e+02 1.000000000000000000e+00 9.992001274367299235e-01 0.000000000000000000e+00 3.998881506638044675e-02
1.820000000000000000e+02 1.000000000000000000e+00 9.992001274367293684e-01 0.000000000000000000e+00 3.998881506637717853e-02
1.830000000000000000e+02 1.000000000000000000e+00 9.992001274367297015e-01 0.000000000000000000e+00 3.998881506638400640e-02
1.840000000000000000e+02 1.000000000000000000e+00 9.992001274367301455e-01 0.000000000000000000e+00 3.998881506638132105e-02
1.850000000000000000e+02 1.000000000000000000e+00 9.992001274367297015e-01 0.000000000000000000e+00 3.998881506638984895e-02
1.860000000000000000e+02 1.000000000000000000e+00 9.992001274367316999e-01 0.000000000000000000e+00 3.998881506638549826e-02
1.870000000000000000e+02 1.000000000000000000e+00 9.992001274367298125e-01 0.000000000000000000e+00 3.998881506638763544e-02
1.880000000000000000e+02 1.000000000000000000e+00 9.992001274367300345e-01 0.000000000000000000e+00 3.998881506637193273e-02
1.890000000000000000e+02 1.000000000000000000e+00 9.992001274367308117e-01 0.000000000000000000e+00 3.998881506638290312e-02
1.900000000000000000e+02 1.000000000000000000e+00 9.992001274367297015e-01 0.000000000000000000e+00 3.998881506639150735e-02
1.910000000000000000e+02 1.000000000000000000e+00 9.992001274367299235e-01 0.000000000000000000e+00 3.998881506636858818e-02
1.920000000000000000e+02 1.000000000000000000e+00 9.992001274367300345e-01 0.000000000000000000e+00 3.998881506637184946e-02
1.930000000000000000e+02 1.000000000000000000e+00 9.992001274367297015e-01 0.000000000000000000e+00 3.998881506637467359e-02
1.940000000000000000e+02 1.000000000000000000e+00 9.992001274367304786e-01 0.000000000000000000e+00 3.998881506638292394e-02
1.950000000000000000e+02 1.000000000000000000e+00 9.992001274367303676e-01 0.000000000000000000e+00 3.998881506638701788e-02
1.960000000000000000e+02 1.000000000000000000e+00 9.992001274367299235e-01 0.000000000000000000e+00 3.998881506636911554e-02
1.970000000000000000e+02 1.000000000000000000e+00 9.992001274367304786e-01 0.000000000000000000e+00 3.998881506637741445e-02
1.980000000000000000e+02 1.000000000000000000e+00 9.992001274367303676e-01 0.000000000000000000e+00 3.998881506638057859e-02
1.990000000000000000e+02 1.000000000000000000e+00 9.992001274367305896e-01 0.000000000000000000e+00 3.998881506637091965e-02
2.000000000000000000e+02 1.000000000000000000e+00 9.992001274367297015e-01 0.000000000000000000e+00 3.998881506637094740e-02
2.010000000000000000e+02 1.000000000000000000e+00 9.992001274367299235e-01 0.000000000000000000e+00 3.998881506637888550e-02
2.020000000000000000e+02 1.000000000000000000e+00 9.992001274367293684e-01 0.000000000000000000e+00 3.998881506638270189e-02
2.030000000000000000e+02 1.000000000000000000e+00 9.992001274367290353e-01 0.000000000000000000e+00 3.998881506637132210e-02
2.040000000000000000e+02 1.000000000000000000e+00 9.992001274367301455e-01 0.000000000000000000e+00 3.998881506638204963e-02
2.050000000000000000e+02 1.000000000000000000e+00 9.992001274367301455e-01 0.000000000000000000e+00 3.998881506637518013e-02
2.060000000000000000e+02 1.000000000000000000e+00 9.992001274367297015e-01 0.000000000000000000e+00 3.998881506637595729e-02
2.070000000000000000e+02 1.000000000000000000e+00 9.992001274367299235e-01 0.000000000000000000e+00 3.998881506638851668e-02
2.080000000000000000e+02 1.000000000000000000e+00 9.992001274367301455e-01 0.000000000000000000e+00 3.998881506637062822e-02
2.090000000000000000e+02 1.000000000000000000e+00 9.992001274367305896e-01 0.000000000000000000e+00 3.998881506638259087e-02
2.100000000000000000e+02 1.000000000000000000e+00 9.992001274367302566e-01 0.000000000000000000e+00 3.998881506638159861e-02
2.110000000000000000e+02 1.000000000000000000e+00 9.992001274367294794e-01 0.000000000000000000e+00 3.998881506637200905e-02
2.120000000000000000e+02 1.000000000000000000e+00 9.992001274367305896e-01 0.000000000000000000e+00 3.998881506637369521e-02
2.130000000000000000e+02 1.000000000000000000e+00 9.992001274367297015e-01 0.000000000000000000e+00 3.998881506637446542e-02
2.140000000000000000e+02 1.000000000000000000e+00 9.992001274367305896e-01 0.000000000000000000e+00 3.998881506637543687e-02
2.150000000000000000e+02 1.000000000000000000e+00 9.992001274367299235e-01 0.000000000000000000e+00 3.998881506638110594e-02
2.160000000000000000e+02 1.000000000000000000e+00 9.992001274367301455e-01 0.000000000000000000e+00 3.998881506638116146e-02
2.170000000000000000e+02 1.000000000000000000e+00 9.992001274367294794e-01 0.000000000000000000e+00 3.998881506639467842e-02
2.180000000000000000e+02 1.000000000000000000e+00 9.992001274367294794e-01 0.000000000000000000e+00 3.998881506637600586e-02
2.190000000000000000e+02 1.000000000000000000e+00 9.992001274367302566e-01 0.000000000000000000e+00 3.998881506638277128e-02
2.200000000000000000e+02 1.000000000000000000e+00 9.992001274367297015e-01 0.000000000000000000e+00 3.998881506638247291e-02
2.210000000000000000e+02 1.000000000000000000e+00 9.992001274367301455e-01 0.000000000000000000e+00 3.998881506637239763e-02
2.220000000000000000e+02 1.000000000000000000e+00 9.992001274367290353e-01 0.000000000000000000e+00 3.998881506638712197e-02
2.230000000000000000e+02 1.000000000000000000e+00 9.992001274367301455e-01 0.000000000000000000e+00 3.998881506637833733e-02
2.240000000000000000e+02 1.000000000000000000e+00 9.992001274367300345e-01 0.000000000000000000e+00 3.998881506637055189e-02
2.250000000000000000e+02 1.000000000000000000e+00 9.992001274367305896e-01 0.000000000000000000e+00 3.998881506638238964e-02
2.260000000000000000e+02 1.000000000000000000e+00 9.992001274367300345e-01 0.000000000000000000e+00 3.998881506638027328e-02
2.270000000000000000e+02 1.000000000000000000e+00 9.992001274367300345e-01 0.000000000000000000e+00 3.998881506637593647e-02
2.280000000000000000e+02 1.000000000000000000e+00 9.992001274367300345e-01 0.000000000000000000e+00 3.998881506638277822e-02
2.290000000000000000e+02 1.000000000000000000e+00 9.992001274367299235e-01 0.000000000000000000e+00 3.998881506638244515e-02
2.300000000000000000e+02 1.000000000000000000e+00 9.992001274367302566e-01 0.000000000000000000e+00 3.998881506637665117e-02
2.310000000000000000e+02 1.000000000000000000e+00 9.992001274367290353e-01 0.000000000000000000e+00 3.998881506637808059e-02
2.320000000000000000e+02 1.000000000000000000e+00 9.992001274367299235e-01 0.000000000000000000e+00 3.998881506637998878e-02
2.330000000000000000e+02 1.000000000000000000e+00 9.992001274367293684e-01 0.000000000000000000e+00 3.998881506637314703e-02
2.340000000000000000e+02 1.000000000000000000e+00 9.992001274367292574e-01 0.000000000000000000e+00 3.998881506638551214e-02
2.350000000000000000e+02 1.000000000000000000e+00 9.992001274367299235e-01 0.000000000000000000e+00 3.998881506638370803e-02
2.360000000000000000e+02 1.000000000000000000e+00 9.992001274367297015e-01 0.000000000000000000e+00 3.998881506636674243e-02
2.370000000000000000e+02 1.000000000000000000e+00 9.992001274367295904e-01 0.000000000000000000e+00 3.998881506637212008e-02
2.380000000000000000e+02 1.000000000000000000e+00 9.992001274367294794e-01 0.000000000000000000e+00 3.998881506637939898e-02
2.390000000000000000e+02 1.000000000000000000e+00 9.992001274367294794e-01 0.000000000000000000e+00 3.998881506636983024e-02
2.400000000000000000e+02 1.000000000000000000e+00 9.992001274367292574e-01 0.000000000000000000e+00 3.998881506636774857e-02
2.410000000000000000e+02 1.000000000000000000e+00 9.992001274367294794e-01 0.000000000000000000e+00 3.998881506638669869e-02
2.420000000000000000e+02 1.000000000000000000e+00 9.992001274367303676e-01 0.000000000000000000e+00 3.998881506637934347e-02
2.430000000000000000e+02 1.000000000000000000e+00 9.992001274367299235e-01 0.000000000000000000e+00 3.998881506637252253e-02
2.440000000000000000e+02 1.000000000000000000e+00 9.992001274367299235e-01 0.000000000000000000e+00 3.998881506637270988e-02
2.450000000000000000e+02 1.000000000000000000e+00 9.992001274367294794e-01 0.000000000000000000e+00 3.998881506638365946e-02
2.460000000000000000e+02 1.000000000000000000e+00 9.992001274367301455e-01 0.000000000000000000e+00 3.998881506636985800e-02
2.470000000000000000e+02 1.000000000000000000e+00 9.992001274367292574e-01 0.000000000000000000e+00 3.998881506637817773e-02
2.480000000000000000e+02 1.000000000000000000e+00 9.992001274367292574e-01 0.000000000000000000e+00 3.998881506637687322e-02
2.490000000000000000e+02 1.000000000000000000e+00 9.992001274367294794e-01 0.000000000000000000e+00 3.998881506637411848e-02
2.500000000000000000e+02 1.000000000000000000e+00 9.992001274367295904e-01 0.000000000000000000e+00 3.998881506637337602e-02
2.510000000000000000e+02 1.000000000000000000e+00 9.992001274367295904e-01 0.000000000000000000e+00 3.998881506637817079e-02
2.520000000000000000e+02 1.000000000000000000e+00 9.992001274367297015e-01 0.000000000000000000e+00 3.998881506637041311e-02
2.530000000000000000e+02 1.000000000000000000e+00 9.992001274367298125e-01 0.000000000000000000e+00 3.998881506637786548e-02
2.540000000000000000e+02 1.000000000000000000e+00 9.992001274367300345e-01 0.000000000000000000e+00 3.998881506638182065e-02
2.550000000000000000e+02 1.000000000000000000e+00 9.992001274367301455e-01 0.000000000000000000e+00 3.998881506637679689e-02
2.560000000000000000e+02 1.000000000000000000e+00 9.992001274367304786e-01 0.000000000000000000e+00 3.998881506637966959e-02
2.570000000000000000e+02 1.000000000000000000e+00 9.992001274367304786e-01 0.000000000000000000e+00 3.998881506637921857e-02
2.580000000000000000e+02 1.000000000000000000e+00 9.992001274367320329e-01 0.000000000000000000e+00 3.998881506638230637e-02
2.590000000000000000e+02 1.000000000000000000e+00 9.992001274367294794e-01 0.000000000000000000e+00 3.998881506638201494e-02
2.600000000000000000e+02 1.000000000000000000e+00 9.992001274367287023e-01 0.000000000000000000e+00 3.998881506637297356e-02
2.610000000000000000e+02 1.000000000000000000e+00 9.992001274367294794e-01 0.000000000000000000e+00 3.998881506637411154e-02
2.620000000000000000e+02 1.000000000000000000e+00 9.992001274367300345e-01 0.000000000000000000e+00 3.998881506638504724e-02
2.630000000000000000e+02 1.000000000000000000e+00 9.992001274367301455e-01 0.000000000000000000e+00 3.998881506637802508e-02
2.640000000000000000e+02 1.000000000000000000e+00 9.992001274367299235e-01 0.000000000000000000e+00 3.998881506637125965e-02
2.650000000000000000e+02 1.000000000000000000e+00 9.992001274367282582e-01 0.000000000000000000e+00 3.998881506636908778e-02
2.660000000000000000e+02 1.000000000000000000e+00 9.992001274367297015e-01 0.000000000000000000e+00 3.998881506638585215e-02
2.670000000000000000e+02 1.000000000000000000e+00 9.992001274367297015e-01 0.000000000000000000e+00 3.998881506637064903e-02
2.680000000000000000e+02 1.000000000000000000e+00 9.992001274367301455e-01 0.000000000000000000e+00 3.998881506638183453e-02
2.690000000000000000e+02 1.000000000000000000e+00 9.992001274367301455e-01 0.000000000000000000e+00 3.998881506638000960e-02
2.700000000000000000e+02 1.000000000000000000e+00 9.992001274367303676e-01 0.000000000000000000e+00 3.998881506638488764e-02
2.710000000000000000e+02 1.000000000000000000e+00 9.992001274367292574e-01 0.000000000000000000e+00 3.998881506637637362e-02
2.720000000000000000e+02 1.000000000000000000e+00 9.992001274367301455e-01 0.000000000000000000e+00 3.998881506637800426e-02
2.730000000000000000e+02 1.000000000000000000e+00 9.992001274367299235e-01 0.000000000000000000e+00 3.998881506638558153e-02
2.740000000000000000e+02 1.000000000000000000e+00 9.992001274367294794e-01 0.000000000000000000e+00 3.998881506638993916e-02
2.750000000000000000e+02 1.000000000000000000e+00 9.992001274367299235e-01 0.000000000000000000e+00 3.998881506637638750e-02
2.760000000000000000e+02 1.000000000000000000e+00 9.992001274367298125e-01 0.000000000000000000e+00 3.998881506637957245e-02
2.770000000000000000e+02 1.000000000000000000e+00 9.992001274367297015e-01 0.000000000000000000e+00 3.998881506637060740e-02
2.780000000000000000e+02 1.000000000000000000e+00 9.992001274367289243e-01 0.000000000000000000e+00 3.998881506637337602e-02
2.790000000000000000e+02 1.000000000000000000e+00 9.992001274367298125e-01 0.000000000000000000e+00 3.998881506638335415e-02
2.800000000000000000e+02 1.000000000000000000e+00 9.992001274367299235e-01 0.000000000000000000e+00 3.998881506637916305e-02
2.810000000000000000e+02 1.000000000000000000e+00 9.992001274367297015e-01 0.000000000000000000e+00 3.998881506638182065e-02
2.820000000000000000e+02 1.000000000000000000e+00 9.992001274367299235e-01 0.000000000000000000e+00 3.998881506638366640e-02
2.830000000000000000e+02 1.000000000000000000e+00 9.992001274367293684e-01 0.000000000000000000e+00 3.998881506638001654e-02
2.840000000000000000e+02 1.000000000000000000e+00 9.992001274367297015e-01 0.000000000000000000e+00 3.998881506638349292e-02
2.850000000000000000e+02 1.000000000000000000e+00 9.992001274367311447e-01 0.000000000000000000e+00 3.998881506638050226e-02
2.860000000000000000e+02 1.000000000000000000e+00 9.992001274367298125e-01 0.000000000000000000e+00 3.998881506637589484e-02
2.870000000000000000e+02 1.000000000000000000e+00 9.992001274367301455e-01 0.000000000000000000e+00 3.998881506638347905e-02
2.880000000000000000e+02 1.000000000000000000e+00 9.992001274367308117e-01 0.000000000000000000e+00 3.998881506637668587e-02
2.890000000000000000e+02 1.000000000000000000e+00 9.992001274367299235e-01 0.000000000000000000e+00 3.998881506637633199e-02
2.900000000000000000e+02 1.000000000000000000e+00 9.992001274367301455e-01 0.000000000000000000e+00 3.998881506637944755e-02
2.910000000000000000e+02 1.000000000000000000e+00 9.992001274367293684e-01 0.000000000000000000e+00 3.998881506638272965e-02
2.920000000000000000e+02 1.000000000000000000e+00 9.992001274367297015e-01 0.000000000000000000e+00 3.998881506637293887e-02
2.930000000000000000e+02 1.000000000000000000e+00 9.992001274367298125e-01 0.000000000000000000e+00 3.998881506637832345e-02
2.940000000000000000e+02 1.000000000000000000e+00 9.992001274367299235e-01 0.000000000000000000e+00 3.998881506637656791e-02
2.950000000000000000e+02 1.000000000000000000e+00 9.992001274367297015e-01 0.000000000000000000e+00 3.998881506638331251e-02
2.960000000000000000e+02 1.000000000000000000e+00 9.992001274367297015e-01 0.000000000000000000e+00 3.998881506637344541e-02
2.970000000000000000e+02 1.000000000000000000e+00 9.992001274367297015e-01 0.000000000000000000e+00 3.998881506637303601e-02
2.980000000000000000e+02 1.000000000000000000e+00 9.992001274367303676e-01 0.000000000000000000e+00 3.998881506638527622e-02
2.990000000000000000e+02 1.000000000000000000e+00 9.992001274367301455e-01 0.000000000000000000e+00 3.998881506638252148e-02
3.000000000000000000e+02 1.000000000000000000e+00 9.992001274367293684e-01 0.000000000000000000e+00 3.998881506638446437e-02
3.010000000000000000e+02 1.000000000000000000e+00 9.992001274367303676e-01 0.000000000000000000e+00 3.998881506638111982e-02
3.020000000000000000e+02 1.000000000000000000e+00 9.992001274367292574e-01 0.000000000000000000e+00 3.998881506638005817e-02
3.030000000000000000e+02 1.000000000000000000e+00 9.992001274367300345e-01 0.000000000000000000e+00 3.998881506638236188e-02
3.040000000000000000e+02 1.000000000000000000e+00 9.992001274367301455e-01 0.000000000000000000e+00 3.998881506638357619e-02
3.050000000000000000e+02 1.000000000000000000e+00 9.992001274367304786e-01 0.000000000000000000e+00 3.998881506637010086e-02
3.060000000000000000e+02 1.000000000000000000e+00 9.992001274367303676e-01 0.000000000000000000e+00 3.998881506637627647e-02
3.070000000000000000e+02 1.000000000000000000e+00 9.992001274367303676e-01 0.000000000000000000e+00 3.998881506637713690e-02
3.080000000000000000e+02 1.000000000000000000e+00 9.992001274367294794e-01 0.000000000000000000e+00 3.998881506637824018e-02
3.090000000000000000e+02 1.000000000000000000e+00 9.992001274367297015e-01 0.000000000000000000e+00 3.998881506636624283e-02
3.100000000000000000e+02 1.000000000000000000e+00 9.992001274367299235e-01 0.000000000000000000e+00 3.998881506637189803e-02
3.110000000000000000e+02 1.000000000000000000e+00 9.992001274367297015e-01 0.000000000000000000e+00 3.998881506638268107e-02
3.120000000000000000e+02 1.000000000000000000e+00 9.992001274367294794e-01 0.000000000000000000e+00 3.998881506637377153e-02
3.130000000000000000e+02 1.000000000000000000e+00 9.992001274367304786e-01 0.000000000000000000e+00 3.998881506637540217e-02
3.140000000000000000e+02 1.000000000000000000e+00 9.992001274367217079e-01 0.000000000000000000e+00 3.998881506638058553e-02
3.150000000000000000e+02 1.000000000000000000e+00 9.992001274367305896e-01 0.000000000000000000e+00 3.998881506638035654e-02
3.160000000000000000e+02 1.000000000000000000e+00 9.992001274367291463e-01 0.000000000000000000e+00 3.998881506637488870e-02
3.170000000000000000e+02 1.000000000000000000e+00 9.992001274367302566e-01 0.000000000000000000e+00 3.998881506638076594e-02
3.180000000000000000e+02 1.000000000000000000e+00 9.992001274367300345e-01 0.000000000000000000e+00 3.998881506637921163e-02
3.190000000000000000e+02 1.000000000000000000e+00 9.992001274367299235e-01 0.000000000000000000e+00 3.998881506638273658e-02
3.200000000000000000e+02 1.000000000000000000e+00 9.992001274367304786e-01 0.000000000000000000e+00 3.998881506638077982e-02
3.210000000000000000e+02 1.000000000000000000e+00 9.992001274367294794e-01 0.000000000000000000e+00 3.998881506637606137e-02
3.220000000000000000e+02 1.000000000000000000e+00 9.992001274367295904e-01 0.000000000000000000e+00 3.998881506638415212e-02
3.230000000000000000e+02 1.000000000000000000e+00 9.992001274367299235e-01 0.000000000000000000e+00 3.998881506638446437e-02
3.240000000000000000e+02 1.000000000000000000e+00 9.992001274367293684e-01 0.000000000000000000e+00 3.998881506637778221e-02
3.250000000000000000e+02 1.000000000000000000e+00 9.992001274367301455e-01 0.000000000000000000e+00 3.998881506638476968e-02
3.260000000000000000e+02 1.000000000000000000e+00 9.992001274367297015e-01 0.000000000000000000e+00 3.998881506637440991e-02
3.270000000000000000e+02 1.000000000000000000e+00 9.992001274367289243e-01 0.000000000000000000e+00 3.998881506637316785e-02
3.280000000000000000e+02 1.000000000000000000e+00 9.992001274367290353e-01 0.000000000000000000e+00 3.998881506637595035e-02
3.290000000000000000e+02 1.000000000000000000e+00 9.992001274367301455e-01 0.000000000000000000e+00 3.998881506637533972e-02
3.300000000000000000e+02 1.000000000000000000e+00 9.992001274367295904e-01 0.000000000000000000e+00 3.998881506637904509e-02
3.310000000000000000e+02 1.000000000000000000e+00 9.992001274367290353e-01 0.000000000000000000e+00 3.998881506637794181e-02
3.320000000000000000e+02 1.000000000000000000e+00 9.992001274367297015e-01 0.000000000000000000e+00 3.998881506638506805e-02
3.330000000000000000e+02 1.000000000000000000e+00 9.992001274367292574e-01 0.000000000000000000e+00 3.998881506638567868e-02
3.340000000000000000e+02 1.000000000000000000e+00 9.992001274367298125e-01 0.000000000000000000e+00 3.998881506638064104e-02
3.350000000000000000e+02 1.000000000000000000e+00 9.992001274367292574e-01 0.000000000000000000e+00 3.998881506638140432e-02
3.360000000000000000e+02 1.000000000000000000e+00 9.992001274367302566e-01 0.000000000000000000e+00 3.998881506637916305e-02
3.370000000000000000e+02 1.000000000000000000e+00 9.992001274367291463e-01 0.000000000000000000e+00 3.998881506638191780e-02
3.380000000000000000e+02 1.000000000000000000e+00 9.992001274367290353e-01 0.000000000000000000e+00 3.998881506638262556e-02
3.390000000000000000e+02 1.000000000000000000e+00 9.992001274367301455e-01 0.000000000000000000e+00 3.998881506637406991e-02
3.400000000000000000e+02 1.000000000000000000e+00 9.992001274367297015e-01 0.000000000000000000e+00 3.998881506637683159e-02
3.410000000000000000e+02 1.000000000000000000e+00 9.992001274367297015e-01 0.000000000000000000e+00 3.998881506637664424e-02
3.420000000000000000e+02 1.000000000000000000e+00 9.992001274367303676e-01 0.000000000000000000e+00 3.998881506637574218e-02
3.430000000000000000e+02 1.000000000000000000e+00 9.992001274367294794e-01 0.000000000000000000e+00 3.998881506638993916e-02
3.440000000000000000e+02 1.000000000000000000e+00 9.992001274367292574e-01 0.000000000000000000e+00 3.998881506637422950e-02
3.450000000000000000e+02 1.000000000000000000e+00 9.992001274367298125e-01 0.000000000000000000e+00 3.998881506638646277e-02
3.460000000000000000e+02 1.000000000000000000e+00 9.992001274367292574e-01 0.000000000000000000e+00 3.998881506637529809e-02
3.470000000000000000e+02 1.000000000000000000e+00 9.992001274367301455e-01 0.000000000000000000e+00 3.998881506637502747e-02
3.480000000000000000e+02 1.000000000000000000e+00 9.992001274367298125e-01 0.000000000000000000e+00 3.998881506638088390e-02
3.490000000000000000e+02 1.000000000000000000e+00 9.992001274367303676e-01 0.000000000000000000e+00 3.998881506638308353e-02
3.500000000000000000e+02 1.000000000000000000e+00 9.992001274367297015e-01 0.000000000000000000e+00 3.998881506638171657e-02
3.510000000000000000e+02 1.000000000000000000e+00 9.992001274367293684e-01 0.000000000000000000e+00 3.998881506637984307e-02
3.520000000000000000e+02 1.000000000000000000e+00 9.992001274367295904e-01 0.000000000000000000e+00 3.998881506637728261e-02
3.530000000000000000e+02 1.000000000000000000e+00 9.992001274367294794e-01 0.000000000000000000e+00 3.998881506637318173e-02
3.540000000000000000e+02 1.000000000000000000e+00 9.992001274367303676e-01 0.000000000000000000e+00 3.998881506638644889e-02
3.550000000000000000e+02 1.000000000000000000e+00 9.992001274367299235e-01 0.000000000000000000e+00 3.998881506638481825e-02
3.560000000000000000e+02 1.000000000000000000e+00 9.992001274367294794e-01 0.000000000000000000e+00 3.998881506637665811e-02
3.570000000000000000e+02 1.000000000000000000e+00 9.992001274367290353e-01 0.000000000000000000e+00 3.998881506638690686e-02
3.580000000000000000e+02 1.000000000000000000e+00 9.992001274367299235e-01 0.000000000000000000e+00 3.998881506637518013e-02
3.590000000000000000e+02 1.000000000000000000e+00 9.992001274367298125e-01 0.000000000000000000e+00 3.998881506637753935e-02
3.600000000000000000e+02 1.000000000000000000e+00 9.992001274367294794e-01 0.000000000000000000e+00 3.998881506638486683e-02
3.610000000000000000e+02 1.000000000000000000e+00 9.992001274367302566e-01 0.000000000000000000e+00 3.998881506637935734e-02
3.620000000000000000e+02 1.000000000000000000e+00 9.992001274367299235e-01 0.000000000000000000e+00 3.998881506638262556e-02
3.630000000000000000e+02 1.000000000000000000e+00 9.992001274367292574e-01 0.000000000000000000e+00 3.998881506638692768e-02
3.640000000000000000e+02 1.000000000000000000e+00 9.992001274367299235e-01 0.000000000000000000e+00 3.998881506638521377e-02
3.650000000000000000e+02 1.000000000000000000e+00 9.992001274367314778e-01 0.000000000000000000e+00 3.998881506637650546e-02
3.660000000000000000e+02 1.000000000000000000e+00 9.992001274367297015e-01 0.000000000000000000e+00 3.998881506638240352e-02
3.670000000000000000e+02 1.000000000000000000e+00 9.992001274367302566e-01 0.000000000000000000e+00 3.998881506638324312e-02
3.680000000000000000e+02 1.000000000000000000e+00 9.992001274367305896e-01 0.000000000000000000e+00 3.998881506637745609e-02
3.690000000000000000e+02 1.000000000000000000e+00 9.992001274367299235e-01 0.000000000000000000e+00 3.998881506637397276e-02
3.700000000000000000e+02 1.000000000000000000e+00 9.992001274367297015e-01 0.000000000000000000e+00 3.998881506638764238e-02
3.710000000000000000e+02 1.000000000000000000e+00 9.992001274367304786e-01 0.000000000000000000e+00 3.998881506637471522e-02
3.720000000000000000e+02 1.000000000000000000e+00 9.992001274367298125e-01 0.000000000000000000e+00 3.998881506638708727e-02
3.730000000000000000e+02 1.000000000000000000e+00 9.992001274367291463e-01 0.000000000000000000e+00 3.998881506637567973e-02
3.740000000000000000e+02 1.000000000000000000e+00 9.992001274367304786e-01 0.000000000000000000e+00 3.998881506637620709e-02
3.750000000000000000e+02 1.000000000000000000e+00 9.992001274367269259e-01 0.000000000000000000e+00 3.998881506637668587e-02
3.760000000000000000e+02 1.000000000000000000e+00 9.992001274367300345e-01 0.000000000000000000e+00 3.998881506638062716e-02
3.770000000000000000e+02 1.000000000000000000e+00 9.992001274367299235e-01 0.000000000000000000e+00 3.998881506638899547e-02
3.780000000000000000e+02 1.000000000000000000e+00 9.992001274367293684e-01 0.000000000000000000e+00 3.998881506638049532e-02
3.790000000000000000e+02 1.000000000000000000e+00 9.992001274367297015e-01 0.000000000000000000e+00 3.998881506638943262e-02
3.800000000000000000e+02 1.000000000000000000e+00 9.992001274367292574e-01 0.000000000000000000e+00 3.998881506638802402e-02
3.810000000000000000e+02 1.000000000000000000e+00 9.992001274367295904e-01 0.000000000000000000e+00 3.998881506637687322e-02
3.820000000000000000e+02 1.000000000000000000e+00 9.992001274367300345e-01 0.000000000000000000e+00 3.998881506638235495e-02
3.830000000000000000e+02 1.000000000000000000e+00 9.992001274367301455e-01 0.000000000000000000e+00 3.998881506638062716e-02
3.840000000000000000e+02 1.000000000000000000e+00 9.992001274367291463e-01 0.000000000000000000e+00 3.998881506637588096e-02
3.850000000000000000e+02 1.000000000000000000e+00 9.992001274367297015e-01 0.000000000000000000e+00 3.998881506637791405e-02
3.860000000000000000e+02 1.000000000000000000e+00 9.992001274367291463e-01 0.000000000000000000e+00 3.998881506638103656e-02
3.870000000000000000e+02 1.000000000000000000e+00 9.992001274367295904e-01 0.000000000000000000e+00 3.998881506638710809e-02
3.880000000000000000e+02 1.000000000000000000e+00 9.992001274367298125e-01 0.000000000000000000e+00 3.998881506637783773e-02
3.890000000000000000e+02 1.000000000000000000e+00 9.992001274367301455e-01 0.000000000000000000e+00 3.998881506638098104e-02
3.900000000000000000e+02 1.000000000000000000e+00 9.992001274367303676e-01 0.000000000000000000e+00 3.998881506638098104e-02
3.910000000000000000e+02 1.000000000000000000e+00 9.992001274367294794e-01 0.000000000000000000e+00 3.998881506638048144e-02
3.920000000000000000e+02 1.000000000000000000e+00 9.992001274367310337e-01 0.000000000000000000e+00 3.998881506637792099e-02
3.930000000000000000e+02 1.000000000000000000e+00 9.992001274367299235e-01 0.000000000000000000e+00 3.998881506638745503e-02
3.940000000000000000e+02 1.000000000000000000e+00 9.992001274367297015e-01 0.000000000000000000e+00 3.998881506638027328e-02
3.950000000000000000e+02 1.000000000000000000e+00 9.992001274367303676e-01 0.000000000000000000e+00 3.998881506638515132e-02
3.960000000000000000e+02 1.000000000000000000e+00 9.992001274367297015e-01 0.000000000000000000e+00 3.998881506637298050e-02
3.970000000000000000e+02 1.000000000000000000e+00 9.992001274367302566e-01 0.000000000000000000e+00 3.998881506638050920e-02
3.980000000000000000e+02 1.000000000000000000e+00 9.992001274367301455e-01 0.000000000000000000e+00 3.998881506636862287e-02
3.990000000000000000e+02 1.000000000000000000e+00 9.992001274367299235e-01 0.000000000000000000e+00 3.998881506636819266e-02
4.000000000000000000e+02 1.000000000000000000e+00 9.992001274367305896e-01 0.000000000000000000e+00 3.998881506637828182e-02
4.010000000000000000e+02 1.000000000000000000e+00 9.992001274367292574e-01 0.000000000000000000e+00 3.998881506637532585e-02
4.020000000000000000e+02 1.000000000000000000e+00 9.992001274367290353e-01 0.000000000000000000e+00 3.998881506638563704e-02
4.030000000000000000e+02 1.000000000000000000e+00 9.992001274367298125e-01 0.000000000000000000e+00 3.998881506638761463e-02
4.040000000000000000e+02 1.000000000000000000e+00 9.992001274367297015e-01 0.000000000000000000e+00 3.998881506637674138e-02
4.050000000000000000e+02 1.000000000000000000e+00 9.992001274367298125e-01 0.000000000000000000e+00 3.998881506637552014e-02
4.060000000000000000e+02 1.000000000000000000e+00 9.992001274367299235e-01 0.000000000000000000e+00 3.998881506637548544e-02
4.070000000000000000e+02 1.000000000000000000e+00 9.992001274367294794e-01 0.000000000000000000e+00 3.998881506637896877e-02
4.080000000000000000e+02 1.000000000000000000e+00 9.992001274367284802e-01 0.000000000000000000e+00 3.998881506638535949e-02
4.090000000000000000e+02 1.000000000000000000e+00 9.992001274367299235e-01 0.000000000000000000e+00 3.998881506637721323e-02
4.100000000000000000e+02 1.000000000000000000e+00 9.992001274367302566e-01 0.000000000000000000e+00 3.998881506638651134e-02
4.110000000000000000e+02 1.000000000000000000e+00 9.992001274367294794e-01 0.000000000000000000e+00 3.998881506638608113e-02
4.120000000000000000e+02 1.000000000000000000e+00 9.992001274367299235e-01 0.000000000000000000e+00 3.998881506637867733e-02
4.130000000000000000e+02 1.000000000000000000e+00 9.992001274367299235e-01 0.000000000000000000e+00 3.998881506638159861e-02
4.140000000000000000e+02 1.000000000000000000e+00 9.992001274367304786e-01 0.000000000000000000e+00 3.998881506637512462e-02
4.150000000000000000e+02 1.000000000000000000e+00 9.992001274367301455e-01 0.000000000000000000e+00 3.998881506638291006e-02
4.160000000000000000e+02 1.000000000000000000e+00 9.992001274367294794e-01 0.000000000000000000e+00 3.998881506638424926e-02
4.170000000000000000e+02 1.000000000000000000e+00 9.992001274367297015e-01 0.000000000000000000e+00 3.998881506638523459e-02
4.180000000000000000e+02 1.000000000000000000e+00 9.992001274367293684e-01 0.000000000000000000e+00 3.998881506638134881e-02
4.190000000000000000e+02 1.000000000000000000e+00 9.992001274367292574e-01 0.000000000000000000e+00 3.998881506637816385e-02
4.200000000000000000e+02 1.000000000000000000e+00 9.992001274367293684e-01 0.000000000000000000e+00 3.998881506638222311e-02
4.210000000000000000e+02 1.000000000000000000e+00 9.992001274367301455e-01 0.000000000000000000e+00 3.998881506637345234e-02
4.220000000000000000e+02 1.000000000000000000e+00 9.992001274367302566e-01 0.000000000000000000e+00 3.998881506637893407e-02
4.230000000000000000e+02 1.000000000000000000e+00 9.992001274367294794e-01 0.000000000000000000e+00 3.998881506637465971e-02
4.240000000000000000e+02 1.000000000000000000e+00 9.992001274367294794e-01 0.000000000000000000e+00 3.998881506638250066e-02
4.250000000000000000e+02 1.000000000000000000e+00 9.992001274367295904e-01 0.000000000000000000e+00 3.998881506638476968e-02
4.260000000000000000e+02 1.000000000000000000e+00 9.992001274367301455e-01 0.000000000000000000e+00 3.998881506638234801e-02
4.270000000000000000e+02 1.000000000000000000e+00 9.992001274367298125e-01 0.000000000000000000e+00 3.998881506638395089e-02
4.280000000000000000e+02 1.000000000000000000e+00 9.992001274367305896e-01 0.000000000000000000e+00 3.998881506637668587e-02
4.290000000000000000e+02 1.000000000000000000e+00 9.992001274367295904e-01 0.000000000000000000e+00 3.998881506637656791e-02
4.300000000000000000e+02 1.000000000000000000e+00 9.992001274367297015e-01 0.000000000000000000e+00 3.998881506638030797e-02
4.310000000000000000e+02 1.000000000000000000e+00 9.992001274367303676e-01 0.000000000000000000e+00 3.998881506637617933e-02
4.320000000000000000e+02 1.000000000000000000e+00 9.992001274367297015e-01 0.000000000000000000e+00 3.998881506638597705e-02
4.330000000000000000e+02 1.000000000000000000e+00 9.992001274367295904e-01 0.000000000000000000e+00 3.998881506637620015e-02
4.340000000000000000e+02 1.000000000000000000e+00 9.992001274367287023e-01 0.000000000000000000e+00 3.998881506638059941e-02
4.350000000000000000e+02 1.000000000000000000e+00 9.992001274367297015e-01 0.000000000000000000e+00 3.998881506637474298e-02
4.360000000000000000e+02 1.000000000000000000e+00 9.992001274367303676e-01 0.000000000000000000e+00 3.998881506637795569e-02
4.370000000000000000e+02 1.000000000000000000e+00 9.992001274367308117e-01 0.000000000000000000e+00 3.998881506638209127e-02
4.380000000000000000e+02 1.000000000000000000e+00 9.992001274367294794e-01 0.000000000000000000e+00 3.998881506636952493e-02
4.390000000000000000e+02 1.000000000000000000e+00 9.992001274367298125e-01 0.000000000000000000e+00 3.998881506637876754e-02
4.400000000000000000e+02 1.000000000000000000e+00 9.992001274367298125e-01 0.000000000000000000e+00 3.998881506636983718e-02
4.410000000000000000e+02 1.000000000000000000e+00 9.992001274367295904e-01 0.000000000000000000e+00 3.998881506638271577e-02
4.420000000000000000e+02 1.000000000000000000e+00 9.992001274367300345e-01 0.000000000000000000e+00 3.998881506637574912e-02
4.430000000000000000e+02 1.000000000000000000e+00 9.992001274367299235e-01 0.000000000000000000e+00 3.998881506637984307e-02
4.440000000000000000e+02 1.000000000000000000e+00 9.992001274367297015e-01 0.000000000000000000e+00 3.998881506637991246e-02
4.450000000000000000e+02 1.000000000000000000e+00 9.992001274367294794e-01 0.000000000000000000e+00 3.998881506637735894e-02
4.460000000000000000e+02 1.000000000000000000e+00 9.992001274367297015e-01 0.000000000000000000e+00 3.998881506638338190e-02
4.470000000000000000e+02 1.000000000000000000e+00 9.992001274367294794e-01 0.000000000000000000e+00 3.998881506637747690e-02
4.480000000000000000e+02 1.000000000000000000e+00 9.992001274367290353e-01 0.000000000000000000e+00 3.998881506637608219e-02
4.490000000000000000e+02 1.000000000000000000e+00 9.992001274367292574e-01 0.000000000000000000e+00 3.998881506638198025e-02
4.500000000000000000e+02 1.000000000000000000e+00 9.992001274367298125e-01 0.000000000000000000e+00 3.998881506638160555e-02
4.510000000000000000e+02 1.000000000000000000e+00 9.992001274367299235e-01 0.000000000000000000e+00 3.998881506638027328e-02
4.520000000000000000e+02 1.000000000000000000e+00 9.992001274367291463e-01 0.000000000000000000e+00 3.998881506638173045e-02
4.530000000000000000e+02 1.000000000000000000e+00 9.992001274367299235e-01 0.000000000000000000e+00 3.998881506637567279e-02
4.540000000000000000e+02 1.000000000000000000e+00 9.992001274367301455e-01 0.000000000000000000e+00 3.998881506638124472e-02
4.550000000000000000e+02 1.000000000000000000e+00 9.992001274367303676e-01 0.000000000000000000e+00 3.998881506637265437e-02
4.560000000000000000e+02 1.000000000000000000e+00 9.992001274367299235e-01 0.000000000000000000e+00 3.998881506637221028e-02
4.570000000000000000e+02 1.000000000000000000e+00 9.992001274367290353e-01 0.000000000000000000e+00 3.998881506638719135e-02
4.580000000000000000e+02 1.000000000000000000e+00 9.992001274367303676e-01 0.000000000000000000e+00 3.998881506637477073e-02
4.590000000000000000e+02 1.000000000000000000e+00 9.992001274367299235e-01 0.000000000000000000e+00 3.998881506638028022e-02
4.600000000000000000e+02 1.000000000000000000e+00 9.992001274367293684e-01 0.000000000000000000e+00 3.998881506637843447e-02
4.610000000000000000e+02 1.000000000000000000e+00 9.992001274367297015e-01 0.000000000000000000e+00 3.998881506638255617e-02
4.620000000000000000e+02 1.000000000000000000e+00 9.992001274367300345e-01 0.000000000000000000e+00 3.998881506638137656e-02
4.630000000000000000e+02 1.000000000000000000e+00 9.992001274367303676e-01 0.000000000000000000e+00 3.998881506637724792e-02
4.640000000000000000e+02 1.000000000000000000e+00 9.992001274367300345e-01 0.000000000000000000e+00 3.998881506637622096e-02
4.650000000000000000e+02 1.000000000000000000e+00 9.992001274367297015e-01 0.000000000000000000e+00 3.998881506638292394e-02
4.660000000000000000e+02 1.000000000000000000e+00 9.992001274367302566e-01 0.000000000000000000e+00 3.998881506637935040e-02
4.670000000000000000e+02 1.000000000000000000e+00 9.992001274367303676e-01 0.000000000000000000e+00 3.998881506638022471e-02
4.680000000000000000e+02 1.000000000000000000e+00 9.992001274367284802e-01 0.000000000000000000e+00 3.998881506637943367e-02
4.690000000000000000e+02 1.000000000000000000e+00 9.992001274367299235e-01 0.000000000000000000e+00 3.998881506637697036e-02
4.700000000000000000e+02 1.000000000000000000e+00 9.992001274367301455e-01 0.000000000000000000e+00 3.998881506637636668e-02
4.710000000000000000e+02 1.000000000000000000e+00 9.992001274367303676e-01 0.000000000000000000e+00 3.998881506637761568e-02
4.720000000000000000e+02 1.000000000000000000e+00 9.992001274367292574e-01 0.000000000000000000e+00 3.998881506638064104e-02
4.730000000000000000e+02 1.000000000000000000e+00 9.992001274367303676e-01 0.000000000000000000e+00 3.998881506638365252e-02
4.740000000000000000e+02 1.000000000000000000e+00 9.992001274367294794e-01 0.000000000000000000e+00 3.998881506638069655e-02
4.750000000000000000e+02 1.000000000000000000e+00 9.992001274367304786e-01 0.000000000000000000e+00 3.998881506637299438e-02
4.760000000000000000e+02 1.000000000000000000e+00 9.992001274367302566e-01 0.000000000000000000e+00 3.998881506637617933e-02
4.770000000000000000e+02 1.000000000000000000e+00 9.992001274367275920e-01 0.000000000000000000e+00 3.998881506637377847e-02
4.780000000000000000e+02 1.000000000000000000e+00 9.992001274367299235e-01 0.000000000000000000e+00 3.998881506637371602e-02
4.790000000000000000e+02 1.000000000000000000e+00 9.992001274367289243e-01 0.000000000000000000e+00 3.998881506638361089e-02
4.800000000000000000e+02 1.000000000000000000e+00 9.992001274367292574e-01 0.000000000000000000e+00 3.998881506637903815e-02
4.810000000000000000e+02 1.000000000000000000e+00 9.992001274367291463e-01 0.000000000000000000e+00 3.998881506638466560e-02
4.820000000000000000e+02 1.000000000000000000e+00 9.992001274367299235e-01 0.000000000000000000e+00 3.998881506638002348e-02
4.830000000000000000e+02 1.000000000000000000e+00 9.992001274367294794e-01 0.000000000000000000e+00 3.998881506637635974e-02
4.840000000000000000e+02 1.000000000000000000e+00 9.992001274367293684e-01 0.000000000000000000e+00 3.998881506638923833e-02
4.850000000000000000e+02 1.000000000000000000e+00 9.992001274367295904e-01 0.000000000000000000e+00 3.998881506638617134e-02
4.860000000000000000e+02 1.000000000000000000e+00 9.992001274367295904e-01 0.000000000000000000e+00 3.998881506638241740e-02
4.870000000000000000e+02 1.000000000000000000e+00 9.992001274367290353e-01 0.000000000000000000e+00 3.998881506637836508e-02
4.880000000000000000e+02 1.000000000000000000e+00 9.992001274367298125e-01 0.000000000000000000e+00 3.998881506637607525e-02
4.890000000000000000e+02 1.000000000000000000e+00 9.992001274367305896e-01 0.000000000000000000e+00 3.998881506637771976e-02
4.900000000000000000e+02 1.000000000000000000e+00 9.992001274367285912e-01 0.000000000000000000e+00 3.998881506637527034e-02
4.910000000000000000e+02 1.000000000000000000e+00 9.992001274367301455e-01 0.000000000000000000e+00 3.998881506638100880e-02
4.920000000000000000e+02 1.000000000000000000e+00 9.992001274367293684e-01 0.000000000000000000e+00 3.998881506637620015e-02
4.930000000000000000e+02 1.000000000000000000e+00 9.992001274367293684e-01 0.000000000000000000e+00 3.998881506638481825e-02
4.940000000000000000e+02 1.000000000000000000e+00 9.992001274367293684e-01 0.000000000000000000e+00 3.998881506637821243e-02
4.950000000000000000e+02 1.000000000000000000e+00 9.992001274367292574e-01 0.000000000000000000e+00 3.998881506638296557e-02
4.960000000000000000e+02 1.000000000000000000e+00 9.992001274367292574e-01 0.000000000000000000e+00 3.998881506638650440e-02
4.970000000000000000e+02 1.000000000000000000e+00 9.992001274367295904e-01 0.000000000000000000e+00 3.998881506638020389e-02
4.980000000000000000e+02 1.000000000000000000e+00 9.992001274367297015e-01 0.000000000000000000e+00 3.998881506638298639e-02
4.990000000000000000e+02 1.000000000000000000e+00 9.992001274367293684e-01 0.000000000000000000e+00 3.998881506637638056e-02
