500 4
0.000000000000000000e+00 1.000000000000000000e+00 9.992001274367283692e-01 0.000000000000000000e+00 3.998881506639530986e-02
1.000000000000000000e+00 1.000000000000000000e+00 9.992001274367292574e-01 0.000000000000000000e+00 3.998881506639712091e-02
2.000000000000000000e+00 1.000000000000000000e+00 9.992001274367287023e-01 0.000000000000000000e+00 3.998881506640921540e-02
3.000000000000000000e+00 1.000000000000000000e+00 9.992001274367298125e-01 0.000000000000000000e+00 3.998881506640205447e-02
4.000000000000000000e+00 1.000000000000000000e+00 9.992001274367284802e-01 0.000000000000000000e+00 3.998881506639472699e-02
5.000000000000000000e+00 1.000000000000000000e+00 9.992001274367289243e-01 0.000000000000000000e+00 3.998881506639635763e-02
6.000000000000000000e+00 1.000000000000000000e+00 9.992001274367283692e-01 0.000000000000000000e+00 3.998881506639810623e-02
7.000000000000000000e+00 1.000000000000000000e+00 9.992001274367290353e-01 0.000000000000000000e+00 3.998881506638945343e-02
8.000000000000000000e+00 1.000000000000000000e+00 9.992001274367282582e-01 0.000000000000000000e+00 3.998881506640183242e-02
9.000000000000000000e+00 1.000000000000000000e+00 9.992001274367295904e-01 0.000000000000000000e+00 3.998881506640445532e-02
1.000000000000000000e+01 1.000000000000000000e+00 9.992001274367285912e-01 0.000000000000000000e+00 3.998881506639914013e-02
1.100000000000000000e+01 1.000000000000000000e+00 9.992001274367290353e-01 0.000000000000000000e+00 3.998881506639564293e-02
1.200000000000000000e+01 1.000000000000000000e+00 9.992001274367284802e-01 0.000000000000000000e+00 3.998881506640586392e-02
1.300000000000000000e+01 1.000000000000000000e+00 9.992001274367292574e-01 0.000000000000000000e+00 3.998881506639254818e-02
1.400000000000000000e+01 1.000000000000000000e+00 9.992001274367293684e-01 0.000000000000000000e+00 3.998881506639447025e-02
1.500000000000000000e+01 1.000000000000000000e+00 9.992001274367284802e-01 0.000000000000000000e+00 3.998881506640152711e-02
1.600000000000000000e+01 1.000000000000000000e+00 9.992001274367285912e-01 0.000000000000000000e+00 3.998881506639673927e-02
1.700000000000000000e+01 1.000000000000000000e+00 9.992001274367291463e-01 0.000000000000000000e+00 3.998881506639698213e-02
1.800000000000000000e+01 1.000000000000000000e+00 9.992001274367293684e-01 0.000000000000000000e+00 3.998881506639828665e-02
1.900000000000000000e+01 1.000000000000000000e+00 9.992001274367287023e-01 0.000000000000000000e+00 3.998881506639608008e-02
2.000000000000000000e+01 1.000000000000000000e+00 9.992001274367291463e-01 0.000000000000000000e+00 3.998881506639683642e-02
2.100000000000000000e+01 1.000000000000000000e+00 9.992001274367287023e-01 0.000000000000000000e+00 3.998881506641699390e-02
2.200000000000000000e+01 1.000000000000000000e+00 9.992001274367289243e-01 0.000000000000000000e+00 3.998881506640730027e-02
2.300000000000000000e+01 1.000000000000000000e+00 9.992001274367297015e-01 0.000000000000000000e+00 3.998881506638760075e-02
2.400000000000000000e+01 1.000000000000000000e+00 9.992001274367292574e-01 0.000000000000000000e+00 3.998881506639611477e-02
2.500000000000000000e+01 1.000000000000000000e+00 9.992001274367290353e-01 0.000000000000000000e+00 3.998881506639667682e-02
2.600000000000000000e+01 1.000000000000000000e+00 9.992001274367284802e-01 0.000000000000000000e+00 3.998881506640571820e-02
2.700000000000000000e+01 1.000000000000000000e+00 9.992001274367290353e-01 0.000000000000000000e+00 3.998881506640208222e-02
2.800000000000000000e+01 1.000000000000000000e+00 9.992001274367297015e-01 0.000000000000000000e+00 3.998881506639768990e-02
2.900000000000000000e+01 1.000000000000000000e+00 9.992001274367290353e-01 0.000000000000000000e+00 3.998881506639263145e-02
3.000000000000000000e+01 1.000000000000000000e+00 9.992001274367287023e-01 0.000000000000000000e+00 3.998881506640204059e-02
3.100000000000000000e+01 1.000000000000000000e+00 9.992001274367290353e-01 0.000000000000000000e+00 3.998881506640230427e-02
3.200000000000000000e+01 1.000000000000000000e+00 9.992001274367292574e-01 0.000000000000000000e+00 3.998881506640056954e-02
3.300000000000000000e+01 1.000000000000000000e+00 9.992001274367291463e-01 0.000000000000000000e+00 3.998881506640224182e-02
3.400000000000000000e+01 1.000000000000000000e+00 9.992001274367292574e-01 0.000000000000000000e+00 3.998881506640059730e-02
3.500000000000000000e+01 1.000000000000000000e+00 9.992001274367290353e-01 0.000000000000000000e+00 3.998881506639365147e-02
3.600000000000000000e+01 1.000000000000000000e+00 9.992001274367291463e-01 0.000000000000000000e+00 3.998881506640194344e-02
3.700000000000000000e+01 1.000000000000000000e+00 9.992001274367290353e-01 0.000000000000000000e+00 3.998881506639698213e-02
3.800000000000000000e+01 1.000000000000000000e+00 9.992001274367290353e-01 0.000000000000000000e+00 3.998881506639431066e-02
3.900000000000000000e+01 1.000000000000000000e+00 9.992001274367292574e-01 0.000000000000000000e+00 3.998881506639522659e-02
4.000000000000000000e+01 1.000000000000000000e+00 9.992001274367292574e-01 0.000000000000000000e+00 3.998881506639694050e-02
4.100000000000000000e+01 1.000000000000000000e+00 9.992001274367291463e-01 0.000000000000000000e+00 3.998881506640077771e-02
4.200000000000000000e+01 1.000000000000000000e+00 9.992001274367290353e-01 0.000000000000000000e+00 3.998881506639982014e-02
4.300000000000000000e+01 1.000000000000000000e+00 9.992001274367294794e-01 0.000000000000000000e+00 3.998881506640881295e-02
4.400000000000000000e+01 1.000000000000000000e+00 9.992001274367290353e-01 0.000000000000000000e+00 3.998881506640544065e-02
4.500000000000000000e+01 1.000000000000000000e+00 9.992001274367289243e-01 0.000000000000000000e+00 3.998881506640333122e-02
4.600000000000000000e+01 1.000000000000000000e+00 9.992001274367291463e-01 0.000000000000000000e+00 3.998881506640410144e-02
4.700000000000000000e+01 1.000000000000000000e+00 9.992001274367287023e-01 0.000000000000000000e+00 3.998881506639851563e-02
4.800000000000000000e+01 1.000000000000000000e+00 9.992001274367280361e-01 0.000000000000000000e+00 3.998881506639374167e-02
4.900000000000000000e+01 1.000000000000000000e+00 9.992001274367292574e-01 0.000000000000000000e+00 3.998881506640368511e-02
5.000000000000000000e+01 1.000000000000000000e+00 9.992001274367292574e-01 0.000000000000000000e+00 3.998881506639273553e-02
5.100000000000000000e+01 1.000000000000000000e+00 9.992001274367287023e-01 0.000000000000000000e+00 3.998881506639733602e-02
5.200000000000000000e+01 1.000000000000000000e+00 9.992001274367292574e-01 0.000000000000000000e+00 3.998881506640225569e-02
5.300000000000000000e+01 1.000000000000000000e+00 9.992001274367287023e-01 0.000000000000000000e+00 3.998881506639775235e-02
5.400000000000000000e+01 1.000000000000000000e+00 9.992001274367290353e-01 0.000000000000000000e+00 3.998881506641291383e-02
5.500000000000000000e+01 1.000000000000000000e+00 9.992001274367295904e-01 0.000000000000000000e+00 3.998881506639204858e-02
5.600000000000000000e+01 1.000000000000000000e+00 9.992001274367290353e-01 0.000000000000000000e+00 3.998881506640546840e-02
5.700000000000000000e+01 1.000000000000000000e+00 9.992001274367290353e-01 0.000000000000000000e+00 3.998881506640074995e-02
5.800000000000000000e+01 1.000000000000000000e+00 9.992001274367290353e-01 0.000000000000000000e+00 3.998881506639846012e-02
5.900000000000000000e+01 1.000000000000000000e+00 9.992001274367294794e-01 0.000000000000000000e+00 3.998881506639810623e-02
6.000000000000000000e+01 1.000000000000000000e+00 9.992001274367293684e-01 0.000000000000000000e+00 3.998881506639992423e-02
6.100000000000000000e+01 1.000000000000000000e+00 9.992001274367278141e-01 0.000000000000000000e+00 3.998881506639324207e-02
6.200000000000000000e+01 1.000000000000000000e+00 9.992001274367284802e-01 0.000000000000000000e+00 3.998881506639842542e-02
6.300000000000000000e+01 1.000000000000000000e+00 9.992001274367301455e-01 0.000000000000000000e+00 3.998881506639968830e-02
6.400000000000000000e+01 1.000000000000000000e+00 9.992001274367280361e-01 0.000000000000000000e+00 3.998881506639782868e-02
6.500000000000000000e+01 1.000000000000000000e+00 9.992001274367291463e-01 0.000000000000000000e+00 3.998881506639402617e-02
6.600000000000000000e+01 1.000000000000000000e+00 9.992001274367287023e-01 0.000000000000000000e+00 3.998881506640050709e-02
6.700000000000000000e+01 1.000000000000000000e+00 9.992001274367287023e-01 0.000000000000000000e+00 3.998881506639948014e-02
6.800000000000000000e+01 1.000000000000000000e+00 9.992001274367284802e-01 0.000000000000000000e+00 3.998881506639917482e-02
6.900000000000000000e+01 1.000000000000000000e+00 9.992001274367270369e-01 0.000000000000000000e+00 3.998881506639537925e-02
7.000000000000000000e+01 1.000000000000000000e+00 9.992001274367294794e-01 0.000000000000000000e+00 3.998881506640188793e-02
7.100000000000000000e+01 1.000000000000000000e+00 9.992001274367292574e-01 0.000000000000000000e+00 3.998881506640031974e-02
7.200000000000000000e+01 1.000000000000000000e+00 9.992001274367290353e-01 0.000000000000000000e+00 3.998881506640506595e-02
7.300000000000000000e+01 1.000000000000000000e+00 9.992001274367289243e-01 0.000000000000000000e+00 3.998881506639843930e-02
7.400000000000000000e+01 1.000000000000000000e+00 9.992001274367287023e-01 0.000000000000000000e+00 3.998881506640057648e-02
7.500000000000000000e+01 1.000000000000000000e+00 9.992001274367284802e-01 0.000000000000000000e+00 3.998881506639326983e-02
7.600000000000000000e+01 1.000000000000000000e+00 9.992001274367289243e-01 0.000000000000000000e+00 3.998881506639628824e-02
7.700000000000000000e+01 1.000000000000000000e+00 9.992001274367281471e-01 0.000000000000000000e+00 3.998881506639657274e-02
7.800000000000000000e+01 1.000000000000000000e+00 9.992001274367291463e-01 0.000000000000000000e+00 3.998881506640177691e-02
7.900000000000000000e+01 1.000000000000000000e+00 9.992001274367284802e-01 0.000000000000000000e+00 3.998881506639703071e-02
8.000000000000000000e+01 1.000000000000000000e+00 9.992001274367287023e-01 0.000000000000000000e+00 3.998881506640026423e-02
8.100000000000000000e+01 1.000000000000000000e+00 9.992001274367292574e-01 0.000000000000000000e+00 3.998881506639367228e-02
8.200000000000000000e+01 1.000000000000000000e+00 9.992001274367294794e-01 0.000000000000000000e+00 3.998881506640062505e-02
8.300000000000000000e+01 1.000000000000000000e+00 9.992001274367319219e-01 0.000000000000000000e+00 3.998881506638848199e-02
8.400000000000000000e+01 1.000000000000000000e+00 9.992001274367282582e-01 0.000000000000000000e+00 3.998881506639673927e-02
8.500000000000000000e+01 1.000000000000000000e+00 9.992001274367280361e-01 0.000000000000000000e+00 3.998881506638927996e-02
8.600000000000000000e+01 1.000000000000000000e+00 9.992001274367292574e-01 0.000000000000000000e+00 3.998881506639623967e-02
8.700000000000000000e+01 1.000000000000000000e+00 9.992001274367290353e-01 0.000000000000000000e+00 3.998881506639588579e-02
8.800000000000000000e+01 1.000000000000000000e+00 9.992001274367278141e-01 0.000000000000000000e+00 3.998881506641115829e-02
8.900000000000000000e+01 1.000000000000000000e+00 9.992001274367269259e-01 0.000000000000000000e+00 3.998881506639479638e-02
9.000000000000000000e+01 1.000000000000000000e+00 9.992001274367299235e-01 0.000000000000000000e+00 3.998881506639542782e-02
9.100000000000000000e+01 1.000000000000000000e+00 9.992001274367287023e-01 0.000000000000000000e+00 3.998881506639338779e-02
9.200000000000000000e+01 1.000000000000000000e+00 9.992001274367290353e-01 0.000000000000000000e+00 3.998881506639622579e-02
9.300000000000000000e+01 1.000000000000000000e+00 9.992001274367290353e-01 0.000000000000000000e+00 3.998881506640386552e-02
9.400000000000000000e+01 1.000000000000000000e+00 9.992001274367292574e-01 0.000000000000000000e+00 3.998881506638927996e-02
9.500000000000000000e+01 1.000000000000000000e+00 9.992001274367299235e-01 0.000000000000000000e+00 3.998881506640374756e-02
9.600000000000000000e+01 1.000000000000000000e+00 9.992001274367295904e-01 0.000000000000000000e+00 3.998881506639517108e-02
9.700000000000000000e+01 1.000000000000000000e+00 9.992001274367290353e-01 0.000000000000000000e+00 3.998881506639657274e-02
9.800000000000000000e+01 1.000000000000000000e+00 9.992001274367290353e-01 0.000000000000000000e+00 3.998881506641717432e-02
9.900000000000000000e+01 1.000000000000000000e+00 9.992001274367287023e-01 0.000000000000000000e+00 3.998881506639672540e-02
1.000000000000000000e+02 1.000000000000000000e+00 9.992001274367290353e-01 0.000000000000000000e+00 3.998881506640301897e-02
1.010000000000000000e+02 1.000000000000000000e+00 9.992001274367284802e-01 0.000000000000000000e+00 3.998881506639913319e-02
1.020000000000000000e+02 1.000000000000000000e+00 9.992001274367278141e-01 0.000000000000000000e+00 3.998881506639213185e-02
1.030000000000000000e+02 1.000000000000000000e+00 9.992001274367284802e-01 0.000000000000000000e+00 3.998881506639469924e-02
1.040000000000000000e+02 1.000000000000000000e+00 9.992001274367284802e-01 0.000000000000000000e+00 3.998881506639655886e-02
1.050000000000000000e+02 1.000000000000000000e+00 9.992001274367284802e-01 0.000000000000000000e+00 3.998881506640114547e-02
1.060000000000000000e+02 1.000000000000000000e+00 9.992001274367292574e-01 0.000000000000000000e+00 3.998881506638957833e-02
1.070000000000000000e+02 1.000000000000000000e+00 9.992001274367287023e-01 0.000000000000000000e+00 3.998881506639338779e-02
1.080000000000000000e+02 1.000000000000000000e+00 9.992001274367282582e-01 0.000000000000000000e+00 3.998881506639453270e-02
1.090000000000000000e+02 1.000000000000000000e+00 9.992001274367289243e-01 0.000000000000000000e+00 3.998881506639276329e-02
1.100000000000000000e+02 1.000000000000000000e+00 9.992001274367292574e-01 0.000000000000000000e+00 3.998881506640364347e-02
1.110000000000000000e+02 1.000000000000000000e+00 9.992001274367293684e-01 0.000000000000000000e+00 3.998881506639254818e-02
1.120000000000000000e+02 1.000000000000000000e+00 9.992001274367290353e-01 0.000000000000000000e+00 3.998881506641950578e-02
1.130000000000000000e+02 1.000000000000000000e+00 9.992001274367287023e-01 0.000000000000000000e+00 3.998881506639534456e-02
1.140000000000000000e+02 1.000000000000000000e+00 9.992001274367290353e-01 0.000000000000000000e+00 3.998881506639661437e-02
1.150000000000000000e+02 1.000000000000000000e+00 9.992001274367290353e-01 0.000000000000000000e+00 3.998881506639279104e-02
1.160000000000000000e+02 1.000000000000000000e+00 9.992001274367292574e-01 0.000000000000000000e+00 3.998881506640040995e-02
1.170000000000000000e+02 1.000000000000000000e+00 9.992001274367287023e-01 0.000000000000000000e+00 3.998881506639875155e-02
1.180000000000000000e+02 1.000000000000000000e+00 9.992001274367282582e-01 0.000000000000000000e+00 3.998881506639351269e-02
1.190000000000000000e+02 1.000000000000000000e+00 9.992001274367287023e-01 0.000000000000000000e+00 3.998881506639597599e-02
1.200000000000000000e+02 1.000000000000000000e+00 9.992001274367287023e-01 0.000000000000000000e+00 3.998881506641394773e-02
1.210000000000000000e+02 1.000000000000000000e+00 9.992001274367269259e-01 0.000000000000000000e+00 3.998881506639041100e-02
1.220000000000000000e+02 1.000000000000000000e+00 9.992001274367294794e-01 0.000000000000000000e+00 3.998881506639634376e-02
1.230000000000000000e+02 1.000000000000000000e+00 9.992001274367284802e-01 0.000000000000000000e+00 3.998881506639770378e-02
1.240000000000000000e+02 1.000000000000000000e+00 9.992001274367292574e-01 0.000000000000000000e+00 3.998881506641352446e-02
1.250000000000000000e+02 1.000000000000000000e+00 9.992001274367294794e-01 0.000000000000000000e+00 3.998881506640560024e-02
1.260000000000000000e+02 1.000000000000000000e+00 9.992001274367284802e-01 0.000000000000000000e+00 3.998881506639757888e-02
1.270000000000000000e+02 1.000000000000000000e+00 9.992001274367275920e-01 0.000000000000000000e+00 3.998881506639323513e-02
1.280000000000000000e+02 1.000000000000000000e+00 9.992001274367287023e-01 0.000000000000000000e+00 3.998881506640324796e-02
1.290000000000000000e+02 1.000000000000000000e+00 9.992001274367273700e-01 0.000000000000000000e+00 3.998881506639444250e-02
1.300000000000000000e+02 1.000000000000000000e+00 9.992001274367293684e-01 0.000000000000000000e+00 3.998881506639530986e-02
1.310000000000000000e+02 1.000000000000000000e+00 9.992001274367290353e-01 0.000000000000000000e+00 3.998881506638991834e-02
1.320000000000000000e+02 1.000000000000000000e+00 9.992001274367290353e-01 0.000000000000000000e+00 3.998881506639397759e-02
1.330000000000000000e+02 1.000000000000000000e+00 9.992001274367308117e-01 0.000000000000000000e+00 3.998881506641382283e-02
1.340000000000000000e+02 1.000000000000000000e+00 9.992001274367287023e-01 0.000000000000000000e+00 3.998881506639661437e-02
1.350000000000000000e+02 1.000000000000000000e+00 9.992001274367290353e-01 0.000000000000000000e+00 3.998881506640084710e-02
1.360000000000000000e+02 1.000000000000000000e+00 9.992001274367287023e-01 0.000000000000000000e+00 3.998881506639108407e-02
1.370000000000000000e+02 1.000000000000000000e+00 9.992001274367293684e-01 0.000000000000000000e+00 3.998881506640294958e-02
1.380000000000000000e+02 1.000000000000000000e+00 9.992001274367283692e-01 0.000000000000000000e+00 3.998881506640680067e-02
1.390000000000000000e+02 1.000000000000000000e+00 9.992001274367292574e-01 0.000000000000000000e+00 3.998881506639235389e-02
1.400000000000000000e+02 1.000000000000000000e+00 9.992001274367277031e-01 0.000000000000000000e+00 3.998881506639032080e-02
1.410000000000000000e+02 1.000000000000000000e+00 9.992001274367285912e-01 0.000000000000000000e+00 3.998881506639813399e-02
1.420000000000000000e+02 1.000000000000000000e+00 9.992001274367294794e-01 0.000000000000000000e+00 3.998881506640536432e-02
1.430000000000000000e+02 1.000000000000000000e+00 9.992001274367294794e-01 0.000000000000000000e+00 3.998881506638898159e-02
1.440000000000000000e+02 1.000000000000000000e+00 9.992001274367283692e-01 0.000000000000000000e+00 3.998881506639405392e-02
1.450000000000000000e+02 1.000000000000000000e+00 9.992001274367290353e-01 0.000000000000000000e+00 3.998881506640031280e-02
1.460000000000000000e+02 1.000000000000000000e+00 9.992001274367293684e-01 0.000000000000000000e+00 3.998881506639907074e-02
1.470000000000000000e+02 1.000000000000000000e+00 9.992001274367291463e-01 0.000000000000000000e+00 3.998881506640843825e-02
1.480000000000000000e+02 1.000000000000000000e+00 9.992001274367289243e-01 0.000000000000000000e+00 3.998881506639561517e-02
1.490000000000000000e+02 1.000000000000000000e+00 9.992001274367293684e-01 0.000000000000000000e+00 3.998881506639139632e-02
1.500000000000000000e+02 1.000000000000000000e+00 9.992001274367283692e-01 0.000000000000000000e+00 3.998881506639059835e-02
1.510000000000000000e+02 1.000000000000000000e+00 9.992001274367290353e-01 0.000000000000000000e+00 3.998881506640331041e-02
1.520000000000000000e+02 1.000000000000000000e+00 9.992001274367284802e-01 0.000000000000000000e+00 3.998881506640494798e-02
1.530000000000000000e+02 1.000000000000000000e+00 9.992001274367287023e-01 0.000000000000000000e+00 3.998881506639070937e-02
1.540000000000000000e+02 1.000000000000000000e+00 9.992001274367291463e-01 0.000000000000000000e+00 3.998881506639113265e-02
1.550000000000000000e+02 1.000000000000000000e+00 9.992001274367297015e-01 0.000000000000000000e+00 3.998881506638512356e-02
1.560000000000000000e+02 1.000000000000000000e+00 9.992001274367292574e-01 0.000000000000000000e+00 3.998881506639751643e-02
1.570000000000000000e+02 1.000000000000000000e+00 9.992001274367287023e-01 0.000000000000000000e+00 3.998881506639236777e-02
1.580000000000000000e+02 1.000000000000000000e+00 9.992001274367298125e-01 0.000000000000000000e+00 3.998881506639730826e-02
1.590000000000000000e+02 1.000000000000000000e+00 9.992001274367293684e-01 0.000000000000000000e+00 3.998881506640074301e-02
1.600000000000000000e+02 1.000000000000000000e+00 9.992001274367280361e-01 0.000000000000000000e+00 3.998881506638875261e-02
1.610000000000000000e+02 1.000000000000000000e+00 9.992001274367294794e-01 0.000000000000000000e+00 3.998881506639867522e-02
1.620000000000000000e+02 1.000000000000000000e+00 9.992001274367297015e-01 0.000000000000000000e+00 3.998881506640597494e-02
1.630000000000000000e+02 1.000000000000000000e+00 9.992001274367294794e-01 0.000000000000000000e+00 3.998881506639014038e-02
1.640000000000000000e+02 1.000000000000000000e+00 9.992001274367308117e-01 0.000000000000000000e+00 3.998881506638206351e-02
1.650000000000000000e+02 1.000000000000000000e+00 9.992001274367287023e-01 0.000000000000000000e+00 3.998881506640323408e-02
1.660000000000000000e+02 1.000000000000000000e+00 9.992001274367293684e-01 0.000000000000000000e+00 3.998881506639498373e-02
1.670000000000000000e+02 1.000000000000000000e+00 9.992001274367301455e-01 0.000000000000000000e+00 3.998881506639546946e-02
1.680000000000000000e+02 1.000000000000000000e+00 9.992001274367291463e-01 0.000000000000000000e+00 3.998881506640007688e-02
1.690000000000000000e+02 1.000000000000000000e+00 9.992001274367291463e-01 0.000000000000000000e+00 3.998881506639890421e-02
1.700000000000000000e+02 1.000000000000000000e+00 9.992001274367291463e-01 0.000000000000000000e+00 3.998881506639372085e-02
1.710000000000000000e+02 1.000000000000000000e+00 9.992001274367289243e-01 0.000000000000000000e+00 3.998881506640675904e-02
1.720000000000000000e+02 1.000000000000000000e+00 9.992001274367292574e-01 0.000000000000000000e+00 3.998881506639429678e-02
1.730000000000000000e+02 1.000000000000000000e+00 9.992001274367291463e-01 0.000000000000000000e+00 3.998881506640108996e-02
1.740000000000000000e+02 1.000000000000000000e+00 9.992001274367290353e-01 0.000000000000000000e+00 3.998881506640293571e-02
1.750000000000000000e+02 1.000000000000000000e+00 9.992001274367282582e-01 0.000000000000000000e+00 3.998881506639420658e-02
1.760000000000000000e+02 1.000000000000000000e+00 9.992001274367291463e-01 0.000000000000000000e+00 3.998881506639863359e-02
1.770000000000000000e+02 1.000000000000000000e+00 9.992001274367287023e-01 0.000000000000000000e+00 3.998881506639652417e-02
1.780000000000000000e+02 1.000000000000000000e+00 9.992001274367294794e-01 0.000000000000000000e+00 3.998881506639197919e-02
1.790000000000000000e+02 1.000000000000000000e+00 9.992001274367284802e-01 0.000000000000000000e+00 3.998881506639498373e-02
1.800000000000000000e+02 1.000000000000000000e+00 9.992001274367285912e-01 0.000000000000000000e+00 3.998881506639429678e-02
1.810000000000000000e+02 1.000000000000000000e+00 9.992001274367292574e-01 0.000000000000000000e+00 3.998881506639494210e-02
1.820000000000000000e+02 1.000000000000000000e+00 9.992001274367283692e-01 0.000000000000000000e+00 3.998881506638959221e-02
1.830000000000000000e+02 1.000000000000000000e+00 9.992001274367284802e-01 0.000000000000000000e+00 3.998881506639252736e-02
1.840000000000000000e+02 1.000000000000000000e+00 9.992001274367228181e-01 0.000000000000000000e+00 3.998881506638136268e-02
1.850000000000000000e+02 1.000000000000000000e+00 9.992001274367280361e-01 0.000000000000000000e+00 3.998881506640863254e-02
1.860000000000000000e+02 1.000000000000000000e+00 9.992001274367289243e-01 0.000000000000000000e+00 3.998881506638915506e-02
1.870000000000000000e+02 1.000000000000000000e+00 9.992001274367303676e-01 0.000000000000000000e+00 3.998881506638714972e-02
1.880000000000000000e+02 1.000000000000000000e+00 9.992001274367292574e-01 0.000000000000000000e+00 3.998881506640072914e-02
1.890000000000000000e+02 1.000000000000000000e+00 9.992001274367292574e-01 0.000000000000000000e+00 3.998881506639516414e-02
1.900000000000000000e+02 1.000000000000000000e+00 9.992001274367287023e-01 0.000000000000000000e+00 3.998881506639934830e-02
1.910000000000000000e+02 1.000000000000000000e+00 9.992001274367290353e-01 0.000000000000000000e+00 3.998881506639120897e-02
1.920000000000000000e+02 1.000000000000000000e+00 9.992001274367297015e-01 0.000000000000000000e+00 3.998881506638458927e-02
1.930000000000000000e+02 1.000000000000000000e+00 9.992001274367291463e-01 0.000000000000000000e+00 3.998881506639073019e-02
1.940000000000000000e+02 1.000000000000000000e+00 9.992001274367283692e-01 0.000000000000000000e+00 3.998881506639979239e-02
1.950000000000000000e+02 1.000000000000000000e+00 9.992001274367290353e-01 0.000000000000000000e+00 3.998881506639469230e-02
1.960000000000000000e+02 1.000000000000000000e+00 9.992001274367292574e-01 0.000000000000000000e+00 3.998881506638840566e-02
1.970000000000000000e+02 1.000000000000000000e+00 9.992001274367291463e-01 0.000000000000000000e+00 3.998881506639547639e-02
1.980000000000000000e+02 1.000000000000000000e+00 9.992001274367292574e-01 0.000000000000000000e+00 3.998881506639196531e-02
1.990000000000000000e+02 1.000000000000000000e+00 9.992001274367292574e-01 0.000000000000000000e+00 3.998881506640475370e-02
2.000000000000000000e+02 1.000000000000000000e+00 9.992001274367287023e-01 0.000000000000000000e+00 3.998881506639474781e-02
2.010000000000000000e+02 1.000000000000000000e+00 9.992001274367292574e-01 0.000000000000000000e+00 3.998881506640302591e-02
2.020000000000000000e+02 1.000000000000000000e+00 9.992001274367293684e-01 0.000000000000000000e+00 3.998881506639039018e-02
2.030000000000000000e+02 1.000000000000000000e+00 9.992001274367292574e-01 0.000000000000000000e+00 3.998881506639827277e-02
2.040000000000000000e+02 1.000000000000000000e+00 9.992001274367290353e-01 0.000000000000000000e+00 3.998881506638870403e-02
2.050000000000000000e+02 1.000000000000000000e+00 9.992001274367292574e-01 0.000000000000000000e+00 3.998881506639326983e-02
2.060000000000000000e+02 1.000000000000000000e+00 9.992001274367274810e-01 0.000000000000000000e+00 3.998881506639459515e-02
2.070000000000000000e+02 1.000000000000000000e+00 9.992001274367290353e-01 0.000000000000000000e+00 3.998881506639673927e-02
2.080000000000000000e+02 1.000000000000000000e+00 9.992001274367290353e-01 0.000000000000000000e+00 3.998881506638528316e-02
2.090000000000000000e+02 1.000000000000000000e+00 9.992001274367292574e-01 0.000000000000000000e+00 3.998881506639270778e-02
2.100000000000000000e+02 1.000000000000000000e+00 9.992001274367297015e-01 0.000000000000000000e+00 3.998881506639095917e-02
2.110000000000000000e+02 1.000000000000000000e+00 9.992001274367280361e-01 0.000000000000000000e+00 3.998881506639027222e-02
2.120000000000000000e+02 1.000000000000000000e+00 9.992001274367297015e-01 0.000000000000000000e+00 3.998881506639185429e-02
2.130000000000000000e+02 1.000000000000000000e+00 9.992001274367297015e-01 0.000000000000000000e+00 3.998881506640285938e-02
2.140000000000000000e+02 1.000000000000000000e+00 9.992001274367291463e-01 0.000000000000000000e+00 3.998881506639376943e-02
2.150000000000000000e+02 1.000000000000000000e+00 9.992001274367295904e-01 0.000000000000000000e+00 3.998881506639702377e-02
2.160000000000000000e+02 1.000000000000000000e+00 9.992001274367284802e-01 0.000000000000000000e+00 3.998881506639550415e-02
2.170000000000000000e+02 1.000000000000000000e+00 9.992001274367292574e-01 0.000000000000000000e+00 3.998881506639470618e-02
2.180000000000000000e+02 1.000000000000000000e+00 9.992001274367289243e-01 0.000000000000000000e+00 3.998881506639341554e-02
2.190000000000000000e+02 1.000000000000000000e+00 9.992001274367292574e-01 0.000000000000000000e+00 3.998881506639624661e-02
2.200000000000000000e+02 1.000000000000000000e+00 9.992001274367290353e-01 0.000000000000000000e+00 3.998881506638935629e-02
2.210000000000000000e+02 1.000000000000000000e+00 9.992001274367297015e-01 0.000000000000000000e+00 3.998881506638919670e-02
2.220000000000000000e+02 1.000000000000000000e+00 9.992001274367290353e-01 0.000000000000000000e+00 3.998881506639468536e-02
2.230000000000000000e+02 1.000000000000000000e+00 9.992001274367292574e-01 0.000000000000000000e+00 3.998881506639449801e-02
2.240000000000000000e+02 1.000000000000000000e+00 9.992001274367292574e-01 0.000000000000000000e+00 3.998881506638907873e-02
2.250000000000000000e+02 1.000000000000000000e+00 9.992001274367290353e-01 0.000000000000000000e+00 3.998881506639138245e-02
2.260000000000000000e+02 1.000000000000000000e+00 9.992001274367285912e-01 0.000000000000000000e+00 3.998881506639583722e-02
2.270000000000000000e+02 1.000000000000000000e+00 9.992001274367290353e-01 0.000000000000000000e+00 3.998881506638932160e-02
2.280000000000000000e+02 1.000000000000000000e+00 9.992001274367291463e-01 0.000000000000000000e+00 3.998881506638637950e-02
2.290000000000000000e+02 1.000000000000000000e+00 9.992001274367294794e-01 0.000000000000000000e+00 3.998881506639661437e-02
2.300000000000000000e+02 1.000000000000000000e+00 9.992001274367292574e-01 0.000000000000000000e+00 3.998881506639598987e-02
2.310000000000000000e+02 1.000000000000000000e+00 9.992001274367292574e-01 0.000000000000000000e+00 3.998881506638831546e-02
2.320000000000000000e+02 1.000000000000000000e+00 9.992001274367285912e-01 0.000000000000000000e+00 3.998881506639111877e-02
2.330000000000000000e+02 1.000000000000000000e+00 9.992001274367285912e-01 0.000000000000000000e+00 3.998881506639460209e-02
2.340000000000000000e+02 1.000000000000000000e+00 9.992001274367290353e-01 0.000000000000000000e+00 3.998881506640202671e-02
2.350000000000000000e+02 1.000000000000000000e+00 9.992001274367290353e-01 0.000000000000000000e+00 3.998881506639022365e-02
2.360000000000000000e+02 1.000000000000000000e+00 9.992001274367272590e-01 0.000000000000000000e+00 3.998881506638956446e-02
2.370000000000000000e+02 1.000000000000000000e+00 9.992001274367294794e-01 0.000000000000000000e+00 3.998881506638612277e-02
2.380000000000000000e+02 1.000000000000000000e+00 9.992001274367289243e-01 0.000000000000000000e+00 3.998881506639885564e-02
2.390000000000000000e+02 1.000000000000000000e+00 9.992001274367292574e-01 0.000000000000000000e+00 3.998881506639512251e-02
2.400000000000000000e+02 1.000000000000000000e+00 9.992001274367294794e-01 0.000000000000000000e+00 3.998881506638971711e-02
2.410000000000000000e+02 1.000000000000000000e+00 9.992001274367298125e-01 0.000000000000000000e+00 3.998881506638913425e-02
2.420000000000000000e+02 1.000000000000000000e+00 9.992001274367294794e-01 0.000000000000000000e+00 3.998881506639335309e-02
2.430000000000000000e+02 1.000000000000000000e+00 9.992001274367292574e-01 0.000000000000000000e+00 3.998881506638816974e-02
2.440000000000000000e+02 1.000000000000000000e+00 9.992001274367291463e-01 0.000000000000000000e+00 3.998881506638777422e-02
2.450000000000000000e+02 1.000000000000000000e+00 9.992001274367295904e-01 0.000000000000000000e+00 3.998881506640027811e-02
2.460000000000000000e+02 1.000000000000000000e+00 9.992001274367290353e-01 0.000000000000000000e+00 3.998881506639191674e-02
2.470000000000000000e+02 1.000000000000000000e+00 9.992001274367298125e-01 0.000000000000000000e+00 3.998881506639295064e-02
2.480000000000000000e+02 1.000000000000000000e+00 9.992001274367282582e-01 0.000000000000000000e+00 3.998881506639824501e-02
2.490000000000000000e+02 1.000000000000000000e+00 9.992001274367292574e-01 0.000000000000000000e+00 3.998881506639621192e-02
2.500000000000000000e+02 1.000000000000000000e+00 9.992001274367292574e-01 0.000000000000000000e+00 3.998881506640682149e-02
2.510000000000000000e+02 1.000000000000000000e+00 9.992001274367299235e-01 0.000000000000000000e+00 3.998881506640343531e-02
2.520000000000000000e+02 1.000000000000000000e+00 9.992001274367287023e-01 0.000000000000000000e+00 3.998881506638952282e-02
2.530000000000000000e+02 1.000000000000000000e+00 9.992001274367289243e-01 0.000000000000000000e+00 3.998881506639013345e-02
2.540000000000000000e+02 1.000000000000000000e+00 9.992001274367292574e-01 0.000000000000000000e+00 3.998881506638358313e-02
2.550000000000000000e+02 1.000000000000000000e+00 9.992001274367282582e-01 0.000000000000000000e+00 3.998881506639764827e-02
2.560000000000000000e+02 1.000000000000000000e+00 9.992001274367287023e-01 0.000000000000000000e+00 3.998881506639501843e-02
2.570000000000000000e+02 1.000000000000000000e+00 9.992001274367290353e-01 0.000000000000000000e+00 3.998881506639679478e-02
2.580000000000000000e+02 1.000000000000000000e+00 9.992001274367297015e-01 0.000000000000000000e+00 3.998881506640157568e-02
2.590000000000000000e+02 1.000000000000000000e+00 9.992001274367298125e-01 0.000000000000000000e+00 3.998881506638769096e-02
2.600000000000000000e+02 1.000000000000000000e+00 9.992001274367290353e-01 0.000000000000000000e+00 3.998881506639249267e-02
2.610000000000000000e+02 1.000000000000000000e+00 9.992001274367292574e-01 0.000000000000000000e+00 3.998881506639558048e-02
2.620000000000000000e+02 1.000000000000000000e+00 9.992001274367305896e-01 0.000000000000000000e+00 3.998881506639413719e-02
2.630000000000000000e+02 1.000000000000000000e+00 9.992001274367298125e-01 0.000000000000000000e+00 3.998881506639502537e-02
2.640000000000000000e+02 1.000000000000000000e+00 9.992001274367295904e-01 0.000000000000000000e+00 3.998881506638830158e-02
2.650000000000000000e+02 1.000000000000000000e+00 9.992001274367293684e-01 0.000000000000000000e+00 3.998881506639142408e-02
2.660000000000000000e+02 1.000000000000000000e+00 9.992001274367287023e-01 0.000000000000000000e+00 3.998881506639112571e-02
2.670000000000000000e+02 1.000000000000000000e+00 9.992001274367287023e-01 0.000000000000000000e+00 3.998881506640111771e-02
2.680000000000000000e+02 1.000000000000000000e+00 9.992001274367298125e-01 0.000000000000000000e+00 3.998881506639181960e-02
2.690000000000000000e+02 1.000000000000000000e+00 9.992001274367290353e-01 0.000000000000000000e+00 3.998881506639660743e-02
2.700000000000000000e+02 1.000000000000000000e+00 9.992001274367285912e-01 0.000000000000000000e+00 3.998881506638966854e-02
2.710000000000000000e+02 1.000000000000000000e+00 9.992001274367294794e-01 0.000000000000000000e+00 3.998881506639249267e-02
2.720000000000000000e+02 1.000000000000000000e+00 9.992001274367290353e-01 0.000000000000000000e+00 3.998881506639005018e-02
2.730000000000000000e+02 1.000000000000000000e+00 9.992001274367297015e-01 0.000000000000000000e+00 3.998881506638733707e-02
2.740000000000000000e+02 1.000000000000000000e+00 9.992001274367295904e-01 0.000000000000000000e+00 3.998881506639820338e-02
2.750000000000000000e+02 1.000000000000000000e+00 9.992001274367293684e-01 0.000000000000000000e+00 3.998881506639370004e-02
2.760000000000000000e+02 1.000000000000000000e+00 9.992001274367291463e-01 0.000000000000000000e+00 3.998881506639787725e-02
2.770000000000000000e+02 1.000000000000000000e+00 9.992001274367293684e-01 0.000000000000000000e+00 3.998881506638776034e-02
2.780000000000000000e+02 1.000000000000000000e+00 9.992001274367291463e-01 0.000000000000000000e+00 3.998881506639719030e-02
2.790000000000000000e+02 1.000000000000000000e+00 9.992001274367278141e-01 0.000000000000000000e+00 3.998881506638862771e-02
2.800000000000000000e+02 1.000000000000000000e+00 9.992001274367293684e-01 0.000000000000000000e+00 3.998881506639433842e-02
2.810000000000000000e+02 1.000000000000000000e+00 9.992001274367287023e-01 0.000000000000000000e+00 3.998881506638991834e-02
2.820000000000000000e+02 1.000000000000000000e+00 9.992001274367292574e-01 0.000000000000000000e+00 3.998881506639287431e-02
2.830000000000000000e+02 1.000000000000000000e+00 9.992001274367283692e-01 0.000000000000000000e+00 3.998881506639025835e-02
2.840000000000000000e+02 1.000000000000000000e+00 9.992001274367294794e-01 0.000000000000000000e+00 3.998881506639483802e-02
2.850000000000000000e+02 1.000000000000000000e+00 9.992001274367290353e-01 0.000000000000000000e+00 3.998881506638696237e-02
2.860000000000000000e+02 1.000000000000000000e+00 9.992001274367290353e-01 0.000000000000000000e+00 3.998881506639087591e-02
2.870000000000000000e+02 1.000000000000000000e+00 9.992001274367289243e-01 0.000000000000000000e+00 3.998881506639315880e-02
2.880000000000000000e+02 1.000000000000000000e+00 9.992001274367287023e-01 0.000000000000000000e+00 3.998881506638586603e-02
2.890000000000000000e+02 1.000000000000000000e+00 9.992001274367297015e-01 0.000000000000000000e+00 3.998881506638501948e-02
2.900000000000000000e+02 1.000000000000000000e+00 9.992001274367292574e-01 0.000000000000000000e+00 3.998881506639426903e-02
2.910000000000000000e+02 1.000000000000000000e+00 9.992001274367304786e-01 0.000000000000000000e+00 3.998881506639351269e-02
2.920000000000000000e+02 1.000000000000000000e+00 9.992001274367294794e-01 0.000000000000000000e+00 3.998881506638655298e-02
2.930000000000000000e+02 1.000000000000000000e+00 9.992001274367292574e-01 0.000000000000000000e+00 3.998881506639615641e-02
2.940000000000000000e+02 1.000000000000000000e+00 9.992001274367293684e-01 0.000000000000000000e+00 3.998881506639849481e-02
2.950000000000000000e+02 1.000000000000000000e+00 9.992001274367290353e-01 0.000000000000000000e+00 3.998881506638753136e-02
2.960000000000000000e+02 1.000000000000000000e+00 9.992001274367291463e-01 0.000000000000000000e+00 3.998881506639610089e-02
2.970000000000000000e+02 1.000000000000000000e+00 9.992001274367291463e-01 0.000000000000000000e+00 3.998881506639206940e-02
2.980000000000000000e+02 1.000000000000000000e+00 9.992001274367283692e-01 0.000000000000000000e+00 3.998881506639158367e-02
2.990000000000000000e+02 1.000000000000000000e+00 9.992001274367284802e-01 0.000000000000000000e+00 3.998881506638925221e-02
3.000000000000000000e+02 1.000000000000000000e+00 9.992001274367291463e-01 0.000000000000000000e+00 3.998881506638808647e-02
3.010000000000000000e+02 1.000000000000000000e+00 9.992001274367287023e-01 0.000000000000000000e+00 3.998881506639051509e-02
3.020000000000000000e+02 1.000000000000000000e+00 9.992001274367292574e-01 0.000000000000000000e+00 3.998881506639675315e-02
3.030000000000000000e+02 1.000000000000000000e+00 9.992001274367292574e-01 0.000000000000000000e+00 3.998881506639288819e-02
3.040000000000000000e+02 1.000000000000000000e+00 9.992001274367281471e-01 0.000000000000000000e+00 3.998881506639143796e-02
3.050000000000000000e+02 1.000000000000000000e+00 9.992001274367287023e-01 0.000000000000000000e+00 3.998881506639954259e-02
3.060000000000000000e+02 1.000000000000000000e+00 9.992001274367292574e-01 0.000000000000000000e+00 3.998881506639209021e-02
3.070000000000000000e+02 1.000000000000000000e+00 9.992001274367289243e-01 0.000000000000000000e+00 3.998881506639841849e-02
3.080000000000000000e+02 1.000000000000000000e+00 9.992001274367292574e-01 0.000000000000000000e+00 3.998881506639227063e-02
3.090000000000000000e+02 1.000000000000000000e+00 9.992001274367298125e-01 0.000000000000000000e+00 3.998881506639537231e-02
3.100000000000000000e+02 1.000000000000000000e+00 9.992001274367294794e-01 0.000000000000000000e+00 3.998881506639934136e-02
3.110000000000000000e+02 1.000000000000000000e+00 9.992001274367290353e-01 0.000000000000000000e+00 3.998881506639803685e-02
3.120000000000000000e+02 1.000000000000000000e+00 9.992001274367287023e-01 0.000000000000000000e+00 3.998881506639169470e-02
3.130000000000000000e+02 1.000000000000000000e+00 9.992001274367294794e-01 0.000000000000000000e+00 3.998881506638873179e-02
3.140000000000000000e+02 1.000000000000000000e+00 9.992001274367300345e-01 0.000000000000000000e+00 3.998881506640125649e-02
3.150000000000000000e+02 1.000000000000000000e+00 9.992001274367287023e-01 0.000000000000000000e+00 3.998881506638762851e-02
3.160000000000000000e+02 1.000000000000000000e+00 9.992001274367283692e-01 0.000000000000000000e+00 3.998881506639244410e-02
3.170000000000000000e+02 1.000000000000000000e+00 9.992001274367291463e-01 0.000000000000000000e+00 3.998881506638893996e-02
3.180000000000000000e+02 1.000000000000000000e+00 9.992001274367292574e-01 0.000000000000000000e+00 3.998881506639685723e-02
3.190000000000000000e+02 1.000000000000000000e+00 9.992001274367282582e-01 0.000000000000000000e+00 3.998881506638811423e-02
3.200000000000000000e+02 1.000000000000000000e+00 9.992001274367287023e-01 0.000000000000000000e+00 3.998881506639146571e-02
3.210000000000000000e+02 1.000000000000000000e+00 9.992001274367284802e-01 0.000000000000000000e+00 3.998881506639269390e-02
3.220000000000000000e+02 1.000000000000000000e+00 9.992001274367298125e-01 0.000000000000000000e+00 3.998881506638764932e-02
3.230000000000000000e+02 1.000000000000000000e+00 9.992001274367293684e-01 0.000000000000000000e+00 3.998881506639282574e-02
3.240000000000000000e+02 1.000000000000000000e+00 9.992001274367285912e-01 0.000000000000000000e+00 3.998881506639182654e-02
3.250000000000000000e+02 1.000000000000000000e+00 9.992001274367290353e-01 0.000000000000000000e+00 3.998881506638637950e-02
3.260000000000000000e+02 1.000000000000000000e+00 9.992001274367292574e-01 0.000000000000000000e+00 3.998881506638830158e-02
3.270000000000000000e+02 1.000000000000000000e+00 9.992001274367294794e-01 0.000000000000000000e+00 3.998881506638396477e-02
3.280000000000000000e+02 1.000000000000000000e+00 9.992001274367280361e-01 0.000000000000000000e+00 3.998881506639632294e-02
3.290000000000000000e+02 1.000000000000000000e+00 9.992001274367297015e-01 0.000000000000000000e+00 3.998881506638578276e-02
3.300000000000000000e+02 1.000000000000000000e+00 9.992001274367297015e-01 0.000000000000000000e+00 3.998881506638658073e-02
3.310000000000000000e+02 1.000000000000000000e+00 9.992001274367290353e-01 0.000000000000000000e+00 3.998881506639548333e-02
3.320000000000000000e+02 1.000000000000000000e+00 9.992001274367281471e-01 0.000000000000000000e+00 3.998881506638726074e-02
3.330000000000000000e+02 1.000000000000000000e+00 9.992001274367293684e-01 0.000000000000000000e+00 3.998881506638693462e-02
3.340000000000000000e+02 1.000000000000000000e+00 9.992001274367290353e-01 0.000000000000000000e+00 3.998881506639612171e-02
3.350000000000000000e+02 1.000000000000000000e+00 9.992001274367289243e-01 0.000000000000000000e+00 3.998881506639188205e-02
3.360000000000000000e+02 1.000000000000000000e+00 9.992001274367290353e-01 0.000000000000000000e+00 3.998881506639273553e-02
3.370000000000000000e+02 1.000000000000000000e+00 9.992001274367290353e-01 0.000000000000000000e+00 3.998881506639438005e-02
3.380000000000000000e+02 1.000000000000000000e+00 9.992001274367299235e-01 0.000000000000000000e+00 3.998881506638399252e-02
3.390000000000000000e+02 1.000000000000000000e+00 9.992001274367291463e-01 0.000000000000000000e+00 3.998881506638946731e-02
3.400000000000000000e+02 1.000000000000000000e+00 9.992001274367290353e-01 0.000000000000000000e+00 3.998881506638731625e-02
3.410000000000000000e+02 1.000000000000000000e+00 9.992001274367287023e-01 0.000000000000000000e+00 3.998881506638697625e-02
3.420000000000000000e+02 1.000000000000000000e+00 9.992001274367295904e-01 0.000000000000000000e+00 3.998881506638918282e-02
3.430000000000000000e+02 1.000000000000000000e+00 9.992001274367287023e-01 0.000000000000000000e+00 3.998881506639968136e-02
3.440000000000000000e+02 1.000000000000000000e+00 9.992001274367292574e-01 0.000000000000000000e+00 3.998881506638798933e-02
3.450000000000000000e+02 1.000000000000000000e+00 9.992001274367290353e-01 0.000000000000000000e+00 3.998881506638684441e-02
3.460000000000000000e+02 1.000000000000000000e+00 9.992001274367301455e-01 0.000000000000000000e+00 3.998881506639759276e-02
3.470000000000000000e+02 1.000000000000000000e+00 9.992001274367292574e-01 0.000000000000000000e+00 3.998881506638622685e-02
3.480000000000000000e+02 1.000000000000000000e+00 9.992001274367283692e-01 0.000000000000000000e+00 3.998881506638963385e-02
3.490000000000000000e+02 1.000000000000000000e+00 9.992001274367287023e-01 0.000000000000000000e+00 3.998881506639467842e-02
3.500000000000000000e+02 1.000000000000000000e+00 9.992001274367294794e-01 0.000000000000000000e+00 3.998881506638074512e-02
3.510000000000000000e+02 1.000000000000000000e+00 9.992001274367295904e-01 0.000000000000000000e+00 3.998881506639279104e-02
3.520000000000000000e+02 1.000000000000000000e+00 9.992001274367284802e-01 0.000000000000000000e+00 3.998881506639001548e-02
3.530000000000000000e+02 1.000000000000000000e+00 9.992001274367292574e-01 0.000000000000000000e+00 3.998881506638876648e-02
3.540000000000000000e+02 1.000000000000000000e+00 9.992001274367292574e-01 0.000000000000000000e+00 3.998881506638736483e-02
3.550000000000000000e+02 1.000000000000000000e+00 9.992001274367298125e-01 0.000000000000000000e+00 3.998881506639044570e-02
3.560000000000000000e+02 1.000000000000000000e+00 9.992001274367287023e-01 0.000000000000000000e+00 3.998881506638624073e-02
3.570000000000000000e+02 1.000000000000000000e+00 9.992001274367284802e-01 0.000000000000000000e+00 3.998881506638838484e-02
3.580000000000000000e+02 1.000000000000000000e+00 9.992001274367297015e-01 0.000000000000000000e+00 3.998881506639617722e-02
3.590000000000000000e+02 1.000000000000000000e+00 9.992001274367291463e-01 0.000000000000000000e+00 3.998881506639540701e-02
3.600000000000000000e+02 1.000000000000000000e+00 9.992001274367290353e-01 0.000000000000000000e+00 3.998881506639342942e-02
3.610000000000000000e+02 1.000000000000000000e+00 9.992001274367295904e-01 0.000000000000000000e+00 3.998881506639342248e-02
3.620000000000000000e+02 1.000000000000000000e+00 9.992001274367291463e-01 0.000000000000000000e+00 3.998881506638958527e-02
3.630000000000000000e+02 1.000000000000000000e+00 9.992001274367291463e-01 0.000000000000000000e+00 3.998881506639020283e-02
3.640000000000000000e+02 1.000000000000000000e+00 9.992001274367297015e-01 0.000000000000000000e+00 3.998881506639185429e-02
3.650000000000000000e+02 1.000000000000000000e+00 9.992001274367295904e-01 0.000000000000000000e+00 3.998881506638957833e-02
3.660000000000000000e+02 1.000000000000000000e+00 9.992001274367290353e-01 0.000000000000000000e+00 3.998881506638731625e-02
3.670000000000000000e+02 1.000000000000000000e+00 9.992001274367294794e-01 0.000000000000000000e+00 3.998881506638842648e-02
3.680000000000000000e+02 1.000000000000000000e+00 9.992001274367291463e-01 0.000000000000000000e+00 3.998881506639119510e-02
3.690000000000000000e+02 1.000000000000000000e+00 9.992001274367294794e-01 0.000000000000000000e+00 3.998881506639487271e-02
3.700000000000000000e+02 1.000000000000000000e+00 9.992001274367290353e-01 0.000000000000000000e+00 3.998881506638933547e-02
3.710000000000000000e+02 1.000000000000000000e+00 9.992001274367299235e-01 0.000000000000000000e+00 3.998881506638311129e-02
3.720000000000000000e+02 1.000000000000000000e+00 9.992001274367289243e-01 0.000000000000000000e+00 3.998881506638907873e-02
3.730000000000000000e+02 1.000000000000000000e+00 9.992001274367293684e-01 0.000000000000000000e+00 3.998881506639395678e-02
3.740000000000000000e+02 1.000000000000000000e+00 9.992001274367299235e-01 0.000000000000000000e+00 3.998881506639388045e-02
3.750000000000000000e+02 1.000000000000000000e+00 9.992001274367287023e-01 0.000000000000000000e+00 3.998881506638928690e-02
3.760000000000000000e+02 1.000000000000000000e+00 9.992001274367300345e-01 0.000000000000000000e+00 3.998881506638932160e-02
3.770000000000000000e+02 1.000000000000000000e+00 9.992001274367292574e-01 0.000000000000000000e+00 3.998881506638745503e-02
3.780000000000000000e+02 1.000000000000000000e+00 9.992001274367289243e-01 0.000000000000000000e+00 3.998881506638812811e-02
3.790000000000000000e+02 1.000000000000000000e+00 9.992001274367293684e-01 0.000000000000000000e+00 3.998881506638272271e-02
3.800000000000000000e+02 1.000000000000000000e+00 9.992001274367271479e-01 0.000000000000000000e+00 3.998881506638714278e-02
3.810000000000000000e+02 1.000000000000000000e+00 9.992001274367284802e-01 0.000000000000000000e+00 3.998881506638854444e-02
3.820000000000000000e+02 1.000000000000000000e+00 9.992001274367278141e-01 0.000000000000000000e+00 3.998881506638800321e-02
3.830000000000000000e+02 1.000000000000000000e+00 9.992001274367292574e-01 0.000000000000000000e+00 3.998881506638579664e-02
3.840000000000000000e+02 1.000000000000000000e+00 9.992001274367297015e-01 0.000000000000000000e+00 3.998881506638241740e-02
3.850000000000000000e+02 1.000000000000000000e+00 9.992001274367301455e-01 0.000000000000000000e+00 3.998881506639666988e-02
3.860000000000000000e+02 1.000000000000000000e+00 9.992001274367299235e-01 0.000000000000000000e+00 3.998881506639086203e-02
3.870000000000000000e+02 1.000000000000000000e+00 9.992001274367290353e-01 0.000000000000000000e+00 3.998881506640027117e-02
3.880000000000000000e+02 1.000000000000000000e+00 9.992001274367300345e-01 0.000000000000000000e+00 3.998881506638152922e-02
3.890000000000000000e+02 1.000000000000000000e+00 9.992001274367287023e-01 0.000000000000000000e+00 3.998881506638042593e-02
3.900000000000000000e+02 1.000000000000000000e+00 9.992001274367279251e-01 0.000000000000000000e+00 3.998881506639173633e-02
3.910000000000000000e+02 1.000000000000000000e+00 9.992001274367299235e-01 0.000000000000000000e+00 3.998881506638961997e-02
3.920000000000000000e+02 1.000000000000000000e+00 9.992001274367295904e-01 0.000000000000000000e+00 3.998881506638506805e-02
3.930000000000000000e+02 1.000000000000000000e+00 9.992001274367297015e-01 0.000000000000000000e+00 3.998881506639530292e-02
3.940000000000000000e+02 1.000000000000000000e+00 9.992001274367295904e-01 0.000000000000000000e+00 3.998881506638705952e-02
3.950000000000000000e+02 1.000000000000000000e+00 9.992001274367290353e-01 0.000000000000000000e+00 3.998881506638127942e-02
3.960000000000000000e+02 1.000000000000000000e+00 9.992001274367292574e-01 0.000000000000000000e+00 3.998881506638828770e-02
3.970000000000000000e+02 1.000000000000000000e+00 9.992001274367285912e-01 0.000000000000000000e+00 3.998881506638177902e-02
3.980000000000000000e+02 1.000000000000000000e+00 9.992001274367262598e-01 0.000000000000000000e+00 3.998881506638881506e-02
3.990000000000000000e+02 1.000000000000000000e+00 9.992001274367294794e-01 0.000000000000000000e+00 3.998881506639311717e-02
4.000000000000000000e+02 1.000000000000000000e+00 9.992001274367290353e-01 0.000000000000000000e+00 3.998881506638717054e-02
4.010000000000000000e+02 1.000000000000000000e+00 9.992001274367282582e-01 0.000000000000000000e+00 3.998881506638871097e-02
4.020000000000000000e+02 1.000000000000000000e+00 9.992001274367290353e-01 0.000000000000000000e+00 3.998881506638880812e-02
4.030000000000000000e+02 1.000000000000000000e+00 9.992001274367293684e-01 0.000000000000000000e+00 3.998881506638576888e-02
4.040000000000000000e+02 1.000000000000000000e+00 9.992001274367287023e-01 0.000000000000000000e+00 3.998881506638910649e-02
4.050000000000000000e+02 1.000000000000000000e+00 9.992001274367287023e-01 0.000000000000000000e+00 3.998881506638832933e-02
4.060000000000000000e+02 1.000000000000000000e+00 9.992001274367274810e-01 0.000000000000000000e+00 3.998881506638966160e-02
4.070000000000000000e+02 1.000000000000000000e+00 9.992001274367298125e-01 0.000000000000000000e+00 3.998881506637719241e-02
4.080000000000000000e+02 1.000000000000000000e+00 9.992001274367299235e-01 0.000000000000000000e+00 3.998881506637907285e-02
4.090000000000000000e+02 1.000000000000000000e+00 9.992001274367299235e-01 0.000000000000000000e+00 3.998881506639606620e-02
4.100000000000000000e+02 1.000000000000000000e+00 9.992001274367305896e-01 0.000000000000000000e+00 3.998881506638547745e-02
4.110000000000000000e+02 1.000000000000000000e+00 9.992001274367292574e-01 0.000000000000000000e+00 3.998881506638848199e-02
4.120000000000000000e+02 1.000000000000000000e+00 9.992001274367293684e-01 0.000000000000000000e+00 3.998881506639061223e-02
4.130000000000000000e+02 1.000000000000000000e+00 9.992001274367293684e-01 0.000000000000000000e+00 3.998881506638670563e-02
4.140000000000000000e+02 1.000000000000000000e+00 9.992001274367290353e-01 0.000000000000000000e+00 3.998881506638730238e-02
4.150000000000000000e+02 1.000000000000000000e+00 9.992001274367294794e-01 0.000000000000000000e+00 3.998881506638902322e-02
4.160000000000000000e+02 1.000000000000000000e+00 9.992001274367287023e-01 0.000000000000000000e+00 3.998881506638674033e-02
4.170000000000000000e+02 1.000000000000000000e+00 9.992001274367282582e-01 0.000000000000000000e+00 3.998881506638748973e-02
4.180000000000000000e+02 1.000000000000000000e+00 9.992001274367295904e-01 0.000000000000000000e+00 3.998881506638132799e-02
4.190000000000000000e+02 1.000000000000000000e+00 9.992001274367265928e-01 0.000000000000000000e+00 3.998881506638406191e-02
4.200000000000000000e+02 1.000000000000000000e+00 9.992001274367295904e-01 0.000000000000000000e+00 3.998881506639755112e-02
4.210000000000000000e+02 1.000000000000000000e+00 9.992001274367295904e-01 0.000000000000000000e+00 3.998881506638041206e-02
4.220000000000000000e+02 1.000000000000000000e+00 9.992001274367297015e-01 0.000000000000000000e+00 3.998881506638519989e-02
4.230000000000000000e+02 1.000000000000000000e+00 9.992001274367294794e-01 0.000000000000000000e+00 3.998881506638919670e-02
4.240000000000000000e+02 1.000000000000000000e+00 9.992001274367293684e-01 0.000000000000000000e+00 3.998881506638207739e-02
4.250000000000000000e+02 1.000000000000000000e+00 9.992001274367289243e-01 0.000000000000000000e+00 3.998881506638663624e-02
4.260000000000000000e+02 1.000000000000000000e+00 9.992001274367287023e-01 0.000000000000000000e+00 3.998881506638986283e-02
4.270000000000000000e+02 1.000000000000000000e+00 9.992001274367290353e-01 0.000000000000000000e+00 3.998881506639152816e-02
4.280000000000000000e+02 1.000000000000000000e+00 9.992001274367302566e-01 0.000000000000000000e+00 3.998881506639551803e-02
4.290000000000000000e+02 1.000000000000000000e+00 9.992001274367295904e-01 0.000000000000000000e+00 3.998881506639627437e-02
4.300000000000000000e+02 1.000000000000000000e+00 9.992001274367292574e-01 0.000000000000000000e+00 3.998881506639240940e-02
4.310000000000000000e+02 1.000000000000000000e+00 9.992001274367294794e-01 0.000000000000000000e+00 3.998881506638991834e-02
4.320000000000000000e+02 1.000000000000000000e+00 9.992001274367289243e-01 0.000000000000000000e+00 3.998881506639104244e-02
4.330000000000000000e+02 1.000000000000000000e+00 9.992001274367299235e-01 0.000000000000000000e+00 3.998881506638778810e-02
4.340000000000000000e+02 1.000000000000000000e+00 9.992001274367292574e-01 0.000000000000000000e+00 3.998881506639134081e-02
4.350000000000000000e+02 1.000000000000000000e+00 9.992001274367284802e-01 0.000000000000000000e+00 3.998881506638746197e-02
4.360000000000000000e+02 1.000000000000000000e+00 9.992001274367294794e-01 0.000000000000000000e+00 3.998881506638740646e-02
4.370000000000000000e+02 1.000000000000000000e+00 9.992001274367294794e-01 0.000000000000000000e+00 3.998881506638194555e-02
4.380000000000000000e+02 1.000000000000000000e+00 9.992001274367297015e-01 0.000000000000000000e+00 3.998881506638812117e-02
4.390000000000000000e+02 1.000000000000000000e+00 9.992001274367294794e-01 0.000000000000000000e+00 3.998881506638898853e-02
4.400000000000000000e+02 1.000000000000000000e+00 9.992001274367292574e-01 0.000000000000000000e+00 3.998881506639230532e-02
4.410000000000000000e+02 1.000000000000000000e+00 9.992001274367277031e-01 0.000000000000000000e+00 3.998881506638751748e-02
4.420000000000000000e+02 1.000000000000000000e+00 9.992001274367297015e-01 0.000000000000000000e+00 3.998881506638762851e-02
4.430000000000000000e+02 1.000000000000000000e+00 9.992001274367292574e-01 0.000000000000000000e+00 3.998881506638063410e-02
4.440000000000000000e+02 1.000000000000000000e+00 9.992001274367301455e-01 0.000000000000000000e+00 3.998881506638923139e-02
4.450000000000000000e+02 1.000000000000000000e+00 9.992001274367294794e-01 0.000000000000000000e+00 3.998881506638727462e-02
4.460000000000000000e+02 1.000000000000000000e+00 9.992001274367293684e-01 0.000000000000000000e+00 3.998881506639249267e-02
4.470000000000000000e+02 1.000000000000000000e+00 9.992001274367295904e-01 0.000000000000000000e+00 3.998881506638631012e-02
4.480000000000000000e+02 1.000000000000000000e+00 9.992001274367294794e-01 0.000000000000000000e+00 3.998881506638583827e-02
4.490000000000000000e+02 1.000000000000000000e+00 9.992001274367298125e-01 0.000000000000000000e+00 3.998881506638479744e-02
4.500000000000000000e+02 1.000000000000000000e+00 9.992001274367301455e-01 0.000000000000000000e+00 3.998881506638858607e-02
4.510000000000000000e+02 1.000000000000000000e+00 9.992001274367291463e-01 0.000000000000000000e+00 3.998881506638483213e-02
4.520000000000000000e+02 1.000000000000000000e+00 9.992001274367294794e-01 0.000000000000000000e+00 3.998881506639055672e-02
4.530000000000000000e+02 1.000000000000000000e+00 9.992001274367293684e-01 0.000000000000000000e+00 3.998881506639829359e-02
4.540000000000000000e+02 1.000000000000000000e+00 9.992001274367297015e-01 0.000000000000000000e+00 3.998881506637941979e-02
4.550000000000000000e+02 1.000000000000000000e+00 9.992001274367302566e-01 0.000000000000000000e+00 3.998881506639476169e-02
4.560000000000000000e+02 1.000000000000000000e+00 9.992001274367292574e-01 0.000000000000000000e+00 3.998881506639872380e-02
4.570000000000000000e+02 1.000000000000000000e+00 9.992001274367295904e-01 0.000000000000000000e+00 3.998881506639111183e-02
4.580000000000000000e+02 1.000000000000000000e+00 9.992001274367282582e-01 0.000000000000000000e+00 3.998881506638927996e-02
4.590000000000000000e+02 1.000000000000000000e+00 9.992001274367297015e-01 0.000000000000000000e+00 3.998881506637987082e-02
4.600000000000000000e+02 1.000000000000000000e+00 9.992001274367281471e-01 0.000000000000000000e+00 3.998881506638594235e-02
4.610000000000000000e+02 1.000000000000000000e+00 9.992001274367291463e-01 0.000000000000000000e+00 3.998881506638814198e-02
4.620000000000000000e+02 1.000000000000000000e+00 9.992001274367295904e-01 0.000000000000000000e+00 3.998881506638567174e-02
4.630000000000000000e+02 1.000000000000000000e+00 9.992001274367299235e-01 0.000000000000000000e+00 3.998881506638291006e-02
4.640000000000000000e+02 1.000000000000000000e+00 9.992001274367292574e-01 0.000000000000000000e+00 3.998881506639239553e-02
4.650000000000000000e+02 1.000000000000000000e+00 9.992001274367299235e-01 0.000000000000000000e+00 3.998881506638813504e-02
4.660000000000000000e+02 1.000000000000000000e+00 9.992001274367305896e-01 0.000000000000000000e+00 3.998881506638719135e-02
4.670000000000000000e+02 1.000000000000000000e+00 9.992001274367293684e-01 0.000000000000000000e+00 3.998881506639147959e-02
4.680000000000000000e+02 1.000000000000000000e+00 9.992001274367300345e-01 0.000000000000000000e+00 3.998881506638849587e-02
4.690000000000000000e+02 1.000000000000000000e+00 9.992001274367278141e-01 0.000000000000000000e+00 3.998881506638812117e-02
4.700000000000000000e+02 1.000000000000000000e+00 9.992001274367287023e-01 0.000000000000000000e+00 3.998881506638828770e-02
4.710000000000000000e+02 1.000000000000000000e+00 9.992001274367291463e-01 0.000000000000000000e+00 3.998881506638438804e-02
4.720000000000000000e+02 1.000000000000000000e+00 9.992001274367292574e-01 0.000000000000000000e+00 3.998881506638326394e-02
4.730000000000000000e+02 1.000000000000000000e+00 9.992001274367293684e-01 0.000000000000000000e+00 3.998881506639306166e-02
4.740000000000000000e+02 1.000000000000000000e+00 9.992001274367297015e-01 0.000000000000000000e+00 3.998881506638288924e-02
4.750000000000000000e+02 1.000000000000000000e+00 9.992001274367290353e-01 0.000000000000000000e+00 3.998881506638929384e-02
4.760000000000000000e+02 1.000000000000000000e+00 9.992001274367300345e-01 0.000000000000000000e+00 3.998881506638622685e-02
4.770000000000000000e+02 1.000000000000000000e+00 9.992001274367291463e-01 0.000000000000000000e+00 3.998881506638483213e-02
4.780000000000000000e+02 1.000000000000000000e+00 9.992001274367292574e-01 0.000000000000000000e+00 3.998881506637997491e-02
4.790000000000000000e+02 1.000000000000000000e+00 9.992001274367295904e-01 0.000000000000000000e+00 3.998881506638905098e-02
4.800000000000000000e+02 1.000000000000000000e+00 9.992001274367295904e-01 0.000000000000000000e+00 3.998881506638454070e-02
4.810000000000000000e+02 1.000000000000000000e+00 9.992001274367294794e-01 0.000000000000000000e+00 3.998881506638658073e-02
4.820000000000000000e+02 1.000000000000000000e+00 9.992001274367297015e-01 0.000000000000000000e+00 3.998881506637461808e-02
4.830000000000000000e+02 1.000000000000000000e+00 9.992001274367299235e-01 0.000000000000000000e+00 3.998881506638157779e-02
4.840000000000000000e+02 1.000000000000000000e+00 9.992001274367289243e-01 0.000000000000000000e+00 3.998881506638667094e-02
4.850000000000000000e+02 1.000000000000000000e+00 9.992001274367284802e-01 0.000000000000000000e+00 3.998881506638537336e-02
4.860000000000000000e+02 1.000000000000000000e+00 9.992001274367293684e-01 0.000000000000000000e+00 3.998881506638041899e-02
4.870000000000000000e+02 1.000000000000000000e+00 9.992001274367291463e-01 0.000000000000000000e+00 3.998881506638309741e-02
4.880000000000000000e+02 1.000000000000000000e+00 9.992001274367297015e-01 0.000000000000000000e+00 3.998881506638035654e-02
4.890000000000000000e+02 1.000000000000000000e+00 9.992001274367298125e-01 0.000000000000000000e+00 3.998881506638748973e-02
4.900000000000000000e+02 1.000000000000000000e+00 9.992001274367297015e-01 0.000000000000000000e+00 3.998881506638776034e-02
4.910000000000000000e+02 1.000000000000000000e+00 9.992001274367284802e-01 0.000000000000000000e+00 3.998881506638665012e-02
4.920000000000000000e+02 1.000000000000000000e+00 9.992001274367293684e-01 0.000000000000000000e+00 3.998881506639123673e-02
4.930000000000000000e+02 1.000000000000000000e+00 9.992001274367297015e-01 0.000000000000000000e+00 3.998881506638451988e-02
4.940000000000000000e+02 1.000000000000000000e+00 9.992001274367303676e-01 0.000000000000000000e+00 3.998881506638629624e-02
4.950000000000000000e+02 1.000000000000000000e+00 9.992001274367294794e-01 0.000000000000000000e+00 3.998881506638346517e-02
4.960000000000000000e+02 1.000000000000000000e+00 9.992001274367287023e-01 0.000000000000000000e+00 3.998881506638644889e-02
4.970000000000000000e+02 1.000000000000000000e+00 9.992001274367292574e-01 0.000000000000000000e+00 3.998881506638683747e-02
4.980000000000000000e+02 1.000000000000000000e+00 9.992001274367278141e-01 0.000000000000000000e+00 3.998881506638897465e-02
4.990000000000000000e+02 1.000000000000000000e+00 9.992001274367297015e-01 0.000000000000000000e+00 3.998881506637985694e-02
