500 4
0.000000000000000000e+00 1.000000000000000000e+00 9.992001274367297015e-01 0.000000000000000000e+00 3.998881506637897570e-02
1.000000000000000000e+00 1.000000000000000000e+00 9.992001274367303676e-01 0.000000000000000000e+00 3.998881506636935840e-02
2.000000000000000000e+00 1.000000000000000000e+00 9.992001274367295904e-01 0.000000000000000000e+00 3.998881506637557565e-02
3.000000000000000000e+00 1.000000000000000000e+00 9.992001274367308117e-01 0.000000000000000000e+00 3.998881506636790123e-02
4.000000000000000000e+00 1.000000000000000000e+00 9.992001274367312558e-01 0.000000000000000000e+00 3.998881506636139949e-02
5.000000000000000000e+00 1.000000000000000000e+00 9.992001274367305896e-01 0.000000000000000000e+00 3.998881506636504934e-02
6.000000000000000000e+00 1.000000000000000000e+00 9.992001274367298125e-01 0.000000000000000000e+00 3.998881506637127353e-02
7.000000000000000000e+00 1.000000000000000000e+00 9.992001274367313668e-01 0.000000000000000000e+00 3.998881506636849797e-02
8.000000000000000000e+00 1.000000000000000000e+00 9.992001274367303676e-01 0.000000000000000000e+00 3.998881506637329275e-02
9.000000000000000000e+00 1.000000000000000000e+00 9.992001274367290353e-01 0.000000000000000000e+00 3.998881506637241845e-02
1.000000000000000000e+01 1.000000000000000000e+00 9.992001274367305896e-01 0.000000000000000000e+00 3.998881506636350197e-02
1.100000000000000000e+01 1.000000000000000000e+00 9.992001274367301455e-01 0.000000000000000000e+00 3.998881506636656896e-02
1.200000000000000000e+01 1.000000000000000000e+00 9.992001274367298125e-01 0.000000000000000000e+00 3.998881506637323724e-02
1.300000000000000000e+01 1.000000000000000000e+00 9.992001274367308117e-01 0.000000000000000000e+00 3.998881506636439709e-02
1.400000000000000000e+01 1.000000000000000000e+00 9.992001274367292574e-01 0.000000000000000000e+00 3.998881506637863570e-02
1.500000000000000000e+01 1.000000000000000000e+00 9.992001274367308117e-01 0.000000000000000000e+00 3.998881506636963595e-02
1.600000000000000000e+01 1.000000000000000000e+00 9.992001274367307007e-01 0.000000000000000000e+00 3.998881506636241256e-02
1.700000000000000000e+01 1.000000000000000000e+00 9.992001274367303676e-01 0.000000000000000000e+00 3.998881506635951905e-02
1.800000000000000000e+01 1.000000000000000000e+00 9.992001274367304786e-01 0.000000000000000000e+00 3.998881506637188415e-02
1.900000000000000000e+01 1.000000000000000000e+00 9.992001274367304786e-01 0.000000000000000000e+00 3.998881506636658284e-02
2.000000000000000000e+01 1.000000000000000000e+00 9.992001274367284802e-01 0.000000000000000000e+00 3.998881506637477767e-02
2.100000000000000000e+01 1.000000000000000000e+00 9.992001274367300345e-01 0.000000000000000000e+00 3.998881506637103761e-02
2.200000000000000000e+01 1.000000000000000000e+00 9.992001274367299235e-01 0.000000000000000000e+00 3.998881506637731037e-02
2.300000000000000000e+01 1.000000000000000000e+00 9.992001274367300345e-01 0.000000000000000000e+00 3.998881506636488975e-02
2.400000000000000000e+01 1.000000000000000000e+00 9.992001274367305896e-01 0.000000000000000000e+00 3.998881506636933758e-02
2.500000000000000000e+01 1.000000000000000000e+00 9.992001274367299235e-01 0.000000000000000000e+00 3.998881506637445848e-02
2.600000000000000000e+01 1.000000000000000000e+00 9.992001274367304786e-01 0.000000000000000000e+00 3.998881506637499972e-02
2.700000000000000000e+01 1.000000000000000000e+00 9.992001274367295904e-01 0.000000000000000000e+00 3.998881506637488176e-02
2.800000000000000000e+01 1.000000000000000000e+00 9.992001274367303676e-01 0.000000000000000000e+00 3.998881506636232236e-02
2.900000000000000000e+01 1.000000000000000000e+00 9.992001274367303676e-01 0.000000000000000000e+00 3.998881506636985106e-02
3.000000000000000000e+01 1.000000000000000000e+00 9.992001274367302566e-01 0.000000000000000000e+00 3.998881506636624283e-02
3.100000000000000000e+01 1.000000000000000000e+00 9.992001274367292574e-01 0.000000000000000000e+00 3.998881506637683853e-02
3.200000000000000000e+01 1.000000000000000000e+00 9.992001274367303676e-01 0.000000000000000000e+00 3.998881506636781102e-02
3.300000000000000000e+01 1.000000000000000000e+00 9.992001274367300345e-01 0.000000000000000000e+00 3.998881506637704669e-02
3.400000000000000000e+01 1.000000000000000000e+00 9.992001274367297015e-01 0.000000000000000000e+00 3.998881506637064903e-02
3.500000000000000000e+01 1.000000000000000000e+00 9.992001274367298125e-01 0.000000000000000000e+00 3.998881506636631222e-02
3.600000000000000000e+01 1.000000000000000000e+00 9.992001274367331431e-01 0.000000000000000000e+00 3.998881506636861594e-02
3.700000000000000000e+01 1.000000000000000000e+00 9.992001274367292574e-01 0.000000000000000000e+00 3.998881506637657485e-02
3.800000000000000000e+01 1.000000000000000000e+00 9.992001274367302566e-01 0.000000000000000000e+00 3.998881506636785960e-02
3.900000000000000000e+01 1.000000000000000000e+00 9.992001274367302566e-01 0.000000000000000000e+00 3.998881506637412542e-02
4.000000000000000000e+01 1.000000000000000000e+00 9.992001274367295904e-01 0.000000000000000000e+00 3.998881506637537442e-02
4.100000000000000000e+01 1.000000000000000000e+00 9.992001274367303676e-01 0.000000000000000000e+00 3.998881506637408378e-02
4.200000000000000000e+01 1.000000000000000000e+00 9.992001274367298125e-01 0.000000000000000000e+00 3.998881506636749184e-02
4.300000000000000000e+01 1.000000000000000000e+00 9.992001274367299235e-01 0.000000000000000000e+00 3.998881506637444461e-02
4.400000000000000000e+01 1.000000000000000000e+00 9.992001274367308117e-01 0.000000000000000000e+00 3.998881506636254440e-02
4.500000000000000000e+01 1.000000000000000000e+00 9.992001274367305896e-01 0.000000000000000000e+00 3.998881506637277927e-02
4.600000000000000000e+01 1.000000000000000000e+00 9.992001274367292574e-01 0.000000000000000000e+00 3.998881506637574912e-02
4.700000000000000000e+01 1.000000000000000000e+00 9.992001274367300345e-01 0.000000000000000000e+00 3.998881506636899064e-02
4.800000000000000000e+01 1.000000000000000000e+00 9.992001274367301455e-01 0.000000000000000000e+00 3.998881506637599892e-02
4.900000000000000000e+01 1.000000000000000000e+00 9.992001274367294794e-01 0.000000000000000000e+00 3.998881506637384092e-02
5.000000000000000000e+01 1.000000000000000000e+00 9.992001274367294794e-01 0.000000000000000000e+00 3.998881506637338989e-02
5.100000000000000000e+01 1.000000000000000000e+00 9.992001274367299235e-01 0.000000000000000000e+00 3.998881506637830957e-02
5.200000000000000000e+01 1.000000000000000000e+00 9.992001274367302566e-01 0.000000000000000000e+00 3.998881506637508992e-02
5.300000000000000000e+01 1.000000000000000000e+00 9.992001274367310337e-01 0.000000000000000000e+00 3.998881506636468158e-02
5.400000000000000000e+01 1.000000000000000000e+00 9.992001274367312558e-01 0.000000000000000000e+00 3.998881506636551425e-02
5.500000000000000000e+01 1.000000000000000000e+00 9.992001274367297015e-01 0.000000000000000000e+00 3.998881506637547850e-02
5.600000000000000000e+01 1.000000000000000000e+00 9.992001274367301455e-01 0.000000000000000000e+00 3.998881506637243233e-02
5.700000000000000000e+01 1.000000000000000000e+00 9.992001274367299235e-01 0.000000000000000000e+00 3.998881506637216865e-02
5.800000000000000000e+01 1.000000000000000000e+00 9.992001274367307007e-01 0.000000000000000000e+00 3.998881506637009392e-02
5.900000000000000000e+01 1.000000000000000000e+00 9.992001274367303676e-01 0.000000000000000000e+00 3.998881506637253641e-02
6.000000000000000000e+01 1.000000000000000000e+00 9.992001274367299235e-01 0.000000000000000000e+00 3.998881506637478461e-02
6.100000000000000000e+01 1.000000000000000000e+00 9.992001274367295904e-01 0.000000000000000000e+00 3.998881506637370908e-02
6.200000000000000000e+01 1.000000000000000000e+00 9.992001274367295904e-01 0.000000000000000000e+00 3.998881506637260580e-02
6.300000000000000000e+01 1.000000000000000000e+00 9.992001274367297015e-01 0.000000000000000000e+00 3.998881506637093353e-02
6.400000000000000000e+01 1.000000000000000000e+00 9.992001274367290353e-01 0.000000000000000000e+00 3.998881506637284866e-02
6.500000000000000000e+01 1.000000000000000000e+00 9.992001274367299235e-01 0.000000000000000000e+00 3.998881506636967065e-02
6.600000000000000000e+01 1.000000000000000000e+00 9.992001274367302566e-01 0.000000000000000000e+00 3.998881506637238376e-02
6.700000000000000000e+01 1.000000000000000000e+00 9.992001274367302566e-01 0.000000000000000000e+00 3.998881506636899064e-02
6.800000000000000000e+01 1.000000000000000000e+00 9.992001274367302566e-01 0.000000000000000000e+00 3.998881506636684652e-02
6.900000000000000000e+01 1.000000000000000000e+00 9.992001274367313668e-01 0.000000000000000000e+00 3.998881506636373095e-02
7.000000000000000000e+01 1.000000000000000000e+00 9.992001274367298125e-01 0.000000000000000000e+00 3.998881506637930183e-02
7.100000000000000000e+01 1.000000000000000000e+00 9.992001274367303676e-01 0.000000000000000000e+00 3.998881506636838695e-02
7.200000000000000000e+01 1.000000000000000000e+00 9.992001274367298125e-01 0.000000000000000000e+00 3.998881506637722710e-02
7.300000000000000000e+01 1.000000000000000000e+00 9.992001274367308117e-01 0.000000000000000000e+00 3.998881506636484812e-02
7.400000000000000000e+01 1.000000000000000000e+00 9.992001274367308117e-01 0.000000000000000000e+00 3.998881506636556282e-02
7.500000000000000000e+01 1.000000000000000000e+00 9.992001274367318109e-01 0.000000000000000000e+00 3.998881506636627059e-02
7.600000000000000000e+01 1.000000000000000000e+00 9.992001274367307007e-01 0.000000000000000000e+00 3.998881506636148275e-02
7.700000000000000000e+01 1.000000000000000000e+00 9.992001274367299235e-01 0.000000000000000000e+00 3.998881506637797650e-02
7.800000000000000000e+01 1.000000000000000000e+00 9.992001274367305896e-01 0.000000000000000000e+00 3.998881506637533972e-02
7.900000000000000000e+01 1.000000000000000000e+00 9.992001274367301455e-01 0.000000000000000000e+00 3.998881506637245314e-02
8.000000000000000000e+01 1.000000000000000000e+00 9.992001274367307007e-01 0.000000000000000000e+00 3.998881506636595834e-02
8.100000000000000000e+01 1.000000000000000000e+00 9.992001274367300345e-01 0.000000000000000000e+00 3.998881506637974592e-02
8.200000000000000000e+01 1.000000000000000000e+00 9.992001274367305896e-01 0.000000000000000000e+00 3.998881506636900451e-02
8.300000000000000000e+01 1.000000000000000000e+00 9.992001274367305896e-01 0.000000000000000000e+00 3.998881506636826205e-02
8.400000000000000000e+01 1.000000000000000000e+00 9.992001274367299235e-01 0.000000000000000000e+00 3.998881506637380623e-02
8.500000000000000000e+01 1.000000000000000000e+00 9.992001274367297015e-01 0.000000000000000000e+00 3.998881506637064903e-02
8.600000000000000000e+01 1.000000000000000000e+00 9.992001274367305896e-01 0.000000000000000000e+00 3.998881506637161354e-02
8.700000000000000000e+01 1.000000000000000000e+00 9.992001274367303676e-01 0.000000000000000000e+00 3.998881506637299438e-02
8.800000000000000000e+01 1.000000000000000000e+00 9.992001274367290353e-01 0.000000000000000000e+00 3.998881506637615851e-02
8.900000000000000000e+01 1.000000000000000000e+00 9.992001274367297015e-01 0.000000000000000000e+00 3.998881506637681771e-02
9.000000000000000000e+01 1.000000000000000000e+00 9.992001274367301455e-01 0.000000000000000000e+00 3.998881506637069067e-02
9.100000000000000000e+01 1.000000000000000000e+00 9.992001274367297015e-01 0.000000000000000000e+00 3.998881506637728955e-02
9.200000000000000000e+01 1.000000000000000000e+00 9.992001274367310337e-01 0.000000000000000000e+00 3.998881506636743632e-02
9.300000000000000000e+01 1.000000000000000000e+00 9.992001274367312558e-01 0.000000000000000000e+00 3.998881506636400157e-02
9.400000000000000000e+01 1.000000000000000000e+00 9.992001274367294794e-01 0.000000000000000000e+00 3.998881506637125965e-02
9.500000000000000000e+01 1.000000000000000000e+00 9.992001274367303676e-01 0.000000000000000000e+00 3.998881506636544486e-02
9.600000000000000000e+01 1.000000000000000000e+00 9.992001274367294794e-01 0.000000000000000000e+00 3.998881506637604749e-02
9.700000000000000000e+01 1.000000000000000000e+00 9.992001274367308117e-01 0.000000000000000000e+00 3.998881506636922656e-02
9.800000000000000000e+01 1.000000000000000000e+00 9.992001274367297015e-01 0.000000000000000000e+00 3.998881506637166905e-02
9.900000000000000000e+01 1.000000000000000000e+00 9.992001274367303676e-01 0.000000000000000000e+00 3.998881506637076005e-02
1.000000000000000000e+02 1.000000000000000000e+00 9.992001274367300345e-01 0.000000000000000000e+00 3.998881506637184252e-02
1.010000000000000000e+02 1.000000000000000000e+00 9.992001274367301455e-01 0.000000000000000000e+00 3.998881506637190497e-02
1.020000000000000000e+02 1.000000000000000000e+00 9.992001274367304786e-01 0.000000000000000000e+00 3.998881506637066291e-02
1.030000000000000000e+02 1.000000000000000000e+00 9.992001274367303676e-01 0.000000000000000000e+00 3.998881506636501465e-02
1.040000000000000000e+02 1.000000000000000000e+00 9.992001274367305896e-01 0.000000000000000000e+00 3.998881506637254335e-02
1.050000000000000000e+02 1.000000000000000000e+00 9.992001274367297015e-01 0.000000000000000000e+00 3.998881506637996103e-02
1.060000000000000000e+02 1.000000000000000000e+00 9.992001274367292574e-01 0.000000000000000000e+00 3.998881506636804695e-02
1.070000000000000000e+02 1.000000000000000000e+00 9.992001274367304786e-01 0.000000000000000000e+00 3.998881506637067679e-02
1.080000000000000000e+02 1.000000000000000000e+00 9.992001274367299235e-01 0.000000000000000000e+00 3.998881506636510486e-02
1.090000000000000000e+02 1.000000000000000000e+00 9.992001274367300345e-01 0.000000000000000000e+00 3.998881506637230743e-02
1.100000000000000000e+02 1.000000000000000000e+00 9.992001274367303676e-01 0.000000000000000000e+00 3.998881506637051719e-02
1.110000000000000000e+02 1.000000000000000000e+00 9.992001274367307007e-01 0.000000000000000000e+00 3.998881506636899064e-02
1.120000000000000000e+02 1.000000000000000000e+00 9.992001274367303676e-01 0.000000000000000000e+00 3.998881506637004535e-02
1.130000000000000000e+02 1.000000000000000000e+00 9.992001274367303676e-01 0.000000000000000000e+00 3.998881506637346622e-02
1.140000000000000000e+02 1.000000000000000000e+00 9.992001274367302566e-01 0.000000000000000000e+00 3.998881506637146088e-02
1.150000000000000000e+02 1.000000000000000000e+00 9.992001274367303676e-01 0.000000000000000000e+00 3.998881506637087802e-02
1.160000000000000000e+02 1.000000000000000000e+00 9.992001274367310337e-01 0.000000000000000000e+00 3.998881506637246702e-02
1.170000000000000000e+02 1.000000000000000000e+00 9.992001274367281471e-01 0.000000000000000000e+00 3.998881506637403521e-02
1.180000000000000000e+02 1.000000000000000000e+00 9.992001274367307007e-01 0.000000000000000000e+00 3.998881506637032290e-02
1.190000000000000000e+02 1.000000000000000000e+00 9.992001274367307007e-01 0.000000000000000000e+00 3.998881506636758204e-02
1.200000000000000000e+02 1.000000000000000000e+00 9.992001274367299235e-01 0.000000000000000000e+00 3.998881506637103067e-02
1.210000000000000000e+02 1.000000000000000000e+00 9.992001274367297015e-01 0.000000000000000000e+00 3.998881506637179395e-02
1.220000000000000000e+02 1.000000000000000000e+00 9.992001274367294794e-01 0.000000000000000000e+00 3.998881506637691485e-02
1.230000000000000000e+02 1.000000000000000000e+00 9.992001274367299235e-01 0.000000000000000000e+00 3.998881506637796956e-02
1.240000000000000000e+02 1.000000000000000000e+00 9.992001274367299235e-01 0.000000000000000000e+00 3.998881506637320948e-02
1.250000000000000000e+02 1.000000000000000000e+00 9.992001274367297015e-01 0.000000000000000000e+00 3.998881506637332051e-02
1.260000000000000000e+02 1.000000000000000000e+00 9.992001274367308117e-01 0.000000000000000000e+00 3.998881506636715183e-02
1.270000000000000000e+02 1.000000000000000000e+00 9.992001274367303676e-01 0.000000000000000000e+00 3.998881506636554201e-02
1.280000000000000000e+02 1.000000000000000000e+00 9.992001274367299235e-01 0.000000000000000000e+00 3.998881506636196154e-02
1.290000000000000000e+02 1.000000000000000000e+00 9.992001274367303676e-01 0.000000000000000000e+00 3.998881506637506911e-02
1.300000000000000000e+02 1.000000000000000000e+00 9.992001274367301455e-01 0.000000000000000000e+00 3.998881506637061434e-02
1.310000000000000000e+02 1.000000000000000000e+00 9.992001274367280361e-01 0.000000000000000000e+00 3.998881506637165517e-02
1.320000000000000000e+02 1.000000000000000000e+00 9.992001274367301455e-01 0.000000000000000000e+00 3.998881506637601974e-02
1.330000000000000000e+02 1.000000000000000000e+00 9.992001274367307007e-01 0.000000000000000000e+00 3.998881506637062822e-02
1.340000000000000000e+02 1.000000000000000000e+00 9.992001274367297015e-01 0.000000000000000000e+00 3.998881506637353561e-02
1.350000000000000000e+02 1.000000000000000000e+00 9.992001274367301455e-01 0.000000000000000000e+00 3.998881506637664424e-02
1.360000000000000000e+02 1.000000000000000000e+00 9.992001274367308117e-01 0.000000000000000000e+00 3.998881506636277339e-02
1.370000000000000000e+02 1.000000000000000000e+00 9.992001274367294794e-01 0.000000000000000000e+00 3.998881506637390337e-02
1.380000000000000000e+02 1.000000000000000000e+00 9.992001274367297015e-01 0.000000000000000000e+00 3.998881506637705363e-02
1.390000000000000000e+02 1.000000000000000000e+00 9.992001274367301455e-01 0.000000000000000000e+00 3.998881506637341071e-02
1.400000000000000000e+02 1.000000000000000000e+00 9.992001274367308117e-01 0.000000000000000000e+00 3.998881506636899758e-02
1.410000000000000000e+02 1.000000000000000000e+00 9.992001274367295904e-01 0.000000000000000000e+00 3.998881506637308458e-02
1.420000000000000000e+02 1.000000000000000000e+00 9.992001274367308117e-01 0.000000000000000000e+00 3.998881506637245314e-02
1.430000000000000000e+02 1.000000000000000000e+00 9.992001274367302566e-01 0.000000000000000000e+00 3.998881506637264743e-02
1.440000000000000000e+02 1.000000000000000000e+00 9.992001274367301455e-01 0.000000000000000000e+00 3.998881506636941391e-02
1.450000000000000000e+02 1.000000000000000000e+00 9.992001274367305896e-01 0.000000000000000000e+00 3.998881506637173150e-02
1.460000000000000000e+02 1.000000000000000000e+00 9.992001274367298125e-01 0.000000000000000000e+00 3.998881506637275846e-02
1.470000000000000000e+02 1.000000000000000000e+00 9.992001274367297015e-01 0.000000000000000000e+00 3.998881506636576405e-02
1.480000000000000000e+02 1.000000000000000000e+00 9.992001274367301455e-01 0.000000000000000000e+00 3.998881506637211314e-02
1.490000000000000000e+02 1.000000000000000000e+00 9.992001274367303676e-01 0.000000000000000000e+00 3.998881506636942779e-02
1.500000000000000000e+02 1.000000000000000000e+00 9.992001274367301455e-01 0.000000000000000000e+00 3.998881506636861594e-02
1.510000000000000000e+02 1.000000000000000000e+00 9.992001274367303676e-01 0.000000000000000000e+00 3.998881506637157190e-02
1.520000000000000000e+02 1.000000000000000000e+00 9.992001274367301455e-01 0.000000000000000000e+00 3.998881506636881716e-02
1.530000000000000000e+02 1.000000000000000000e+00 9.992001274367305896e-01 0.000000000000000000e+00 3.998881506636686040e-02
1.540000000000000000e+02 1.000000000000000000e+00 9.992001274367301455e-01 0.000000000000000000e+00 3.998881506637726874e-02
1.550000000000000000e+02 1.000000000000000000e+00 9.992001274367301455e-01 0.000000000000000000e+00 3.998881506637461114e-02
1.560000000000000000e+02 1.000000000000000000e+00 9.992001274367299235e-01 0.000000000000000000e+00 3.998881506637468747e-02
1.570000000000000000e+02 1.000000000000000000e+00 9.992001274367304786e-01 0.000000000000000000e+00 3.998881506636680488e-02
1.580000000000000000e+02 1.000000000000000000e+00 9.992001274367301455e-01 0.000000000000000000e+00 3.998881506637169680e-02
1.590000000000000000e+02 1.000000000000000000e+00 9.992001274367299235e-01 0.000000000000000000e+00 3.998881506637883693e-02
1.600000000000000000e+02 1.000000000000000000e+00 9.992001274367298125e-01 0.000000000000000000e+00 3.998881506637165517e-02
1.610000000000000000e+02 1.000000000000000000e+00 9.992001274367297015e-01 0.000000000000000000e+00 3.998881506636935840e-02
1.620000000000000000e+02 1.000000000000000000e+00 9.992001274367298125e-01 0.000000000000000000e+00 3.998881506636876859e-02
1.630000000000000000e+02 1.000000000000000000e+00 9.992001274367303676e-01 0.000000000000000000e+00 3.998881506637488176e-02
1.640000000000000000e+02 1.000000000000000000e+00 9.992001274367297015e-01 0.000000000000000000e+00 3.998881506637470135e-02
1.650000000000000000e+02 1.000000000000000000e+00 9.992001274367312558e-01 0.000000000000000000e+00 3.998881506636433464e-02
1.660000000000000000e+02 1.000000000000000000e+00 9.992001274367299235e-01 0.000000000000000000e+00 3.998881506636975391e-02
1.670000000000000000e+02 1.000000000000000000e+00 9.992001274367302566e-01 0.000000000000000000e+00 3.998881506636720734e-02
1.680000000000000000e+02 1.000000000000000000e+00 9.992001274367303676e-01 0.000000000000000000e+00 3.998881506637056577e-02
1.690000000000000000e+02 1.000000000000000000e+00 9.992001274367308117e-01 0.000000000000000000e+00 3.998881506636069172e-02
1.700000000000000000e+02 1.000000000000000000e+00 9.992001274367297015e-01 0.000000000000000000e+00 3.998881506637341765e-02
1.710000000000000000e+02 1.000000000000000000e+00 9.992001274367320329e-01 0.000000000000000000e+00 3.998881506637097516e-02
1.720000000000000000e+02 1.000000000000000000e+00 9.992001274367301455e-01 0.000000000000000000e+00 3.998881506637520789e-02
1.730000000000000000e+02 1.000000000000000000e+00 9.992001274367303676e-01 0.000000000000000000e+00 3.998881506636877553e-02
1.740000000000000000e+02 1.000000000000000000e+00 9.992001274367298125e-01 0.000000000000000000e+00 3.998881506637508992e-02
1.750000000000000000e+02 1.000000000000000000e+00 9.992001274367299235e-01 0.000000000000000000e+00 3.998881506637824712e-02
1.760000000000000000e+02 1.000000000000000000e+00 9.992001274367305896e-01 0.000000000000000000e+00 3.998881506637295968e-02
1.770000000000000000e+02 1.000000000000000000e+00 9.992001274367308117e-01 0.000000000000000000e+00 3.998881506637714384e-02
1.780000000000000000e+02 1.000000000000000000e+00 9.992001274367301455e-01 0.000000000000000000e+00 3.998881506637787242e-02
1.790000000000000000e+02 1.000000000000000000e+00 9.992001274367307007e-01 0.000000000000000000e+00 3.998881506636941391e-02
1.800000000000000000e+02 1.000000000000000000e+00 9.992001274367294794e-01 0.000000000000000000e+00 3.998881506637458338e-02
1.810000000000000000e+02 1.000000000000000000e+00 9.992001274367299235e-01 0.000000000000000000e+00 3.998881506637423644e-02
1.820000000000000000e+02 1.000000000000000000e+00 9.992001274367301455e-01 0.000000000000000000e+00 3.998881506637192579e-02
1.830000000000000000e+02 1.000000000000000000e+00 9.992001274367297015e-01 0.000000000000000000e+00 3.998881506637116251e-02
1.840000000000000000e+02 1.000000000000000000e+00 9.992001274367302566e-01 0.000000000000000000e+00 3.998881506636874084e-02
1.850000000000000000e+02 1.000000000000000000e+00 9.992001274367301455e-01 0.000000000000000000e+00 3.998881506637361888e-02
1.860000000000000000e+02 1.000000000000000000e+00 9.992001274367310337e-01 0.000000000000000000e+00 3.998881506637606137e-02
1.870000000000000000e+02 1.000000000000000000e+00 9.992001274367294794e-01 0.000000000000000000e+00 3.998881506637816385e-02
1.880000000000000000e+02 1.000000000000000000e+00 9.992001274367322550e-01 0.000000000000000000e+00 3.998881506637266825e-02
1.890000000000000000e+02 1.000000000000000000e+00 9.992001274367301455e-01 0.000000000000000000e+00 3.998881506636496608e-02
1.900000000000000000e+02 1.000000000000000000e+00 9.992001274367302566e-01 0.000000000000000000e+00 3.998881506637096128e-02
1.910000000000000000e+02 1.000000000000000000e+00 9.992001274367303676e-01 0.000000000000000000e+00 3.998881506637350786e-02
1.920000000000000000e+02 1.000000000000000000e+00 9.992001274367302566e-01 0.000000000000000000e+00 3.998881506637682465e-02
1.930000000000000000e+02 1.000000000000000000e+00 9.992001274367297015e-01 0.000000000000000000e+00 3.998881506637016331e-02
1.940000000000000000e+02 1.000000000000000000e+00 9.992001274367308117e-01 0.000000000000000000e+00 3.998881506637139843e-02
1.950000000000000000e+02 1.000000000000000000e+00 9.992001274367305896e-01 0.000000000000000000e+00 3.998881506637337602e-02
1.960000000000000000e+02 1.000000000000000000e+00 9.992001274367301455e-01 0.000000000000000000e+00 3.998881506636459832e-02
1.970000000000000000e+02 1.000000000000000000e+00 9.992001274367308117e-01 0.000000000000000000e+00 3.998881506636932370e-02
1.980000000000000000e+02 1.000000000000000000e+00 9.992001274367291463e-01 0.000000000000000000e+00 3.998881506637346622e-02
1.990000000000000000e+02 1.000000000000000000e+00 9.992001274367303676e-01 0.000000000000000000e+00 3.998881506637366051e-02
2.000000000000000000e+02 1.000000000000000000e+00 9.992001274367294794e-01 0.000000000000000000e+00 3.998881506637368827e-02
2.010000000000000000e+02 1.000000000000000000e+00 9.992001274367303676e-01 0.000000000000000000e+00 3.998881506637445848e-02
2.020000000000000000e+02 1.000000000000000000e+00 9.992001274367304786e-01 0.000000000000000000e+00 3.998881506637120414e-02
2.030000000000000000e+02 1.000000000000000000e+00 9.992001274367298125e-01 0.000000000000000000e+00 3.998881506637485400e-02
2.040000000000000000e+02 1.000000000000000000e+00 9.992001274367305896e-01 0.000000000000000000e+00 3.998881506636807470e-02
2.050000000000000000e+02 1.000000000000000000e+00 9.992001274367310337e-01 0.000000000000000000e+00 3.998881506636588895e-02
2.060000000000000000e+02 1.000000000000000000e+00 9.992001274367303676e-01 0.000000000000000000e+00 3.998881506636629835e-02
2.070000000000000000e+02 1.000000000000000000e+00 9.992001274367304786e-01 0.000000000000000000e+00 3.998881506636259298e-02
2.080000000000000000e+02 1.000000000000000000e+00 9.992001274367279251e-01 0.000000000000000000e+00 3.998881506636961514e-02
2.090000000000000000e+02 1.000000000000000000e+00 9.992001274367307007e-01 0.000000000000000000e+00 3.998881506636827593e-02
2.100000000000000000e+02 1.000000000000000000e+00 9.992001274367300345e-01 0.000000000000000000e+00 3.998881506637255723e-02
2.110000000000000000e+02 1.000000000000000000e+00 9.992001274367303676e-01 0.000000000000000000e+00 3.998881506636980943e-02
2.120000000000000000e+02 1.000000000000000000e+00 9.992001274367307007e-01 0.000000000000000000e+00 3.998881506636624283e-02
2.130000000000000000e+02 1.000000000000000000e+00 9.992001274367310337e-01 0.000000000000000000e+00 3.998881506636414035e-02
2.140000000000000000e+02 1.000000000000000000e+00 9.992001274367294794e-01 0.000000000000000000e+00 3.998881506637188415e-02
2.150000000000000000e+02 1.000000000000000000e+00 9.992001274367300345e-01 0.000000000000000000e+00 3.998881506637617933e-02
2.160000000000000000e+02 1.000000000000000000e+00 9.992001274367299235e-01 0.000000000000000000e+00 3.998881506637066291e-02
2.170000000000000000e+02 1.000000000000000000e+00 9.992001274367302566e-01 0.000000000000000000e+00 3.998881506637365357e-02
2.180000000000000000e+02 1.000000000000000000e+00 9.992001274367305896e-01 0.000000000000000000e+00 3.998881506637295274e-02
2.190000000000000000e+02 1.000000000000000000e+00 9.992001274367297015e-01 0.000000000000000000e+00 3.998881506637650546e-02
2.200000000000000000e+02 1.000000000000000000e+00 9.992001274367301455e-01 0.000000000000000000e+00 3.998881506636672856e-02
2.210000000000000000e+02 1.000000000000000000e+00 9.992001274367299235e-01 0.000000000000000000e+00 3.998881506637262662e-02
2.220000000000000000e+02 1.000000000000000000e+00 9.992001274367307007e-01 0.000000000000000000e+00 3.998881506637209926e-02
2.230000000000000000e+02 1.000000000000000000e+00 9.992001274367303676e-01 0.000000000000000000e+00 3.998881506637708833e-02
2.240000000000000000e+02 1.000000000000000000e+00 9.992001274367303676e-01 0.000000000000000000e+00 3.998881506637330663e-02
2.250000000000000000e+02 1.000000000000000000e+00 9.992001274367303676e-01 0.000000000000000000e+00 3.998881506637663036e-02
2.260000000000000000e+02 1.000000000000000000e+00 9.992001274367299235e-01 0.000000000000000000e+00 3.998881506636683958e-02
2.270000000000000000e+02 1.000000000000000000e+00 9.992001274367303676e-01 0.000000000000000000e+00 3.998881506636937228e-02
2.280000000000000000e+02 1.000000000000000000e+00 9.992001274367294794e-01 0.000000000000000000e+00 3.998881506637660954e-02
2.290000000000000000e+02 1.000000000000000000e+00 9.992001274367304786e-01 0.000000000000000000e+00 3.998881506636493138e-02
2.300000000000000000e+02 1.000000000000000000e+00 9.992001274367299235e-01 0.000000000000000000e+00 3.998881506636966371e-02
2.310000000000000000e+02 1.000000000000000000e+00 9.992001274367301455e-01 0.000000000000000000e+00 3.998881506636926819e-02
2.320000000000000000e+02 1.000000000000000000e+00 9.992001274367302566e-01 0.000000000000000000e+00 3.998881506636719346e-02
2.330000000000000000e+02 1.000000000000000000e+00 9.992001274367302566e-01 0.000000000000000000e+00 3.998881506637533279e-02
2.340000000000000000e+02 1.000000000000000000e+00 9.992001274367303676e-01 0.000000000000000000e+00 3.998881506637617933e-02
2.350000000000000000e+02 1.000000000000000000e+00 9.992001274367299235e-01 0.000000000000000000e+00 3.998881506637241151e-02
2.360000000000000000e+02 1.000000000000000000e+00 9.992001274367290353e-01 0.000000000000000000e+00 3.998881506637438216e-02
2.370000000000000000e+02 1.000000000000000000e+00 9.992001274367309227e-01 0.000000000000000000e+00 3.998881506637569361e-02
2.380000000000000000e+02 1.000000000000000000e+00 9.992001274367308117e-01 0.000000000000000000e+00 3.998881506635958843e-02
2.390000000000000000e+02 1.000000000000000000e+00 9.992001274367308117e-01 0.000000000000000000e+00 3.998881506636932370e-02
2.400000000000000000e+02 1.000000000000000000e+00 9.992001274367303676e-01 0.000000000000000000e+00 3.998881506636910166e-02
2.410000000000000000e+02 1.000000000000000000e+00 9.992001274367303676e-01 0.000000000000000000e+00 3.998881506637114863e-02
2.420000000000000000e+02 1.000000000000000000e+00 9.992001274367305896e-01 0.000000000000000000e+00 3.998881506636789429e-02
2.430000000000000000e+02 1.000000000000000000e+00 9.992001274367301455e-01 0.000000000000000000e+00 3.998881506636876165e-02
2.440000000000000000e+02 1.000000000000000000e+00 9.992001274367301455e-01 0.000000000000000000e+00 3.998881506637059352e-02
2.450000000000000000e+02 1.000000000000000000e+00 9.992001274367303676e-01 0.000000000000000000e+00 3.998881506636698530e-02
2.460000000000000000e+02 1.000000000000000000e+00 9.992001274367310337e-01 0.000000000000000000e+00 3.998881506637199518e-02
2.470000000000000000e+02 1.000000000000000000e+00 9.992001274367323660e-01 0.000000000000000000e+00 3.998881506636829675e-02
2.480000000000000000e+02 1.000000000000000000e+00 9.992001274367299235e-01 0.000000000000000000e+00 3.998881506637178701e-02
2.490000000000000000e+02 1.000000000000000000e+00 9.992001274367297015e-01 0.000000000000000000e+00 3.998881506637005923e-02
2.500000000000000000e+02 1.000000000000000000e+00 9.992001274367297015e-01 0.000000000000000000e+00 3.998881506637136374e-02
2.510000000000000000e+02 1.000000000000000000e+00 9.992001274367301455e-01 0.000000000000000000e+00 3.998881506637390337e-02
2.520000000000000000e+02 1.000000000000000000e+00 9.992001274367291463e-01 0.000000000000000000e+00 3.998881506637440297e-02
2.530000000000000000e+02 1.000000000000000000e+00 9.992001274367301455e-01 0.000000000000000000e+00 3.998881506637708833e-02
2.540000000000000000e+02 1.000000000000000000e+00 9.992001274367310337e-01 0.000000000000000000e+00 3.998881506637587402e-02
2.550000000000000000e+02 1.000000000000000000e+00 9.992001274367303676e-01 0.000000000000000000e+00 3.998881506637019106e-02
2.560000000000000000e+02 1.000000000000000000e+00 9.992001274367259267e-01 0.000000000000000000e+00 3.998881506637214089e-02
2.570000000000000000e+02 1.000000000000000000e+00 9.992001274367297015e-01 0.000000000000000000e+00 3.998881506637426420e-02
2.580000000000000000e+02 1.000000000000000000e+00 9.992001274367316999e-01 0.000000000000000000e+00 3.998881506636851185e-02
2.590000000000000000e+02 1.000000000000000000e+00 9.992001274367297015e-01 0.000000000000000000e+00 3.998881506636972616e-02
2.600000000000000000e+02 1.000000000000000000e+00 9.992001274367297015e-01 0.000000000000000000e+00 3.998881506636925431e-02
2.610000000000000000e+02 1.000000000000000000e+00 9.992001274367299235e-01 0.000000000000000000e+00 3.998881506637338296e-02
2.620000000000000000e+02 1.000000000000000000e+00 9.992001274367310337e-01 0.000000000000000000e+00 3.998881506637147476e-02
2.630000000000000000e+02 1.000000000000000000e+00 9.992001274367301455e-01 0.000000000000000000e+00 3.998881506637323724e-02
2.640000000000000000e+02 1.000000000000000000e+00 9.992001274367301455e-01 0.000000000000000000e+00 3.998881506637509686e-02
2.650000000000000000e+02 1.000000000000000000e+00 9.992001274367310337e-01 0.000000000000000000e+00 3.998881506636937921e-02
2.660000000000000000e+02 1.000000000000000000e+00 9.992001274367305896e-01 0.000000000000000000e+00 3.998881506637679689e-02
2.670000000000000000e+02 1.000000000000000000e+00 9.992001274367305896e-01 0.000000000000000000e+00 3.998881506637085026e-02
2.680000000000000000e+02 1.000000000000000000e+00 9.992001274367303676e-01 0.000000000000000000e+00 3.998881506637397970e-02
2.690000000000000000e+02 1.000000000000000000e+00 9.992001274367298125e-01 0.000000000000000000e+00 3.998881506637468747e-02
2.700000000000000000e+02 1.000000000000000000e+00 9.992001274367290353e-01 0.000000000000000000e+00 3.998881506637581851e-02
2.710000000000000000e+02 1.000000000000000000e+00 9.992001274367292574e-01 0.000000000000000000e+00 3.998881506637674832e-02
2.720000000000000000e+02 1.000000000000000000e+00 9.992001274367294794e-01 0.000000000000000000e+00 3.998881506637314009e-02
2.730000000000000000e+02 1.000000000000000000e+00 9.992001274367300345e-01 0.000000000000000000e+00 3.998881506637314703e-02
2.740000000000000000e+02 1.000000000000000000e+00 9.992001274367312558e-01 0.000000000000000000e+00 3.998881506636964289e-02
2.750000000000000000e+02 1.000000000000000000e+00 9.992001274367301455e-01 0.000000000000000000e+00 3.998881506637632505e-02
2.760000000000000000e+02 1.000000000000000000e+00 9.992001274367299235e-01 0.000000000000000000e+00 3.998881506637265437e-02
2.770000000000000000e+02 1.000000000000000000e+00 9.992001274367299235e-01 0.000000000000000000e+00 3.998881506637772670e-02
2.780000000000000000e+02 1.000000000000000000e+00 9.992001274367308117e-01 0.000000000000000000e+00 3.998881506636600691e-02
2.790000000000000000e+02 1.000000000000000000e+00 9.992001274367298125e-01 0.000000000000000000e+00 3.998881506637316785e-02
2.800000000000000000e+02 1.000000000000000000e+00 9.992001274367297015e-01 0.000000000000000000e+00 3.998881506637107230e-02
2.810000000000000000e+02 1.000000000000000000e+00 9.992001274367305896e-01 0.000000000000000000e+00 3.998881506637601280e-02
2.820000000000000000e+02 1.000000000000000000e+00 9.992001274367305896e-01 0.000000000000000000e+00 3.998881506637706057e-02
2.830000000000000000e+02 1.000000000000000000e+00 9.992001274367299235e-01 0.000000000000000000e+00 3.998881506637542299e-02
2.840000000000000000e+02 1.000000000000000000e+00 9.992001274367295904e-01 0.000000000000000000e+00 3.998881506637319561e-02
2.850000000000000000e+02 1.000000000000000000e+00 9.992001274367302566e-01 0.000000000000000000e+00 3.998881506637644995e-02
2.860000000000000000e+02 1.000000000000000000e+00 9.992001274367305896e-01 0.000000000000000000e+00 3.998881506637069067e-02
2.870000000000000000e+02 1.000000000000000000e+00 9.992001274367298125e-01 0.000000000000000000e+00 3.998881506637581851e-02
2.880000000000000000e+02 1.000000000000000000e+00 9.992001274367299235e-01 0.000000000000000000e+00 3.998881506637219641e-02
2.890000000000000000e+02 1.000000000000000000e+00 9.992001274367298125e-01 0.000000000000000000e+00 3.998881506636984412e-02
2.900000000000000000e+02 1.000000000000000000e+00 9.992001274367303676e-01 0.000000000000000000e+00 3.998881506637236988e-02
2.910000000000000000e+02 1.000000000000000000e+00 9.992001274367292574e-01 0.000000000000000000e+00 3.998881506636972616e-02
2.920000000000000000e+02 1.000000000000000000e+00 9.992001274367299235e-01 0.000000000000000000e+00 3.998881506637084332e-02
2.930000000000000000e+02 1.000000000000000000e+00 9.992001274367301455e-01 0.000000000000000000e+00 3.998881506637458338e-02
2.940000000000000000e+02 1.000000000000000000e+00 9.992001274367300345e-01 0.000000000000000000e+00 3.998881506637537442e-02
2.950000000000000000e+02 1.000000000000000000e+00 9.992001274367303676e-01 0.000000000000000000e+00 3.998881506636745020e-02
2.960000000000000000e+02 1.000000000000000000e+00 9.992001274367299235e-01 0.000000000000000000e+00 3.998881506637932959e-02
2.970000000000000000e+02 1.000000000000000000e+00 9.992001274367294794e-01 0.000000000000000000e+00 3.998881506637185640e-02
2.980000000000000000e+02 1.000000000000000000e+00 9.992001274367301455e-01 0.000000000000000000e+00 3.998881506637448624e-02
2.990000000000000000e+02 1.000000000000000000e+00 9.992001274367308117e-01 0.000000000000000000e+00 3.998881506636633304e-02
3.000000000000000000e+02 1.000000000000000000e+00 9.992001274367301455e-01 0.000000000000000000e+00 3.998881506637688710e-02
3.010000000000000000e+02 1.000000000000000000e+00 9.992001274367255936e-01 0.000000000000000000e+00 3.998881506637314703e-02
3.020000000000000000e+02 1.000000000000000000e+00 9.992001274367305896e-01 0.000000000000000000e+00 3.998881506637400052e-02
3.030000000000000000e+02 1.000000000000000000e+00 9.992001274367303676e-01 0.000000000000000000e+00 3.998881506636692285e-02
3.040000000000000000e+02 1.000000000000000000e+00 9.992001274367301455e-01 0.000000000000000000e+00 3.998881506637649158e-02
3.050000000000000000e+02 1.000000000000000000e+00 9.992001274367294794e-01 0.000000000000000000e+00 3.998881506637602667e-02
3.060000000000000000e+02 1.000000000000000000e+00 9.992001274367294794e-01 0.000000000000000000e+00 3.998881506637606137e-02
3.070000000000000000e+02 1.000000000000000000e+00 9.992001274367303676e-01 0.000000000000000000e+00 3.998881506637707445e-02
3.080000000000000000e+02 1.000000000000000000e+00 9.992001274367303676e-01 0.000000000000000000e+00 3.998881506637475686e-02
3.090000000000000000e+02 1.000000000000000000e+00 9.992001274367314778e-01 0.000000000000000000e+00 3.998881506636210725e-02
3.100000000000000000e+02 1.000000000000000000e+00 9.992001274367287023e-01 0.000000000000000000e+00 3.998881506637318867e-02
3.110000000000000000e+02 1.000000000000000000e+00 9.992001274367305896e-01 0.000000000000000000e+00 3.998881506636509792e-02
3.120000000000000000e+02 1.000000000000000000e+00 9.992001274367318109e-01 0.000000000000000000e+00 3.998881506636683264e-02
3.130000000000000000e+02 1.000000000000000000e+00 9.992001274367303676e-01 0.000000000000000000e+00 3.998881506637558952e-02
3.140000000000000000e+02 1.000000000000000000e+00 9.992001274367305896e-01 0.000000000000000000e+00 3.998881506636550731e-02
3.150000000000000000e+02 1.000000000000000000e+00 9.992001274367301455e-01 0.000000000000000000e+00 3.998881506637066985e-02
3.160000000000000000e+02 1.000000000000000000e+00 9.992001274367300345e-01 0.000000000000000000e+00 3.998881506636887267e-02
3.170000000000000000e+02 1.000000000000000000e+00 9.992001274367295904e-01 0.000000000000000000e+00 3.998881506637703281e-02
3.180000000000000000e+02 1.000000000000000000e+00 9.992001274367301455e-01 0.000000000000000000e+00 3.998881506637805283e-02
3.190000000000000000e+02 1.000000000000000000e+00 9.992001274367297015e-01 0.000000000000000000e+00 3.998881506637519401e-02
3.200000000000000000e+02 1.000000000000000000e+00 9.992001274367300345e-01 0.000000000000000000e+00 3.998881506637175925e-02
3.210000000000000000e+02 1.000000000000000000e+00 9.992001274367297015e-01 0.000000000000000000e+00 3.998881506637477073e-02
3.220000000000000000e+02 1.000000000000000000e+00 9.992001274367294794e-01 0.000000000000000000e+00 3.998881506637697730e-02
3.230000000000000000e+02 1.000000000000000000e+00 9.992001274367308117e-01 0.000000000000000000e+00 3.998881506636912941e-02
3.240000000000000000e+02 1.000000000000000000e+00 9.992001274367304786e-01 0.000000000000000000e+00 3.998881506637128741e-02
3.250000000000000000e+02 1.000000000000000000e+00 9.992001274367307007e-01 0.000000000000000000e+00 3.998881506637015637e-02
3.260000000000000000e+02 1.000000000000000000e+00 9.992001274367301455e-01 0.000000000000000000e+00 3.998881506637314703e-02
3.270000000000000000e+02 1.000000000000000000e+00 9.992001274367303676e-01 0.000000000000000000e+00 3.998881506636999678e-02
3.280000000000000000e+02 1.000000000000000000e+00 9.992001274367305896e-01 0.000000000000000000e+00 3.998881506637391725e-02
3.290000000000000000e+02 1.000000000000000000e+00 9.992001274367312558e-01 0.000000000000000000e+00 3.998881506636766531e-02
3.300000000000000000e+02 1.000000000000000000e+00 9.992001274367303676e-01 0.000000000000000000e+00 3.998881506637388256e-02
3.310000000000000000e+02 1.000000000000000000e+00 9.992001274367310337e-01 0.000000000000000000e+00 3.998881506636259991e-02
3.320000000000000000e+02 1.000000000000000000e+00 9.992001274367303676e-01 0.000000000000000000e+00 3.998881506637113475e-02
3.330000000000000000e+02 1.000000000000000000e+00 9.992001274367300345e-01 0.000000000000000000e+00 3.998881506637064903e-02
3.340000000000000000e+02 1.000000000000000000e+00 9.992001274367302566e-01 0.000000000000000000e+00 3.998881506637564504e-02
3.350000000000000000e+02 1.000000000000000000e+00 9.992001274367295904e-01 0.000000000000000000e+00 3.998881506637086414e-02
3.360000000000000000e+02 1.000000000000000000e+00 9.992001274367297015e-01 0.000000000000000000e+00 3.998881506637667199e-02
3.370000000000000000e+02 1.000000000000000000e+00 9.992001274367299235e-01 0.000000000000000000e+00 3.998881506638334027e-02
3.380000000000000000e+02 1.000000000000000000e+00 9.992001274367305896e-01 0.000000000000000000e+00 3.998881506636858818e-02
3.390000000000000000e+02 1.000000000000000000e+00 9.992001274367333652e-01 0.000000000000000000e+00 3.998881506636745020e-02
3.400000000000000000e+02 1.000000000000000000e+00 9.992001274367303676e-01 0.000000000000000000e+00 3.998881506637230743e-02
3.410000000000000000e+02 1.000000000000000000e+00 9.992001274367299235e-01 0.000000000000000000e+00 3.998881506637087802e-02
3.420000000000000000e+02 1.000000000000000000e+00 9.992001274367299235e-01 0.000000000000000000e+00 3.998881506637352173e-02
3.430000000000000000e+02 1.000000000000000000e+00 9.992001274367297015e-01 0.000000000000000000e+00 3.998881506637773364e-02
3.440000000000000000e+02 1.000000000000000000e+00 9.992001274367297015e-01 0.000000000000000000e+00 3.998881506637342459e-02
3.450000000000000000e+02 1.000000000000000000e+00 9.992001274367305896e-01 0.000000000000000000e+00 3.998881506637161354e-02
3.460000000000000000e+02 1.000000000000000000e+00 9.992001274367295904e-01 0.000000000000000000e+00 3.998881506637139149e-02
3.470000000000000000e+02 1.000000000000000000e+00 9.992001274367301455e-01 0.000000000000000000e+00 3.998881506637368827e-02
3.480000000000000000e+02 1.000000000000000000e+00 9.992001274367299235e-01 0.000000000000000000e+00 3.998881506637504829e-02
3.490000000000000000e+02 1.000000000000000000e+00 9.992001274367297015e-01 0.000000000000000000e+00 3.998881506637559646e-02
3.500000000000000000e+02 1.000000000000000000e+00 9.992001274367300345e-01 0.000000000000000000e+00 3.998881506637164129e-02
3.510000000000000000e+02 1.000000000000000000e+00 9.992001274367300345e-01 0.000000000000000000e+00 3.998881506637683159e-02
3.520000000000000000e+02 1.000000000000000000e+00 9.992001274367310337e-01 0.000000000000000000e+00 3.998881506637284866e-02
3.530000000000000000e+02 1.000000000000000000e+00 9.992001274367301455e-01 0.000000000000000000e+00 3.998881506637441685e-02
3.540000000000000000e+02 1.000000000000000000e+00 9.992001274367298125e-01 0.000000000000000000e+00 3.998881506638065492e-02
3.550000000000000000e+02 1.000000000000000000e+00 9.992001274367303676e-01 0.000000000000000000e+00 3.998881506636335625e-02
3.560000000000000000e+02 1.000000000000000000e+00 9.992001274367303676e-01 0.000000000000000000e+00 3.998881506637458338e-02
3.570000000000000000e+02 1.000000000000000000e+00 9.992001274367301455e-01 0.000000000000000000e+00 3.998881506636979555e-02
3.580000000000000000e+02 1.000000000000000000e+00 9.992001274367301455e-01 0.000000000000000000e+00 3.998881506637382011e-02
3.590000000000000000e+02 1.000000000000000000e+00 9.992001274367305896e-01 0.000000000000000000e+00 3.998881506636979555e-02
3.600000000000000000e+02 1.000000000000000000e+00 9.992001274367293684e-01 0.000000000000000000e+00 3.998881506637608912e-02
3.610000000000000000e+02 1.000000000000000000e+00 9.992001274367308117e-01 0.000000000000000000e+00 3.998881506636362687e-02
3.620000000000000000e+02 1.000000000000000000e+00 9.992001274367294794e-01 0.000000000000000000e+00 3.998881506637235600e-02
3.630000000000000000e+02 1.000000000000000000e+00 9.992001274367305896e-01 0.000000000000000000e+00 3.998881506636934452e-02
3.640000000000000000e+02 1.000000000000000000e+00 9.992001274367309227e-01 0.000000000000000000e+00 3.998881506636852573e-02
3.650000000000000000e+02 1.000000000000000000e+00 9.992001274367299235e-01 0.000000000000000000e+00 3.998881506637066985e-02
3.660000000000000000e+02 1.000000000000000000e+00 9.992001274367301455e-01 0.000000000000000000e+00 3.998881506637706057e-02
3.670000000000000000e+02 1.000000000000000000e+00 9.992001274367272590e-01 0.000000000000000000e+00 3.998881506638050920e-02
3.680000000000000000e+02 1.000000000000000000e+00 9.992001274367310337e-01 0.000000000000000000e+00 3.998881506636596528e-02
3.690000000000000000e+02 1.000000000000000000e+00 9.992001274367292574e-01 0.000000000000000000e+00 3.998881506636549343e-02
3.700000000000000000e+02 1.000000000000000000e+00 9.992001274367308117e-01 0.000000000000000000e+00 3.998881506637388950e-02
3.710000000000000000e+02 1.000000000000000000e+00 9.992001274367301455e-01 0.000000000000000000e+00 3.998881506637139149e-02
3.720000000000000000e+02 1.000000000000000000e+00 9.992001274367308117e-01 0.000000000000000000e+00 3.998881506637987082e-02
3.730000000000000000e+02 1.000000000000000000e+00 9.992001274367300345e-01 0.000000000000000000e+00 3.998881506637361888e-02
3.740000000000000000e+02 1.000000000000000000e+00 9.992001274367299235e-01 0.000000000000000000e+00 3.998881506637723404e-02
3.750000000000000000e+02 1.000000000000000000e+00 9.992001274367299235e-01 0.000000000000000000e+00 3.998881506637733813e-02
3.760000000000000000e+02 1.000000000000000000e+00 9.992001274367303676e-01 0.000000000000000000e+00 3.998881506637366745e-02
3.770000000000000000e+02 1.000000000000000000e+00 9.992001274367303676e-01 0.000000000000000000e+00 3.998881506636775551e-02
3.780000000000000000e+02 1.000000000000000000e+00 9.992001274367299235e-01 0.000000000000000000e+00 3.998881506637712996e-02
3.790000000000000000e+02 1.000000000000000000e+00 9.992001274367301455e-01 0.000000000000000000e+00 3.998881506637595729e-02
3.800000000000000000e+02 1.000000000000000000e+00 9.992001274367295904e-01 0.000000000000000000e+00 3.998881506637429889e-02
3.810000000000000000e+02 1.000000000000000000e+00 9.992001274367302566e-01 0.000000000000000000e+00 3.998881506636925431e-02
3.820000000000000000e+02 1.000000000000000000e+00 9.992001274367301455e-01 0.000000000000000000e+00 3.998881506637631811e-02
3.830000000000000000e+02 1.000000000000000000e+00 9.992001274367308117e-01 0.000000000000000000e+00 3.998881506638245209e-02
3.840000000000000000e+02 1.000000000000000000e+00 9.992001274367302566e-01 0.000000000000000000e+00 3.998881506636996902e-02
3.850000000000000000e+02 1.000000000000000000e+00 9.992001274367303676e-01 0.000000000000000000e+00 3.998881506637212008e-02
3.860000000000000000e+02 1.000000000000000000e+00 9.992001274367305896e-01 0.000000000000000000e+00 3.998881506636732530e-02
3.870000000000000000e+02 1.000000000000000000e+00 9.992001274367311447e-01 0.000000000000000000e+00 3.998881506636695754e-02
3.880000000000000000e+02 1.000000000000000000e+00 9.992001274367301455e-01 0.000000000000000000e+00 3.998881506636914329e-02
3.890000000000000000e+02 1.000000000000000000e+00 9.992001274367300345e-01 0.000000000000000000e+00 3.998881506637812222e-02
3.900000000000000000e+02 1.000000000000000000e+00 9.992001274367308117e-01 0.000000000000000000e+00 3.998881506636536853e-02
3.910000000000000000e+02 1.000000000000000000e+00 9.992001274367301455e-01 0.000000000000000000e+00 3.998881506637754629e-02
3.920000000000000000e+02 1.000000000000000000e+00 9.992001274367302566e-01 0.000000000000000000e+00 3.998881506636774164e-02
3.930000000000000000e+02 1.000000000000000000e+00 9.992001274367293684e-01 0.000000000000000000e+00 3.998881506637568667e-02
3.940000000000000000e+02 1.000000000000000000e+00 9.992001274367291463e-01 0.000000000000000000e+00 3.998881506637733119e-02
3.950000000000000000e+02 1.000000000000000000e+00 9.992001274367298125e-01 0.000000000000000000e+00 3.998881506637107230e-02
3.960000000000000000e+02 1.000000000000000000e+00 9.992001274367309227e-01 0.000000000000000000e+00 3.998881506637456257e-02
3.970000000000000000e+02 1.000000000000000000e+00 9.992001274367298125e-01 0.000000000000000000e+00 3.998881506637388950e-02
3.980000000000000000e+02 1.000000000000000000e+00 9.992001274367304786e-01 0.000000000000000000e+00 3.998881506636711020e-02
3.990000000000000000e+02 1.000000000000000000e+00 9.992001274367298125e-01 0.000000000000000000e+00 3.998881506636929595e-02
4.000000000000000000e+02 1.000000000000000000e+00 9.992001274367301455e-01 0.000000000000000000e+00 3.998881506637450012e-02
4.010000000000000000e+02 1.000000000000000000e+00 9.992001274367303676e-01 0.000000000000000000e+00 3.998881506637436828e-02
4.020000000000000000e+02 1.000000000000000000e+00 9.992001274367300345e-01 0.000000000000000000e+00 3.998881506637174538e-02
4.030000000000000000e+02 1.000000000000000000e+00 9.992001274367305896e-01 0.000000000000000000e+00 3.998881506636910166e-02
4.040000000000000000e+02 1.000000000000000000e+00 9.992001274367304786e-01 0.000000000000000000e+00 3.998881506636755429e-02
4.050000000000000000e+02 1.000000000000000000e+00 9.992001274367290353e-01 0.000000000000000000e+00 3.998881506637680383e-02
4.060000000000000000e+02 1.000000000000000000e+00 9.992001274367303676e-01 0.000000000000000000e+00 3.998881506637540911e-02
4.070000000000000000e+02 1.000000000000000000e+00 9.992001274367299235e-01 0.000000000000000000e+00 3.998881506637654709e-02
4.080000000000000000e+02 1.000000000000000000e+00 9.992001274367302566e-01 0.000000000000000000e+00 3.998881506636921268e-02
4.090000000000000000e+02 1.000000000000000000e+00 9.992001274367299235e-01 0.000000000000000000e+00 3.998881506636917105e-02
4.100000000000000000e+02 1.000000000000000000e+00 9.992001274367299235e-01 0.000000000000000000e+00 3.998881506637673444e-02
4.110000000000000000e+02 1.000000000000000000e+00 9.992001274367303676e-01 0.000000000000000000e+00 3.998881506637615157e-02
4.120000000000000000e+02 1.000000000000000000e+00 9.992001274367314778e-01 0.000000000000000000e+00 3.998881506637620015e-02
4.130000000000000000e+02 1.000000000000000000e+00 9.992001274367302566e-01 0.000000000000000000e+00 3.998881506637772670e-02
4.140000000000000000e+02 1.000000000000000000e+00 9.992001274367301455e-01 0.000000000000000000e+00 3.998881506637361888e-02
4.150000000000000000e+02 1.000000000000000000e+00 9.992001274367307007e-01 0.000000000000000000e+00 3.998881506636994126e-02
4.160000000000000000e+02 1.000000000000000000e+00 9.992001274367312558e-01 0.000000000000000000e+00 3.998881506636438321e-02
4.170000000000000000e+02 1.000000000000000000e+00 9.992001274367297015e-01 0.000000000000000000e+00 3.998881506637302213e-02
4.180000000000000000e+02 1.000000000000000000e+00 9.992001274367300345e-01 0.000000000000000000e+00 3.998881506637281397e-02
4.190000000000000000e+02 1.000000000000000000e+00 9.992001274367312558e-01 0.000000000000000000e+00 3.998881506636786654e-02
4.200000000000000000e+02 1.000000000000000000e+00 9.992001274367305896e-01 0.000000000000000000e+00 3.998881506636991351e-02
4.210000000000000000e+02 1.000000000000000000e+00 9.992001274367297015e-01 0.000000000000000000e+00 3.998881506638166800e-02
4.220000000000000000e+02 1.000000000000000000e+00 9.992001274367295904e-01 0.000000000000000000e+00 3.998881506637941285e-02
4.230000000000000000e+02 1.000000000000000000e+00 9.992001274367299235e-01 0.000000000000000000e+00 3.998881506637170374e-02
4.240000000000000000e+02 1.000000000000000000e+00 9.992001274367298125e-01 0.000000000000000000e+00 3.998881506637620709e-02
4.250000000000000000e+02 1.000000000000000000e+00 9.992001274367300345e-01 0.000000000000000000e+00 3.998881506637386174e-02
4.260000000000000000e+02 1.000000000000000000e+00 9.992001274367297015e-01 0.000000000000000000e+00 3.998881506637012168e-02
4.270000000000000000e+02 1.000000000000000000e+00 9.992001274367299235e-01 0.000000000000000000e+00 3.998881506636721428e-02
4.280000000000000000e+02 1.000000000000000000e+00 9.992001274367297015e-01 0.000000000000000000e+00 3.998881506638105043e-02
4.290000000000000000e+02 1.000000000000000000e+00 9.992001274367295904e-01 0.000000000000000000e+00 3.998881506638705258e-02
4.300000000000000000e+02 1.000000000000000000e+00 9.992001274367301455e-01 0.000000000000000000e+00 3.998881506637615157e-02
4.310000000000000000e+02 1.000000000000000000e+00 9.992001274367304786e-01 0.000000000000000000e+00 3.998881506637137068e-02
4.320000000000000000e+02 1.000000000000000000e+00 9.992001274367305896e-01 0.000000000000000000e+00 3.998881506637573524e-02
4.330000000000000000e+02 1.000000000000000000e+00 9.992001274367315888e-01 0.000000000000000000e+00 3.998881506637238376e-02
4.340000000000000000e+02 1.000000000000000000e+00 9.992001274367300345e-01 0.000000000000000000e+00 3.998881506637268907e-02
4.350000000000000000e+02 1.000000000000000000e+00 9.992001274367302566e-01 0.000000000000000000e+00 3.998881506636958044e-02
4.360000000000000000e+02 1.000000000000000000e+00 9.992001274367298125e-01 0.000000000000000000e+00 3.998881506636910860e-02
4.370000000000000000e+02 1.000000000000000000e+00 9.992001274367294794e-01 0.000000000000000000e+00 3.998881506637843447e-02
4.380000000000000000e+02 1.000000000000000000e+00 9.992001274367301455e-01 0.000000000000000000e+00 3.998881506636609018e-02
4.390000000000000000e+02 1.000000000000000000e+00 9.992001274367308117e-01 0.000000000000000000e+00 3.998881506637293887e-02
4.400000000000000000e+02 1.000000000000000000e+00 9.992001274367294794e-01 0.000000000000000000e+00 3.998881506637501360e-02
4.410000000000000000e+02 1.000000000000000000e+00 9.992001274367300345e-01 0.000000000000000000e+00 3.998881506637268213e-02
4.420000000000000000e+02 1.000000000000000000e+00 9.992001274367297015e-01 0.000000000000000000e+00 3.998881506637377847e-02
4.430000000000000000e+02 1.000000000000000000e+00 9.992001274367293684e-01 0.000000000000000000e+00 3.998881506637724098e-02
4.440000000000000000e+02 1.000000000000000000e+00 9.992001274367304786e-01 0.000000000000000000e+00 3.998881506637737282e-02
4.450000000000000000e+02 1.000000000000000000e+00 9.992001274367295904e-01 0.000000000000000000e+00 3.998881506637935734e-02
4.460000000000000000e+02 1.000000000000000000e+00 9.992001274367303676e-01 0.000000000000000000e+00 3.998881506637772670e-02
4.470000000000000000e+02 1.000000000000000000e+00 9.992001274367292574e-01 0.000000000000000000e+00 3.998881506637529809e-02
4.480000000000000000e+02 1.000000000000000000e+00 9.992001274367303676e-01 0.000000000000000000e+00 3.998881506637132904e-02
4.490000000000000000e+02 1.000000000000000000e+00 9.992001274367294794e-01 0.000000000000000000e+00 3.998881506637803201e-02
4.500000000000000000e+02 1.000000000000000000e+00 9.992001274367287023e-01 0.000000000000000000e+00 3.998881506637869815e-02
4.510000000000000000e+02 1.000000000000000000e+00 9.992001274367299235e-01 0.000000000000000000e+00 3.998881506637947530e-02
4.520000000000000000e+02 1.000000000000000000e+00 9.992001274367307007e-01 0.000000000000000000e+00 3.998881506637029515e-02
4.530000000000000000e+02 1.000000000000000000e+00 9.992001274367305896e-01 0.000000000000000000e+00 3.998881506637163435e-02
4.540000000000000000e+02 1.000000000000000000e+00 9.992001274367302566e-01 0.000000000000000000e+00 3.998881506637158578e-02
4.550000000000000000e+02 1.000000000000000000e+00 9.992001274367299235e-01 0.000000000000000000e+00 3.998881506638180677e-02
4.560000000000000000e+02 1.000000000000000000e+00 9.992001274367301455e-01 0.000000000000000000e+00 3.998881506636431382e-02
4.570000000000000000e+02 1.000000000000000000e+00 9.992001274367298125e-01 0.000000000000000000e+00 3.998881506637576300e-02
4.580000000000000000e+02 1.000000000000000000e+00 9.992001274367303676e-01 0.000000000000000000e+00 3.998881506637209926e-02
4.590000000000000000e+02 1.000000000000000000e+00 9.992001274367292574e-01 0.000000000000000000e+00 3.998881506637425726e-02
4.600000000000000000e+02 1.000000000000000000e+00 9.992001274367295904e-01 0.000000000000000000e+00 3.998881506636901145e-02
4.610000000000000000e+02 1.000000000000000000e+00 9.992001274367297015e-01 0.000000000000000000e+00 3.998881506637259192e-02
4.620000000000000000e+02 1.000000000000000000e+00 9.992001274367301455e-01 0.000000000000000000e+00 3.998881506637014943e-02
4.630000000000000000e+02 1.000000000000000000e+00 9.992001274367290353e-01 0.000000000000000000e+00 3.998881506637758793e-02
4.640000000000000000e+02 1.000000000000000000e+00 9.992001274367302566e-01 0.000000000000000000e+00 3.998881506637062128e-02
4.650000000000000000e+02 1.000000000000000000e+00 9.992001274367302566e-01 0.000000000000000000e+00 3.998881506637078087e-02
4.660000000000000000e+02 1.000000000000000000e+00 9.992001274367298125e-01 0.000000000000000000e+00 3.998881506636924044e-02
4.670000000000000000e+02 1.000000000000000000e+00 9.992001274367303676e-01 0.000000000000000000e+00 3.998881506638049532e-02
4.680000000000000000e+02 1.000000000000000000e+00 9.992001274367298125e-01 0.000000000000000000e+00 3.998881506637592259e-02
4.690000000000000000e+02 1.000000000000000000e+00 9.992001274367304786e-01 0.000000000000000000e+00 3.998881506636790123e-02
4.700000000000000000e+02 1.000000000000000000e+00 9.992001274367303676e-01 0.000000000000000000e+00 3.998881506637013555e-02
4.710000000000000000e+02 1.000000000000000000e+00 9.992001274367299235e-01 0.000000000000000000e+00 3.998881506638247291e-02
4.720000000000000000e+02 1.000000000000000000e+00 9.992001274367297015e-01 0.000000000000000000e+00 3.998881506637860100e-02
4.730000000000000000e+02 1.000000000000000000e+00 9.992001274367299235e-01 0.000000000000000000e+00 3.998881506637368827e-02
4.740000000000000000e+02 1.000000000000000000e+00 9.992001274367287023e-01 0.000000000000000000e+00 3.998881506637651934e-02
4.750000000000000000e+02 1.000000000000000000e+00 9.992001274367297015e-01 0.000000000000000000e+00 3.998881506637082250e-02
4.760000000000000000e+02 1.000000000000000000e+00 9.992001274367295904e-01 0.000000000000000000e+00 3.998881506637273764e-02
4.770000000000000000e+02 1.000000000000000000e+00 9.992001274367305896e-01 0.000000000000000000e+00 3.998881506636885880e-02
4.780000000000000000e+02 1.000000000000000000e+00 9.992001274367301455e-01 0.000000000000000000e+00 3.998881506637147476e-02
4.790000000000000000e+02 1.000000000000000000e+00 9.992001274367297015e-01 0.000000000000000000e+00 3.998881506638236882e-02
4.800000000000000000e+02 1.000000000000000000e+00 9.992001274367308117e-01 0.000000000000000000e+00 3.998881506637236988e-02
4.810000000000000000e+02 1.000000000000000000e+00 9.992001274367294794e-01 0.000000000000000000e+00 3.998881506637254335e-02
4.820000000000000000e+02 1.000000000000000000e+00 9.992001274367301455e-01 0.000000000000000000e+00 3.998881506637198824e-02
4.830000000000000000e+02 1.000000000000000000e+00 9.992001274367303676e-01 0.000000000000000000e+00 3.998881506636917105e-02
4.840000000000000000e+02 1.000000000000000000e+00 9.992001274367295904e-01 0.000000000000000000e+00 3.998881506637325112e-02
4.850000000000000000e+02 1.000000000000000000e+00 9.992001274367299235e-01 0.000000000000000000e+00 3.998881506637664424e-02
4.860000000000000000e+02 1.000000000000000000e+00 9.992001274367294794e-01 0.000000000000000000e+00 3.998881506637512462e-02
4.870000000000000000e+02 1.000000000000000000e+00 9.992001274367303676e-01 0.000000000000000000e+00 3.998881506637272376e-02
4.880000000000000000e+02 1.000000000000000000e+00 9.992001274367282582e-01 0.000000000000000000e+00 3.998881506637946143e-02
4.890000000000000000e+02 1.000000000000000000e+00 9.992001274367308117e-01 0.000000000000000000e+00 3.998881506637033678e-02
4.900000000000000000e+02 1.000000000000000000e+00 9.992001274367300345e-01 0.000000000000000000e+00 3.998881506637239069e-02
4.910000000000000000e+02 1.000000000000000000e+00 9.992001274367295904e-01 0.000000000000000000e+00 3.998881506637103761e-02
4.920000000000000000e+02 1.000000000000000000e+00 9.992001274367297015e-01 0.000000000000000000e+00 3.998881506638305577e-02
4.930000000000000000e+02 1.000000000000000000e+00 9.992001274367294794e-01 0.000000000000000000e+00 3.998881506637472910e-02
4.940000000000000000e+02 1.000000000000000000e+00 9.992001274367303676e-01 0.000000000000000000e+00 3.998881506638042593e-02
4.950000000000000000e+02 1.000000000000000000e+00 9.992001274367297015e-01 0.000000000000000000e+00 3.998881506637400052e-02
4.960000000000000000e+02 1.000000000000000000e+00 9.992001274367301455e-01 0.000000000000000000e+00 3.998881506637292499e-02
4.970000000000000000e+02 1.000000000000000000e+00 9.992001274367300345e-01 0.000000000000000000e+00 3.998881506637876754e-02
4.980000000000000000e+02 1.000000000000000000e+00 9.992001274367303676e-01 0.000000000000000000e+00 3.998881506637424338e-02
4.990000000000000000e+02 1.000000000000000000e+00 9.992001274367300345e-01 0.000000000000000000e+00 3.998881506638091166e-02
