500 4
0.000000000000000000e+00 1.000000000000000000e+00 9.992001274367304786e-01 0.000000000000000000e+00 3.998881506636399463e-02
1.000000000000000000e+00 1.000000000000000000e+00 9.992001274367298125e-01 0.000000000000000000e+00 3.998881506636965677e-02
2.000000000000000000e+00 1.000000000000000000e+00 9.992001274367299235e-01 0.000000000000000000e+00 3.998881506637085720e-02
3.000000000000000000e+00 1.000000000000000000e+00 9.992001274367301455e-01 0.000000000000000000e+00 3.998881506636832450e-02
4.000000000000000000e+00 1.000000000000000000e+00 9.992001274367299235e-01 0.000000000000000000e+00 3.998881506636556976e-02
5.000000000000000000e+00 1.000000000000000000e+00 9.992001274367304786e-01 0.000000000000000000e+00 3.998881506637117639e-02
6.000000000000000000e+00 1.000000000000000000e+00 9.992001274367308117e-01 0.000000000000000000e+00 3.998881506636952493e-02
7.000000000000000000e+00 1.000000000000000000e+00 9.992001274367297015e-01 0.000000000000000000e+00 3.998881506636830369e-02
8.000000000000000000e+00 1.000000000000000000e+00 9.992001274367302566e-01 0.000000000000000000e+00 3.998881506636654121e-02
9.000000000000000000e+00 1.000000000000000000e+00 9.992001274367313668e-01 0.000000000000000000e+00 3.998881506636999678e-02
1.000000000000000000e+01 1.000000000000000000e+00 9.992001274367305896e-01 0.000000000000000000e+00 3.998881506636545874e-02
1.100000000000000000e+01 1.000000000000000000e+00 9.992001274367303676e-01 0.000000000000000000e+00 3.998881506636673550e-02
1.200000000000000000e+01 1.000000000000000000e+00 9.992001274367303676e-01 0.000000000000000000e+00 3.998881506636431382e-02
1.300000000000000000e+01 1.000000000000000000e+00 9.992001274367299235e-01 0.000000000000000000e+00 3.998881506637538136e-02
1.400000000000000000e+01 1.000000000000000000e+00 9.992001274367305896e-01 0.000000000000000000e+00 3.998881506636386973e-02
1.500000000000000000e+01 1.000000000000000000e+00 9.992001274367302566e-01 0.000000000000000000e+00 3.998881506636785266e-02
1.600000000000000000e+01 1.000000000000000000e+00 9.992001274367303676e-01 0.000000000000000000e+00 3.998881506636721428e-02
1.700000000000000000e+01 1.000000000000000000e+00 9.992001274367287023e-01 0.000000000000000000e+00 3.998881506637436134e-02
1.800000000000000000e+01 1.000000000000000000e+00 9.992001274367305896e-01 0.000000000000000000e+00 3.998881506636987188e-02
1.900000000000000000e+01 1.000000000000000000e+00 9.992001274367301455e-01 0.000000000000000000e+00 3.998881506636788041e-02
2.000000000000000000e+01 1.000000000000000000e+00 9.992001274367295904e-01 0.000000000000000000e+00 3.998881506636888655e-02
2.100000000000000000e+01 1.000000000000000000e+00 9.992001274367303676e-01 0.000000000000000000e+00 3.998881506636354360e-02
2.200000000000000000e+01 1.000000000000000000e+00 9.992001274367301455e-01 0.000000000000000000e+00 3.998881506636584732e-02
2.300000000000000000e+01 1.000000000000000000e+00 9.992001274367292574e-01 0.000000000000000000e+00 3.998881506637502747e-02
2.400000000000000000e+01 1.000000000000000000e+00 9.992001274367293684e-01 0.000000000000000000e+00 3.998881506637121802e-02
2.500000000000000000e+01 1.000000000000000000e+00 9.992001274367301455e-01 0.000000000000000000e+00 3.998881506636983024e-02
2.600000000000000000e+01 1.000000000000000000e+00 9.992001274367304786e-01 0.000000000000000000e+00 3.998881506637112088e-02
2.700000000000000000e+01 1.000000000000000000e+00 9.992001274367300345e-01 0.000000000000000000e+00 3.998881506636606242e-02
2.800000000000000000e+01 1.000000000000000000e+00 9.992001274367312558e-01 0.000000000000000000e+00 3.998881506636324523e-02
2.900000000000000000e+01 1.000000000000000000e+00 9.992001274367301455e-01 0.000000000000000000e+00 3.998881506637012861e-02
3.000000000000000000e+01 1.000000000000000000e+00 9.992001274367297015e-01 0.000000000000000000e+00 3.998881506636668692e-02
3.100000000000000000e+01 1.000000000000000000e+00 9.992001274367301455e-01 0.000000000000000000e+00 3.998881506637468747e-02
3.200000000000000000e+01 1.000000000000000000e+00 9.992001274367295904e-01 0.000000000000000000e+00 3.998881506637038535e-02
3.300000000000000000e+01 1.000000000000000000e+00 9.992001274367301455e-01 0.000000000000000000e+00 3.998881506637086414e-02
3.400000000000000000e+01 1.000000000000000000e+00 9.992001274367308117e-01 0.000000000000000000e+00 3.998881506637630423e-02
3.500000000000000000e+01 1.000000000000000000e+00 9.992001274367294794e-01 0.000000000000000000e+00 3.998881506636881716e-02
3.600000000000000000e+01 1.000000000000000000e+00 9.992001274367309227e-01 0.000000000000000000e+00 3.998881506636933064e-02
3.700000000000000000e+01 1.000000000000000000e+00 9.992001274367299235e-01 0.000000000000000000e+00 3.998881506637492339e-02
3.800000000000000000e+01 1.000000000000000000e+00 9.992001274367297015e-01 0.000000000000000000e+00 3.998881506637649852e-02
3.900000000000000000e+01 1.000000000000000000e+00 9.992001274367303676e-01 0.000000000000000000e+00 3.998881506637558259e-02
4.000000000000000000e+01 1.000000000000000000e+00 9.992001274367294794e-01 0.000000000000000000e+00 3.998881506636955963e-02
4.100000000000000000e+01 1.000000000000000000e+00 9.992001274367308117e-01 0.000000000000000000e+00 3.998881506637016331e-02
4.200000000000000000e+01 1.000000000000000000e+00 9.992001274367294794e-01 0.000000000000000000e+00 3.998881506636706856e-02
4.300000000000000000e+01 1.000000000000000000e+00 9.992001274367301455e-01 0.000000000000000000e+00 3.998881506637550626e-02
4.400000000000000000e+01 1.000000000000000000e+00 9.992001274367308117e-01 0.000000000000000000e+00 3.998881506636810246e-02
4.500000000000000000e+01 1.000000000000000000e+00 9.992001274367291463e-01 0.000000000000000000e+00 3.998881506636320360e-02
4.600000000000000000e+01 1.000000000000000000e+00 9.992001274367301455e-01 0.000000000000000000e+00 3.998881506636658978e-02
4.700000000000000000e+01 1.000000000000000000e+00 9.992001274367295904e-01 0.000000000000000000e+00 3.998881506637191191e-02
4.800000000000000000e+01 1.000000000000000000e+00 9.992001274367298125e-01 0.000000000000000000e+00 3.998881506637478461e-02
4.900000000000000000e+01 1.000000000000000000e+00 9.992001274367310337e-01 0.000000000000000000e+00 3.998881506637164823e-02
5.000000000000000000e+01 1.000000000000000000e+00 9.992001274367305896e-01 0.000000000000000000e+00 3.998881506637348010e-02
5.100000000000000000e+01 1.000000000000000000e+00 9.992001274367303676e-01 0.000000000000000000e+00 3.998881506637268213e-02
5.200000000000000000e+01 1.000000000000000000e+00 9.992001274367300345e-01 0.000000000000000000e+00 3.998881506637025351e-02
5.300000000000000000e+01 1.000000000000000000e+00 9.992001274367301455e-01 0.000000000000000000e+00 3.998881506637484706e-02
5.400000000000000000e+01 1.000000000000000000e+00 9.992001274367299235e-01 0.000000000000000000e+00 3.998881506637128047e-02
5.500000000000000000e+01 1.000000000000000000e+00 9.992001274367302566e-01 0.000000000000000000e+00 3.998881506637384092e-02
5.600000000000000000e+01 1.000000000000000000e+00 9.992001274367303676e-01 0.000000000000000000e+00 3.998881506636486199e-02
5.700000000000000000e+01 1.000000000000000000e+00 9.992001274367297015e-01 0.000000000000000000e+00 3.998881506636982330e-02
5.800000000000000000e+01 1.000000000000000000e+00 9.992001274367300345e-01 0.000000000000000000e+00 3.998881506637257804e-02
5.900000000000000000e+01 1.000000000000000000e+00 9.992001274367292574e-01 0.000000000000000000e+00 3.998881506637060046e-02
6.000000000000000000e+01 1.000000000000000000e+00 9.992001274367301455e-01 0.000000000000000000e+00 3.998881506637321642e-02
6.100000000000000000e+01 1.000000000000000000e+00 9.992001274367305896e-01 0.000000000000000000e+00 3.998881506636964289e-02
6.200000000000000000e+01 1.000000000000000000e+00 9.992001274367305896e-01 0.000000000000000000e+00 3.998881506636473016e-02
6.300000000000000000e+01 1.000000000000000000e+00 9.992001274367311447e-01 0.000000000000000000e+00 3.998881506636920574e-02
6.400000000000000000e+01 1.000000000000000000e+00 9.992001274367303676e-01 0.000000000000000000e+00 3.998881506636579181e-02
6.500000000000000000e+01 1.000000000000000000e+00 9.992001274367301455e-01 0.000000000000000000e+00 3.998881506637459726e-02
6.600000000000000000e+01 1.000000000000000000e+00 9.992001274367299235e-01 0.000000000000000000e+00 3.998881506637040617e-02
6.700000000000000000e+01 1.000000000000000000e+00 9.992001274367305896e-01 0.000000000000000000e+00 3.998881506636937921e-02
6.800000000000000000e+01 1.000000000000000000e+00 9.992001274367308117e-01 0.000000000000000000e+00 3.998881506636638161e-02
6.900000000000000000e+01 1.000000000000000000e+00 9.992001274367298125e-01 0.000000000000000000e+00 3.998881506637278621e-02
7.000000000000000000e+01 1.000000000000000000e+00 9.992001274367310337e-01 0.000000000000000000e+00 3.998881506637127353e-02
7.100000000000000000e+01 1.000000000000000000e+00 9.992001274367305896e-01 0.000000000000000000e+00 3.998881506636957350e-02
7.200000000000000000e+01 1.000000000000000000e+00 9.992001274367310337e-01 0.000000000000000000e+00 3.998881506636644406e-02
7.300000000000000000e+01 1.000000000000000000e+00 9.992001274367301455e-01 0.000000000000000000e+00 3.998881506637087802e-02
7.400000000000000000e+01 1.000000000000000000e+00 9.992001274367301455e-01 0.000000000000000000e+00 3.998881506637325112e-02
7.500000000000000000e+01 1.000000000000000000e+00 9.992001274367300345e-01 0.000000000000000000e+00 3.998881506636674937e-02
7.600000000000000000e+01 1.000000000000000000e+00 9.992001274367305896e-01 0.000000000000000000e+00 3.998881506636878941e-02
7.700000000000000000e+01 1.000000000000000000e+00 9.992001274367305896e-01 0.000000000000000000e+00 3.998881506636625671e-02
7.800000000000000000e+01 1.000000000000000000e+00 9.992001274367300345e-01 0.000000000000000000e+00 3.998881506637116251e-02
7.900000000000000000e+01 1.000000000000000000e+00 9.992001274367305896e-01 0.000000000000000000e+00 3.998881506637165517e-02
8.000000000000000000e+01 1.000000000000000000e+00 9.992001274367305896e-01 0.000000000000000000e+00 3.998881506637860100e-02
8.100000000000000000e+01 1.000000000000000000e+00 9.992001274367305896e-01 0.000000000000000000e+00 3.998881506636563915e-02
8.200000000000000000e+01 1.000000000000000000e+00 9.992001274367297015e-01 0.000000000000000000e+00 3.998881506637057964e-02
8.300000000000000000e+01 1.000000000000000000e+00 9.992001274367307007e-01 0.000000000000000000e+00 3.998881506636915717e-02
8.400000000000000000e+01 1.000000000000000000e+00 9.992001274367295904e-01 0.000000000000000000e+00 3.998881506637533972e-02
8.500000000000000000e+01 1.000000000000000000e+00 9.992001274367305896e-01 0.000000000000000000e+00 3.998881506636398769e-02
8.600000000000000000e+01 1.000000000000000000e+00 9.992001274367308117e-01 0.000000000000000000e+00 3.998881506637901734e-02
8.700000000000000000e+01 1.000000000000000000e+00 9.992001274367308117e-01 0.000000000000000000e+00 3.998881506637354949e-02
8.800000000000000000e+01 1.000000000000000000e+00 9.992001274367293684e-01 0.000000000000000000e+00 3.998881506637080169e-02
8.900000000000000000e+01 1.000000000000000000e+00 9.992001274367303676e-01 0.000000000000000000e+00 3.998881506636459138e-02
9.000000000000000000e+01 1.000000000000000000e+00 9.992001274367305896e-01 0.000000000000000000e+00 3.998881506637133598e-02
9.100000000000000000e+01 1.000000000000000000e+00 9.992001274367295904e-01 0.000000000000000000e+00 3.998881506637075312e-02
9.200000000000000000e+01 1.000000000000000000e+00 9.992001274367304786e-01 0.000000000000000000e+00 3.998881506636552119e-02
9.300000000000000000e+01 1.000000000000000000e+00 9.992001274367292574e-01 0.000000000000000000e+00 3.998881506637316785e-02
9.400000000000000000e+01 1.000000000000000000e+00 9.992001274367299235e-01 0.000000000000000000e+00 3.998881506636983718e-02
9.500000000000000000e+01 1.000000000000000000e+00 9.992001274367293684e-01 0.000000000000000000e+00 3.998881506636287747e-02
9.600000000000000000e+01 1.000000000000000000e+00 9.992001274367305896e-01 0.000000000000000000e+00 3.998881506637155803e-02
9.700000000000000000e+01 1.000000000000000000e+00 9.992001274367319219e-01 0.000000000000000000e+00 3.998881506636187133e-02
9.800000000000000000e+01 1.000000000000000000e+00 9.992001274367303676e-01 0.000000000000000000e+00 3.998881506636925431e-02
9.900000000000000000e+01 1.000000000000000000e+00 9.992001274367303676e-01 0.000000000000000000e+00 3.998881506637078087e-02
1.000000000000000000e+02 1.000000000000000000e+00 9.992001274367295904e-01 0.000000000000000000e+00 3.998881506637038535e-02
1.010000000000000000e+02 1.000000000000000000e+00 9.992001274367303676e-01 0.000000000000000000e+00 3.998881506636233624e-02
1.020000000000000000e+02 1.000000000000000000e+00 9.992001274367308117e-01 0.000000000000000000e+00 3.998881506636628447e-02
1.030000000000000000e+02 1.000000000000000000e+00 9.992001274367305896e-01 0.000000000000000000e+00 3.998881506636371014e-02
1.040000000000000000e+02 1.000000000000000000e+00 9.992001274367295904e-01 0.000000000000000000e+00 3.998881506637165517e-02
1.050000000000000000e+02 1.000000000000000000e+00 9.992001274367308117e-01 0.000000000000000000e+00 3.998881506637556871e-02
1.060000000000000000e+02 1.000000000000000000e+00 9.992001274367307007e-01 0.000000000000000000e+00 3.998881506637146782e-02
1.070000000000000000e+02 1.000000000000000000e+00 9.992001274367303676e-01 0.000000000000000000e+00 3.998881506637110700e-02
1.080000000000000000e+02 1.000000000000000000e+00 9.992001274367303676e-01 0.000000000000000000e+00 3.998881506637839978e-02
1.090000000000000000e+02 1.000000000000000000e+00 9.992001274367301455e-01 0.000000000000000000e+00 3.998881506637828182e-02
1.100000000000000000e+02 1.000000000000000000e+00 9.992001274367300345e-01 0.000000000000000000e+00 3.998881506636681182e-02
1.110000000000000000e+02 1.000000000000000000e+00 9.992001274367307007e-01 0.000000000000000000e+00 3.998881506636346034e-02
1.120000000000000000e+02 1.000000000000000000e+00 9.992001274367300345e-01 0.000000000000000000e+00 3.998881506637094740e-02
1.130000000000000000e+02 1.000000000000000000e+00 9.992001274367299235e-01 0.000000000000000000e+00 3.998881506637222416e-02
1.140000000000000000e+02 1.000000000000000000e+00 9.992001274367299235e-01 0.000000000000000000e+00 3.998881506636903921e-02
1.150000000000000000e+02 1.000000000000000000e+00 9.992001274367294794e-01 0.000000000000000000e+00 3.998881506637540911e-02
1.160000000000000000e+02 1.000000000000000000e+00 9.992001274367302566e-01 0.000000000000000000e+00 3.998881506637076005e-02
1.170000000000000000e+02 1.000000000000000000e+00 9.992001274367310337e-01 0.000000000000000000e+00 3.998881506635690308e-02
1.180000000000000000e+02 1.000000000000000000e+00 9.992001274367301455e-01 0.000000000000000000e+00 3.998881506636537547e-02
1.190000000000000000e+02 1.000000000000000000e+00 9.992001274367301455e-01 0.000000000000000000e+00 3.998881506636584732e-02
1.200000000000000000e+02 1.000000000000000000e+00 9.992001274367305896e-01 0.000000000000000000e+00 3.998881506636812327e-02
1.210000000000000000e+02 1.000000000000000000e+00 9.992001274367308117e-01 0.000000000000000000e+00 3.998881506636806082e-02
1.220000000000000000e+02 1.000000000000000000e+00 9.992001274367308117e-01 0.000000000000000000e+00 3.998881506636867145e-02
1.230000000000000000e+02 1.000000000000000000e+00 9.992001274367312558e-01 0.000000000000000000e+00 3.998881506636623590e-02
1.240000000000000000e+02 1.000000000000000000e+00 9.992001274367301455e-01 0.000000000000000000e+00 3.998881506637074618e-02
1.250000000000000000e+02 1.000000000000000000e+00 9.992001274367307007e-01 0.000000000000000000e+00 3.998881506637171762e-02
1.260000000000000000e+02 1.000000000000000000e+00 9.992001274367301455e-01 0.000000000000000000e+00 3.998881506636944166e-02
1.270000000000000000e+02 1.000000000000000000e+00 9.992001274367292574e-01 0.000000000000000000e+00 3.998881506637384786e-02
1.280000000000000000e+02 1.000000000000000000e+00 9.992001274367305896e-01 0.000000000000000000e+00 3.998881506637120414e-02
1.290000000000000000e+02 1.000000000000000000e+00 9.992001274367299235e-01 0.000000000000000000e+00 3.998881506636933064e-02
1.300000000000000000e+02 1.000000000000000000e+00 9.992001274367303676e-01 0.000000000000000000e+00 3.998881506637053801e-02
1.310000000000000000e+02 1.000000000000000000e+00 9.992001274367302566e-01 0.000000000000000000e+00 3.998881506637091271e-02
1.320000000000000000e+02 1.000000000000000000e+00 9.992001274367305896e-01 0.000000000000000000e+00 3.998881506637155109e-02
1.330000000000000000e+02 1.000000000000000000e+00 9.992001274367309227e-01 0.000000000000000000e+00 3.998881506637372990e-02
1.340000000000000000e+02 1.000000000000000000e+00 9.992001274367301455e-01 0.000000000000000000e+00 3.998881506637196048e-02
1.350000000000000000e+02 1.000000000000000000e+00 9.992001274367302566e-01 0.000000000000000000e+00 3.998881506637589484e-02
1.360000000000000000e+02 1.000000000000000000e+00 9.992001274367299235e-01 0.000000000000000000e+00 3.998881506637205763e-02
1.370000000000000000e+02 1.000000000000000000e+00 9.992001274367310337e-01 0.000000000000000000e+00 3.998881506636844940e-02
1.380000000000000000e+02 1.000000000000000000e+00 9.992001274367308117e-01 0.000000000000000000e+00 3.998881506636217664e-02
1.390000000000000000e+02 1.000000000000000000e+00 9.992001274367310337e-01 0.000000000000000000e+00 3.998881506636647182e-02
1.400000000000000000e+02 1.000000000000000000e+00 9.992001274367310337e-01 0.000000000000000000e+00 3.998881506637130129e-02
1.410000000000000000e+02 1.000000000000000000e+00 9.992001274367330321e-01 0.000000000000000000e+00 3.998881506636869226e-02
1.420000000000000000e+02 1.000000000000000000e+00 9.992001274367314778e-01 0.000000000000000000e+00 3.998881506636974698e-02
1.430000000000000000e+02 1.000000000000000000e+00 9.992001274367308117e-01 0.000000000000000000e+00 3.998881506636583344e-02
1.440000000000000000e+02 1.000000000000000000e+00 9.992001274367312558e-01 0.000000000000000000e+00 3.998881506637349398e-02
1.450000000000000000e+02 1.000000000000000000e+00 9.992001274367293684e-01 0.000000000000000000e+00 3.998881506637187028e-02
1.460000000000000000e+02 1.000000000000000000e+00 9.992001274367305896e-01 0.000000000000000000e+00 3.998881506637426420e-02
1.470000000000000000e+02 1.000000000000000000e+00 9.992001274367303676e-01 0.000000000000000000e+00 3.998881506636798450e-02
1.480000000000000000e+02 1.000000000000000000e+00 9.992001274367305896e-01 0.000000000000000000e+00 3.998881506636785266e-02
1.490000000000000000e+02 1.000000000000000000e+00 9.992001274367305896e-01 0.000000000000000000e+00 3.998881506637431277e-02
1.500000000000000000e+02 1.000000000000000000e+00 9.992001274367297015e-01 0.000000000000000000e+00 3.998881506637302907e-02
1.510000000000000000e+02 1.000000000000000000e+00 9.992001274367301455e-01 0.000000000000000000e+00 3.998881506637363276e-02
1.520000000000000000e+02 1.000000000000000000e+00 9.992001274367301455e-01 0.000000000000000000e+00 3.998881506637152333e-02
1.530000000000000000e+02 1.000000000000000000e+00 9.992001274367299235e-01 0.000000000000000000e+00 3.998881506637376460e-02
1.540000000000000000e+02 1.000000000000000000e+00 9.992001274367308117e-01 0.000000000000000000e+00 3.998881506637091965e-02
1.550000000000000000e+02 1.000000000000000000e+00 9.992001274367300345e-01 0.000000000000000000e+00 3.998881506636969840e-02
1.560000000000000000e+02 1.000000000000000000e+00 9.992001274367295904e-01 0.000000000000000000e+00 3.998881506636400157e-02
1.570000000000000000e+02 1.000000000000000000e+00 9.992001274367301455e-01 0.000000000000000000e+00 3.998881506636919186e-02
1.580000000000000000e+02 1.000000000000000000e+00 9.992001274367303676e-01 0.000000000000000000e+00 3.998881506637338296e-02
1.590000000000000000e+02 1.000000000000000000e+00 9.992001274367303676e-01 0.000000000000000000e+00 3.998881506636875471e-02
1.600000000000000000e+02 1.000000000000000000e+00 9.992001274367300345e-01 0.000000000000000000e+00 3.998881506637155803e-02
1.610000000000000000e+02 1.000000000000000000e+00 9.992001274367295904e-01 0.000000000000000000e+00 3.998881506637380623e-02
1.620000000000000000e+02 1.000000000000000000e+00 9.992001274367312558e-01 0.000000000000000000e+00 3.998881506637241151e-02
1.630000000000000000e+02 1.000000000000000000e+00 9.992001274367307007e-01 0.000000000000000000e+00 3.998881506636638855e-02
1.640000000000000000e+02 1.000000000000000000e+00 9.992001274367295904e-01 0.000000000000000000e+00 3.998881506637064903e-02
1.650000000000000000e+02 1.000000000000000000e+00 9.992001274367297015e-01 0.000000000000000000e+00 3.998881506636600691e-02
1.660000000000000000e+02 1.000000000000000000e+00 9.992001274367301455e-01 0.000000000000000000e+00 3.998881506637171762e-02
1.670000000000000000e+02 1.000000000000000000e+00 9.992001274367310337e-01 0.000000000000000000e+00 3.998881506636408484e-02
1.680000000000000000e+02 1.000000000000000000e+00 9.992001274367294794e-01 0.000000000000000000e+00 3.998881506637097516e-02
1.690000000000000000e+02 1.000000000000000000e+00 9.992001274367295904e-01 0.000000000000000000e+00 3.998881506636992739e-02
1.700000000000000000e+02 1.000000000000000000e+00 9.992001274367308117e-01 0.000000000000000000e+00 3.998881506636758204e-02
1.710000000000000000e+02 1.000000000000000000e+00 9.992001274367301455e-01 0.000000000000000000e+00 3.998881506636470934e-02
1.720000000000000000e+02 1.000000000000000000e+00 9.992001274367299235e-01 0.000000000000000000e+00 3.998881506637073924e-02
1.730000000000000000e+02 1.000000000000000000e+00 9.992001274367301455e-01 0.000000000000000000e+00 3.998881506637812222e-02
1.740000000000000000e+02 1.000000000000000000e+00 9.992001274367304786e-01 0.000000000000000000e+00 3.998881506636754735e-02
1.750000000000000000e+02 1.000000000000000000e+00 9.992001274367309227e-01 0.000000000000000000e+00 3.998881506636793592e-02
1.760000000000000000e+02 1.000000000000000000e+00 9.992001274367301455e-01 0.000000000000000000e+00 3.998881506637341765e-02
1.770000000000000000e+02 1.000000000000000000e+00 9.992001274367302566e-01 0.000000000000000000e+00 3.998881506636618038e-02
1.780000000000000000e+02 1.000000000000000000e+00 9.992001274367303676e-01 0.000000000000000000e+00 3.998881506636876165e-02
1.790000000000000000e+02 1.000000000000000000e+00 9.992001274367298125e-01 0.000000000000000000e+00 3.998881506636600691e-02
1.800000000000000000e+02 1.000000000000000000e+00 9.992001274367300345e-01 0.000000000000000000e+00 3.998881506636472322e-02
1.810000000000000000e+02 1.000000000000000000e+00 9.992001274367303676e-01 0.000000000000000000e+00 3.998881506637180089e-02
1.820000000000000000e+02 1.000000000000000000e+00 9.992001274367307007e-01 0.000000000000000000e+00 3.998881506637094740e-02
1.830000000000000000e+02 1.000000000000000000e+00 9.992001274367298125e-01 0.000000000000000000e+00 3.998881506638127942e-02
1.840000000000000000e+02 1.000000000000000000e+00 9.992001274367291463e-01 0.000000000000000000e+00 3.998881506636928207e-02
1.850000000000000000e+02 1.000000000000000000e+00 9.992001274367305896e-01 0.000000000000000000e+00 3.998881506637032290e-02
1.860000000000000000e+02 1.000000000000000000e+00 9.992001274367294794e-01 0.000000000000000000e+00 3.998881506637310540e-02
1.870000000000000000e+02 1.000000000000000000e+00 9.992001274367308117e-01 0.000000000000000000e+00 3.998881506636992739e-02
1.880000000000000000e+02 1.000000000000000000e+00 9.992001274367301455e-01 0.000000000000000000e+00 3.998881506637001759e-02
1.890000000000000000e+02 1.000000000000000000e+00 9.992001274367301455e-01 0.000000000000000000e+00 3.998881506636593058e-02
1.900000000000000000e+02 1.000000000000000000e+00 9.992001274367314778e-01 0.000000000000000000e+00 3.998881506636811634e-02
1.910000000000000000e+02 1.000000000000000000e+00 9.992001274367305896e-01 0.000000000000000000e+00 3.998881506637215477e-02
1.920000000000000000e+02 1.000000000000000000e+00 9.992001274367303676e-01 0.000000000000000000e+00 3.998881506637057964e-02
1.930000000000000000e+02 1.000000000000000000e+00 9.992001274367303676e-01 0.000000000000000000e+00 3.998881506636043498e-02
1.940000000000000000e+02 1.000000000000000000e+00 9.992001274367310337e-01 0.000000000000000000e+00 3.998881506636982330e-02
1.950000000000000000e+02 1.000000000000000000e+00 9.992001274367299235e-01 0.000000000000000000e+00 3.998881506636826205e-02
1.960000000000000000e+02 1.000000000000000000e+00 9.992001274367314778e-01 0.000000000000000000e+00 3.998881506636787347e-02
1.970000000000000000e+02 1.000000000000000000e+00 9.992001274367308117e-01 0.000000000000000000e+00 3.998881506636040029e-02
1.980000000000000000e+02 1.000000000000000000e+00 9.992001274367293684e-01 0.000000000000000000e+00 3.998881506637277233e-02
1.990000000000000000e+02 1.000000000000000000e+00 9.992001274367297015e-01 0.000000000000000000e+00 3.998881506637374378e-02
2.000000000000000000e+02 1.000000000000000000e+00 9.992001274367287023e-01 0.000000000000000000e+00 3.998881506637397276e-02
2.010000000000000000e+02 1.000000000000000000e+00 9.992001274367314778e-01 0.000000000000000000e+00 3.998881506636384198e-02
2.020000000000000000e+02 1.000000000000000000e+00 9.992001274367304786e-01 0.000000000000000000e+00 3.998881506636968453e-02
2.030000000000000000e+02 1.000000000000000000e+00 9.992001274367308117e-01 0.000000000000000000e+00 3.998881506636713795e-02
2.040000000000000000e+02 1.000000000000000000e+00 9.992001274367294794e-01 0.000000000000000000e+00 3.998881506637104455e-02
2.050000000000000000e+02 1.000000000000000000e+00 9.992001274367303676e-01 0.000000000000000000e+00 3.998881506637035066e-02
2.060000000000000000e+02 1.000000000000000000e+00 9.992001274367310337e-01 0.000000000000000000e+00 3.998881506636726979e-02
2.070000000000000000e+02 1.000000000000000000e+00 9.992001274367297015e-01 0.000000000000000000e+00 3.998881506636944166e-02
2.080000000000000000e+02 1.000000000000000000e+00 9.992001274367300345e-01 0.000000000000000000e+00 3.998881506636044886e-02
2.090000000000000000e+02 1.000000000000000000e+00 9.992001274367302566e-01 0.000000000000000000e+00 3.998881506636692285e-02
2.100000000000000000e+02 1.000000000000000000e+00 9.992001274367290353e-01 0.000000000000000000e+00 3.998881506637195354e-02
2.110000000000000000e+02 1.000000000000000000e+00 9.992001274367314778e-01 0.000000000000000000e+00 3.998881506636563915e-02
2.120000000000000000e+02 1.000000000000000000e+00 9.992001274367308117e-01 0.000000000000000000e+00 3.998881506637304989e-02
2.130000000000000000e+02 1.000000000000000000e+00 9.992001274367303676e-01 0.000000000000000000e+00 3.998881506637101679e-02
2.140000000000000000e+02 1.000000000000000000e+00 9.992001274367307007e-01 0.000000000000000000e+00 3.998881506636776245e-02
2.150000000000000000e+02 1.000000000000000000e+00 9.992001274367303676e-01 0.000000000000000000e+00 3.998881506636834532e-02
2.160000000000000000e+02 1.000000000000000000e+00 9.992001274367302566e-01 0.000000000000000000e+00 3.998881506636879635e-02
2.170000000000000000e+02 1.000000000000000000e+00 9.992001274367300345e-01 0.000000000000000000e+00 3.998881506636708244e-02
2.180000000000000000e+02 1.000000000000000000e+00 9.992001274367299235e-01 0.000000000000000000e+00 3.998881506636971922e-02
2.190000000000000000e+02 1.000000000000000000e+00 9.992001274367310337e-01 0.000000000000000000e+00 3.998881506636641631e-02
2.200000000000000000e+02 1.000000000000000000e+00 9.992001274367301455e-01 0.000000000000000000e+00 3.998881506636550731e-02
2.210000000000000000e+02 1.000000000000000000e+00 9.992001274367305896e-01 0.000000000000000000e+00 3.998881506636822042e-02
2.220000000000000000e+02 1.000000000000000000e+00 9.992001274367273700e-01 0.000000000000000000e+00 3.998881506637255029e-02
2.230000000000000000e+02 1.000000000000000000e+00 9.992001274367284802e-01 0.000000000000000000e+00 3.998881506637137068e-02
2.240000000000000000e+02 1.000000000000000000e+00 9.992001274367310337e-01 0.000000000000000000e+00 3.998881506636925431e-02
2.250000000000000000e+02 1.000000000000000000e+00 9.992001274367299235e-01 0.000000000000000000e+00 3.998881506637467359e-02
2.260000000000000000e+02 1.000000000000000000e+00 9.992001274367297015e-01 0.000000000000000000e+00 3.998881506636930289e-02
2.270000000000000000e+02 1.000000000000000000e+00 9.992001274367298125e-01 0.000000000000000000e+00 3.998881506637396582e-02
2.280000000000000000e+02 1.000000000000000000e+00 9.992001274367303676e-01 0.000000000000000000e+00 3.998881506636216276e-02
2.290000000000000000e+02 1.000000000000000000e+00 9.992001274367310337e-01 0.000000000000000000e+00 3.998881506636801919e-02
2.300000000000000000e+02 1.000000000000000000e+00 9.992001274367305896e-01 0.000000000000000000e+00 3.998881506636432770e-02
2.310000000000000000e+02 1.000000000000000000e+00 9.992001274367305896e-01 0.000000000000000000e+00 3.998881506637726180e-02
2.320000000000000000e+02 1.000000000000000000e+00 9.992001274367298125e-01 0.000000000000000000e+00 3.998881506636815797e-02
2.330000000000000000e+02 1.000000000000000000e+00 9.992001274367292574e-01 0.000000000000000000e+00 3.998881506637298050e-02
2.340000000000000000e+02 1.000000000000000000e+00 9.992001274367312558e-01 0.000000000000000000e+00 3.998881506636669386e-02
2.350000000000000000e+02 1.000000000000000000e+00 9.992001274367303676e-01 0.000000000000000000e+00 3.998881506637224498e-02
2.360000000000000000e+02 1.000000000000000000e+00 9.992001274367301455e-01 0.000000000000000000e+00 3.998881506637343153e-02
2.370000000000000000e+02 1.000000000000000000e+00 9.992001274367316999e-01 0.000000000000000000e+00 3.998881506636560446e-02
2.380000000000000000e+02 1.000000000000000000e+00 9.992001274367308117e-01 0.000000000000000000e+00 3.998881506636983718e-02
2.390000000000000000e+02 1.000000000000000000e+00 9.992001274367298125e-01 0.000000000000000000e+00 3.998881506637506911e-02
2.400000000000000000e+02 1.000000000000000000e+00 9.992001274367308117e-01 0.000000000000000000e+00 3.998881506636415423e-02
2.410000000000000000e+02 1.000000000000000000e+00 9.992001274367308117e-01 0.000000000000000000e+00 3.998881506636246114e-02
2.420000000000000000e+02 1.000000000000000000e+00 9.992001274367300345e-01 0.000000000000000000e+00 3.998881506637214089e-02
2.430000000000000000e+02 1.000000000000000000e+00 9.992001274367305896e-01 0.000000000000000000e+00 3.998881506637098904e-02
2.440000000000000000e+02 1.000000000000000000e+00 9.992001274367301455e-01 0.000000000000000000e+00 3.998881506636371708e-02
2.450000000000000000e+02 1.000000000000000000e+00 9.992001274367302566e-01 0.000000000000000000e+00 3.998881506636836614e-02
2.460000000000000000e+02 1.000000000000000000e+00 9.992001274367310337e-01 0.000000000000000000e+00 3.998881506637153027e-02
2.470000000000000000e+02 1.000000000000000000e+00 9.992001274367308117e-01 0.000000000000000000e+00 3.998881506636203786e-02
2.480000000000000000e+02 1.000000000000000000e+00 9.992001274367301455e-01 0.000000000000000000e+00 3.998881506636489669e-02
2.490000000000000000e+02 1.000000000000000000e+00 9.992001274367294794e-01 0.000000000000000000e+00 3.998881506637242539e-02
2.500000000000000000e+02 1.000000000000000000e+00 9.992001274367302566e-01 0.000000000000000000e+00 3.998881506637261968e-02
2.510000000000000000e+02 1.000000000000000000e+00 9.992001274367303676e-01 0.000000000000000000e+00 3.998881506637411848e-02
2.520000000000000000e+02 1.000000000000000000e+00 9.992001274367299235e-01 0.000000000000000000e+00 3.998881506636644406e-02
2.530000000000000000e+02 1.000000000000000000e+00 9.992001274367289243e-01 0.000000000000000000e+00 3.998881506637127353e-02
2.540000000000000000e+02 1.000000000000000000e+00 9.992001274367307007e-01 0.000000000000000000e+00 3.998881506637064903e-02
2.550000000000000000e+02 1.000000000000000000e+00 9.992001274367299235e-01 0.000000000000000000e+00 3.998881506637762956e-02
2.560000000000000000e+02 1.000000000000000000e+00 9.992001274367305896e-01 0.000000000000000000e+00 3.998881506636502159e-02
2.570000000000000000e+02 1.000000000000000000e+00 9.992001274367301455e-01 0.000000000000000000e+00 3.998881506636853267e-02
2.580000000000000000e+02 1.000000000000000000e+00 9.992001274367305896e-01 0.000000000000000000e+00 3.998881506636669386e-02
2.590000000000000000e+02 1.000000000000000000e+00 9.992001274367295904e-01 0.000000000000000000e+00 3.998881506637160660e-02
2.600000000000000000e+02 1.000000000000000000e+00 9.992001274367309227e-01 0.000000000000000000e+00 3.998881506636874777e-02
2.610000000000000000e+02 1.000000000000000000e+00 9.992001274367300345e-01 0.000000000000000000e+00 3.998881506638262556e-02
2.620000000000000000e+02 1.000000000000000000e+00 9.992001274367308117e-01 0.000000000000000000e+00 3.998881506637161354e-02
2.630000000000000000e+02 1.000000000000000000e+00 9.992001274367309227e-01 0.000000000000000000e+00 3.998881506636907390e-02
2.640000000000000000e+02 1.000000000000000000e+00 9.992001274367301455e-01 0.000000000000000000e+00 3.998881506637096128e-02
2.650000000000000000e+02 1.000000000000000000e+00 9.992001274367307007e-01 0.000000000000000000e+00 3.998881506637404215e-02
2.660000000000000000e+02 1.000000000000000000e+00 9.992001274367305896e-01 0.000000000000000000e+00 3.998881506636595834e-02
2.670000000000000000e+02 1.000000000000000000e+00 9.992001274367299235e-01 0.000000000000000000e+00 3.998881506636651345e-02
2.680000000000000000e+02 1.000000000000000000e+00 9.992001274367298125e-01 0.000000000000000000e+00 3.998881506636111499e-02
2.690000000000000000e+02 1.000000000000000000e+00 9.992001274367292574e-01 0.000000000000000000e+00 3.998881506637077393e-02
2.700000000000000000e+02 1.000000000000000000e+00 9.992001274367300345e-01 0.000000000000000000e+00 3.998881506636652039e-02
2.710000000000000000e+02 1.000000000000000000e+00 9.992001274367301455e-01 0.000000000000000000e+00 3.998881506637139843e-02
2.720000000000000000e+02 1.000000000000000000e+00 9.992001274367304786e-01 0.000000000000000000e+00 3.998881506636998984e-02
2.730000000000000000e+02 1.000000000000000000e+00 9.992001274367298125e-01 0.000000000000000000e+00 3.998881506636568772e-02
2.740000000000000000e+02 1.000000000000000000e+00 9.992001274367297015e-01 0.000000000000000000e+00 3.998881506636497302e-02
2.750000000000000000e+02 1.000000000000000000e+00 9.992001274367305896e-01 0.000000000000000000e+00 3.998881506637422950e-02
2.760000000000000000e+02 1.000000000000000000e+00 9.992001274367307007e-01 0.000000000000000000e+00 3.998881506636328687e-02
2.770000000000000000e+02 1.000000000000000000e+00 9.992001274367294794e-01 0.000000000000000000e+00 3.998881506637063515e-02
2.780000000000000000e+02 1.000000000000000000e+00 9.992001274367303676e-01 0.000000000000000000e+00 3.998881506637349398e-02
2.790000000000000000e+02 1.000000000000000000e+00 9.992001274367299235e-01 0.000000000000000000e+00 3.998881506636784572e-02
2.800000000000000000e+02 1.000000000000000000e+00 9.992001274367303676e-01 0.000000000000000000e+00 3.998881506636955269e-02
2.810000000000000000e+02 1.000000000000000000e+00 9.992001274367299235e-01 0.000000000000000000e+00 3.998881506636887267e-02
2.820000000000000000e+02 1.000000000000000000e+00 9.992001274367310337e-01 0.000000000000000000e+00 3.998881506636255134e-02
2.830000000000000000e+02 1.000000000000000000e+00 9.992001274367305896e-01 0.000000000000000000e+00 3.998881506637080863e-02
2.840000000000000000e+02 1.000000000000000000e+00 9.992001274367300345e-01 0.000000000000000000e+00 3.998881506636785960e-02
2.850000000000000000e+02 1.000000000000000000e+00 9.992001274367301455e-01 0.000000000000000000e+00 3.998881506636668692e-02
2.860000000000000000e+02 1.000000000000000000e+00 9.992001274367300345e-01 0.000000000000000000e+00 3.998881506637121802e-02
2.870000000000000000e+02 1.000000000000000000e+00 9.992001274367308117e-01 0.000000000000000000e+00 3.998881506636491057e-02
2.880000000000000000e+02 1.000000000000000000e+00 9.992001274367301455e-01 0.000000000000000000e+00 3.998881506637099598e-02
2.890000000000000000e+02 1.000000000000000000e+00 9.992001274367297015e-01 0.000000000000000000e+00 3.998881506637368827e-02
2.900000000000000000e+02 1.000000000000000000e+00 9.992001274367301455e-01 0.000000000000000000e+00 3.998881506637135680e-02
2.910000000000000000e+02 1.000000000000000000e+00 9.992001274367300345e-01 0.000000000000000000e+00 3.998881506637066291e-02
2.920000000000000000e+02 1.000000000000000000e+00 9.992001274367297015e-01 0.000000000000000000e+00 3.998881506637391031e-02
2.930000000000000000e+02 1.000000000000000000e+00 9.992001274367311447e-01 0.000000000000000000e+00 3.998881506636565997e-02
2.940000000000000000e+02 1.000000000000000000e+00 9.992001274367301455e-01 0.000000000000000000e+00 3.998881506637044780e-02
2.950000000000000000e+02 1.000000000000000000e+00 9.992001274367285912e-01 0.000000000000000000e+00 3.998881506637164129e-02
2.960000000000000000e+02 1.000000000000000000e+00 9.992001274367287023e-01 0.000000000000000000e+00 3.998881506637096822e-02
2.970000000000000000e+02 1.000000000000000000e+00 9.992001274367302566e-01 0.000000000000000000e+00 3.998881506636847716e-02
2.980000000000000000e+02 1.000000000000000000e+00 9.992001274367310337e-01 0.000000000000000000e+00 3.998881506637391725e-02
2.990000000000000000e+02 1.000000000000000000e+00 9.992001274367294794e-01 0.000000000000000000e+00 3.998881506638007205e-02
3.000000000000000000e+02 1.000000000000000000e+00 9.992001274367303676e-01 0.000000000000000000e+00 3.998881506637867733e-02
3.010000000000000000e+02 1.000000000000000000e+00 9.992001274367305896e-01 0.000000000000000000e+00 3.998881506637168987e-02
3.020000000000000000e+02 1.000000000000000000e+00 9.992001274367302566e-01 0.000000000000000000e+00 3.998881506637121802e-02
3.030000000000000000e+02 1.000000000000000000e+00 9.992001274367301455e-01 0.000000000000000000e+00 3.998881506636884492e-02
3.040000000000000000e+02 1.000000000000000000e+00 9.992001274367298125e-01 0.000000000000000000e+00 3.998881506636627059e-02
3.050000000000000000e+02 1.000000000000000000e+00 9.992001274367312558e-01 0.000000000000000000e+00 3.998881506637103067e-02
3.060000000000000000e+02 1.000000000000000000e+00 9.992001274367320329e-01 0.000000000000000000e+00 3.998881506636460526e-02
3.070000000000000000e+02 1.000000000000000000e+00 9.992001274367303676e-01 0.000000000000000000e+00 3.998881506636831756e-02
3.080000000000000000e+02 1.000000000000000000e+00 9.992001274367304786e-01 0.000000000000000000e+00 3.998881506637398664e-02
3.090000000000000000e+02 1.000000000000000000e+00 9.992001274367294794e-01 0.000000000000000000e+00 3.998881506636919880e-02
3.100000000000000000e+02 1.000000000000000000e+00 9.992001274367299235e-01 0.000000000000000000e+00 3.998881506637228661e-02
3.110000000000000000e+02 1.000000000000000000e+00 9.992001274367303676e-01 0.000000000000000000e+00 3.998881506637189803e-02
3.120000000000000000e+02 1.000000000000000000e+00 9.992001274367303676e-01 0.000000000000000000e+00 3.998881506636592365e-02
3.130000000000000000e+02 1.000000000000000000e+00 9.992001274367310337e-01 0.000000000000000000e+00 3.998881506636785266e-02
3.140000000000000000e+02 1.000000000000000000e+00 9.992001274367298125e-01 0.000000000000000000e+00 3.998881506636997596e-02
3.150000000000000000e+02 1.000000000000000000e+00 9.992001274367297015e-01 0.000000000000000000e+00 3.998881506637504135e-02
3.160000000000000000e+02 1.000000000000000000e+00 9.992001274367307007e-01 0.000000000000000000e+00 3.998881506636476485e-02
3.170000000000000000e+02 1.000000000000000000e+00 9.992001274367308117e-01 0.000000000000000000e+00 3.998881506636610406e-02
3.180000000000000000e+02 1.000000000000000000e+00 9.992001274367303676e-01 0.000000000000000000e+00 3.998881506636876859e-02
3.190000000000000000e+02 1.000000000000000000e+00 9.992001274367301455e-01 0.000000000000000000e+00 3.998881506637291111e-02
3.200000000000000000e+02 1.000000000000000000e+00 9.992001274367307007e-01 0.000000000000000000e+00 3.998881506636908778e-02
3.210000000000000000e+02 1.000000000000000000e+00 9.992001274367303676e-01 0.000000000000000000e+00 3.998881506637069067e-02
3.220000000000000000e+02 1.000000000000000000e+00 9.992001274367311447e-01 0.000000000000000000e+00 3.998881506636867839e-02
3.230000000000000000e+02 1.000000000000000000e+00 9.992001274367305896e-01 0.000000000000000000e+00 3.998881506636726979e-02
3.240000000000000000e+02 1.000000000000000000e+00 9.992001274367299235e-01 0.000000000000000000e+00 3.998881506637296662e-02
3.250000000000000000e+02 1.000000000000000000e+00 9.992001274367302566e-01 0.000000000000000000e+00 3.998881506636971922e-02
3.260000000000000000e+02 1.000000000000000000e+00 9.992001274367312558e-01 0.000000000000000000e+00 3.998881506636779021e-02
3.270000000000000000e+02 1.000000000000000000e+00 9.992001274367297015e-01 0.000000000000000000e+00 3.998881506637432665e-02
3.280000000000000000e+02 1.000000000000000000e+00 9.992001274367310337e-01 0.000000000000000000e+00 3.998881506636975391e-02
3.290000000000000000e+02 1.000000000000000000e+00 9.992001274367308117e-01 0.000000000000000000e+00 3.998881506636719346e-02
3.300000000000000000e+02 1.000000000000000000e+00 9.992001274367303676e-01 0.000000000000000000e+00 3.998881506636962901e-02
3.310000000000000000e+02 1.000000000000000000e+00 9.992001274367305896e-01 0.000000000000000000e+00 3.998881506636646488e-02
3.320000000000000000e+02 1.000000000000000000e+00 9.992001274367297015e-01 0.000000000000000000e+00 3.998881506637078087e-02
3.330000000000000000e+02 1.000000000000000000e+00 9.992001274367307007e-01 0.000000000000000000e+00 3.998881506636975391e-02
3.340000000000000000e+02 1.000000000000000000e+00 9.992001274367305896e-01 0.000000000000000000e+00 3.998881506636575017e-02
3.350000000000000000e+02 1.000000000000000000e+00 9.992001274367305896e-01 0.000000000000000000e+00 3.998881506637117639e-02
3.360000000000000000e+02 1.000000000000000000e+00 9.992001274367309227e-01 0.000000000000000000e+00 3.998881506636876859e-02
3.370000000000000000e+02 1.000000000000000000e+00 9.992001274367302566e-01 0.000000000000000000e+00 3.998881506636976085e-02
3.380000000000000000e+02 1.000000000000000000e+00 9.992001274367308117e-01 0.000000000000000000e+00 3.998881506636685346e-02
3.390000000000000000e+02 1.000000000000000000e+00 9.992001274367303676e-01 0.000000000000000000e+00 3.998881506637137068e-02
3.400000000000000000e+02 1.000000000000000000e+00 9.992001274367304786e-01 0.000000000000000000e+00 3.998881506635851985e-02
3.410000000000000000e+02 1.000000000000000000e+00 9.992001274367301455e-01 0.000000000000000000e+00 3.998881506636974698e-02
3.420000000000000000e+02 1.000000000000000000e+00 9.992001274367316999e-01 0.000000000000000000e+00 3.998881506637270988e-02
3.430000000000000000e+02 1.000000000000000000e+00 9.992001274367284802e-01 0.000000000000000000e+00 3.998881506637170374e-02
3.440000000000000000e+02 1.000000000000000000e+00 9.992001274367301455e-01 0.000000000000000000e+00 3.998881506637533279e-02
3.450000000000000000e+02 1.000000000000000000e+00 9.992001274367300345e-01 0.000000000000000000e+00 3.998881506637785160e-02
3.460000000000000000e+02 1.000000000000000000e+00 9.992001274367303676e-01 0.000000000000000000e+00 3.998881506637002453e-02
3.470000000000000000e+02 1.000000000000000000e+00 9.992001274367309227e-01 0.000000000000000000e+00 3.998881506636305094e-02
3.480000000000000000e+02 1.000000000000000000e+00 9.992001274367303676e-01 0.000000000000000000e+00 3.998881506637433358e-02
3.490000000000000000e+02 1.000000000000000000e+00 9.992001274367303676e-01 0.000000000000000000e+00 3.998881506636737387e-02
3.500000000000000000e+02 1.000000000000000000e+00 9.992001274367287023e-01 0.000000000000000000e+00 3.998881506637259192e-02
3.510000000000000000e+02 1.000000000000000000e+00 9.992001274367304786e-01 0.000000000000000000e+00 3.998881506636773470e-02
3.520000000000000000e+02 1.000000000000000000e+00 9.992001274367303676e-01 0.000000000000000000e+00 3.998881506636865757e-02
3.530000000000000000e+02 1.000000000000000000e+00 9.992001274367281471e-01 0.000000000000000000e+00 3.998881506637133598e-02
3.540000000000000000e+02 1.000000000000000000e+00 9.992001274367305896e-01 0.000000000000000000e+00 3.998881506637087802e-02
3.550000000000000000e+02 1.000000000000000000e+00 9.992001274367294794e-01 0.000000000000000000e+00 3.998881506637331357e-02
3.560000000000000000e+02 1.000000000000000000e+00 9.992001274367294794e-01 0.000000000000000000e+00 3.998881506637181477e-02
3.570000000000000000e+02 1.000000000000000000e+00 9.992001274367301455e-01 0.000000000000000000e+00 3.998881506637535360e-02
3.580000000000000000e+02 1.000000000000000000e+00 9.992001274367310337e-01 0.000000000000000000e+00 3.998881506636945554e-02
3.590000000000000000e+02 1.000000000000000000e+00 9.992001274367310337e-01 0.000000000000000000e+00 3.998881506636968453e-02
3.600000000000000000e+02 1.000000000000000000e+00 9.992001274367309227e-01 0.000000000000000000e+00 3.998881506637255723e-02
3.610000000000000000e+02 1.000000000000000000e+00 9.992001274367305896e-01 0.000000000000000000e+00 3.998881506636562527e-02
3.620000000000000000e+02 1.000000000000000000e+00 9.992001274367301455e-01 0.000000000000000000e+00 3.998881506636819266e-02
3.630000000000000000e+02 1.000000000000000000e+00 9.992001274367304786e-01 0.000000000000000000e+00 3.998881506637147476e-02
3.640000000000000000e+02 1.000000000000000000e+00 9.992001274367307007e-01 0.000000000000000000e+00 3.998881506636713795e-02
3.650000000000000000e+02 1.000000000000000000e+00 9.992001274367299235e-01 0.000000000000000000e+00 3.998881506637226579e-02
3.660000000000000000e+02 1.000000000000000000e+00 9.992001274367298125e-01 0.000000000000000000e+00 3.998881506637426420e-02
3.670000000000000000e+02 1.000000000000000000e+00 9.992001274367294794e-01 0.000000000000000000e+00 3.998881506637300132e-02
3.680000000000000000e+02 1.000000000000000000e+00 9.992001274367308117e-01 0.000000000000000000e+00 3.998881506636987881e-02
3.690000000000000000e+02 1.000000000000000000e+00 9.992001274367299235e-01 0.000000000000000000e+00 3.998881506637258498e-02
3.700000000000000000e+02 1.000000000000000000e+00 9.992001274367308117e-01 0.000000000000000000e+00 3.998881506636910166e-02
3.710000000000000000e+02 1.000000000000000000e+00 9.992001274367299235e-01 0.000000000000000000e+00 3.998881506637386174e-02
3.720000000000000000e+02 1.000000000000000000e+00 9.992001274367295904e-01 0.000000000000000000e+00 3.998881506637107230e-02
3.730000000000000000e+02 1.000000000000000000e+00 9.992001274367303676e-01 0.000000000000000000e+00 3.998881506637436828e-02
3.740000000000000000e+02 1.000000000000000000e+00 9.992001274367299235e-01 0.000000000000000000e+00 3.998881506636903227e-02
3.750000000000000000e+02 1.000000000000000000e+00 9.992001274367293684e-01 0.000000000000000000e+00 3.998881506636767225e-02
3.760000000000000000e+02 1.000000000000000000e+00 9.992001274367305896e-01 0.000000000000000000e+00 3.998881506636702693e-02
3.770000000000000000e+02 1.000000000000000000e+00 9.992001274367301455e-01 0.000000000000000000e+00 3.998881506636899758e-02
3.780000000000000000e+02 1.000000000000000000e+00 9.992001274367301455e-01 0.000000000000000000e+00 3.998881506637141925e-02
3.790000000000000000e+02 1.000000000000000000e+00 9.992001274367310337e-01 0.000000000000000000e+00 3.998881506636835920e-02
3.800000000000000000e+02 1.000000000000000000e+00 9.992001274367302566e-01 0.000000000000000000e+00 3.998881506636943473e-02
3.810000000000000000e+02 1.000000000000000000e+00 9.992001274367301455e-01 0.000000000000000000e+00 3.998881506637268213e-02
3.820000000000000000e+02 1.000000000000000000e+00 9.992001274367302566e-01 0.000000000000000000e+00 3.998881506637570749e-02
3.830000000000000000e+02 1.000000000000000000e+00 9.992001274367311447e-01 0.000000000000000000e+00 3.998881506636944166e-02
3.840000000000000000e+02 1.000000000000000000e+00 9.992001274367294794e-01 0.000000000000000000e+00 3.998881506636948330e-02
3.850000000000000000e+02 1.000000000000000000e+00 9.992001274367310337e-01 0.000000000000000000e+00 3.998881506636579181e-02
3.860000000000000000e+02 1.000000000000000000e+00 9.992001274367302566e-01 0.000000000000000000e+00 3.998881506637139149e-02
3.870000000000000000e+02 1.000000000000000000e+00 9.992001274367301455e-01 0.000000000000000000e+00 3.998881506637165517e-02
3.880000000000000000e+02 1.000000000000000000e+00 9.992001274367303676e-01 0.000000000000000000e+00 3.998881506637486094e-02
3.890000000000000000e+02 1.000000000000000000e+00 9.992001274367307007e-01 0.000000000000000000e+00 3.998881506636526445e-02
3.900000000000000000e+02 1.000000000000000000e+00 9.992001274367304786e-01 0.000000000000000000e+00 3.998881506635867250e-02
3.910000000000000000e+02 1.000000000000000000e+00 9.992001274367299235e-01 0.000000000000000000e+00 3.998881506636935840e-02
3.920000000000000000e+02 1.000000000000000000e+00 9.992001274367292574e-01 0.000000000000000000e+00 3.998881506637668587e-02
3.930000000000000000e+02 1.000000000000000000e+00 9.992001274367304786e-01 0.000000000000000000e+00 3.998881506636991351e-02
3.940000000000000000e+02 1.000000000000000000e+00 9.992001274367297015e-01 0.000000000000000000e+00 3.998881506636877553e-02
3.950000000000000000e+02 1.000000000000000000e+00 9.992001274367303676e-01 0.000000000000000000e+00 3.998881506636121907e-02
3.960000000000000000e+02 1.000000000000000000e+00 9.992001274367302566e-01 0.000000000000000000e+00 3.998881506637008698e-02
3.970000000000000000e+02 1.000000000000000000e+00 9.992001274367303676e-01 0.000000000000000000e+00 3.998881506637153027e-02
3.980000000000000000e+02 1.000000000000000000e+00 9.992001274367301455e-01 0.000000000000000000e+00 3.998881506636637467e-02
3.990000000000000000e+02 1.000000000000000000e+00 9.992001274367297015e-01 0.000000000000000000e+00 3.998881506637344541e-02
4.000000000000000000e+02 1.000000000000000000e+00 9.992001274367300345e-01 0.000000000000000000e+00 3.998881506636367544e-02
4.010000000000000000e+02 1.000000000000000000e+00 9.992001274367310337e-01 0.000000000000000000e+00 3.998881506636287747e-02
4.020000000000000000e+02 1.000000000000000000e+00 9.992001274367299235e-01 0.000000000000000000e+00 3.998881506636986494e-02
4.030000000000000000e+02 1.000000000000000000e+00 9.992001274367298125e-01 0.000000000000000000e+00 3.998881506637212702e-02
4.040000000000000000e+02 1.000000000000000000e+00 9.992001274367308117e-01 0.000000000000000000e+00 3.998881506636918493e-02
4.050000000000000000e+02 1.000000000000000000e+00 9.992001274367300345e-01 0.000000000000000000e+00 3.998881506636799144e-02
4.060000000000000000e+02 1.000000000000000000e+00 9.992001274367297015e-01 0.000000000000000000e+00 3.998881506637669281e-02
4.070000000000000000e+02 1.000000000000000000e+00 9.992001274367308117e-01 0.000000000000000000e+00 3.998881506636479261e-02
4.080000000000000000e+02 1.000000000000000000e+00 9.992001274367302566e-01 0.000000000000000000e+00 3.998881506637085026e-02
4.090000000000000000e+02 1.000000000000000000e+00 9.992001274367299235e-01 0.000000000000000000e+00 3.998881506636983024e-02
4.100000000000000000e+02 1.000000000000000000e+00 9.992001274367305896e-01 0.000000000000000000e+00 3.998881506637214089e-02
4.110000000000000000e+02 1.000000000000000000e+00 9.992001274367305896e-01 0.000000000000000000e+00 3.998881506636785960e-02
4.120000000000000000e+02 1.000000000000000000e+00 9.992001274367297015e-01 0.000000000000000000e+00 3.998881506637384786e-02
4.130000000000000000e+02 1.000000000000000000e+00 9.992001274367299235e-01 0.000000000000000000e+00 3.998881506636995514e-02
4.140000000000000000e+02 1.000000000000000000e+00 9.992001274367297015e-01 0.000000000000000000e+00 3.998881506636793592e-02
4.150000000000000000e+02 1.000000000000000000e+00 9.992001274367303676e-01 0.000000000000000000e+00 3.998881506636671468e-02
4.160000000000000000e+02 1.000000000000000000e+00 9.992001274367294794e-01 0.000000000000000000e+00 3.998881506637451400e-02
4.170000000000000000e+02 1.000000000000000000e+00 9.992001274367301455e-01 0.000000000000000000e+00 3.998881506636982330e-02
4.180000000000000000e+02 1.000000000000000000e+00 9.992001274367299235e-01 0.000000000000000000e+00 3.998881506637680383e-02
4.190000000000000000e+02 1.000000000000000000e+00 9.992001274367301455e-01 0.000000000000000000e+00 3.998881506637417399e-02
4.200000000000000000e+02 1.000000000000000000e+00 9.992001274367303676e-01 0.000000000000000000e+00 3.998881506636631222e-02
4.210000000000000000e+02 1.000000000000000000e+00 9.992001274367310337e-01 0.000000000000000000e+00 3.998881506637094740e-02
4.220000000000000000e+02 1.000000000000000000e+00 9.992001274367302566e-01 0.000000000000000000e+00 3.998881506636975391e-02
4.230000000000000000e+02 1.000000000000000000e+00 9.992001274367300345e-01 0.000000000000000000e+00 3.998881506637076005e-02
4.240000000000000000e+02 1.000000000000000000e+00 9.992001274367301455e-01 0.000000000000000000e+00 3.998881506636750571e-02
4.250000000000000000e+02 1.000000000000000000e+00 9.992001274367305896e-01 0.000000000000000000e+00 3.998881506636597222e-02
4.260000000000000000e+02 1.000000000000000000e+00 9.992001274367301455e-01 0.000000000000000000e+00 3.998881506637785854e-02
4.270000000000000000e+02 1.000000000000000000e+00 9.992001274367311447e-01 0.000000000000000000e+00 3.998881506636908778e-02
4.280000000000000000e+02 1.000000000000000000e+00 9.992001274367304786e-01 0.000000000000000000e+00 3.998881506637175232e-02
4.290000000000000000e+02 1.000000000000000000e+00 9.992001274367308117e-01 0.000000000000000000e+00 3.998881506636655508e-02
4.300000000000000000e+02 1.000000000000000000e+00 9.992001274367303676e-01 0.000000000000000000e+00 3.998881506635915128e-02
4.310000000000000000e+02 1.000000000000000000e+00 9.992001274367303676e-01 0.000000000000000000e+00 3.998881506637048944e-02
4.320000000000000000e+02 1.000000000000000000e+00 9.992001274367284802e-01 0.000000000000000000e+00 3.998881506636831062e-02
4.330000000000000000e+02 1.000000000000000000e+00 9.992001274367297015e-01 0.000000000000000000e+00 3.998881506636814409e-02
4.340000000000000000e+02 1.000000000000000000e+00 9.992001274367294794e-01 0.000000000000000000e+00 3.998881506636856736e-02
4.350000000000000000e+02 1.000000000000000000e+00 9.992001274367304786e-01 0.000000000000000000e+00 3.998881506636888655e-02
4.360000000000000000e+02 1.000000000000000000e+00 9.992001274367282582e-01 0.000000000000000000e+00 3.998881506636944860e-02
4.370000000000000000e+02 1.000000000000000000e+00 9.992001274367297015e-01 0.000000000000000000e+00 3.998881506636559058e-02
4.380000000000000000e+02 1.000000000000000000e+00 9.992001274367309227e-01 0.000000000000000000e+00 3.998881506636890043e-02
4.390000000000000000e+02 1.000000000000000000e+00 9.992001274367301455e-01 0.000000000000000000e+00 3.998881506637228661e-02
4.400000000000000000e+02 1.000000000000000000e+00 9.992001274367301455e-01 0.000000000000000000e+00 3.998881506636982330e-02
4.410000000000000000e+02 1.000000000000000000e+00 9.992001274367299235e-01 0.000000000000000000e+00 3.998881506637648464e-02
4.420000000000000000e+02 1.000000000000000000e+00 9.992001274367305896e-01 0.000000000000000000e+00 3.998881506636986494e-02
4.430000000000000000e+02 1.000000000000000000e+00 9.992001274367307007e-01 0.000000000000000000e+00 3.998881506636197541e-02
4.440000000000000000e+02 1.000000000000000000e+00 9.992001274367292574e-01 0.000000000000000000e+00 3.998881506637188415e-02
4.450000000000000000e+02 1.000000000000000000e+00 9.992001274367305896e-01 0.000000000000000000e+00 3.998881506637284172e-02
4.460000000000000000e+02 1.000000000000000000e+00 9.992001274367305896e-01 0.000000000000000000e+00 3.998881506637110700e-02
4.470000000000000000e+02 1.000000000000000000e+00 9.992001274367301455e-01 0.000000000000000000e+00 3.998881506637347316e-02
4.480000000000000000e+02 1.000000000000000000e+00 9.992001274367308117e-01 0.000000000000000000e+00 3.998881506637633199e-02
4.490000000000000000e+02 1.000000000000000000e+00 9.992001274367297015e-01 0.000000000000000000e+00 3.998881506636999678e-02
4.500000000000000000e+02 1.000000000000000000e+00 9.992001274367290353e-01 0.000000000000000000e+00 3.998881506637388950e-02
4.510000000000000000e+02 1.000000000000000000e+00 9.992001274367309227e-01 0.000000000000000000e+00 3.998881506636934452e-02
4.520000000000000000e+02 1.000000000000000000e+00 9.992001274367308117e-01 0.000000000000000000e+00 3.998881506636677019e-02
4.530000000000000000e+02 1.000000000000000000e+00 9.992001274367294794e-01 0.000000000000000000e+00 3.998881506637752548e-02
4.540000000000000000e+02 1.000000000000000000e+00 9.992001274367297015e-01 0.000000000000000000e+00 3.998881506637163435e-02
4.550000000000000000e+02 1.000000000000000000e+00 9.992001274367309227e-01 0.000000000000000000e+00 3.998881506637394501e-02
4.560000000000000000e+02 1.000000000000000000e+00 9.992001274367297015e-01 0.000000000000000000e+00 3.998881506636767225e-02
4.570000000000000000e+02 1.000000000000000000e+00 9.992001274367313668e-01 0.000000000000000000e+00 3.998881506636366157e-02
4.580000000000000000e+02 1.000000000000000000e+00 9.992001274367310337e-01 0.000000000000000000e+00 3.998881506637189803e-02
4.590000000000000000e+02 1.000000000000000000e+00 9.992001274367303676e-01 0.000000000000000000e+00 3.998881506637083638e-02
4.600000000000000000e+02 1.000000000000000000e+00 9.992001274367312558e-01 0.000000000000000000e+00 3.998881506637361888e-02
4.610000000000000000e+02 1.000000000000000000e+00 9.992001274367299235e-01 0.000000000000000000e+00 3.998881506636738081e-02
4.620000000000000000e+02 1.000000000000000000e+00 9.992001274367312558e-01 0.000000000000000000e+00 3.998881506636856736e-02
4.630000000000000000e+02 1.000000000000000000e+00 9.992001274367316999e-01 0.000000000000000000e+00 3.998881506636307870e-02
4.640000000000000000e+02 1.000000000000000000e+00 9.992001274367294794e-01 0.000000000000000000e+00 3.998881506637465971e-02
4.650000000000000000e+02 1.000000000000000000e+00 9.992001274367301455e-01 0.000000000000000000e+00 3.998881506636711713e-02
4.660000000000000000e+02 1.000000000000000000e+00 9.992001274367303676e-01 0.000000000000000000e+00 3.998881506637130129e-02
4.670000000000000000e+02 1.000000000000000000e+00 9.992001274367302566e-01 0.000000000000000000e+00 3.998881506636819266e-02
4.680000000000000000e+02 1.000000000000000000e+00 9.992001274367308117e-01 0.000000000000000000e+00 3.998881506636253746e-02
4.690000000000000000e+02 1.000000000000000000e+00 9.992001274367297015e-01 0.000000000000000000e+00 3.998881506637036454e-02
4.700000000000000000e+02 1.000000000000000000e+00 9.992001274367292574e-01 0.000000000000000000e+00 3.998881506636986494e-02
4.710000000000000000e+02 1.000000000000000000e+00 9.992001274367303676e-01 0.000000000000000000e+00 3.998881506637038535e-02
4.720000000000000000e+02 1.000000000000000000e+00 9.992001274367299235e-01 0.000000000000000000e+00 3.998881506637384786e-02
4.730000000000000000e+02 1.000000000000000000e+00 9.992001274367310337e-01 0.000000000000000000e+00 3.998881506636949718e-02
4.740000000000000000e+02 1.000000000000000000e+00 9.992001274367303676e-01 0.000000000000000000e+00 3.998881506636676325e-02
4.750000000000000000e+02 1.000000000000000000e+00 9.992001274367303676e-01 0.000000000000000000e+00 3.998881506637090577e-02
4.760000000000000000e+02 1.000000000000000000e+00 9.992001274367301455e-01 0.000000000000000000e+00 3.998881506637164129e-02
4.770000000000000000e+02 1.000000000000000000e+00 9.992001274367303676e-01 0.000000000000000000e+00 3.998881506636792899e-02
4.780000000000000000e+02 1.000000000000000000e+00 9.992001274367305896e-01 0.000000000000000000e+00 3.998881506637363276e-02
4.790000000000000000e+02 1.000000000000000000e+00 9.992001274367301455e-01 0.000000000000000000e+00 3.998881506637642219e-02
4.800000000000000000e+02 1.000000000000000000e+00 9.992001274367308117e-01 0.000000000000000000e+00 3.998881506636953881e-02
4.810000000000000000e+02 1.000000000000000000e+00 9.992001274367302566e-01 0.000000000000000000e+00 3.998881506637006616e-02
4.820000000000000000e+02 1.000000000000000000e+00 9.992001274367303676e-01 0.000000000000000000e+00 3.998881506637817773e-02
4.830000000000000000e+02 1.000000000000000000e+00 9.992001274367308117e-01 0.000000000000000000e+00 3.998881506636967065e-02
4.840000000000000000e+02 1.000000000000000000e+00 9.992001274367302566e-01 0.000000000000000000e+00 3.998881506637797650e-02
4.850000000000000000e+02 1.000000000000000000e+00 9.992001274367299235e-01 0.000000000000000000e+00 3.998881506637076699e-02
4.860000000000000000e+02 1.000000000000000000e+00 9.992001274367231511e-01 0.000000000000000000e+00 3.998881506636967065e-02
4.870000000000000000e+02 1.000000000000000000e+00 9.992001274367309227e-01 0.000000000000000000e+00 3.998881506637397970e-02
4.880000000000000000e+02 1.000000000000000000e+00 9.992001274367300345e-01 0.000000000000000000e+00 3.998881506637654709e-02
4.890000000000000000e+02 1.000000000000000000e+00 9.992001274367299235e-01 0.000000000000000000e+00 3.998881506637135680e-02
4.900000000000000000e+02 1.000000000000000000e+00 9.992001274367311447e-01 0.000000000000000000e+00 3.998881506635858230e-02
4.910000000000000000e+02 1.000000000000000000e+00 9.992001274367302566e-01 0.000000000000000000e+00 3.998881506637083638e-02
4.920000000000000000e+02 1.000000000000000000e+00 9.992001274367301455e-01 0.000000000000000000e+00 3.998881506636847022e-02
4.930000000000000000e+02 1.000000000000000000e+00 9.992001274367307007e-01 0.000000000000000000e+00 3.998881506636739469e-02
4.940000000000000000e+02 1.000000000000000000e+00 9.992001274367303676e-01 0.000000000000000000e+00 3.998881506636887961e-02
4.950000000000000000e+02 1.000000000000000000e+00 9.992001274367310337e-01 0.000000000000000000e+00 3.998881506636428607e-02
4.960000000000000000e+02 1.000000000000000000e+00 9.992001274367303676e-01 0.000000000000000000e+00 3.998881506637055883e-02
4.970000000000000000e+02 1.000000000000000000e+00 9.992001274367295904e-01 0.000000000000000000e+00 3.998881506636382810e-02
4.980000000000000000e+02 1.000000000000000000e+00 9.992001274367310337e-01 0.000000000000000000e+00 3.998881506637605443e-02
4.990000000000000000e+02 1.000000000000000000e+00 9.992001274367291463e-01 0.000000000000000000e+00 3.998881506637311234e-02
