500 4
0.000000000000000000e+00 1.000000000000000000e+00 9.992001274367210417e-01 0.000000000000000000e+00 3.998881506637788630e-02
1.000000000000000000e+00 1.000000000000000000e+00 9.992001274367303676e-01 0.000000000000000000e+00 3.998881506638058553e-02
2.000000000000000000e+00 1.000000000000000000e+00 9.992001274367265928e-01 0.000000000000000000e+00 3.998881506637774058e-02
3.000000000000000000e+00 1.000000000000000000e+00 9.992001274367257047e-01 0.000000000000000000e+00 3.998881506637858019e-02
4.000000000000000000e+00 1.000000000000000000e+00 9.992001274367264818e-01 0.000000000000000000e+00 3.998881506637836508e-02
5.000000000000000000e+00 1.000000000000000000e+00 9.992001274367199315e-01 0.000000000000000000e+00 3.998881506637832345e-02
6.000000000000000000e+00 1.000000000000000000e+00 9.992001274367247055e-01 0.000000000000000000e+00 3.998881506637830263e-02
7.000000000000000000e+00 1.000000000000000000e+00 9.992001274367257047e-01 0.000000000000000000e+00 3.998881506637822630e-02
8.000000000000000000e+00 1.000000000000000000e+00 9.992001274367251495e-01 0.000000000000000000e+00 3.998881506637798344e-02
9.000000000000000000e+00 1.000000000000000000e+00 9.992001274367221519e-01 0.000000000000000000e+00 3.998881506637817773e-02
1.000000000000000000e+01 1.000000000000000000e+00 9.992001274367280361e-01 0.000000000000000000e+00 3.998881506637968347e-02
1.100000000000000000e+01 1.000000000000000000e+00 9.992001274367223740e-01 0.000000000000000000e+00 3.998881506637810834e-02
1.200000000000000000e+01 1.000000000000000000e+00 9.992001274367232622e-01 0.000000000000000000e+00 3.998881506637810140e-02
1.300000000000000000e+01 1.000000000000000000e+00 9.992001274367267039e-01 0.000000000000000000e+00 3.998881506637770589e-02
1.400000000000000000e+01 1.000000000000000000e+00 9.992001274367214858e-01 0.000000000000000000e+00 3.998881506637744221e-02
1.500000000000000000e+01 1.000000000000000000e+00 9.992001274367262598e-01 0.000000000000000000e+00 3.998881506637807365e-02
1.600000000000000000e+01 1.000000000000000000e+00 9.992001274367250385e-01 0.000000000000000000e+00 3.998881506637798344e-02
1.700000000000000000e+01 1.000000000000000000e+00 9.992001274367218189e-01 0.000000000000000000e+00 3.998881506637787936e-02
1.800000000000000000e+01 1.000000000000000000e+00 9.992001274367235952e-01 0.000000000000000000e+00 3.998881506637833733e-02
1.900000000000000000e+01 1.000000000000000000e+00 9.992001274367189323e-01 0.000000000000000000e+00 3.998881506637817773e-02
2.000000000000000000e+01 1.000000000000000000e+00 9.992001274367147134e-01 0.000000000000000000e+00 3.998881506637767813e-02
2.100000000000000000e+01 1.000000000000000000e+00 9.992001274367295904e-01 0.000000000000000000e+00 3.998881506637918387e-02
2.200000000000000000e+01 1.000000000000000000e+00 9.992001274367234842e-01 0.000000000000000000e+00 3.998881506637801814e-02
2.300000000000000000e+01 1.000000000000000000e+00 9.992001274367271479e-01 0.000000000000000000e+00 3.998881506637872590e-02
2.400000000000000000e+01 1.000000000000000000e+00 9.992001274367242614e-01 0.000000000000000000e+00 3.998881506637802508e-02
2.500000000000000000e+01 1.000000000000000000e+00 9.992001274367230401e-01 0.000000000000000000e+00 3.998881506637833733e-02
2.600000000000000000e+01 1.000000000000000000e+00 9.992001274367275920e-01 0.000000000000000000e+00 3.998881506637910754e-02
2.700000000000000000e+01 1.000000000000000000e+00 9.992001274367261487e-01 0.000000000000000000e+00 3.998881506637794875e-02
2.800000000000000000e+01 1.000000000000000000e+00 9.992001274367215968e-01 0.000000000000000000e+00 3.998881506637839284e-02
2.900000000000000000e+01 1.000000000000000000e+00 9.992001274367184882e-01 0.000000000000000000e+00 3.998881506637796263e-02
3.000000000000000000e+01 1.000000000000000000e+00 9.992001274367235952e-01 0.000000000000000000e+00 3.998881506637808059e-02
3.100000000000000000e+01 1.000000000000000000e+00 9.992001274367223740e-01 0.000000000000000000e+00 3.998881506637776140e-02
3.200000000000000000e+01 1.000000000000000000e+00 9.992001274367230401e-01 0.000000000000000000e+00 3.998881506637805283e-02
3.300000000000000000e+01 1.000000000000000000e+00 9.992001274367239283e-01 0.000000000000000000e+00 3.998881506637832345e-02
3.400000000000000000e+01 1.000000000000000000e+00 9.992001274367260377e-01 0.000000000000000000e+00 3.998881506637800426e-02
3.500000000000000000e+01 1.000000000000000000e+00 9.992001274367280361e-01 0.000000000000000000e+00 3.998881506637950306e-02
3.600000000000000000e+01 1.000000000000000000e+00 9.992001274367199315e-01 0.000000000000000000e+00 3.998881506637829569e-02
3.700000000000000000e+01 1.000000000000000000e+00 9.992001274367171559e-01 0.000000000000000000e+00 3.998881506637801814e-02
3.800000000000000000e+01 1.000000000000000000e+00 9.992001274367295904e-01 0.000000000000000000e+00 3.998881506637939898e-02
3.900000000000000000e+01 1.000000000000000000e+00 9.992001274367264818e-01 0.000000000000000000e+00 3.998881506637824018e-02
4.000000000000000000e+01 1.000000000000000000e+00 9.992001274367198205e-01 0.000000000000000000e+00 3.998881506637831651e-02
4.100000000000000000e+01 1.000000000000000000e+00 9.992001274367244834e-01 0.000000000000000000e+00 3.998881506637824018e-02
4.200000000000000000e+01 1.000000000000000000e+00 9.992001274367214858e-01 0.000000000000000000e+00 3.998881506637816385e-02
4.300000000000000000e+01 1.000000000000000000e+00 9.992001274367251495e-01 0.000000000000000000e+00 3.998881506637806671e-02
4.400000000000000000e+01 1.000000000000000000e+00 9.992001274367252606e-01 0.000000000000000000e+00 3.998881506637780997e-02
4.500000000000000000e+01 1.000000000000000000e+00 9.992001274367283692e-01 0.000000000000000000e+00 3.998881506637970429e-02
4.600000000000000000e+01 1.000000000000000000e+00 9.992001274367214858e-01 0.000000000000000000e+00 3.998881506637835814e-02
4.700000000000000000e+01 1.000000000000000000e+00 9.992001274367255936e-01 0.000000000000000000e+00 3.998881506637833039e-02
4.800000000000000000e+01 1.000000000000000000e+00 9.992001274367244834e-01 0.000000000000000000e+00 3.998881506637799732e-02
4.900000000000000000e+01 1.000000000000000000e+00 9.992001274367200425e-01 0.000000000000000000e+00 3.998881506637839284e-02
5.000000000000000000e+01 1.000000000000000000e+00 9.992001274367267039e-01 0.000000000000000000e+00 3.998881506637898958e-02
5.100000000000000000e+01 1.000000000000000000e+00 9.992001274367234842e-01 0.000000000000000000e+00 3.998881506637750466e-02
5.200000000000000000e+01 1.000000000000000000e+00 9.992001274367221519e-01 0.000000000000000000e+00 3.998881506637821243e-02
5.300000000000000000e+01 1.000000000000000000e+00 9.992001274367183772e-01 0.000000000000000000e+00 3.998881506637809446e-02
5.400000000000000000e+01 1.000000000000000000e+00 9.992001274367259267e-01 0.000000000000000000e+00 3.998881506637786548e-02
5.500000000000000000e+01 1.000000000000000000e+00 9.992001274367247055e-01 0.000000000000000000e+00 3.998881506637825406e-02
5.600000000000000000e+01 1.000000000000000000e+00 9.992001274367253716e-01 0.000000000000000000e+00 3.998881506637787936e-02
5.700000000000000000e+01 1.000000000000000000e+00 9.992001274367204866e-01 0.000000000000000000e+00 3.998881506637839284e-02
5.800000000000000000e+01 1.000000000000000000e+00 9.992001274367168229e-01 0.000000000000000000e+00 3.998881506637826100e-02
5.900000000000000000e+01 1.000000000000000000e+00 9.992001274367278141e-01 0.000000000000000000e+00 3.998881506637928795e-02
6.000000000000000000e+01 1.000000000000000000e+00 9.992001274367205976e-01 0.000000000000000000e+00 3.998881506637841365e-02
6.100000000000000000e+01 1.000000000000000000e+00 9.992001274367264818e-01 0.000000000000000000e+00 3.998881506637825406e-02
6.200000000000000000e+01 1.000000000000000000e+00 9.992001274367271479e-01 0.000000000000000000e+00 3.998881506637896183e-02
6.300000000000000000e+01 1.000000000000000000e+00 9.992001274367270369e-01 0.000000000000000000e+00 3.998881506637817773e-02
6.400000000000000000e+01 1.000000000000000000e+00 9.992001274367239283e-01 0.000000000000000000e+00 3.998881506637779609e-02
6.500000000000000000e+01 1.000000000000000000e+00 9.992001274367223740e-01 0.000000000000000000e+00 3.998881506637804589e-02
6.600000000000000000e+01 1.000000000000000000e+00 9.992001274367272590e-01 0.000000000000000000e+00 3.998881506637913530e-02
6.700000000000000000e+01 1.000000000000000000e+00 9.992001274367203756e-01 0.000000000000000000e+00 3.998881506637805283e-02
6.800000000000000000e+01 1.000000000000000000e+00 9.992001274367219299e-01 0.000000000000000000e+00 3.998881506637831651e-02
6.900000000000000000e+01 1.000000000000000000e+00 9.992001274367210417e-01 0.000000000000000000e+00 3.998881506637816385e-02
7.000000000000000000e+01 1.000000000000000000e+00 9.992001274367237063e-01 0.000000000000000000e+00 3.998881506637824018e-02
7.100000000000000000e+01 1.000000000000000000e+00 9.992001274367267039e-01 0.000000000000000000e+00 3.998881506637908673e-02
7.200000000000000000e+01 1.000000000000000000e+00 9.992001274367278141e-01 0.000000000000000000e+00 3.998881506638095329e-02
7.300000000000000000e+01 1.000000000000000000e+00 9.992001274367252606e-01 0.000000000000000000e+00 3.998881506637844141e-02
7.400000000000000000e+01 1.000000000000000000e+00 9.992001274367280361e-01 0.000000000000000000e+00 3.998881506637961408e-02
7.500000000000000000e+01 1.000000000000000000e+00 9.992001274367282582e-01 0.000000000000000000e+00 3.998881506637883693e-02
7.600000000000000000e+01 1.000000000000000000e+00 9.992001274367157126e-01 0.000000000000000000e+00 3.998881506637776140e-02
7.700000000000000000e+01 1.000000000000000000e+00 9.992001274367182662e-01 0.000000000000000000e+00 3.998881506637805283e-02
7.800000000000000000e+01 1.000000000000000000e+00 9.992001274367257047e-01 0.000000000000000000e+00 3.998881506637810834e-02
7.900000000000000000e+01 1.000000000000000000e+00 9.992001274367267039e-01 0.000000000000000000e+00 3.998881506637758099e-02
8.000000000000000000e+01 1.000000000000000000e+00 9.992001274367203756e-01 0.000000000000000000e+00 3.998881506637826794e-02
8.100000000000000000e+01 1.000000000000000000e+00 9.992001274367267039e-01 0.000000000000000000e+00 3.998881506637787936e-02
8.200000000000000000e+01 1.000000000000000000e+00 9.992001274367287023e-01 0.000000000000000000e+00 3.998881506638001654e-02
8.300000000000000000e+01 1.000000000000000000e+00 9.992001274367221519e-01 0.000000000000000000e+00 3.998881506637766425e-02
8.400000000000000000e+01 1.000000000000000000e+00 9.992001274367251495e-01 0.000000000000000000e+00 3.998881506637770589e-02
8.500000000000000000e+01 1.000000000000000000e+00 9.992001274367275920e-01 0.000000000000000000e+00 3.998881506638003736e-02
8.600000000000000000e+01 1.000000000000000000e+00 9.992001274367200425e-01 0.000000000000000000e+00 3.998881506637812222e-02
8.700000000000000000e+01 1.000000000000000000e+00 9.992001274367225960e-01 0.000000000000000000e+00 3.998881506637780997e-02
8.800000000000000000e+01 1.000000000000000000e+00 9.992001274367229291e-01 0.000000000000000000e+00 3.998881506637783079e-02
8.900000000000000000e+01 1.000000000000000000e+00 9.992001274367235952e-01 0.000000000000000000e+00 3.998881506637783773e-02
9.000000000000000000e+01 1.000000000000000000e+00 9.992001274367264818e-01 0.000000000000000000e+00 3.998881506637809446e-02
9.100000000000000000e+01 1.000000000000000000e+00 9.992001274367223740e-01 0.000000000000000000e+00 3.998881506637792793e-02
9.200000000000000000e+01 1.000000000000000000e+00 9.992001274367147134e-01 0.000000000000000000e+00 3.998881506637816385e-02
9.300000000000000000e+01 1.000000000000000000e+00 9.992001274367253716e-01 0.000000000000000000e+00 3.998881506637751854e-02
9.400000000000000000e+01 1.000000000000000000e+00 9.992001274367247055e-01 0.000000000000000000e+00 3.998881506637864958e-02
9.500000000000000000e+01 1.000000000000000000e+00 9.992001274367237063e-01 0.000000000000000000e+00 3.998881506637787936e-02
9.600000000000000000e+01 1.000000000000000000e+00 9.992001274367194874e-01 0.000000000000000000e+00 3.998881506637824018e-02
9.700000000000000000e+01 1.000000000000000000e+00 9.992001274367230401e-01 0.000000000000000000e+00 3.998881506637778221e-02
9.800000000000000000e+01 1.000000000000000000e+00 9.992001274367212638e-01 0.000000000000000000e+00 3.998881506637835120e-02
9.900000000000000000e+01 1.000000000000000000e+00 9.992001274367282582e-01 0.000000000000000000e+00 3.998881506637856631e-02
1.000000000000000000e+02 1.000000000000000000e+00 9.992001274367151575e-01 0.000000000000000000e+00 3.998881506637778221e-02
1.010000000000000000e+02 1.000000000000000000e+00 9.992001274367217079e-01 0.000000000000000000e+00 3.998881506637802508e-02
1.020000000000000000e+02 1.000000000000000000e+00 9.992001274367218189e-01 0.000000000000000000e+00 3.998881506637796956e-02
1.030000000000000000e+02 1.000000000000000000e+00 9.992001274367207087e-01 0.000000000000000000e+00 3.998881506637804589e-02
1.040000000000000000e+02 1.000000000000000000e+00 9.992001274367213748e-01 0.000000000000000000e+00 3.998881506637824018e-02
1.050000000000000000e+02 1.000000000000000000e+00 9.992001274367038333e-01 0.000000000000000000e+00 3.998881506637678995e-02
1.060000000000000000e+02 1.000000000000000000e+00 9.992001274367149355e-01 0.000000000000000000e+00 3.998881506637758793e-02
1.070000000000000000e+02 1.000000000000000000e+00 9.992001274367204866e-01 0.000000000000000000e+00 3.998881506637822630e-02
1.080000000000000000e+02 1.000000000000000000e+00 9.992001274367182662e-01 0.000000000000000000e+00 3.998881506637785854e-02
1.090000000000000000e+02 1.000000000000000000e+00 9.992001274367219299e-01 0.000000000000000000e+00 3.998881506637786548e-02
1.100000000000000000e+02 1.000000000000000000e+00 9.992001274367217079e-01 0.000000000000000000e+00 3.998881506637810834e-02
1.110000000000000000e+02 1.000000000000000000e+00 9.992001274367182662e-01 0.000000000000000000e+00 3.998881506637809446e-02
1.120000000000000000e+02 1.000000000000000000e+00 9.992001274367180441e-01 0.000000000000000000e+00 3.998881506637792099e-02
1.130000000000000000e+02 1.000000000000000000e+00 9.992001274367258157e-01 0.000000000000000000e+00 3.998881506637799732e-02
1.140000000000000000e+02 1.000000000000000000e+00 9.992001274367201535e-01 0.000000000000000000e+00 3.998881506637821937e-02
1.150000000000000000e+02 1.000000000000000000e+00 9.992001274367087182e-01 0.000000000000000000e+00 3.998881506637733119e-02
1.160000000000000000e+02 1.000000000000000000e+00 9.992001274367254826e-01 0.000000000000000000e+00 3.998881506637847610e-02
1.170000000000000000e+02 1.000000000000000000e+00 9.992001274367108277e-01 0.000000000000000000e+00 3.998881506637808753e-02
1.180000000000000000e+02 1.000000000000000000e+00 9.992001274367282582e-01 0.000000000000000000e+00 3.998881506637935040e-02
1.190000000000000000e+02 1.000000000000000000e+00 9.992001274367229291e-01 0.000000000000000000e+00 3.998881506637826794e-02
1.200000000000000000e+02 1.000000000000000000e+00 9.992001274367234842e-01 0.000000000000000000e+00 3.998881506637819855e-02
1.210000000000000000e+02 1.000000000000000000e+00 9.992001274367167118e-01 0.000000000000000000e+00 3.998881506637791405e-02
1.220000000000000000e+02 1.000000000000000000e+00 9.992001274367219299e-01 0.000000000000000000e+00 3.998881506637785160e-02
1.230000000000000000e+02 1.000000000000000000e+00 9.992001274367245944e-01 0.000000000000000000e+00 3.998881506637799038e-02
1.240000000000000000e+02 1.000000000000000000e+00 9.992001274367243724e-01 0.000000000000000000e+00 3.998881506637786548e-02
1.250000000000000000e+02 1.000000000000000000e+00 9.992001274367180441e-01 0.000000000000000000e+00 3.998881506637808059e-02
1.260000000000000000e+02 1.000000000000000000e+00 9.992001274367221519e-01 0.000000000000000000e+00 3.998881506637801120e-02
1.270000000000000000e+02 1.000000000000000000e+00 9.992001274367182662e-01 0.000000000000000000e+00 3.998881506637821243e-02
1.280000000000000000e+02 1.000000000000000000e+00 9.992001274367198205e-01 0.000000000000000000e+00 3.998881506637855937e-02
1.290000000000000000e+02 1.000000000000000000e+00 9.992001274367197095e-01 0.000000000000000000e+00 3.998881506637774058e-02
1.300000000000000000e+02 1.000000000000000000e+00 9.992001274367247055e-01 0.000000000000000000e+00 3.998881506637831651e-02
1.310000000000000000e+02 1.000000000000000000e+00 9.992001274367197095e-01 0.000000000000000000e+00 3.998881506637801120e-02
1.320000000000000000e+02 1.000000000000000000e+00 9.992001274367220409e-01 0.000000000000000000e+00 3.998881506637818467e-02
1.330000000000000000e+02 1.000000000000000000e+00 9.992001274367208197e-01 0.000000000000000000e+00 3.998881506637842059e-02
1.340000000000000000e+02 1.000000000000000000e+00 9.992001274367247055e-01 0.000000000000000000e+00 3.998881506637787936e-02
1.350000000000000000e+02 1.000000000000000000e+00 9.992001274367219299e-01 0.000000000000000000e+00 3.998881506637796956e-02
1.360000000000000000e+02 1.000000000000000000e+00 9.992001274367271479e-01 0.000000000000000000e+00 3.998881506637765731e-02
1.370000000000000000e+02 1.000000000000000000e+00 9.992001274367255936e-01 0.000000000000000000e+00 3.998881506637886468e-02
1.380000000000000000e+02 1.000000000000000000e+00 9.992001274367173780e-01 0.000000000000000000e+00 3.998881506637771283e-02
1.390000000000000000e+02 1.000000000000000000e+00 9.992001274367249275e-01 0.000000000000000000e+00 3.998881506637837202e-02
1.400000000000000000e+02 1.000000000000000000e+00 9.992001274367242614e-01 0.000000000000000000e+00 3.998881506637765038e-02
1.410000000000000000e+02 1.000000000000000000e+00 9.992001274367205976e-01 0.000000000000000000e+00 3.998881506637816385e-02
1.420000000000000000e+02 1.000000000000000000e+00 9.992001274367214858e-01 0.000000000000000000e+00 3.998881506637816385e-02
1.430000000000000000e+02 1.000000000000000000e+00 9.992001274367253716e-01 0.000000000000000000e+00 3.998881506637839284e-02
1.440000000000000000e+02 1.000000000000000000e+00 9.992001274367167118e-01 0.000000000000000000e+00 3.998881506637795569e-02
1.450000000000000000e+02 1.000000000000000000e+00 9.992001274367267039e-01 0.000000000000000000e+00 3.998881506637797650e-02
1.460000000000000000e+02 1.000000000000000000e+00 9.992001274367230401e-01 0.000000000000000000e+00 3.998881506637821937e-02
1.470000000000000000e+02 1.000000000000000000e+00 9.992001274367232622e-01 0.000000000000000000e+00 3.998881506637809446e-02
1.480000000000000000e+02 1.000000000000000000e+00 9.992001274367184882e-01 0.000000000000000000e+00 3.998881506637782385e-02
1.490000000000000000e+02 1.000000000000000000e+00 9.992001274367230401e-01 0.000000000000000000e+00 3.998881506637842059e-02
1.500000000000000000e+02 1.000000000000000000e+00 9.992001274367240393e-01 0.000000000000000000e+00 3.998881506637814304e-02
1.510000000000000000e+02 1.000000000000000000e+00 9.992001274367219299e-01 0.000000000000000000e+00 3.998881506637784466e-02
1.520000000000000000e+02 1.000000000000000000e+00 9.992001274367151575e-01 0.000000000000000000e+00 3.998881506637782385e-02
1.530000000000000000e+02 1.000000000000000000e+00 9.992001274367174890e-01 0.000000000000000000e+00 3.998881506637836508e-02
1.540000000000000000e+02 1.000000000000000000e+00 9.992001274367252606e-01 0.000000000000000000e+00 3.998881506637804589e-02
1.550000000000000000e+02 1.000000000000000000e+00 9.992001274367249275e-01 0.000000000000000000e+00 3.998881506637819855e-02
1.560000000000000000e+02 1.000000000000000000e+00 9.992001274367108277e-01 0.000000000000000000e+00 3.998881506637772670e-02
1.570000000000000000e+02 1.000000000000000000e+00 9.992001274367258157e-01 0.000000000000000000e+00 3.998881506637847610e-02
1.580000000000000000e+02 1.000000000000000000e+00 9.992001274367203756e-01 0.000000000000000000e+00 3.998881506637810834e-02
1.590000000000000000e+02 1.000000000000000000e+00 9.992001274367277031e-01 0.000000000000000000e+00 3.998881506637883693e-02
1.600000000000000000e+02 1.000000000000000000e+00 9.992001274367143804e-01 0.000000000000000000e+00 3.998881506637819855e-02
1.610000000000000000e+02 1.000000000000000000e+00 9.992001274367251495e-01 0.000000000000000000e+00 3.998881506637846917e-02
1.620000000000000000e+02 1.000000000000000000e+00 9.992001274367253716e-01 0.000000000000000000e+00 3.998881506637817773e-02
1.630000000000000000e+02 1.000000000000000000e+00 9.992001274367222630e-01 0.000000000000000000e+00 3.998881506637845529e-02
1.640000000000000000e+02 1.000000000000000000e+00 9.992001274367278141e-01 0.000000000000000000e+00 3.998881506637928795e-02
1.650000000000000000e+02 1.000000000000000000e+00 9.992001274367177110e-01 0.000000000000000000e+00 3.998881506637789324e-02
1.660000000000000000e+02 1.000000000000000000e+00 9.992001274367219299e-01 0.000000000000000000e+00 3.998881506637853855e-02
1.670000000000000000e+02 1.000000000000000000e+00 9.992001274367247055e-01 0.000000000000000000e+00 3.998881506637843447e-02
1.680000000000000000e+02 1.000000000000000000e+00 9.992001274367230401e-01 0.000000000000000000e+00 3.998881506637756711e-02
1.690000000000000000e+02 1.000000000000000000e+00 9.992001274367239283e-01 0.000000000000000000e+00 3.998881506637822630e-02
1.700000000000000000e+02 1.000000000000000000e+00 9.992001274367255936e-01 0.000000000000000000e+00 3.998881506637776834e-02
1.710000000000000000e+02 1.000000000000000000e+00 9.992001274367190433e-01 0.000000000000000000e+00 3.998881506637799732e-02
1.720000000000000000e+02 1.000000000000000000e+00 9.992001274367182662e-01 0.000000000000000000e+00 3.998881506637787242e-02
1.730000000000000000e+02 1.000000000000000000e+00 9.992001274367247055e-01 0.000000000000000000e+00 3.998881506637808059e-02
1.740000000000000000e+02 1.000000000000000000e+00 9.992001274367119379e-01 0.000000000000000000e+00 3.998881506637744915e-02
1.750000000000000000e+02 1.000000000000000000e+00 9.992001274367245944e-01 0.000000000000000000e+00 3.998881506637792793e-02
1.760000000000000000e+02 1.000000000000000000e+00 9.992001274367252606e-01 0.000000000000000000e+00 3.998881506637819855e-02
1.770000000000000000e+02 1.000000000000000000e+00 9.992001274367218189e-01 0.000000000000000000e+00 3.998881506637830263e-02
1.780000000000000000e+02 1.000000000000000000e+00 9.992001274367249275e-01 0.000000000000000000e+00 3.998881506637808059e-02
1.790000000000000000e+02 1.000000000000000000e+00 9.992001274367235952e-01 0.000000000000000000e+00 3.998881506637840672e-02
1.800000000000000000e+02 1.000000000000000000e+00 9.992001274367254826e-01 0.000000000000000000e+00 3.998881506637863570e-02
1.810000000000000000e+02 1.000000000000000000e+00 9.992001274367260377e-01 0.000000000000000000e+00 3.998881506637844835e-02
1.820000000000000000e+02 1.000000000000000000e+00 9.992001274367294794e-01 0.000000000000000000e+00 3.998881506638015532e-02
1.830000000000000000e+02 1.000000000000000000e+00 9.992001274367248165e-01 0.000000000000000000e+00 3.998881506637758793e-02
1.840000000000000000e+02 1.000000000000000000e+00 9.992001274367074970e-01 0.000000000000000000e+00 3.998881506637726874e-02
1.850000000000000000e+02 1.000000000000000000e+00 9.992001274367280361e-01 0.000000000000000000e+00 3.998881506637916999e-02
1.860000000000000000e+02 1.000000000000000000e+00 9.992001274367255936e-01 0.000000000000000000e+00 3.998881506637829569e-02
1.870000000000000000e+02 1.000000000000000000e+00 9.992001274367173780e-01 0.000000000000000000e+00 3.998881506637787936e-02
1.880000000000000000e+02 1.000000000000000000e+00 9.992001274367272590e-01 0.000000000000000000e+00 3.998881506637813610e-02
1.890000000000000000e+02 1.000000000000000000e+00 9.992001274367264818e-01 0.000000000000000000e+00 3.998881506637869121e-02
1.900000000000000000e+02 1.000000000000000000e+00 9.992001274367278141e-01 0.000000000000000000e+00 3.998881506637915612e-02
1.910000000000000000e+02 1.000000000000000000e+00 9.992001274367290353e-01 0.000000000000000000e+00 3.998881506637951694e-02
1.920000000000000000e+02 1.000000000000000000e+00 9.992001274367231511e-01 0.000000000000000000e+00 3.998881506637828182e-02
1.930000000000000000e+02 1.000000000000000000e+00 9.992001274367273700e-01 0.000000000000000000e+00 3.998881506637882999e-02
1.940000000000000000e+02 1.000000000000000000e+00 9.992001274367240393e-01 0.000000000000000000e+00 3.998881506637821243e-02
1.950000000000000000e+02 1.000000000000000000e+00 9.992001274367185992e-01 0.000000000000000000e+00 3.998881506637806671e-02
1.960000000000000000e+02 1.000000000000000000e+00 9.992001274367227071e-01 0.000000000000000000e+00 3.998881506637849692e-02
1.970000000000000000e+02 1.000000000000000000e+00 9.992001274367201535e-01 0.000000000000000000e+00 3.998881506637789324e-02
1.980000000000000000e+02 1.000000000000000000e+00 9.992001274367291463e-01 0.000000000000000000e+00 3.998881506637913530e-02
1.990000000000000000e+02 1.000000000000000000e+00 9.992001274367151575e-01 0.000000000000000000e+00 3.998881506637801814e-02
2.000000000000000000e+02 1.000000000000000000e+00 9.992001274367225960e-01 0.000000000000000000e+00 3.998881506637789324e-02
2.010000000000000000e+02 1.000000000000000000e+00 9.992001274367273700e-01 0.000000000000000000e+00 3.998881506637953082e-02
2.020000000000000000e+02 1.000000000000000000e+00 9.992001274367249275e-01 0.000000000000000000e+00 3.998881506637842059e-02
2.030000000000000000e+02 1.000000000000000000e+00 9.992001274367264818e-01 0.000000000000000000e+00 3.998881506637887856e-02
2.040000000000000000e+02 1.000000000000000000e+00 9.992001274367272590e-01 0.000000000000000000e+00 3.998881506637806671e-02
2.050000000000000000e+02 1.000000000000000000e+00 9.992001274367240393e-01 0.000000000000000000e+00 3.998881506637815691e-02
2.060000000000000000e+02 1.000000000000000000e+00 9.992001274367273700e-01 0.000000000000000000e+00 3.998881506637964184e-02
2.070000000000000000e+02 1.000000000000000000e+00 9.992001274367271479e-01 0.000000000000000000e+00 3.998881506637984307e-02
2.080000000000000000e+02 1.000000000000000000e+00 9.992001274367284802e-01 0.000000000000000000e+00 3.998881506637892019e-02
2.090000000000000000e+02 1.000000000000000000e+00 9.992001274367258157e-01 0.000000000000000000e+00 3.998881506637791405e-02
2.100000000000000000e+02 1.000000000000000000e+00 9.992001274367284802e-01 0.000000000000000000e+00 3.998881506637916999e-02
2.110000000000000000e+02 1.000000000000000000e+00 9.992001274367275920e-01 0.000000000000000000e+00 3.998881506637829569e-02
2.120000000000000000e+02 1.000000000000000000e+00 9.992001274367267039e-01 0.000000000000000000e+00 3.998881506637903122e-02
2.130000000000000000e+02 1.000000000000000000e+00 9.992001274367211527e-01 0.000000000000000000e+00 3.998881506637790711e-02
2.140000000000000000e+02 1.000000000000000000e+00 9.992001274367223740e-01 0.000000000000000000e+00 3.998881506637846223e-02
2.150000000000000000e+02 1.000000000000000000e+00 9.992001274367156016e-01 0.000000000000000000e+00 3.998881506637803895e-02
2.160000000000000000e+02 1.000000000000000000e+00 9.992001274367290353e-01 0.000000000000000000e+00 3.998881506637809446e-02
2.170000000000000000e+02 1.000000000000000000e+00 9.992001274367221519e-01 0.000000000000000000e+00 3.998881506637800426e-02
2.180000000000000000e+02 1.000000000000000000e+00 9.992001274367171559e-01 0.000000000000000000e+00 3.998881506637761568e-02
2.190000000000000000e+02 1.000000000000000000e+00 9.992001274367202646e-01 0.000000000000000000e+00 3.998881506637812222e-02
2.200000000000000000e+02 1.000000000000000000e+00 9.992001274367280361e-01 0.000000000000000000e+00 3.998881506637816385e-02
2.210000000000000000e+02 1.000000000000000000e+00 9.992001274367253716e-01 0.000000000000000000e+00 3.998881506637858713e-02
2.220000000000000000e+02 1.000000000000000000e+00 9.992001274367201535e-01 0.000000000000000000e+00 3.998881506637821243e-02
2.230000000000000000e+02 1.000000000000000000e+00 9.992001274367264818e-01 0.000000000000000000e+00 3.998881506637774058e-02
2.240000000000000000e+02 1.000000000000000000e+00 9.992001274367282582e-01 0.000000000000000000e+00 3.998881506637973204e-02
2.250000000000000000e+02 1.000000000000000000e+00 9.992001274367278141e-01 0.000000000000000000e+00 3.998881506637883693e-02
2.260000000000000000e+02 1.000000000000000000e+00 9.992001274367278141e-01 0.000000000000000000e+00 3.998881506637917693e-02
2.270000000000000000e+02 1.000000000000000000e+00 9.992001274367265928e-01 0.000000000000000000e+00 3.998881506637821243e-02
2.280000000000000000e+02 1.000000000000000000e+00 9.992001274367194874e-01 0.000000000000000000e+00 3.998881506637841365e-02
2.290000000000000000e+02 1.000000000000000000e+00 9.992001274367141583e-01 0.000000000000000000e+00 3.998881506637755323e-02
2.300000000000000000e+02 1.000000000000000000e+00 9.992001274367081631e-01 0.000000000000000000e+00 3.998881506637747690e-02
2.310000000000000000e+02 1.000000000000000000e+00 9.992001274367199315e-01 0.000000000000000000e+00 3.998881506637836508e-02
2.320000000000000000e+02 1.000000000000000000e+00 9.992001274367242614e-01 0.000000000000000000e+00 3.998881506637847610e-02
2.330000000000000000e+02 1.000000000000000000e+00 9.992001274367267039e-01 0.000000000000000000e+00 3.998881506637796263e-02
2.340000000000000000e+02 1.000000000000000000e+00 9.992001274367247055e-01 0.000000000000000000e+00 3.998881506637828182e-02
2.350000000000000000e+02 1.000000000000000000e+00 9.992001274367237063e-01 0.000000000000000000e+00 3.998881506637860100e-02
2.360000000000000000e+02 1.000000000000000000e+00 9.992001274367114938e-01 0.000000000000000000e+00 3.998881506637767813e-02
2.370000000000000000e+02 1.000000000000000000e+00 9.992001274367278141e-01 0.000000000000000000e+00 3.998881506638019695e-02
2.380000000000000000e+02 1.000000000000000000e+00 9.992001274367223740e-01 0.000000000000000000e+00 3.998881506637843447e-02
2.390000000000000000e+02 1.000000000000000000e+00 9.992001274367198205e-01 0.000000000000000000e+00 3.998881506637822630e-02
2.400000000000000000e+02 1.000000000000000000e+00 9.992001274367228181e-01 0.000000000000000000e+00 3.998881506637805977e-02
2.410000000000000000e+02 1.000000000000000000e+00 9.992001274367166008e-01 0.000000000000000000e+00 3.998881506637787936e-02
2.420000000000000000e+02 1.000000000000000000e+00 9.992001274366929531e-01 0.000000000000000000e+00 3.998881506637674138e-02
2.430000000000000000e+02 1.000000000000000000e+00 9.992001274367128261e-01 0.000000000000000000e+00 3.998881506637792793e-02
2.440000000000000000e+02 1.000000000000000000e+00 9.992001274367270369e-01 0.000000000000000000e+00 3.998881506637893407e-02
2.450000000000000000e+02 1.000000000000000000e+00 9.992001274367254826e-01 0.000000000000000000e+00 3.998881506637892019e-02
2.460000000000000000e+02 1.000000000000000000e+00 9.992001274367224850e-01 0.000000000000000000e+00 3.998881506637795569e-02
2.470000000000000000e+02 1.000000000000000000e+00 9.992001274367264818e-01 0.000000000000000000e+00 3.998881506637826794e-02
2.480000000000000000e+02 1.000000000000000000e+00 9.992001274367189323e-01 0.000000000000000000e+00 3.998881506637782385e-02
2.490000000000000000e+02 1.000000000000000000e+00 9.992001274367261487e-01 0.000000000000000000e+00 3.998881506637816385e-02
2.500000000000000000e+02 1.000000000000000000e+00 9.992001274367202646e-01 0.000000000000000000e+00 3.998881506637803895e-02
2.510000000000000000e+02 1.000000000000000000e+00 9.992001274367232622e-01 0.000000000000000000e+00 3.998881506637776140e-02
2.520000000000000000e+02 1.000000000000000000e+00 9.992001274367205976e-01 0.000000000000000000e+00 3.998881506637785160e-02
2.530000000000000000e+02 1.000000000000000000e+00 9.992001274367271479e-01 0.000000000000000000e+00 3.998881506637921857e-02
2.540000000000000000e+02 1.000000000000000000e+00 9.992001274367249275e-01 0.000000000000000000e+00 3.998881506637813610e-02
2.550000000000000000e+02 1.000000000000000000e+00 9.992001274367272590e-01 0.000000000000000000e+00 3.998881506637904509e-02
2.560000000000000000e+02 1.000000000000000000e+00 9.992001274367194874e-01 0.000000000000000000e+00 3.998881506637812222e-02
2.570000000000000000e+02 1.000000000000000000e+00 9.992001274367209307e-01 0.000000000000000000e+00 3.998881506637848304e-02
2.580000000000000000e+02 1.000000000000000000e+00 9.992001274367269259e-01 0.000000000000000000e+00 3.998881506637859407e-02
2.590000000000000000e+02 1.000000000000000000e+00 9.992001274367180441e-01 0.000000000000000000e+00 3.998881506637806671e-02
2.600000000000000000e+02 1.000000000000000000e+00 9.992001274367263708e-01 0.000000000000000000e+00 3.998881506637748384e-02
2.610000000000000000e+02 1.000000000000000000e+00 9.992001274367184882e-01 0.000000000000000000e+00 3.998881506637803895e-02
2.620000000000000000e+02 1.000000000000000000e+00 9.992001274367260377e-01 0.000000000000000000e+00 3.998881506637871897e-02
2.630000000000000000e+02 1.000000000000000000e+00 9.992001274367244834e-01 0.000000000000000000e+00 3.998881506637843447e-02
2.640000000000000000e+02 1.000000000000000000e+00 9.992001274367244834e-01 0.000000000000000000e+00 3.998881506637873284e-02
2.650000000000000000e+02 1.000000000000000000e+00 9.992001274367255936e-01 0.000000000000000000e+00 3.998881506637785160e-02
2.660000000000000000e+02 1.000000000000000000e+00 9.992001274367244834e-01 0.000000000000000000e+00 3.998881506637826794e-02
2.670000000000000000e+02 1.000000000000000000e+00 9.992001274367271479e-01 0.000000000000000000e+00 3.998881506637928102e-02
2.680000000000000000e+02 1.000000000000000000e+00 9.992001274367275920e-01 0.000000000000000000e+00 3.998881506637921857e-02
2.690000000000000000e+02 1.000000000000000000e+00 9.992001274367253716e-01 0.000000000000000000e+00 3.998881506637873284e-02
2.700000000000000000e+02 1.000000000000000000e+00 9.992001274367171559e-01 0.000000000000000000e+00 3.998881506637777528e-02
2.710000000000000000e+02 1.000000000000000000e+00 9.992001274367269259e-01 0.000000000000000000e+00 3.998881506637856631e-02
2.720000000000000000e+02 1.000000000000000000e+00 9.992001274367203756e-01 0.000000000000000000e+00 3.998881506637782385e-02
2.730000000000000000e+02 1.000000000000000000e+00 9.992001274367289243e-01 0.000000000000000000e+00 3.998881506637909367e-02
2.740000000000000000e+02 1.000000000000000000e+00 9.992001274367249275e-01 0.000000000000000000e+00 3.998881506637799732e-02
2.750000000000000000e+02 1.000000000000000000e+00 9.992001274367262598e-01 0.000000000000000000e+00 3.998881506637813610e-02
2.760000000000000000e+02 1.000000000000000000e+00 9.992001274367242614e-01 0.000000000000000000e+00 3.998881506637795569e-02
2.770000000000000000e+02 1.000000000000000000e+00 9.992001274367219299e-01 0.000000000000000000e+00 3.998881506637821937e-02
2.780000000000000000e+02 1.000000000000000000e+00 9.992001274367214858e-01 0.000000000000000000e+00 3.998881506637762262e-02
2.790000000000000000e+02 1.000000000000000000e+00 9.992001274367245944e-01 0.000000000000000000e+00 3.998881506637828875e-02
2.800000000000000000e+02 1.000000000000000000e+00 9.992001274367274810e-01 0.000000000000000000e+00 3.998881506637968347e-02
2.810000000000000000e+02 1.000000000000000000e+00 9.992001274367247055e-01 0.000000000000000000e+00 3.998881506637821243e-02
2.820000000000000000e+02 1.000000000000000000e+00 9.992001274367278141e-01 0.000000000000000000e+00 3.998881506637860794e-02
2.830000000000000000e+02 1.000000000000000000e+00 9.992001274367141583e-01 0.000000000000000000e+00 3.998881506637760874e-02
2.840000000000000000e+02 1.000000000000000000e+00 9.992001274367279251e-01 0.000000000000000000e+00 3.998881506637867733e-02
2.850000000000000000e+02 1.000000000000000000e+00 9.992001274367152686e-01 0.000000000000000000e+00 3.998881506637775446e-02
2.860000000000000000e+02 1.000000000000000000e+00 9.992001274367225960e-01 0.000000000000000000e+00 3.998881506637812916e-02
2.870000000000000000e+02 1.000000000000000000e+00 9.992001274367237063e-01 0.000000000000000000e+00 3.998881506637769895e-02
2.880000000000000000e+02 1.000000000000000000e+00 9.992001274367230401e-01 0.000000000000000000e+00 3.998881506637803895e-02
2.890000000000000000e+02 1.000000000000000000e+00 9.992001274367153796e-01 0.000000000000000000e+00 3.998881506637768507e-02
2.900000000000000000e+02 1.000000000000000000e+00 9.992001274367217079e-01 0.000000000000000000e+00 3.998881506637796263e-02
2.910000000000000000e+02 1.000000000000000000e+00 9.992001274367240393e-01 0.000000000000000000e+00 3.998881506637805283e-02
2.920000000000000000e+02 1.000000000000000000e+00 9.992001274366976160e-01 0.000000000000000000e+00 3.998881506637681077e-02
2.930000000000000000e+02 1.000000000000000000e+00 9.992001274367224850e-01 0.000000000000000000e+00 3.998881506637813610e-02
2.940000000000000000e+02 1.000000000000000000e+00 9.992001274367264818e-01 0.000000000000000000e+00 3.998881506637854549e-02
2.950000000000000000e+02 1.000000000000000000e+00 9.992001274367262598e-01 0.000000000000000000e+00 3.998881506637844835e-02
2.960000000000000000e+02 1.000000000000000000e+00 9.992001274367221519e-01 0.000000000000000000e+00 3.998881506637856631e-02
2.970000000000000000e+02 1.000000000000000000e+00 9.992001274367217079e-01 0.000000000000000000e+00 3.998881506637801120e-02
2.980000000000000000e+02 1.000000000000000000e+00 9.992001274367282582e-01 0.000000000000000000e+00 3.998881506637892019e-02
2.990000000000000000e+02 1.000000000000000000e+00 9.992001274367217079e-01 0.000000000000000000e+00 3.998881506637806671e-02
3.000000000000000000e+02 1.000000000000000000e+00 9.992001274367243724e-01 0.000000000000000000e+00 3.998881506637836508e-02
3.010000000000000000e+02 1.000000000000000000e+00 9.992001274367124930e-01 0.000000000000000000e+00 3.998881506637783773e-02
3.020000000000000000e+02 1.000000000000000000e+00 9.992001274367269259e-01 0.000000000000000000e+00 3.998881506637808059e-02
3.030000000000000000e+02 1.000000000000000000e+00 9.992001274367247055e-01 0.000000000000000000e+00 3.998881506637794181e-02
3.040000000000000000e+02 1.000000000000000000e+00 9.992001274367187102e-01 0.000000000000000000e+00 3.998881506637816385e-02
3.050000000000000000e+02 1.000000000000000000e+00 9.992001274367225960e-01 0.000000000000000000e+00 3.998881506637828182e-02
3.060000000000000000e+02 1.000000000000000000e+00 9.992001274367208197e-01 0.000000000000000000e+00 3.998881506637819855e-02
3.070000000000000000e+02 1.000000000000000000e+00 9.992001274367249275e-01 0.000000000000000000e+00 3.998881506637845529e-02
3.080000000000000000e+02 1.000000000000000000e+00 9.992001274367197095e-01 0.000000000000000000e+00 3.998881506637819855e-02
3.090000000000000000e+02 1.000000000000000000e+00 9.992001274367199315e-01 0.000000000000000000e+00 3.998881506637842059e-02
3.100000000000000000e+02 1.000000000000000000e+00 9.992001274367275920e-01 0.000000000000000000e+00 3.998881506637954469e-02
3.110000000000000000e+02 1.000000000000000000e+00 9.992001274367059427e-01 0.000000000000000000e+00 3.998881506637734506e-02
3.120000000000000000e+02 1.000000000000000000e+00 9.992001274367242614e-01 0.000000000000000000e+00 3.998881506637801120e-02
3.130000000000000000e+02 1.000000000000000000e+00 9.992001274367205976e-01 0.000000000000000000e+00 3.998881506637806671e-02
3.140000000000000000e+02 1.000000000000000000e+00 9.992001274367245944e-01 0.000000000000000000e+00 3.998881506637833733e-02
3.150000000000000000e+02 1.000000000000000000e+00 9.992001274367287023e-01 0.000000000000000000e+00 3.998881506637908673e-02
3.160000000000000000e+02 1.000000000000000000e+00 9.992001274367237063e-01 0.000000000000000000e+00 3.998881506637812916e-02
3.170000000000000000e+02 1.000000000000000000e+00 9.992001274367263708e-01 0.000000000000000000e+00 3.998881506637808059e-02
3.180000000000000000e+02 1.000000000000000000e+00 9.992001274367268149e-01 0.000000000000000000e+00 3.998881506637786548e-02
3.190000000000000000e+02 1.000000000000000000e+00 9.992001274367166008e-01 0.000000000000000000e+00 3.998881506637775446e-02
3.200000000000000000e+02 1.000000000000000000e+00 9.992001274367242614e-01 0.000000000000000000e+00 3.998881506637787242e-02
3.210000000000000000e+02 1.000000000000000000e+00 9.992001274367204866e-01 0.000000000000000000e+00 3.998881506637788630e-02
3.220000000000000000e+02 1.000000000000000000e+00 9.992001274367267039e-01 0.000000000000000000e+00 3.998881506637866345e-02
3.230000000000000000e+02 1.000000000000000000e+00 9.992001274367253716e-01 0.000000000000000000e+00 3.998881506637770589e-02
3.240000000000000000e+02 1.000000000000000000e+00 9.992001274367184882e-01 0.000000000000000000e+00 3.998881506637846223e-02
3.250000000000000000e+02 1.000000000000000000e+00 9.992001274367230401e-01 0.000000000000000000e+00 3.998881506637836508e-02
3.260000000000000000e+02 1.000000000000000000e+00 9.992001274367234842e-01 0.000000000000000000e+00 3.998881506637792793e-02
3.270000000000000000e+02 1.000000000000000000e+00 9.992001274367219299e-01 0.000000000000000000e+00 3.998881506637794875e-02
3.280000000000000000e+02 1.000000000000000000e+00 9.992001274367284802e-01 0.000000000000000000e+00 3.998881506637982919e-02
3.290000000000000000e+02 1.000000000000000000e+00 9.992001274367199315e-01 0.000000000000000000e+00 3.998881506637780997e-02
3.300000000000000000e+02 1.000000000000000000e+00 9.992001274367239283e-01 0.000000000000000000e+00 3.998881506637812222e-02
3.310000000000000000e+02 1.000000000000000000e+00 9.992001274367284802e-01 0.000000000000000000e+00 3.998881506637840672e-02
3.320000000000000000e+02 1.000000000000000000e+00 9.992001274367247055e-01 0.000000000000000000e+00 3.998881506637810834e-02
3.330000000000000000e+02 1.000000000000000000e+00 9.992001274367202646e-01 0.000000000000000000e+00 3.998881506637785854e-02
3.340000000000000000e+02 1.000000000000000000e+00 9.992001274367138253e-01 0.000000000000000000e+00 3.998881506637794181e-02
3.350000000000000000e+02 1.000000000000000000e+00 9.992001274367203756e-01 0.000000000000000000e+00 3.998881506637815691e-02
3.360000000000000000e+02 1.000000000000000000e+00 9.992001274367214858e-01 0.000000000000000000e+00 3.998881506637751854e-02
3.370000000000000000e+02 1.000000000000000000e+00 9.992001274367190433e-01 0.000000000000000000e+00 3.998881506637819855e-02
3.380000000000000000e+02 1.000000000000000000e+00 9.992001274367260377e-01 0.000000000000000000e+00 3.998881506637812222e-02
3.390000000000000000e+02 1.000000000000000000e+00 9.992001274367199315e-01 0.000000000000000000e+00 3.998881506637809446e-02
3.400000000000000000e+02 1.000000000000000000e+00 9.992001274367240393e-01 0.000000000000000000e+00 3.998881506637810834e-02
3.410000000000000000e+02 1.000000000000000000e+00 9.992001274367223740e-01 0.000000000000000000e+00 3.998881506637792793e-02
3.420000000000000000e+02 1.000000000000000000e+00 9.992001274367234842e-01 0.000000000000000000e+00 3.998881506637846917e-02
3.430000000000000000e+02 1.000000000000000000e+00 9.992001274367056096e-01 0.000000000000000000e+00 3.998881506637745609e-02
3.440000000000000000e+02 1.000000000000000000e+00 9.992001274367190433e-01 0.000000000000000000e+00 3.998881506637786548e-02
3.450000000000000000e+02 1.000000000000000000e+00 9.992001274367244834e-01 0.000000000000000000e+00 3.998881506637839978e-02
3.460000000000000000e+02 1.000000000000000000e+00 9.992001274367201535e-01 0.000000000000000000e+00 3.998881506637800426e-02
3.470000000000000000e+02 1.000000000000000000e+00 9.992001274366779651e-01 0.000000000000000000e+00 3.998881506637624872e-02
3.480000000000000000e+02 1.000000000000000000e+00 9.992001274367238173e-01 0.000000000000000000e+00 3.998881506637786548e-02
3.490000000000000000e+02 1.000000000000000000e+00 9.992001274367262598e-01 0.000000000000000000e+00 3.998881506637830957e-02
3.500000000000000000e+02 1.000000000000000000e+00 9.992001274367234842e-01 0.000000000000000000e+00 3.998881506637783079e-02
3.510000000000000000e+02 1.000000000000000000e+00 9.992001274367264818e-01 0.000000000000000000e+00 3.998881506637768507e-02
3.520000000000000000e+02 1.000000000000000000e+00 9.992001274367260377e-01 0.000000000000000000e+00 3.998881506637800426e-02
3.530000000000000000e+02 1.000000000000000000e+00 9.992001274367147134e-01 0.000000000000000000e+00 3.998881506637809446e-02
3.540000000000000000e+02 1.000000000000000000e+00 9.992001274367147134e-01 0.000000000000000000e+00 3.998881506637774752e-02
3.550000000000000000e+02 1.000000000000000000e+00 9.992001274367262598e-01 0.000000000000000000e+00 3.998881506637783773e-02
3.560000000000000000e+02 1.000000000000000000e+00 9.992001274367271479e-01 0.000000000000000000e+00 3.998881506637887856e-02
3.570000000000000000e+02 1.000000000000000000e+00 9.992001274367237063e-01 0.000000000000000000e+00 3.998881506637819855e-02
3.580000000000000000e+02 1.000000000000000000e+00 9.992001274367258157e-01 0.000000000000000000e+00 3.998881506637857325e-02
3.590000000000000000e+02 1.000000000000000000e+00 9.992001274367076080e-01 0.000000000000000000e+00 3.998881506637734506e-02
3.600000000000000000e+02 1.000000000000000000e+00 9.992001274367232622e-01 0.000000000000000000e+00 3.998881506637791405e-02
3.610000000000000000e+02 1.000000000000000000e+00 9.992001274367264818e-01 0.000000000000000000e+00 3.998881506637809446e-02
3.620000000000000000e+02 1.000000000000000000e+00 9.992001274367242614e-01 0.000000000000000000e+00 3.998881506637810140e-02
3.630000000000000000e+02 1.000000000000000000e+00 9.992001274367271479e-01 0.000000000000000000e+00 3.998881506637862182e-02
3.640000000000000000e+02 1.000000000000000000e+00 9.992001274367245944e-01 0.000000000000000000e+00 3.998881506637800426e-02
3.650000000000000000e+02 1.000000000000000000e+00 9.992001274367237063e-01 0.000000000000000000e+00 3.998881506637853855e-02
3.660000000000000000e+02 1.000000000000000000e+00 9.992001274367279251e-01 0.000000000000000000e+00 3.998881506637846917e-02
3.670000000000000000e+02 1.000000000000000000e+00 9.992001274367294794e-01 0.000000000000000000e+00 3.998881506637869121e-02
3.680000000000000000e+02 1.000000000000000000e+00 9.992001274367208197e-01 0.000000000000000000e+00 3.998881506637836508e-02
3.690000000000000000e+02 1.000000000000000000e+00 9.992001274367252606e-01 0.000000000000000000e+00 3.998881506637856631e-02
3.700000000000000000e+02 1.000000000000000000e+00 9.992001274367238173e-01 0.000000000000000000e+00 3.998881506637814304e-02
3.710000000000000000e+02 1.000000000000000000e+00 9.992001274367228181e-01 0.000000000000000000e+00 3.998881506637809446e-02
3.720000000000000000e+02 1.000000000000000000e+00 9.992001274367262598e-01 0.000000000000000000e+00 3.998881506637849692e-02
3.730000000000000000e+02 1.000000000000000000e+00 9.992001274367264818e-01 0.000000000000000000e+00 3.998881506637808059e-02
3.740000000000000000e+02 1.000000000000000000e+00 9.992001274367250385e-01 0.000000000000000000e+00 3.998881506637873284e-02
3.750000000000000000e+02 1.000000000000000000e+00 9.992001274367247055e-01 0.000000000000000000e+00 3.998881506637823324e-02
3.760000000000000000e+02 1.000000000000000000e+00 9.992001274367262598e-01 0.000000000000000000e+00 3.998881506637854549e-02
3.770000000000000000e+02 1.000000000000000000e+00 9.992001274367103836e-01 0.000000000000000000e+00 3.998881506637758099e-02
3.780000000000000000e+02 1.000000000000000000e+00 9.992001274367158237e-01 0.000000000000000000e+00 3.998881506637815691e-02
3.790000000000000000e+02 1.000000000000000000e+00 9.992001274367128261e-01 0.000000000000000000e+00 3.998881506637756711e-02
3.800000000000000000e+02 1.000000000000000000e+00 9.992001274367227071e-01 0.000000000000000000e+00 3.998881506637814304e-02
3.810000000000000000e+02 1.000000000000000000e+00 9.992001274367177110e-01 0.000000000000000000e+00 3.998881506637814998e-02
3.820000000000000000e+02 1.000000000000000000e+00 9.992001274367228181e-01 0.000000000000000000e+00 3.998881506637812222e-02
3.830000000000000000e+02 1.000000000000000000e+00 9.992001274367251495e-01 0.000000000000000000e+00 3.998881506637816385e-02
3.840000000000000000e+02 1.000000000000000000e+00 9.992001274367122710e-01 0.000000000000000000e+00 3.998881506637776834e-02
3.850000000000000000e+02 1.000000000000000000e+00 9.992001274367168229e-01 0.000000000000000000e+00 3.998881506637775446e-02
3.860000000000000000e+02 1.000000000000000000e+00 9.992001274367272590e-01 0.000000000000000000e+00 3.998881506637880917e-02
3.870000000000000000e+02 1.000000000000000000e+00 9.992001274367198205e-01 0.000000000000000000e+00 3.998881506637801120e-02
3.880000000000000000e+02 1.000000000000000000e+00 9.992001274367278141e-01 0.000000000000000000e+00 3.998881506637855243e-02
3.890000000000000000e+02 1.000000000000000000e+00 9.992001274367278141e-01 0.000000000000000000e+00 3.998881506637825406e-02
3.900000000000000000e+02 1.000000000000000000e+00 9.992001274367273700e-01 0.000000000000000000e+00 3.998881506637828182e-02
3.910000000000000000e+02 1.000000000000000000e+00 9.992001274367167118e-01 0.000000000000000000e+00 3.998881506637799732e-02
3.920000000000000000e+02 1.000000000000000000e+00 9.992001274367205976e-01 0.000000000000000000e+00 3.998881506637749772e-02
3.930000000000000000e+02 1.000000000000000000e+00 9.992001274367283692e-01 0.000000000000000000e+00 3.998881506637848304e-02
3.940000000000000000e+02 1.000000000000000000e+00 9.992001274367242614e-01 0.000000000000000000e+00 3.998881506637790711e-02
3.950000000000000000e+02 1.000000000000000000e+00 9.992001274367177110e-01 0.000000000000000000e+00 3.998881506637837202e-02
3.960000000000000000e+02 1.000000000000000000e+00 9.992001274367205976e-01 0.000000000000000000e+00 3.998881506637798344e-02
3.970000000000000000e+02 1.000000000000000000e+00 9.992001274367239283e-01 0.000000000000000000e+00 3.998881506637795569e-02
3.980000000000000000e+02 1.000000000000000000e+00 9.992001274367195984e-01 0.000000000000000000e+00 3.998881506637780997e-02
3.990000000000000000e+02 1.000000000000000000e+00 9.992001274367260377e-01 0.000000000000000000e+00 3.998881506637821937e-02
4.000000000000000000e+02 1.000000000000000000e+00 9.992001274367191543e-01 0.000000000000000000e+00 3.998881506637762956e-02
4.010000000000000000e+02 1.000000000000000000e+00 9.992001274367275920e-01 0.000000000000000000e+00 3.998881506637840672e-02
4.020000000000000000e+02 1.000000000000000000e+00 9.992001274367264818e-01 0.000000000000000000e+00 3.998881506637837896e-02
4.030000000000000000e+02 1.000000000000000000e+00 9.992001274367235952e-01 0.000000000000000000e+00 3.998881506637791405e-02
4.040000000000000000e+02 1.000000000000000000e+00 9.992001274367182662e-01 0.000000000000000000e+00 3.998881506637809446e-02
4.050000000000000000e+02 1.000000000000000000e+00 9.992001274367221519e-01 0.000000000000000000e+00 3.998881506637790711e-02
4.060000000000000000e+02 1.000000000000000000e+00 9.992001274367199315e-01 0.000000000000000000e+00 3.998881506637787936e-02
4.070000000000000000e+02 1.000000000000000000e+00 9.992001274367207087e-01 0.000000000000000000e+00 3.998881506637844141e-02
4.080000000000000000e+02 1.000000000000000000e+00 9.992001274367257047e-01 0.000000000000000000e+00 3.998881506637823324e-02
4.090000000000000000e+02 1.000000000000000000e+00 9.992001274367219299e-01 0.000000000000000000e+00 3.998881506637801120e-02
4.100000000000000000e+02 1.000000000000000000e+00 9.992001274367210417e-01 0.000000000000000000e+00 3.998881506637822630e-02
4.110000000000000000e+02 1.000000000000000000e+00 9.992001274367242614e-01 0.000000000000000000e+00 3.998881506637813610e-02
4.120000000000000000e+02 1.000000000000000000e+00 9.992001274367235952e-01 0.000000000000000000e+00 3.998881506637805283e-02
4.130000000000000000e+02 1.000000000000000000e+00 9.992001274367223740e-01 0.000000000000000000e+00 3.998881506637798344e-02
4.140000000000000000e+02 1.000000000000000000e+00 9.992001274367043884e-01 0.000000000000000000e+00 3.998881506637715771e-02
4.150000000000000000e+02 1.000000000000000000e+00 9.992001274367162678e-01 0.000000000000000000e+00 3.998881506637819855e-02
4.160000000000000000e+02 1.000000000000000000e+00 9.992001274367270369e-01 0.000000000000000000e+00 3.998881506637853855e-02
4.170000000000000000e+02 1.000000000000000000e+00 9.992001274367234842e-01 0.000000000000000000e+00 3.998881506637837896e-02
4.180000000000000000e+02 1.000000000000000000e+00 9.992001274367284802e-01 0.000000000000000000e+00 3.998881506637809446e-02
4.190000000000000000e+02 1.000000000000000000e+00 9.992001274367070529e-01 0.000000000000000000e+00 3.998881506637748384e-02
4.200000000000000000e+02 1.000000000000000000e+00 9.992001274367010577e-01 0.000000000000000000e+00 3.998881506637688710e-02
4.210000000000000000e+02 1.000000000000000000e+00 9.992001274367211527e-01 0.000000000000000000e+00 3.998881506637816385e-02
4.220000000000000000e+02 1.000000000000000000e+00 9.992001274367244834e-01 0.000000000000000000e+00 3.998881506637832345e-02
4.230000000000000000e+02 1.000000000000000000e+00 9.992001274367245944e-01 0.000000000000000000e+00 3.998881506637776834e-02
4.240000000000000000e+02 1.000000000000000000e+00 9.992001274367223740e-01 0.000000000000000000e+00 3.998881506637759486e-02
4.250000000000000000e+02 1.000000000000000000e+00 9.992001274367260377e-01 0.000000000000000000e+00 3.998881506637867039e-02
4.260000000000000000e+02 1.000000000000000000e+00 9.992001274367120489e-01 0.000000000000000000e+00 3.998881506637761568e-02
4.270000000000000000e+02 1.000000000000000000e+00 9.992001274367208197e-01 0.000000000000000000e+00 3.998881506637780997e-02
4.280000000000000000e+02 1.000000000000000000e+00 9.992001274367242614e-01 0.000000000000000000e+00 3.998881506637825406e-02
4.290000000000000000e+02 1.000000000000000000e+00 9.992001274367221519e-01 0.000000000000000000e+00 3.998881506637789324e-02
4.300000000000000000e+02 1.000000000000000000e+00 9.992001274367247055e-01 0.000000000000000000e+00 3.998881506637903815e-02
4.310000000000000000e+02 1.000000000000000000e+00 9.992001274367234842e-01 0.000000000000000000e+00 3.998881506637836508e-02
4.320000000000000000e+02 1.000000000000000000e+00 9.992001274367258157e-01 0.000000000000000000e+00 3.998881506637814998e-02
4.330000000000000000e+02 1.000000000000000000e+00 9.992001274367251495e-01 0.000000000000000000e+00 3.998881506637866345e-02
4.340000000000000000e+02 1.000000000000000000e+00 9.992001274367183772e-01 0.000000000000000000e+00 3.998881506637825406e-02
4.350000000000000000e+02 1.000000000000000000e+00 9.992001274367140473e-01 0.000000000000000000e+00 3.998881506637768507e-02
4.360000000000000000e+02 1.000000000000000000e+00 9.992001274367255936e-01 0.000000000000000000e+00 3.998881506637833733e-02
4.370000000000000000e+02 1.000000000000000000e+00 9.992001274367267039e-01 0.000000000000000000e+00 3.998881506637842059e-02
4.380000000000000000e+02 1.000000000000000000e+00 9.992001274367235952e-01 0.000000000000000000e+00 3.998881506637821243e-02
4.390000000000000000e+02 1.000000000000000000e+00 9.992001274367227071e-01 0.000000000000000000e+00 3.998881506637761568e-02
4.400000000000000000e+02 1.000000000000000000e+00 9.992001274367208197e-01 0.000000000000000000e+00 3.998881506637782385e-02
4.410000000000000000e+02 1.000000000000000000e+00 9.992001274367195984e-01 0.000000000000000000e+00 3.998881506637790711e-02
4.420000000000000000e+02 1.000000000000000000e+00 9.992001274367191543e-01 0.000000000000000000e+00 3.998881506637801120e-02
4.430000000000000000e+02 1.000000000000000000e+00 9.992001274367178221e-01 0.000000000000000000e+00 3.998881506637782385e-02
4.440000000000000000e+02 1.000000000000000000e+00 9.992001274367161567e-01 0.000000000000000000e+00 3.998881506637792099e-02
4.450000000000000000e+02 1.000000000000000000e+00 9.992001274367249275e-01 0.000000000000000000e+00 3.998881506637832345e-02
4.460000000000000000e+02 1.000000000000000000e+00 9.992001274367160457e-01 0.000000000000000000e+00 3.998881506637765038e-02
4.470000000000000000e+02 1.000000000000000000e+00 9.992001274367164898e-01 0.000000000000000000e+00 3.998881506637779609e-02
4.480000000000000000e+02 1.000000000000000000e+00 9.992001274367205976e-01 0.000000000000000000e+00 3.998881506637791405e-02
4.490000000000000000e+02 1.000000000000000000e+00 9.992001274367229291e-01 0.000000000000000000e+00 3.998881506637832345e-02
4.500000000000000000e+02 1.000000000000000000e+00 9.992001274367225960e-01 0.000000000000000000e+00 3.998881506637800426e-02
4.510000000000000000e+02 1.000000000000000000e+00 9.992001274367239283e-01 0.000000000000000000e+00 3.998881506637823324e-02
4.520000000000000000e+02 1.000000000000000000e+00 9.992001274367261487e-01 0.000000000000000000e+00 3.998881506637866345e-02
4.530000000000000000e+02 1.000000000000000000e+00 9.992001274366805186e-01 0.000000000000000000e+00 3.998881506637642219e-02
4.540000000000000000e+02 1.000000000000000000e+00 9.992001274367127150e-01 0.000000000000000000e+00 3.998881506637699812e-02
4.550000000000000000e+02 1.000000000000000000e+00 9.992001274367205976e-01 0.000000000000000000e+00 3.998881506637794181e-02
4.560000000000000000e+02 1.000000000000000000e+00 9.992001274367179331e-01 0.000000000000000000e+00 3.998881506637797650e-02
4.570000000000000000e+02 1.000000000000000000e+00 9.992001274367287023e-01 0.000000000000000000e+00 3.998881506637845529e-02
4.580000000000000000e+02 1.000000000000000000e+00 9.992001274367283692e-01 0.000000000000000000e+00 3.998881506637923244e-02
4.590000000000000000e+02 1.000000000000000000e+00 9.992001274367162678e-01 0.000000000000000000e+00 3.998881506637789324e-02
4.600000000000000000e+02 1.000000000000000000e+00 9.992001274367265928e-01 0.000000000000000000e+00 3.998881506637810140e-02
4.610000000000000000e+02 1.000000000000000000e+00 9.992001274367214858e-01 0.000000000000000000e+00 3.998881506637801120e-02
4.620000000000000000e+02 1.000000000000000000e+00 9.992001274367064978e-01 0.000000000000000000e+00 3.998881506637756017e-02
4.630000000000000000e+02 1.000000000000000000e+00 9.992001274367249275e-01 0.000000000000000000e+00 3.998881506637835120e-02
4.640000000000000000e+02 1.000000000000000000e+00 9.992001274367219299e-01 0.000000000000000000e+00 3.998881506637801814e-02
4.650000000000000000e+02 1.000000000000000000e+00 9.992001274367248165e-01 0.000000000000000000e+00 3.998881506637842059e-02
4.660000000000000000e+02 1.000000000000000000e+00 9.992001274367223740e-01 0.000000000000000000e+00 3.998881506637837202e-02
4.670000000000000000e+02 1.000000000000000000e+00 9.992001274367189323e-01 0.000000000000000000e+00 3.998881506637794181e-02
4.680000000000000000e+02 1.000000000000000000e+00 9.992001274367163788e-01 0.000000000000000000e+00 3.998881506637817773e-02
4.690000000000000000e+02 1.000000000000000000e+00 9.992001274367284802e-01 0.000000000000000000e+00 3.998881506637808059e-02
4.700000000000000000e+02 1.000000000000000000e+00 9.992001274367203756e-01 0.000000000000000000e+00 3.998881506637851080e-02
4.710000000000000000e+02 1.000000000000000000e+00 9.992001274367225960e-01 0.000000000000000000e+00 3.998881506637796956e-02
4.720000000000000000e+02 1.000000000000000000e+00 9.992001274367251495e-01 0.000000000000000000e+00 3.998881506637884387e-02
4.730000000000000000e+02 1.000000000000000000e+00 9.992001274367180441e-01 0.000000000000000000e+00 3.998881506637782385e-02
4.740000000000000000e+02 1.000000000000000000e+00 9.992001274367224850e-01 0.000000000000000000e+00 3.998881506637803895e-02
4.750000000000000000e+02 1.000000000000000000e+00 9.992001274367228181e-01 0.000000000000000000e+00 3.998881506637819855e-02
4.760000000000000000e+02 1.000000000000000000e+00 9.992001274367225960e-01 0.000000000000000000e+00 3.998881506637833039e-02
4.770000000000000000e+02 1.000000000000000000e+00 9.992001274367184882e-01 0.000000000000000000e+00 3.998881506637805283e-02
4.780000000000000000e+02 1.000000000000000000e+00 9.992001274367278141e-01 0.000000000000000000e+00 3.998881506637887856e-02
4.790000000000000000e+02 1.000000000000000000e+00 9.992001274367180441e-01 0.000000000000000000e+00 3.998881506637771976e-02
4.800000000000000000e+02 1.000000000000000000e+00 9.992001274367250385e-01 0.000000000000000000e+00 3.998881506637831651e-02
4.810000000000000000e+02 1.000000000000000000e+00 9.992001274367182662e-01 0.000000000000000000e+00 3.998881506637794181e-02
4.820000000000000000e+02 1.000000000000000000e+00 9.992001274367150465e-01 0.000000000000000000e+00 3.998881506637744221e-02
4.830000000000000000e+02 1.000000000000000000e+00 9.992001274367231511e-01 0.000000000000000000e+00 3.998881506637814304e-02
4.840000000000000000e+02 1.000000000000000000e+00 9.992001274367260377e-01 0.000000000000000000e+00 3.998881506637872590e-02
4.850000000000000000e+02 1.000000000000000000e+00 9.992001274367263708e-01 0.000000000000000000e+00 3.998881506637815691e-02
4.860000000000000000e+02 1.000000000000000000e+00 9.992001274367273700e-01 0.000000000000000000e+00 3.998881506637864958e-02
4.870000000000000000e+02 1.000000000000000000e+00 9.992001274367229291e-01 0.000000000000000000e+00 3.998881506637813610e-02
4.880000000000000000e+02 1.000000000000000000e+00 9.992001274367182662e-01 0.000000000000000000e+00 3.998881506637819855e-02
4.890000000000000000e+02 1.000000000000000000e+00 9.992001274367197095e-01 0.000000000000000000e+00 3.998881506637814304e-02
4.900000000000000000e+02 1.000000000000000000e+00 9.992001274367242614e-01 0.000000000000000000e+00 3.998881506637838590e-02
4.910000000000000000e+02 1.000000000000000000e+00 9.992001274367235952e-01 0.000000000000000000e+00 3.998881506637862182e-02
4.920000000000000000e+02 1.000000000000000000e+00 9.992001274367260377e-01 0.000000000000000000e+00 3.998881506637858019e-02
4.930000000000000000e+02 1.000000000000000000e+00 9.992001274367198205e-01 0.000000000000000000e+00 3.998881506637818467e-02
4.940000000000000000e+02 1.000000000000000000e+00 9.992001274367178221e-01 0.000000000000000000e+00 3.998881506637793487e-02
4.950000000000000000e+02 1.000000000000000000e+00 9.992001274367036112e-01 0.000000000000000000e+00 3.998881506637712302e-02
4.960000000000000000e+02 1.000000000000000000e+00 9.992001274367228181e-01 0.000000000000000000e+00 3.998881506637780997e-02
4.970000000000000000e+02 1.000000000000000000e+00 9.992001274367160457e-01 0.000000000000000000e+00 3.998881506637763650e-02
4.980000000000000000e+02 1.000000000000000000e+00 9.992001274367128261e-01 0.000000000000000000e+00 3.998881506637773364e-02
4.990000000000000000e+02 1.000000000000000000e+00 9.992001274367201535e-01 0.000000000000000000e+00 3.998881506637817773e-02
