500 4
0.000000000000000000e+00 1.000000000000000000e+00 9.992001274367190433e-01 0.000000000000000000e+00 3.998881506637623484e-02
1.000000000000000000e+00 1.000000000000000000e+00 9.992001274367244834e-01 0.000000000000000000e+00 3.998881506637595035e-02
2.000000000000000000e+00 1.000000000000000000e+00 9.992001274367264818e-01 0.000000000000000000e+00 3.998881506637607525e-02
3.000000000000000000e+00 1.000000000000000000e+00 9.992001274367130481e-01 0.000000000000000000e+00 3.998881506637616545e-02
4.000000000000000000e+00 1.000000000000000000e+00 9.992001274367297015e-01 0.000000000000000000e+00 3.998881506637559646e-02
5.000000000000000000e+00 1.000000000000000000e+00 9.992001274367142694e-01 0.000000000000000000e+00 3.998881506637633199e-02
6.000000000000000000e+00 1.000000000000000000e+00 9.992001274367247055e-01 0.000000000000000000e+00 3.998881506637595035e-02
7.000000000000000000e+00 1.000000000000000000e+00 9.992001274367243724e-01 0.000000000000000000e+00 3.998881506637650546e-02
8.000000000000000000e+00 1.000000000000000000e+00 9.992001274367222630e-01 0.000000000000000000e+00 3.998881506637632505e-02
9.000000000000000000e+00 1.000000000000000000e+00 9.992001274367264818e-01 0.000000000000000000e+00 3.998881506637595035e-02
1.000000000000000000e+01 1.000000000000000000e+00 9.992001274367253716e-01 0.000000000000000000e+00 3.998881506637622096e-02
1.100000000000000000e+01 1.000000000000000000e+00 9.992001274367201535e-01 0.000000000000000000e+00 3.998881506637665811e-02
1.200000000000000000e+01 1.000000000000000000e+00 9.992001274367197095e-01 0.000000000000000000e+00 3.998881506637643607e-02
1.300000000000000000e+01 1.000000000000000000e+00 9.992001274367176000e-01 0.000000000000000000e+00 3.998881506637693567e-02
1.400000000000000000e+01 1.000000000000000000e+00 9.992001274367214858e-01 0.000000000000000000e+00 3.998881506637622096e-02
1.500000000000000000e+01 1.000000000000000000e+00 9.992001274367234842e-01 0.000000000000000000e+00 3.998881506637608912e-02
1.600000000000000000e+01 1.000000000000000000e+00 9.992001274367228181e-01 0.000000000000000000e+00 3.998881506637661648e-02
1.700000000000000000e+01 1.000000000000000000e+00 9.992001274367201535e-01 0.000000000000000000e+00 3.998881506637661648e-02
1.800000000000000000e+01 1.000000000000000000e+00 9.992001274367207087e-01 0.000000000000000000e+00 3.998881506637644301e-02
1.900000000000000000e+01 1.000000000000000000e+00 9.992001274366960617e-01 0.000000000000000000e+00 3.998881506637559646e-02
2.000000000000000000e+01 1.000000000000000000e+00 9.992001274367234842e-01 0.000000000000000000e+00 3.998881506637634586e-02
2.100000000000000000e+01 1.000000000000000000e+00 9.992001274367232622e-01 0.000000000000000000e+00 3.998881506637644995e-02
2.200000000000000000e+01 1.000000000000000000e+00 9.992001274367220409e-01 0.000000000000000000e+00 3.998881506637686628e-02
2.300000000000000000e+01 1.000000000000000000e+00 9.992001274367244834e-01 0.000000000000000000e+00 3.998881506637589484e-02
2.400000000000000000e+01 1.000000000000000000e+00 9.992001274367237063e-01 0.000000000000000000e+00 3.998881506637640137e-02
2.500000000000000000e+01 1.000000000000000000e+00 9.992001274367126040e-01 0.000000000000000000e+00 3.998881506637616545e-02
2.600000000000000000e+01 1.000000000000000000e+00 9.992001274367119379e-01 0.000000000000000000e+00 3.998881506637606137e-02
2.700000000000000000e+01 1.000000000000000000e+00 9.992001274367252606e-01 0.000000000000000000e+00 3.998881506637586708e-02
2.800000000000000000e+01 1.000000000000000000e+00 9.992001274367130481e-01 0.000000000000000000e+00 3.998881506637672750e-02
2.900000000000000000e+01 1.000000000000000000e+00 9.992001274367149355e-01 0.000000000000000000e+00 3.998881506637607525e-02
3.000000000000000000e+01 1.000000000000000000e+00 9.992001274367154906e-01 0.000000000000000000e+00 3.998881506637601280e-02
3.100000000000000000e+01 1.000000000000000000e+00 9.992001274367242614e-01 0.000000000000000000e+00 3.998881506637597116e-02
3.200000000000000000e+01 1.000000000000000000e+00 9.992001274367233732e-01 0.000000000000000000e+00 3.998881506637619321e-02
3.300000000000000000e+01 1.000000000000000000e+00 9.992001274367205976e-01 0.000000000000000000e+00 3.998881506637691485e-02
3.400000000000000000e+01 1.000000000000000000e+00 9.992001274367267039e-01 0.000000000000000000e+00 3.998881506637590871e-02
3.500000000000000000e+01 1.000000000000000000e+00 9.992001274367214858e-01 0.000000000000000000e+00 3.998881506637647770e-02
3.600000000000000000e+01 1.000000000000000000e+00 9.992001274367275920e-01 0.000000000000000000e+00 3.998881506637673444e-02
3.700000000000000000e+01 1.000000000000000000e+00 9.992001274367134922e-01 0.000000000000000000e+00 3.998881506637596422e-02
3.800000000000000000e+01 1.000000000000000000e+00 9.992001274367198205e-01 0.000000000000000000e+00 3.998881506637661648e-02
3.900000000000000000e+01 1.000000000000000000e+00 9.992001274367223740e-01 0.000000000000000000e+00 3.998881506637640137e-02
4.000000000000000000e+01 1.000000000000000000e+00 9.992001274367092734e-01 0.000000000000000000e+00 3.998881506637604749e-02
4.100000000000000000e+01 1.000000000000000000e+00 9.992001274366950625e-01 0.000000000000000000e+00 3.998881506637489563e-02
4.200000000000000000e+01 1.000000000000000000e+00 9.992001274367087182e-01 0.000000000000000000e+00 3.998881506637624872e-02
4.300000000000000000e+01 1.000000000000000000e+00 9.992001274367253716e-01 0.000000000000000000e+00 3.998881506637672056e-02
4.400000000000000000e+01 1.000000000000000000e+00 9.992001274367219299e-01 0.000000000000000000e+00 3.998881506637646382e-02
4.500000000000000000e+01 1.000000000000000000e+00 9.992001274367251495e-01 0.000000000000000000e+00 3.998881506637613076e-02
4.600000000000000000e+01 1.000000000000000000e+00 9.992001274367239283e-01 0.000000000000000000e+00 3.998881506637613076e-02
4.700000000000000000e+01 1.000000000000000000e+00 9.992001274367161567e-01 0.000000000000000000e+00 3.998881506637672750e-02
4.800000000000000000e+01 1.000000000000000000e+00 9.992001274367242614e-01 0.000000000000000000e+00 3.998881506637600586e-02
4.900000000000000000e+01 1.000000000000000000e+00 9.992001274367308117e-01 0.000000000000000000e+00 3.998881506637588790e-02
5.000000000000000000e+01 1.000000000000000000e+00 9.992001274367173780e-01 0.000000000000000000e+00 3.998881506637607525e-02
5.100000000000000000e+01 1.000000000000000000e+00 9.992001274367299235e-01 0.000000000000000000e+00 3.998881506637549932e-02
5.200000000000000000e+01 1.000000000000000000e+00 9.992001274367280361e-01 0.000000000000000000e+00 3.998881506637621402e-02
5.300000000000000000e+01 1.000000000000000000e+00 9.992001274367262598e-01 0.000000000000000000e+00 3.998881506637576300e-02
5.400000000000000000e+01 1.000000000000000000e+00 9.992001274367214858e-01 0.000000000000000000e+00 3.998881506637652627e-02
5.500000000000000000e+01 1.000000000000000000e+00 9.992001274367129371e-01 0.000000000000000000e+00 3.998881506637663730e-02
5.600000000000000000e+01 1.000000000000000000e+00 9.992001274367238173e-01 0.000000000000000000e+00 3.998881506637574912e-02
5.700000000000000000e+01 1.000000000000000000e+00 9.992001274367223740e-01 0.000000000000000000e+00 3.998881506637635280e-02
5.800000000000000000e+01 1.000000000000000000e+00 9.992001274367225960e-01 0.000000000000000000e+00 3.998881506637697036e-02
5.900000000000000000e+01 1.000000000000000000e+00 9.992001274367217079e-01 0.000000000000000000e+00 3.998881506637647770e-02
6.000000000000000000e+01 1.000000000000000000e+00 9.992001274367259267e-01 0.000000000000000000e+00 3.998881506637604749e-02
6.100000000000000000e+01 1.000000000000000000e+00 9.992001274367264818e-01 0.000000000000000000e+00 3.998881506637531197e-02
6.200000000000000000e+01 1.000000000000000000e+00 9.992001274367258157e-01 0.000000000000000000e+00 3.998881506637581851e-02
6.300000000000000000e+01 1.000000000000000000e+00 9.992001274367275920e-01 0.000000000000000000e+00 3.998881506637588790e-02
6.400000000000000000e+01 1.000000000000000000e+00 9.992001274367161567e-01 0.000000000000000000e+00 3.998881506637637362e-02
6.500000000000000000e+01 1.000000000000000000e+00 9.992001274367128261e-01 0.000000000000000000e+00 3.998881506637624872e-02
6.600000000000000000e+01 1.000000000000000000e+00 9.992001274367107166e-01 0.000000000000000000e+00 3.998881506637638056e-02
6.700000000000000000e+01 1.000000000000000000e+00 9.992001274367210417e-01 0.000000000000000000e+00 3.998881506637604749e-02
6.800000000000000000e+01 1.000000000000000000e+00 9.992001274367232622e-01 0.000000000000000000e+00 3.998881506637669975e-02
6.900000000000000000e+01 1.000000000000000000e+00 9.992001274367269259e-01 0.000000000000000000e+00 3.998881506637654709e-02
7.000000000000000000e+01 1.000000000000000000e+00 9.992001274367253716e-01 0.000000000000000000e+00 3.998881506637592259e-02
7.100000000000000000e+01 1.000000000000000000e+00 9.992001274367082742e-01 0.000000000000000000e+00 3.998881506637613770e-02
7.200000000000000000e+01 1.000000000000000000e+00 9.992001274367269259e-01 0.000000000000000000e+00 3.998881506637567279e-02
7.300000000000000000e+01 1.000000000000000000e+00 9.992001274367213748e-01 0.000000000000000000e+00 3.998881506637635974e-02
7.400000000000000000e+01 1.000000000000000000e+00 9.992001274367265928e-01 0.000000000000000000e+00 3.998881506637552014e-02
7.500000000000000000e+01 1.000000000000000000e+00 9.992001274367249275e-01 0.000000000000000000e+00 3.998881506637667199e-02
7.600000000000000000e+01 1.000000000000000000e+00 9.992001274367277031e-01 0.000000000000000000e+00 3.998881506637622790e-02
7.700000000000000000e+01 1.000000000000000000e+00 9.992001274367203756e-01 0.000000000000000000e+00 3.998881506637640137e-02
7.800000000000000000e+01 1.000000000000000000e+00 9.992001274367260377e-01 0.000000000000000000e+00 3.998881506637590871e-02
7.900000000000000000e+01 1.000000000000000000e+00 9.992001274367219299e-01 0.000000000000000000e+00 3.998881506637630423e-02
8.000000000000000000e+01 1.000000000000000000e+00 9.992001274367223740e-01 0.000000000000000000e+00 3.998881506637700506e-02
8.100000000000000000e+01 1.000000000000000000e+00 9.992001274367223740e-01 0.000000000000000000e+00 3.998881506637627647e-02
8.200000000000000000e+01 1.000000000000000000e+00 9.992001274367087182e-01 0.000000000000000000e+00 3.998881506637606137e-02
8.300000000000000000e+01 1.000000000000000000e+00 9.992001274366995034e-01 0.000000000000000000e+00 3.998881506637549238e-02
8.400000000000000000e+01 1.000000000000000000e+00 9.992001274367239283e-01 0.000000000000000000e+00 3.998881506637629035e-02
8.500000000000000000e+01 1.000000000000000000e+00 9.992001274367252606e-01 0.000000000000000000e+00 3.998881506637611688e-02
8.600000000000000000e+01 1.000000000000000000e+00 9.992001274367279251e-01 0.000000000000000000e+00 3.998881506637586708e-02
8.700000000000000000e+01 1.000000000000000000e+00 9.992001274367182662e-01 0.000000000000000000e+00 3.998881506637604749e-02
8.800000000000000000e+01 1.000000000000000000e+00 9.992001274367264818e-01 0.000000000000000000e+00 3.998881506637614464e-02
8.900000000000000000e+01 1.000000000000000000e+00 9.992001274367278141e-01 0.000000000000000000e+00 3.998881506637581157e-02
9.000000000000000000e+01 1.000000000000000000e+00 9.992001274367118269e-01 0.000000000000000000e+00 3.998881506637608912e-02
9.100000000000000000e+01 1.000000000000000000e+00 9.992001274367240393e-01 0.000000000000000000e+00 3.998881506637625566e-02
9.200000000000000000e+01 1.000000000000000000e+00 9.992001274367232622e-01 0.000000000000000000e+00 3.998881506637650546e-02
9.300000000000000000e+01 1.000000000000000000e+00 9.992001274367169339e-01 0.000000000000000000e+00 3.998881506637604749e-02
9.400000000000000000e+01 1.000000000000000000e+00 9.992001274367305896e-01 0.000000000000000000e+00 3.998881506637650546e-02
9.500000000000000000e+01 1.000000000000000000e+00 9.992001274367180441e-01 0.000000000000000000e+00 3.998881506637660954e-02
9.600000000000000000e+01 1.000000000000000000e+00 9.992001274367244834e-01 0.000000000000000000e+00 3.998881506637620709e-02
9.700000000000000000e+01 1.000000000000000000e+00 9.992001274367230401e-01 0.000000000000000000e+00 3.998881506637640137e-02
9.800000000000000000e+01 1.000000000000000000e+00 9.992001274367222630e-01 0.000000000000000000e+00 3.998881506637650546e-02
9.900000000000000000e+01 1.000000000000000000e+00 9.992001274367173780e-01 0.000000000000000000e+00 3.998881506637655403e-02
1.000000000000000000e+02 1.000000000000000000e+00 9.992001274367214858e-01 0.000000000000000000e+00 3.998881506637680383e-02
1.010000000000000000e+02 1.000000000000000000e+00 9.992001274367181551e-01 0.000000000000000000e+00 3.998881506637638056e-02
1.020000000000000000e+02 1.000000000000000000e+00 9.992001274367205976e-01 0.000000000000000000e+00 3.998881506637586708e-02
1.030000000000000000e+02 1.000000000000000000e+00 9.992001274367191543e-01 0.000000000000000000e+00 3.998881506637664424e-02
1.040000000000000000e+02 1.000000000000000000e+00 9.992001274367032781e-01 0.000000000000000000e+00 3.998881506637622096e-02
1.050000000000000000e+02 1.000000000000000000e+00 9.992001274367242614e-01 0.000000000000000000e+00 3.998881506637607525e-02
1.060000000000000000e+02 1.000000000000000000e+00 9.992001274367203756e-01 0.000000000000000000e+00 3.998881506637637362e-02
1.070000000000000000e+02 1.000000000000000000e+00 9.992001274367071639e-01 0.000000000000000000e+00 3.998881506637619321e-02
1.080000000000000000e+02 1.000000000000000000e+00 9.992001274367249275e-01 0.000000000000000000e+00 3.998881506637572136e-02
1.090000000000000000e+02 1.000000000000000000e+00 9.992001274367176000e-01 0.000000000000000000e+00 3.998881506637617933e-02
1.100000000000000000e+02 1.000000000000000000e+00 9.992001274367271479e-01 0.000000000000000000e+00 3.998881506637604055e-02
1.110000000000000000e+02 1.000000000000000000e+00 9.992001274367149355e-01 0.000000000000000000e+00 3.998881506637622790e-02
1.120000000000000000e+02 1.000000000000000000e+00 9.992001274367194874e-01 0.000000000000000000e+00 3.998881506637646382e-02
1.130000000000000000e+02 1.000000000000000000e+00 9.992001274367308117e-01 0.000000000000000000e+00 3.998881506637610300e-02
1.140000000000000000e+02 1.000000000000000000e+00 9.992001274367267039e-01 0.000000000000000000e+00 3.998881506637586708e-02
1.150000000000000000e+02 1.000000000000000000e+00 9.992001274367212638e-01 0.000000000000000000e+00 3.998881506637603361e-02
1.160000000000000000e+02 1.000000000000000000e+00 9.992001274367204866e-01 0.000000000000000000e+00 3.998881506637599198e-02
1.170000000000000000e+02 1.000000000000000000e+00 9.992001274367262598e-01 0.000000000000000000e+00 3.998881506637565197e-02
1.180000000000000000e+02 1.000000000000000000e+00 9.992001274367187102e-01 0.000000000000000000e+00 3.998881506637631811e-02
1.190000000000000000e+02 1.000000000000000000e+00 9.992001274367229291e-01 0.000000000000000000e+00 3.998881506637665811e-02
1.200000000000000000e+02 1.000000000000000000e+00 9.992001274367232622e-01 0.000000000000000000e+00 3.998881506637588096e-02
1.210000000000000000e+02 1.000000000000000000e+00 9.992001274367198205e-01 0.000000000000000000e+00 3.998881506637654709e-02
1.220000000000000000e+02 1.000000000000000000e+00 9.992001274367187102e-01 0.000000000000000000e+00 3.998881506637670669e-02
1.230000000000000000e+02 1.000000000000000000e+00 9.992001274367244834e-01 0.000000000000000000e+00 3.998881506637590871e-02
1.240000000000000000e+02 1.000000000000000000e+00 9.992001274367221519e-01 0.000000000000000000e+00 3.998881506637666505e-02
1.250000000000000000e+02 1.000000000000000000e+00 9.992001274367139363e-01 0.000000000000000000e+00 3.998881506637593647e-02
1.260000000000000000e+02 1.000000000000000000e+00 9.992001274367209307e-01 0.000000000000000000e+00 3.998881506637681077e-02
1.270000000000000000e+02 1.000000000000000000e+00 9.992001274367086072e-01 0.000000000000000000e+00 3.998881506637629729e-02
1.280000000000000000e+02 1.000000000000000000e+00 9.992001274367259267e-01 0.000000000000000000e+00 3.998881506637616545e-02
1.290000000000000000e+02 1.000000000000000000e+00 9.992001274367284802e-01 0.000000000000000000e+00 3.998881506637570749e-02
1.300000000000000000e+02 1.000000000000000000e+00 9.992001274367262598e-01 0.000000000000000000e+00 3.998881506637638750e-02
1.310000000000000000e+02 1.000000000000000000e+00 9.992001274367048325e-01 0.000000000000000000e+00 3.998881506637577687e-02
1.320000000000000000e+02 1.000000000000000000e+00 9.992001274367108277e-01 0.000000000000000000e+00 3.998881506637590871e-02
1.330000000000000000e+02 1.000000000000000000e+00 9.992001274367233732e-01 0.000000000000000000e+00 3.998881506637669975e-02
1.340000000000000000e+02 1.000000000000000000e+00 9.992001274367270369e-01 0.000000000000000000e+00 3.998881506637518013e-02
1.350000000000000000e+02 1.000000000000000000e+00 9.992001274367222630e-01 0.000000000000000000e+00 3.998881506637647770e-02
1.360000000000000000e+02 1.000000000000000000e+00 9.992001274367274810e-01 0.000000000000000000e+00 3.998881506637615851e-02
1.370000000000000000e+02 1.000000000000000000e+00 9.992001274367188213e-01 0.000000000000000000e+00 3.998881506637656097e-02
1.380000000000000000e+02 1.000000000000000000e+00 9.992001274367150465e-01 0.000000000000000000e+00 3.998881506637624872e-02
1.390000000000000000e+02 1.000000000000000000e+00 9.992001274367273700e-01 0.000000000000000000e+00 3.998881506637750466e-02
1.400000000000000000e+02 1.000000000000000000e+00 9.992001274367181551e-01 0.000000000000000000e+00 3.998881506637624872e-02
1.410000000000000000e+02 1.000000000000000000e+00 9.992001274367204866e-01 0.000000000000000000e+00 3.998881506637590871e-02
1.420000000000000000e+02 1.000000000000000000e+00 9.992001274367219299e-01 0.000000000000000000e+00 3.998881506637633199e-02
1.430000000000000000e+02 1.000000000000000000e+00 9.992001274367230401e-01 0.000000000000000000e+00 3.998881506637646382e-02
1.440000000000000000e+02 1.000000000000000000e+00 9.992001274367258157e-01 0.000000000000000000e+00 3.998881506637600586e-02
1.450000000000000000e+02 1.000000000000000000e+00 9.992001274367255936e-01 0.000000000000000000e+00 3.998881506637605443e-02
1.460000000000000000e+02 1.000000000000000000e+00 9.992001274367219299e-01 0.000000000000000000e+00 3.998881506637610300e-02
1.470000000000000000e+02 1.000000000000000000e+00 9.992001274367245944e-01 0.000000000000000000e+00 3.998881506637611688e-02
1.480000000000000000e+02 1.000000000000000000e+00 9.992001274367255936e-01 0.000000000000000000e+00 3.998881506637570749e-02
1.490000000000000000e+02 1.000000000000000000e+00 9.992001274367108277e-01 0.000000000000000000e+00 3.998881506637624872e-02
1.500000000000000000e+02 1.000000000000000000e+00 9.992001274367162678e-01 0.000000000000000000e+00 3.998881506637649158e-02
1.510000000000000000e+02 1.000000000000000000e+00 9.992001274367242614e-01 0.000000000000000000e+00 3.998881506637650546e-02
1.520000000000000000e+02 1.000000000000000000e+00 9.992001274367245944e-01 0.000000000000000000e+00 3.998881506637579075e-02
1.530000000000000000e+02 1.000000000000000000e+00 9.992001274367194874e-01 0.000000000000000000e+00 3.998881506637630423e-02
1.540000000000000000e+02 1.000000000000000000e+00 9.992001274367273700e-01 0.000000000000000000e+00 3.998881506637543687e-02
1.550000000000000000e+02 1.000000000000000000e+00 9.992001274367161567e-01 0.000000000000000000e+00 3.998881506637629035e-02
1.560000000000000000e+02 1.000000000000000000e+00 9.992001274367258157e-01 0.000000000000000000e+00 3.998881506637565197e-02
1.570000000000000000e+02 1.000000000000000000e+00 9.992001274367252606e-01 0.000000000000000000e+00 3.998881506637622096e-02
1.580000000000000000e+02 1.000000000000000000e+00 9.992001274367255936e-01 0.000000000000000000e+00 3.998881506637527034e-02
1.590000000000000000e+02 1.000000000000000000e+00 9.992001274367239283e-01 0.000000000000000000e+00 3.998881506637575606e-02
1.600000000000000000e+02 1.000000000000000000e+00 9.992001274367225960e-01 0.000000000000000000e+00 3.998881506637592953e-02
1.610000000000000000e+02 1.000000000000000000e+00 9.992001274367182662e-01 0.000000000000000000e+00 3.998881506637660260e-02
1.620000000000000000e+02 1.000000000000000000e+00 9.992001274367142694e-01 0.000000000000000000e+00 3.998881506637637362e-02
1.630000000000000000e+02 1.000000000000000000e+00 9.992001274367208197e-01 0.000000000000000000e+00 3.998881506637642219e-02
1.640000000000000000e+02 1.000000000000000000e+00 9.992001274367251495e-01 0.000000000000000000e+00 3.998881506637606137e-02
1.650000000000000000e+02 1.000000000000000000e+00 9.992001274367209307e-01 0.000000000000000000e+00 3.998881506637648464e-02
1.660000000000000000e+02 1.000000000000000000e+00 9.992001274367132702e-01 0.000000000000000000e+00 3.998881506637649158e-02
1.670000000000000000e+02 1.000000000000000000e+00 9.992001274367212638e-01 0.000000000000000000e+00 3.998881506637620709e-02
1.680000000000000000e+02 1.000000000000000000e+00 9.992001274367218189e-01 0.000000000000000000e+00 3.998881506637601280e-02
1.690000000000000000e+02 1.000000000000000000e+00 9.992001274367247055e-01 0.000000000000000000e+00 3.998881506637638750e-02
1.700000000000000000e+02 1.000000000000000000e+00 9.992001274367134922e-01 0.000000000000000000e+00 3.998881506637633199e-02
1.710000000000000000e+02 1.000000000000000000e+00 9.992001274367199315e-01 0.000000000000000000e+00 3.998881506637633892e-02
1.720000000000000000e+02 1.000000000000000000e+00 9.992001274367224850e-01 0.000000000000000000e+00 3.998881506637649158e-02
1.730000000000000000e+02 1.000000000000000000e+00 9.992001274367150465e-01 0.000000000000000000e+00 3.998881506637605443e-02
1.740000000000000000e+02 1.000000000000000000e+00 9.992001274367290353e-01 0.000000000000000000e+00 3.998881506637622096e-02
1.750000000000000000e+02 1.000000000000000000e+00 9.992001274367151575e-01 0.000000000000000000e+00 3.998881506637570055e-02
1.760000000000000000e+02 1.000000000000000000e+00 9.992001274367191543e-01 0.000000000000000000e+00 3.998881506637664424e-02
1.770000000000000000e+02 1.000000000000000000e+00 9.992001274367147134e-01 0.000000000000000000e+00 3.998881506637627647e-02
1.780000000000000000e+02 1.000000000000000000e+00 9.992001274367200425e-01 0.000000000000000000e+00 3.998881506637660954e-02
1.790000000000000000e+02 1.000000000000000000e+00 9.992001274367239283e-01 0.000000000000000000e+00 3.998881506637609606e-02
1.800000000000000000e+02 1.000000000000000000e+00 9.992001274367230401e-01 0.000000000000000000e+00 3.998881506637639444e-02
1.810000000000000000e+02 1.000000000000000000e+00 9.992001274367212638e-01 0.000000000000000000e+00 3.998881506637655403e-02
1.820000000000000000e+02 1.000000000000000000e+00 9.992001274367190433e-01 0.000000000000000000e+00 3.998881506637701894e-02
1.830000000000000000e+02 1.000000000000000000e+00 9.992001274367267039e-01 0.000000000000000000e+00 3.998881506637635280e-02
1.840000000000000000e+02 1.000000000000000000e+00 9.992001274367169339e-01 0.000000000000000000e+00 3.998881506637669975e-02
1.850000000000000000e+02 1.000000000000000000e+00 9.992001274367280361e-01 0.000000000000000000e+00 3.998881506637665811e-02
1.860000000000000000e+02 1.000000000000000000e+00 9.992001274367201535e-01 0.000000000000000000e+00 3.998881506637644995e-02
1.870000000000000000e+02 1.000000000000000000e+00 9.992001274367213748e-01 0.000000000000000000e+00 3.998881506637573524e-02
1.880000000000000000e+02 1.000000000000000000e+00 9.992001274367239283e-01 0.000000000000000000e+00 3.998881506637629035e-02
1.890000000000000000e+02 1.000000000000000000e+00 9.992001274367199315e-01 0.000000000000000000e+00 3.998881506637617239e-02
1.900000000000000000e+02 1.000000000000000000e+00 9.992001274367255936e-01 0.000000000000000000e+00 3.998881506637583239e-02
1.910000000000000000e+02 1.000000000000000000e+00 9.992001274367130481e-01 0.000000000000000000e+00 3.998881506637606137e-02
1.920000000000000000e+02 1.000000000000000000e+00 9.992001274367167118e-01 0.000000000000000000e+00 3.998881506637611688e-02
1.930000000000000000e+02 1.000000000000000000e+00 9.992001274367178221e-01 0.000000000000000000e+00 3.998881506637661648e-02
1.940000000000000000e+02 1.000000000000000000e+00 9.992001274367260377e-01 0.000000000000000000e+00 3.998881506637550626e-02
1.950000000000000000e+02 1.000000000000000000e+00 9.992001274367219299e-01 0.000000000000000000e+00 3.998881506637609606e-02
1.960000000000000000e+02 1.000000000000000000e+00 9.992001274367151575e-01 0.000000000000000000e+00 3.998881506637583932e-02
1.970000000000000000e+02 1.000000000000000000e+00 9.992001274367232622e-01 0.000000000000000000e+00 3.998881506637627647e-02
1.980000000000000000e+02 1.000000000000000000e+00 9.992001274367170449e-01 0.000000000000000000e+00 3.998881506637651934e-02
1.990000000000000000e+02 1.000000000000000000e+00 9.992001274367160457e-01 0.000000000000000000e+00 3.998881506637606137e-02
2.000000000000000000e+02 1.000000000000000000e+00 9.992001274367167118e-01 0.000000000000000000e+00 3.998881506637624872e-02
2.010000000000000000e+02 1.000000000000000000e+00 9.992001274367262598e-01 0.000000000000000000e+00 3.998881506637617933e-02
2.020000000000000000e+02 1.000000000000000000e+00 9.992001274367247055e-01 0.000000000000000000e+00 3.998881506637621402e-02
2.030000000000000000e+02 1.000000000000000000e+00 9.992001274367113828e-01 0.000000000000000000e+00 3.998881506637565197e-02
2.040000000000000000e+02 1.000000000000000000e+00 9.992001274367252606e-01 0.000000000000000000e+00 3.998881506637622096e-02
2.050000000000000000e+02 1.000000000000000000e+00 9.992001274367199315e-01 0.000000000000000000e+00 3.998881506637620709e-02
2.060000000000000000e+02 1.000000000000000000e+00 9.992001274367231511e-01 0.000000000000000000e+00 3.998881506637596422e-02
2.070000000000000000e+02 1.000000000000000000e+00 9.992001274367153796e-01 0.000000000000000000e+00 3.998881506637619321e-02
2.080000000000000000e+02 1.000000000000000000e+00 9.992001274367235952e-01 0.000000000000000000e+00 3.998881506637581851e-02
2.090000000000000000e+02 1.000000000000000000e+00 9.992001274367237063e-01 0.000000000000000000e+00 3.998881506637607525e-02
2.100000000000000000e+02 1.000000000000000000e+00 9.992001274367098285e-01 0.000000000000000000e+00 3.998881506637613770e-02
2.110000000000000000e+02 1.000000000000000000e+00 9.992001274367201535e-01 0.000000000000000000e+00 3.998881506637629729e-02
2.120000000000000000e+02 1.000000000000000000e+00 9.992001274367219299e-01 0.000000000000000000e+00 3.998881506637567279e-02
2.130000000000000000e+02 1.000000000000000000e+00 9.992001274367244834e-01 0.000000000000000000e+00 3.998881506637580463e-02
2.140000000000000000e+02 1.000000000000000000e+00 9.992001274367232622e-01 0.000000000000000000e+00 3.998881506637647770e-02
2.150000000000000000e+02 1.000000000000000000e+00 9.992001274367239283e-01 0.000000000000000000e+00 3.998881506637608912e-02
2.160000000000000000e+02 1.000000000000000000e+00 9.992001274367279251e-01 0.000000000000000000e+00 3.998881506637657485e-02
2.170000000000000000e+02 1.000000000000000000e+00 9.992001274367112718e-01 0.000000000000000000e+00 3.998881506637588096e-02
2.180000000000000000e+02 1.000000000000000000e+00 9.992001274367137142e-01 0.000000000000000000e+00 3.998881506637595035e-02
2.190000000000000000e+02 1.000000000000000000e+00 9.992001274367264818e-01 0.000000000000000000e+00 3.998881506637590871e-02
2.200000000000000000e+02 1.000000000000000000e+00 9.992001274367231511e-01 0.000000000000000000e+00 3.998881506637597810e-02
2.210000000000000000e+02 1.000000000000000000e+00 9.992001274367134922e-01 0.000000000000000000e+00 3.998881506637610300e-02
2.220000000000000000e+02 1.000000000000000000e+00 9.992001274367130481e-01 0.000000000000000000e+00 3.998881506637606137e-02
2.230000000000000000e+02 1.000000000000000000e+00 9.992001274367209307e-01 0.000000000000000000e+00 3.998881506637622096e-02
2.240000000000000000e+02 1.000000000000000000e+00 9.992001274367260377e-01 0.000000000000000000e+00 3.998881506637634586e-02
2.250000000000000000e+02 1.000000000000000000e+00 9.992001274367223740e-01 0.000000000000000000e+00 3.998881506637620015e-02
2.260000000000000000e+02 1.000000000000000000e+00 9.992001274367247055e-01 0.000000000000000000e+00 3.998881506637572136e-02
2.270000000000000000e+02 1.000000000000000000e+00 9.992001274367178221e-01 0.000000000000000000e+00 3.998881506637654709e-02
2.280000000000000000e+02 1.000000000000000000e+00 9.992001274367197095e-01 0.000000000000000000e+00 3.998881506637593647e-02
2.290000000000000000e+02 1.000000000000000000e+00 9.992001274367283692e-01 0.000000000000000000e+00 3.998881506637663036e-02
2.300000000000000000e+02 1.000000000000000000e+00 9.992001274367239283e-01 0.000000000000000000e+00 3.998881506637577687e-02
2.310000000000000000e+02 1.000000000000000000e+00 9.992001274367180441e-01 0.000000000000000000e+00 3.998881506637636668e-02
2.320000000000000000e+02 1.000000000000000000e+00 9.992001274367273700e-01 0.000000000000000000e+00 3.998881506637588096e-02
2.330000000000000000e+02 1.000000000000000000e+00 9.992001274367233732e-01 0.000000000000000000e+00 3.998881506637616545e-02
2.340000000000000000e+02 1.000000000000000000e+00 9.992001274367188213e-01 0.000000000000000000e+00 3.998881506637633892e-02
2.350000000000000000e+02 1.000000000000000000e+00 9.992001274367195984e-01 0.000000000000000000e+00 3.998881506637653321e-02
2.360000000000000000e+02 1.000000000000000000e+00 9.992001274367255936e-01 0.000000000000000000e+00 3.998881506637589484e-02
2.370000000000000000e+02 1.000000000000000000e+00 9.992001274367277031e-01 0.000000000000000000e+00 3.998881506637658872e-02
2.380000000000000000e+02 1.000000000000000000e+00 9.992001274367183772e-01 0.000000000000000000e+00 3.998881506637604749e-02
2.390000000000000000e+02 1.000000000000000000e+00 9.992001274367262598e-01 0.000000000000000000e+00 3.998881506637572830e-02
2.400000000000000000e+02 1.000000000000000000e+00 9.992001274367205976e-01 0.000000000000000000e+00 3.998881506637623484e-02
2.410000000000000000e+02 1.000000000000000000e+00 9.992001274367197095e-01 0.000000000000000000e+00 3.998881506637576300e-02
2.420000000000000000e+02 1.000000000000000000e+00 9.992001274367242614e-01 0.000000000000000000e+00 3.998881506637636668e-02
2.430000000000000000e+02 1.000000000000000000e+00 9.992001274367220409e-01 0.000000000000000000e+00 3.998881506637623484e-02
2.440000000000000000e+02 1.000000000000000000e+00 9.992001274366869579e-01 0.000000000000000000e+00 3.998881506637426420e-02
2.450000000000000000e+02 1.000000000000000000e+00 9.992001274367242614e-01 0.000000000000000000e+00 3.998881506637600586e-02
2.460000000000000000e+02 1.000000000000000000e+00 9.992001274367247055e-01 0.000000000000000000e+00 3.998881506637647076e-02
2.470000000000000000e+02 1.000000000000000000e+00 9.992001274367138253e-01 0.000000000000000000e+00 3.998881506637606137e-02
2.480000000000000000e+02 1.000000000000000000e+00 9.992001274367249275e-01 0.000000000000000000e+00 3.998881506637619321e-02
2.490000000000000000e+02 1.000000000000000000e+00 9.992001274367258157e-01 0.000000000000000000e+00 3.998881506637585320e-02
2.500000000000000000e+02 1.000000000000000000e+00 9.992001274367207087e-01 0.000000000000000000e+00 3.998881506637616545e-02
2.510000000000000000e+02 1.000000000000000000e+00 9.992001274367297015e-01 0.000000000000000000e+00 3.998881506637662342e-02
2.520000000000000000e+02 1.000000000000000000e+00 9.992001274367168229e-01 0.000000000000000000e+00 3.998881506637615851e-02
2.530000000000000000e+02 1.000000000000000000e+00 9.992001274367237063e-01 0.000000000000000000e+00 3.998881506637622096e-02
2.540000000000000000e+02 1.000000000000000000e+00 9.992001274367214858e-01 0.000000000000000000e+00 3.998881506637672056e-02
2.550000000000000000e+02 1.000000000000000000e+00 9.992001274367164898e-01 0.000000000000000000e+00 3.998881506637637362e-02
2.560000000000000000e+02 1.000000000000000000e+00 9.992001274367230401e-01 0.000000000000000000e+00 3.998881506637600586e-02
2.570000000000000000e+02 1.000000000000000000e+00 9.992001274367274810e-01 0.000000000000000000e+00 3.998881506637649158e-02
2.580000000000000000e+02 1.000000000000000000e+00 9.992001274367244834e-01 0.000000000000000000e+00 3.998881506637638750e-02
2.590000000000000000e+02 1.000000000000000000e+00 9.992001274367242614e-01 0.000000000000000000e+00 3.998881506637660260e-02
2.600000000000000000e+02 1.000000000000000000e+00 9.992001274367128261e-01 0.000000000000000000e+00 3.998881506637601280e-02
2.610000000000000000e+02 1.000000000000000000e+00 9.992001274367281471e-01 0.000000000000000000e+00 3.998881506637640137e-02
2.620000000000000000e+02 1.000000000000000000e+00 9.992001274367176000e-01 0.000000000000000000e+00 3.998881506637622096e-02
2.630000000000000000e+02 1.000000000000000000e+00 9.992001274367269259e-01 0.000000000000000000e+00 3.998881506637607525e-02
2.640000000000000000e+02 1.000000000000000000e+00 9.992001274367195984e-01 0.000000000000000000e+00 3.998881506637580463e-02
2.650000000000000000e+02 1.000000000000000000e+00 9.992001274367232622e-01 0.000000000000000000e+00 3.998881506637604749e-02
2.660000000000000000e+02 1.000000000000000000e+00 9.992001274367121599e-01 0.000000000000000000e+00 3.998881506637615851e-02
2.670000000000000000e+02 1.000000000000000000e+00 9.992001274367229291e-01 0.000000000000000000e+00 3.998881506637615157e-02
2.680000000000000000e+02 1.000000000000000000e+00 9.992001274367160457e-01 0.000000000000000000e+00 3.998881506637660954e-02
2.690000000000000000e+02 1.000000000000000000e+00 9.992001274367238173e-01 0.000000000000000000e+00 3.998881506637579075e-02
2.700000000000000000e+02 1.000000000000000000e+00 9.992001274367260377e-01 0.000000000000000000e+00 3.998881506637518013e-02
2.710000000000000000e+02 1.000000000000000000e+00 9.992001274367224850e-01 0.000000000000000000e+00 3.998881506637627647e-02
2.720000000000000000e+02 1.000000000000000000e+00 9.992001274366816288e-01 0.000000000000000000e+00 3.998881506637471522e-02
2.730000000000000000e+02 1.000000000000000000e+00 9.992001274367239283e-01 0.000000000000000000e+00 3.998881506637569361e-02
2.740000000000000000e+02 1.000000000000000000e+00 9.992001274367260377e-01 0.000000000000000000e+00 3.998881506637579075e-02
2.750000000000000000e+02 1.000000000000000000e+00 9.992001274367232622e-01 0.000000000000000000e+00 3.998881506637567279e-02
2.760000000000000000e+02 1.000000000000000000e+00 9.992001274367254826e-01 0.000000000000000000e+00 3.998881506637620709e-02
2.770000000000000000e+02 1.000000000000000000e+00 9.992001274367204866e-01 0.000000000000000000e+00 3.998881506637624872e-02
2.780000000000000000e+02 1.000000000000000000e+00 9.992001274367210417e-01 0.000000000000000000e+00 3.998881506637630423e-02
2.790000000000000000e+02 1.000000000000000000e+00 9.992001274367197095e-01 0.000000000000000000e+00 3.998881506637651934e-02
2.800000000000000000e+02 1.000000000000000000e+00 9.992001274367187102e-01 0.000000000000000000e+00 3.998881506637606137e-02
2.810000000000000000e+02 1.000000000000000000e+00 9.992001274367168229e-01 0.000000000000000000e+00 3.998881506637630423e-02
2.820000000000000000e+02 1.000000000000000000e+00 9.992001274367230401e-01 0.000000000000000000e+00 3.998881506637596422e-02
2.830000000000000000e+02 1.000000000000000000e+00 9.992001274367244834e-01 0.000000000000000000e+00 3.998881506637603361e-02
2.840000000000000000e+02 1.000000000000000000e+00 9.992001274367093844e-01 0.000000000000000000e+00 3.998881506637588096e-02
2.850000000000000000e+02 1.000000000000000000e+00 9.992001274367245944e-01 0.000000000000000000e+00 3.998881506637608912e-02
2.860000000000000000e+02 1.000000000000000000e+00 9.992001274367239283e-01 0.000000000000000000e+00 3.998881506637606137e-02
2.870000000000000000e+02 1.000000000000000000e+00 9.992001274367178221e-01 0.000000000000000000e+00 3.998881506637588096e-02
2.880000000000000000e+02 1.000000000000000000e+00 9.992001274367230401e-01 0.000000000000000000e+00 3.998881506637619321e-02
2.890000000000000000e+02 1.000000000000000000e+00 9.992001274367280361e-01 0.000000000000000000e+00 3.998881506637710220e-02
2.900000000000000000e+02 1.000000000000000000e+00 9.992001274367151575e-01 0.000000000000000000e+00 3.998881506637606831e-02
2.910000000000000000e+02 1.000000000000000000e+00 9.992001274367242614e-01 0.000000000000000000e+00 3.998881506637597810e-02
2.920000000000000000e+02 1.000000000000000000e+00 9.992001274367164898e-01 0.000000000000000000e+00 3.998881506637638750e-02
2.930000000000000000e+02 1.000000000000000000e+00 9.992001274367221519e-01 0.000000000000000000e+00 3.998881506637601974e-02
2.940000000000000000e+02 1.000000000000000000e+00 9.992001274367162678e-01 0.000000000000000000e+00 3.998881506637585320e-02
2.950000000000000000e+02 1.000000000000000000e+00 9.992001274367217079e-01 0.000000000000000000e+00 3.998881506637607525e-02
2.960000000000000000e+02 1.000000000000000000e+00 9.992001274367120489e-01 0.000000000000000000e+00 3.998881506637614464e-02
2.970000000000000000e+02 1.000000000000000000e+00 9.992001274367134922e-01 0.000000000000000000e+00 3.998881506637597810e-02
2.980000000000000000e+02 1.000000000000000000e+00 9.992001274367255936e-01 0.000000000000000000e+00 3.998881506637662342e-02
2.990000000000000000e+02 1.000000000000000000e+00 9.992001274367259267e-01 0.000000000000000000e+00 3.998881506637677608e-02
3.000000000000000000e+02 1.000000000000000000e+00 9.992001274367244834e-01 0.000000000000000000e+00 3.998881506637563810e-02
3.010000000000000000e+02 1.000000000000000000e+00 9.992001274367235952e-01 0.000000000000000000e+00 3.998881506637576300e-02
3.020000000000000000e+02 1.000000000000000000e+00 9.992001274367163788e-01 0.000000000000000000e+00 3.998881506637635974e-02
3.030000000000000000e+02 1.000000000000000000e+00 9.992001274367162678e-01 0.000000000000000000e+00 3.998881506637574912e-02
3.040000000000000000e+02 1.000000000000000000e+00 9.992001274367224850e-01 0.000000000000000000e+00 3.998881506637621402e-02
3.050000000000000000e+02 1.000000000000000000e+00 9.992001274366227870e-01 0.000000000000000000e+00 3.998881506637265437e-02
3.060000000000000000e+02 1.000000000000000000e+00 9.992001274367253716e-01 0.000000000000000000e+00 3.998881506637626260e-02
3.070000000000000000e+02 1.000000000000000000e+00 9.992001274367230401e-01 0.000000000000000000e+00 3.998881506637588096e-02
3.080000000000000000e+02 1.000000000000000000e+00 9.992001274367154906e-01 0.000000000000000000e+00 3.998881506637579769e-02
3.090000000000000000e+02 1.000000000000000000e+00 9.992001274367254826e-01 0.000000000000000000e+00 3.998881506637566585e-02
3.100000000000000000e+02 1.000000000000000000e+00 9.992001274367265928e-01 0.000000000000000000e+00 3.998881506637628341e-02
3.110000000000000000e+02 1.000000000000000000e+00 9.992001274367223740e-01 0.000000000000000000e+00 3.998881506637620709e-02
3.120000000000000000e+02 1.000000000000000000e+00 9.992001274367171559e-01 0.000000000000000000e+00 3.998881506637600586e-02
3.130000000000000000e+02 1.000000000000000000e+00 9.992001274367228181e-01 0.000000000000000000e+00 3.998881506637614464e-02
3.140000000000000000e+02 1.000000000000000000e+00 9.992001274367251495e-01 0.000000000000000000e+00 3.998881506637633199e-02
3.150000000000000000e+02 1.000000000000000000e+00 9.992001274367210417e-01 0.000000000000000000e+00 3.998881506637615157e-02
3.160000000000000000e+02 1.000000000000000000e+00 9.992001274367173780e-01 0.000000000000000000e+00 3.998881506637593647e-02
3.170000000000000000e+02 1.000000000000000000e+00 9.992001274367231511e-01 0.000000000000000000e+00 3.998881506637604749e-02
3.180000000000000000e+02 1.000000000000000000e+00 9.992001274367184882e-01 0.000000000000000000e+00 3.998881506637613770e-02
3.190000000000000000e+02 1.000000000000000000e+00 9.992001274367180441e-01 0.000000000000000000e+00 3.998881506637583932e-02
3.200000000000000000e+02 1.000000000000000000e+00 9.992001274367201535e-01 0.000000000000000000e+00 3.998881506637608912e-02
3.210000000000000000e+02 1.000000000000000000e+00 9.992001274367143804e-01 0.000000000000000000e+00 3.998881506637610300e-02
3.220000000000000000e+02 1.000000000000000000e+00 9.992001274367222630e-01 0.000000000000000000e+00 3.998881506637619321e-02
3.230000000000000000e+02 1.000000000000000000e+00 9.992001274367269259e-01 0.000000000000000000e+00 3.998881506637616545e-02
3.240000000000000000e+02 1.000000000000000000e+00 9.992001274367137142e-01 0.000000000000000000e+00 3.998881506637571442e-02
3.250000000000000000e+02 1.000000000000000000e+00 9.992001274367262598e-01 0.000000000000000000e+00 3.998881506637656097e-02
3.260000000000000000e+02 1.000000000000000000e+00 9.992001274367197095e-01 0.000000000000000000e+00 3.998881506637593647e-02
3.270000000000000000e+02 1.000000000000000000e+00 9.992001274367223740e-01 0.000000000000000000e+00 3.998881506637608912e-02
3.280000000000000000e+02 1.000000000000000000e+00 9.992001274367208197e-01 0.000000000000000000e+00 3.998881506637601974e-02
3.290000000000000000e+02 1.000000000000000000e+00 9.992001274367255936e-01 0.000000000000000000e+00 3.998881506637588096e-02
3.300000000000000000e+02 1.000000000000000000e+00 9.992001274367117158e-01 0.000000000000000000e+00 3.998881506637574912e-02
3.310000000000000000e+02 1.000000000000000000e+00 9.992001274367183772e-01 0.000000000000000000e+00 3.998881506637615157e-02
3.320000000000000000e+02 1.000000000000000000e+00 9.992001274367143804e-01 0.000000000000000000e+00 3.998881506637566585e-02
3.330000000000000000e+02 1.000000000000000000e+00 9.992001274367260377e-01 0.000000000000000000e+00 3.998881506637604749e-02
3.340000000000000000e+02 1.000000000000000000e+00 9.992001274367180441e-01 0.000000000000000000e+00 3.998881506637615157e-02
3.350000000000000000e+02 1.000000000000000000e+00 9.992001274367260377e-01 0.000000000000000000e+00 3.998881506637656097e-02
3.360000000000000000e+02 1.000000000000000000e+00 9.992001274367225960e-01 0.000000000000000000e+00 3.998881506637615157e-02
3.370000000000000000e+02 1.000000000000000000e+00 9.992001274367208197e-01 0.000000000000000000e+00 3.998881506637600586e-02
3.380000000000000000e+02 1.000000000000000000e+00 9.992001274366872909e-01 0.000000000000000000e+00 3.998881506637494421e-02
3.390000000000000000e+02 1.000000000000000000e+00 9.992001274367102726e-01 0.000000000000000000e+00 3.998881506637583932e-02
3.400000000000000000e+02 1.000000000000000000e+00 9.992001274367228181e-01 0.000000000000000000e+00 3.998881506637609606e-02
3.410000000000000000e+02 1.000000000000000000e+00 9.992001274367231511e-01 0.000000000000000000e+00 3.998881506637590871e-02
3.420000000000000000e+02 1.000000000000000000e+00 9.992001274367203756e-01 0.000000000000000000e+00 3.998881506637574912e-02
3.430000000000000000e+02 1.000000000000000000e+00 9.992001274367255936e-01 0.000000000000000000e+00 3.998881506637623484e-02
3.440000000000000000e+02 1.000000000000000000e+00 9.992001274367253716e-01 0.000000000000000000e+00 3.998881506637606137e-02
3.450000000000000000e+02 1.000000000000000000e+00 9.992001274367121599e-01 0.000000000000000000e+00 3.998881506637577687e-02
3.460000000000000000e+02 1.000000000000000000e+00 9.992001274367260377e-01 0.000000000000000000e+00 3.998881506637599892e-02
3.470000000000000000e+02 1.000000000000000000e+00 9.992001274367089403e-01 0.000000000000000000e+00 3.998881506637604055e-02
3.480000000000000000e+02 1.000000000000000000e+00 9.992001274367239283e-01 0.000000000000000000e+00 3.998881506637593647e-02
3.490000000000000000e+02 1.000000000000000000e+00 9.992001274367157126e-01 0.000000000000000000e+00 3.998881506637597810e-02
3.500000000000000000e+02 1.000000000000000000e+00 9.992001274367237063e-01 0.000000000000000000e+00 3.998881506637532585e-02
3.510000000000000000e+02 1.000000000000000000e+00 9.992001274367207087e-01 0.000000000000000000e+00 3.998881506637637362e-02
3.520000000000000000e+02 1.000000000000000000e+00 9.992001274367228181e-01 0.000000000000000000e+00 3.998881506637648464e-02
3.530000000000000000e+02 1.000000000000000000e+00 9.992001274367123820e-01 0.000000000000000000e+00 3.998881506637572136e-02
3.540000000000000000e+02 1.000000000000000000e+00 9.992001274367237063e-01 0.000000000000000000e+00 3.998881506637635280e-02
3.550000000000000000e+02 1.000000000000000000e+00 9.992001274367154906e-01 0.000000000000000000e+00 3.998881506637625566e-02
3.560000000000000000e+02 1.000000000000000000e+00 9.992001274367205976e-01 0.000000000000000000e+00 3.998881506637616545e-02
3.570000000000000000e+02 1.000000000000000000e+00 9.992001274367217079e-01 0.000000000000000000e+00 3.998881506637617239e-02
3.580000000000000000e+02 1.000000000000000000e+00 9.992001274367076080e-01 0.000000000000000000e+00 3.998881506637574912e-02
3.590000000000000000e+02 1.000000000000000000e+00 9.992001274367117158e-01 0.000000000000000000e+00 3.998881506637624178e-02
3.600000000000000000e+02 1.000000000000000000e+00 9.992001274367282582e-01 0.000000000000000000e+00 3.998881506637546462e-02
3.610000000000000000e+02 1.000000000000000000e+00 9.992001274367169339e-01 0.000000000000000000e+00 3.998881506637610300e-02
3.620000000000000000e+02 1.000000000000000000e+00 9.992001274367225960e-01 0.000000000000000000e+00 3.998881506637633199e-02
3.630000000000000000e+02 1.000000000000000000e+00 9.992001274367249275e-01 0.000000000000000000e+00 3.998881506637615851e-02
3.640000000000000000e+02 1.000000000000000000e+00 9.992001274367260377e-01 0.000000000000000000e+00 3.998881506637624872e-02
3.650000000000000000e+02 1.000000000000000000e+00 9.992001274367297015e-01 0.000000000000000000e+00 3.998881506637630423e-02
3.660000000000000000e+02 1.000000000000000000e+00 9.992001274367258157e-01 0.000000000000000000e+00 3.998881506637624872e-02
3.670000000000000000e+02 1.000000000000000000e+00 9.992001274367140473e-01 0.000000000000000000e+00 3.998881506637608219e-02
3.680000000000000000e+02 1.000000000000000000e+00 9.992001274367114938e-01 0.000000000000000000e+00 3.998881506637615157e-02
3.690000000000000000e+02 1.000000000000000000e+00 9.992001274367268149e-01 0.000000000000000000e+00 3.998881506637589484e-02
3.700000000000000000e+02 1.000000000000000000e+00 9.992001274367187102e-01 0.000000000000000000e+00 3.998881506637608219e-02
3.710000000000000000e+02 1.000000000000000000e+00 9.992001274367190433e-01 0.000000000000000000e+00 3.998881506637604749e-02
3.720000000000000000e+02 1.000000000000000000e+00 9.992001274367229291e-01 0.000000000000000000e+00 3.998881506637603361e-02
3.730000000000000000e+02 1.000000000000000000e+00 9.992001274367185992e-01 0.000000000000000000e+00 3.998881506637572136e-02
3.740000000000000000e+02 1.000000000000000000e+00 9.992001274367234842e-01 0.000000000000000000e+00 3.998881506637572830e-02
3.750000000000000000e+02 1.000000000000000000e+00 9.992001274367184882e-01 0.000000000000000000e+00 3.998881506637570749e-02
3.760000000000000000e+02 1.000000000000000000e+00 9.992001274367104946e-01 0.000000000000000000e+00 3.998881506637606137e-02
3.770000000000000000e+02 1.000000000000000000e+00 9.992001274367071639e-01 0.000000000000000000e+00 3.998881506637590871e-02
3.780000000000000000e+02 1.000000000000000000e+00 9.992001274367218189e-01 0.000000000000000000e+00 3.998881506637579769e-02
3.790000000000000000e+02 1.000000000000000000e+00 9.992001274367187102e-01 0.000000000000000000e+00 3.998881506637608912e-02
3.800000000000000000e+02 1.000000000000000000e+00 9.992001274367119379e-01 0.000000000000000000e+00 3.998881506637584626e-02
3.810000000000000000e+02 1.000000000000000000e+00 9.992001274367137142e-01 0.000000000000000000e+00 3.998881506637562422e-02
3.820000000000000000e+02 1.000000000000000000e+00 9.992001274367231511e-01 0.000000000000000000e+00 3.998881506637625566e-02
3.830000000000000000e+02 1.000000000000000000e+00 9.992001274367153796e-01 0.000000000000000000e+00 3.998881506637586708e-02
3.840000000000000000e+02 1.000000000000000000e+00 9.992001274367258157e-01 0.000000000000000000e+00 3.998881506637633199e-02
3.850000000000000000e+02 1.000000000000000000e+00 9.992001274367170449e-01 0.000000000000000000e+00 3.998881506637595035e-02
3.860000000000000000e+02 1.000000000000000000e+00 9.992001274367211527e-01 0.000000000000000000e+00 3.998881506637617933e-02
3.870000000000000000e+02 1.000000000000000000e+00 9.992001274367240393e-01 0.000000000000000000e+00 3.998881506637569361e-02
3.880000000000000000e+02 1.000000000000000000e+00 9.992001274367282582e-01 0.000000000000000000e+00 3.998881506637643607e-02
3.890000000000000000e+02 1.000000000000000000e+00 9.992001274367129371e-01 0.000000000000000000e+00 3.998881506637607525e-02
3.900000000000000000e+02 1.000000000000000000e+00 9.992001274367154906e-01 0.000000000000000000e+00 3.998881506637613770e-02
3.910000000000000000e+02 1.000000000000000000e+00 9.992001274367238173e-01 0.000000000000000000e+00 3.998881506637590177e-02
3.920000000000000000e+02 1.000000000000000000e+00 9.992001274367217079e-01 0.000000000000000000e+00 3.998881506637644301e-02
3.930000000000000000e+02 1.000000000000000000e+00 9.992001274367210417e-01 0.000000000000000000e+00 3.998881506637586708e-02
3.940000000000000000e+02 1.000000000000000000e+00 9.992001274367205976e-01 0.000000000000000000e+00 3.998881506637588790e-02
3.950000000000000000e+02 1.000000000000000000e+00 9.992001274367249275e-01 0.000000000000000000e+00 3.998881506637699812e-02
3.960000000000000000e+02 1.000000000000000000e+00 9.992001274367260377e-01 0.000000000000000000e+00 3.998881506637600586e-02
3.970000000000000000e+02 1.000000000000000000e+00 9.992001274367239283e-01 0.000000000000000000e+00 3.998881506637622790e-02
3.980000000000000000e+02 1.000000000000000000e+00 9.992001274367260377e-01 0.000000000000000000e+00 3.998881506637590871e-02
3.990000000000000000e+02 1.000000000000000000e+00 9.992001274367240393e-01 0.000000000000000000e+00 3.998881506637621402e-02
4.000000000000000000e+02 1.000000000000000000e+00 9.992001274367237063e-01 0.000000000000000000e+00 3.998881506637619321e-02
4.010000000000000000e+02 1.000000000000000000e+00 9.992001274367240393e-01 0.000000000000000000e+00 3.998881506637603361e-02
4.020000000000000000e+02 1.000000000000000000e+00 9.992001274367194874e-01 0.000000000000000000e+00 3.998881506637600586e-02
4.030000000000000000e+02 1.000000000000000000e+00 9.992001274367059427e-01 0.000000000000000000e+00 3.998881506637565197e-02
4.040000000000000000e+02 1.000000000000000000e+00 9.992001274367106056e-01 0.000000000000000000e+00 3.998881506637568667e-02
4.050000000000000000e+02 1.000000000000000000e+00 9.992001274367149355e-01 0.000000000000000000e+00 3.998881506637597116e-02
4.060000000000000000e+02 1.000000000000000000e+00 9.992001274367151575e-01 0.000000000000000000e+00 3.998881506637552014e-02
4.070000000000000000e+02 1.000000000000000000e+00 9.992001274367271479e-01 0.000000000000000000e+00 3.998881506637600586e-02
4.080000000000000000e+02 1.000000000000000000e+00 9.992001274367260377e-01 0.000000000000000000e+00 3.998881506637654709e-02
4.090000000000000000e+02 1.000000000000000000e+00 9.992001274367239283e-01 0.000000000000000000e+00 3.998881506637589484e-02
4.100000000000000000e+02 1.000000000000000000e+00 9.992001274367172670e-01 0.000000000000000000e+00 3.998881506637590871e-02
4.110000000000000000e+02 1.000000000000000000e+00 9.992001274367182662e-01 0.000000000000000000e+00 3.998881506637622096e-02
4.120000000000000000e+02 1.000000000000000000e+00 9.992001274367249275e-01 0.000000000000000000e+00 3.998881506637580463e-02
4.130000000000000000e+02 1.000000000000000000e+00 9.992001274367184882e-01 0.000000000000000000e+00 3.998881506637627647e-02
4.140000000000000000e+02 1.000000000000000000e+00 9.992001274367205976e-01 0.000000000000000000e+00 3.998881506637575606e-02
4.150000000000000000e+02 1.000000000000000000e+00 9.992001274367245944e-01 0.000000000000000000e+00 3.998881506637629035e-02
4.160000000000000000e+02 1.000000000000000000e+00 9.992001274367158237e-01 0.000000000000000000e+00 3.998881506637605443e-02
4.170000000000000000e+02 1.000000000000000000e+00 9.992001274367167118e-01 0.000000000000000000e+00 3.998881506637608912e-02
4.180000000000000000e+02 1.000000000000000000e+00 9.992001274367199315e-01 0.000000000000000000e+00 3.998881506637614464e-02
4.190000000000000000e+02 1.000000000000000000e+00 9.992001274367094954e-01 0.000000000000000000e+00 3.998881506637570749e-02
4.200000000000000000e+02 1.000000000000000000e+00 9.992001274367189323e-01 0.000000000000000000e+00 3.998881506637570749e-02
4.210000000000000000e+02 1.000000000000000000e+00 9.992001274367064978e-01 0.000000000000000000e+00 3.998881506637532585e-02
4.220000000000000000e+02 1.000000000000000000e+00 9.992001274367184882e-01 0.000000000000000000e+00 3.998881506637579769e-02
4.230000000000000000e+02 1.000000000000000000e+00 9.992001274367137142e-01 0.000000000000000000e+00 3.998881506637574912e-02
4.240000000000000000e+02 1.000000000000000000e+00 9.992001274367137142e-01 0.000000000000000000e+00 3.998881506637606137e-02
4.250000000000000000e+02 1.000000000000000000e+00 9.992001274367237063e-01 0.000000000000000000e+00 3.998881506637660260e-02
4.260000000000000000e+02 1.000000000000000000e+00 9.992001274367249275e-01 0.000000000000000000e+00 3.998881506637643607e-02
4.270000000000000000e+02 1.000000000000000000e+00 9.992001274367212638e-01 0.000000000000000000e+00 3.998881506637610300e-02
4.280000000000000000e+02 1.000000000000000000e+00 9.992001274367123820e-01 0.000000000000000000e+00 3.998881506637558259e-02
4.290000000000000000e+02 1.000000000000000000e+00 9.992001274367229291e-01 0.000000000000000000e+00 3.998881506637552014e-02
4.300000000000000000e+02 1.000000000000000000e+00 9.992001274367278141e-01 0.000000000000000000e+00 3.998881506637561034e-02
4.310000000000000000e+02 1.000000000000000000e+00 9.992001274367167118e-01 0.000000000000000000e+00 3.998881506637604749e-02
4.320000000000000000e+02 1.000000000000000000e+00 9.992001274367249275e-01 0.000000000000000000e+00 3.998881506637619321e-02
4.330000000000000000e+02 1.000000000000000000e+00 9.992001274367251495e-01 0.000000000000000000e+00 3.998881506637643607e-02
4.340000000000000000e+02 1.000000000000000000e+00 9.992001274367204866e-01 0.000000000000000000e+00 3.998881506637616545e-02
4.350000000000000000e+02 1.000000000000000000e+00 9.992001274367187102e-01 0.000000000000000000e+00 3.998881506637590871e-02
4.360000000000000000e+02 1.000000000000000000e+00 9.992001274367253716e-01 0.000000000000000000e+00 3.998881506637595035e-02
4.370000000000000000e+02 1.000000000000000000e+00 9.992001274367219299e-01 0.000000000000000000e+00 3.998881506637620709e-02
4.380000000000000000e+02 1.000000000000000000e+00 9.992001274367162678e-01 0.000000000000000000e+00 3.998881506637567973e-02
4.390000000000000000e+02 1.000000000000000000e+00 9.992001274366989483e-01 0.000000000000000000e+00 3.998881506637533279e-02
4.400000000000000000e+02 1.000000000000000000e+00 9.992001274367173780e-01 0.000000000000000000e+00 3.998881506637611688e-02
4.410000000000000000e+02 1.000000000000000000e+00 9.992001274367198205e-01 0.000000000000000000e+00 3.998881506637596422e-02
4.420000000000000000e+02 1.000000000000000000e+00 9.992001274367120489e-01 0.000000000000000000e+00 3.998881506637599198e-02
4.430000000000000000e+02 1.000000000000000000e+00 9.992001274367174890e-01 0.000000000000000000e+00 3.998881506637615157e-02
4.440000000000000000e+02 1.000000000000000000e+00 9.992001274367239283e-01 0.000000000000000000e+00 3.998881506637614464e-02
4.450000000000000000e+02 1.000000000000000000e+00 9.992001274367287023e-01 0.000000000000000000e+00 3.998881506637562422e-02
4.460000000000000000e+02 1.000000000000000000e+00 9.992001274367159347e-01 0.000000000000000000e+00 3.998881506637620709e-02
4.470000000000000000e+02 1.000000000000000000e+00 9.992001274367249275e-01 0.000000000000000000e+00 3.998881506637622096e-02
4.480000000000000000e+02 1.000000000000000000e+00 9.992001274367098285e-01 0.000000000000000000e+00 3.998881506637572830e-02
4.490000000000000000e+02 1.000000000000000000e+00 9.992001274367239283e-01 0.000000000000000000e+00 3.998881506637613770e-02
4.500000000000000000e+02 1.000000000000000000e+00 9.992001274367187102e-01 0.000000000000000000e+00 3.998881506637611688e-02
4.510000000000000000e+02 1.000000000000000000e+00 9.992001274367178221e-01 0.000000000000000000e+00 3.998881506637563810e-02
4.520000000000000000e+02 1.000000000000000000e+00 9.992001274367240393e-01 0.000000000000000000e+00 3.998881506637581851e-02
4.530000000000000000e+02 1.000000000000000000e+00 9.992001274367231511e-01 0.000000000000000000e+00 3.998881506637623484e-02
4.540000000000000000e+02 1.000000000000000000e+00 9.992001274367243724e-01 0.000000000000000000e+00 3.998881506637635974e-02
4.550000000000000000e+02 1.000000000000000000e+00 9.992001274367169339e-01 0.000000000000000000e+00 3.998881506637555483e-02
4.560000000000000000e+02 1.000000000000000000e+00 9.992001274367264818e-01 0.000000000000000000e+00 3.998881506637586014e-02
4.570000000000000000e+02 1.000000000000000000e+00 9.992001274367195984e-01 0.000000000000000000e+00 3.998881506637601280e-02
4.580000000000000000e+02 1.000000000000000000e+00 9.992001274367205976e-01 0.000000000000000000e+00 3.998881506637583239e-02
4.590000000000000000e+02 1.000000000000000000e+00 9.992001274367210417e-01 0.000000000000000000e+00 3.998881506637602667e-02
4.600000000000000000e+02 1.000000000000000000e+00 9.992001274367161567e-01 0.000000000000000000e+00 3.998881506637579769e-02
4.610000000000000000e+02 1.000000000000000000e+00 9.992001274367239283e-01 0.000000000000000000e+00 3.998881506637617239e-02
4.620000000000000000e+02 1.000000000000000000e+00 9.992001274367198205e-01 0.000000000000000000e+00 3.998881506637592259e-02
4.630000000000000000e+02 1.000000000000000000e+00 9.992001274367198205e-01 0.000000000000000000e+00 3.998881506637599198e-02
4.640000000000000000e+02 1.000000000000000000e+00 9.992001274367234842e-01 0.000000000000000000e+00 3.998881506637592953e-02
4.650000000000000000e+02 1.000000000000000000e+00 9.992001274367139363e-01 0.000000000000000000e+00 3.998881506637603361e-02
4.660000000000000000e+02 1.000000000000000000e+00 9.992001274367225960e-01 0.000000000000000000e+00 3.998881506637634586e-02
4.670000000000000000e+02 1.000000000000000000e+00 9.992001274367141583e-01 0.000000000000000000e+00 3.998881506637557565e-02
4.680000000000000000e+02 1.000000000000000000e+00 9.992001274367260377e-01 0.000000000000000000e+00 3.998881506637592259e-02
4.690000000000000000e+02 1.000000000000000000e+00 9.992001274367217079e-01 0.000000000000000000e+00 3.998881506637580463e-02
4.700000000000000000e+02 1.000000000000000000e+00 9.992001274367129371e-01 0.000000000000000000e+00 3.998881506637588096e-02
4.710000000000000000e+02 1.000000000000000000e+00 9.992001274367237063e-01 0.000000000000000000e+00 3.998881506637576994e-02
4.720000000000000000e+02 1.000000000000000000e+00 9.992001274367217079e-01 0.000000000000000000e+00 3.998881506637649158e-02
4.730000000000000000e+02 1.000000000000000000e+00 9.992001274367110497e-01 0.000000000000000000e+00 3.998881506637588096e-02
4.740000000000000000e+02 1.000000000000000000e+00 9.992001274367117158e-01 0.000000000000000000e+00 3.998881506637562422e-02
4.750000000000000000e+02 1.000000000000000000e+00 9.992001274367119379e-01 0.000000000000000000e+00 3.998881506637601974e-02
4.760000000000000000e+02 1.000000000000000000e+00 9.992001274367153796e-01 0.000000000000000000e+00 3.998881506637603361e-02
4.770000000000000000e+02 1.000000000000000000e+00 9.992001274367144914e-01 0.000000000000000000e+00 3.998881506637624872e-02
4.780000000000000000e+02 1.000000000000000000e+00 9.992001274367166008e-01 0.000000000000000000e+00 3.998881506637595035e-02
4.790000000000000000e+02 1.000000000000000000e+00 9.992001274367208197e-01 0.000000000000000000e+00 3.998881506637607525e-02
4.800000000000000000e+02 1.000000000000000000e+00 9.992001274367259267e-01 0.000000000000000000e+00 3.998881506637653321e-02
4.810000000000000000e+02 1.000000000000000000e+00 9.992001274367130481e-01 0.000000000000000000e+00 3.998881506637592259e-02
4.820000000000000000e+02 1.000000000000000000e+00 9.992001274367237063e-01 0.000000000000000000e+00 3.998881506637610994e-02
4.830000000000000000e+02 1.000000000000000000e+00 9.992001274367290353e-01 0.000000000000000000e+00 3.998881506637669975e-02
4.840000000000000000e+02 1.000000000000000000e+00 9.992001274367197095e-01 0.000000000000000000e+00 3.998881506637574912e-02
4.850000000000000000e+02 1.000000000000000000e+00 9.992001274367253716e-01 0.000000000000000000e+00 3.998881506637611688e-02
4.860000000000000000e+02 1.000000000000000000e+00 9.992001274367204866e-01 0.000000000000000000e+00 3.998881506637567973e-02
4.870000000000000000e+02 1.000000000000000000e+00 9.992001274367199315e-01 0.000000000000000000e+00 3.998881506637637362e-02
4.880000000000000000e+02 1.000000000000000000e+00 9.992001274367243724e-01 0.000000000000000000e+00 3.998881506637622096e-02
4.890000000000000000e+02 1.000000000000000000e+00 9.992001274367152686e-01 0.000000000000000000e+00 3.998881506637599198e-02
4.900000000000000000e+02 1.000000000000000000e+00 9.992001274367189323e-01 0.000000000000000000e+00 3.998881506637596422e-02
4.910000000000000000e+02 1.000000000000000000e+00 9.992001274367040553e-01 0.000000000000000000e+00 3.998881506637527034e-02
4.920000000000000000e+02 1.000000000000000000e+00 9.992001274367187102e-01 0.000000000000000000e+00 3.998881506637619321e-02
4.930000000000000000e+02 1.000000000000000000e+00 9.992001274367136032e-01 0.000000000000000000e+00 3.998881506637572830e-02
4.940000000000000000e+02 1.000000000000000000e+00 9.992001274367162678e-01 0.000000000000000000e+00 3.998881506637586014e-02
4.950000000000000000e+02 1.000000000000000000e+00 9.992001274367108277e-01 0.000000000000000000e+00 3.998881506637563810e-02
4.960000000000000000e+02 1.000000000000000000e+00 9.992001274367228181e-01 0.000000000000000000e+00 3.998881506637630423e-02
4.970000000000000000e+02 1.000000000000000000e+00 9.992001274367083852e-01 0.000000000000000000e+00 3.998881506637542993e-02
4.980000000000000000e+02 1.000000000000000000e+00 9.992001274367205976e-01 0.000000000000000000e+00 3.998881506637592953e-02
4.990000000000000000e+02 1.000000000000000000e+00 9.992001274367182662e-01 0.000000000000000000e+00 3.998881506637615157e-02
