500 4
0.000000000000000000e+00 1.000000000000000000e+00 9.992001274367293684e-01 0.000000000000000000e+00 3.998881506639364453e-02
1.000000000000000000e+00 1.000000000000000000e+00 9.992001274367289243e-01 0.000000000000000000e+00 3.998881506639462291e-02
2.000000000000000000e+00 1.000000000000000000e+00 9.992001274367298125e-01 0.000000000000000000e+00 3.998881506639439393e-02
3.000000000000000000e+00 1.000000000000000000e+00 9.992001274367292574e-01 0.000000000000000000e+00 3.998881506639997974e-02
4.000000000000000000e+00 1.000000000000000000e+00 9.992001274367290353e-01 0.000000000000000000e+00 3.998881506639322819e-02
5.000000000000000000e+00 1.000000000000000000e+00 9.992001274367290353e-01 0.000000000000000000e+00 3.998881506639707234e-02
6.000000000000000000e+00 1.000000000000000000e+00 9.992001274367292574e-01 0.000000000000000000e+00 3.998881506639336003e-02
7.000000000000000000e+00 1.000000000000000000e+00 9.992001274367287023e-01 0.000000000000000000e+00 3.998881506639576089e-02
8.000000000000000000e+00 1.000000000000000000e+00 9.992001274367290353e-01 0.000000000000000000e+00 3.998881506638904404e-02
9.000000000000000000e+00 1.000000000000000000e+00 9.992001274367287023e-01 0.000000000000000000e+00 3.998881506640155487e-02
1.000000000000000000e+01 1.000000000000000000e+00 9.992001274367292574e-01 0.000000000000000000e+00 3.998881506639217348e-02
1.100000000000000000e+01 1.000000000000000000e+00 9.992001274367301455e-01 0.000000000000000000e+00 3.998881506638991834e-02
1.200000000000000000e+01 1.000000000000000000e+00 9.992001274367295904e-01 0.000000000000000000e+00 3.998881506640208916e-02
1.300000000000000000e+01 1.000000000000000000e+00 9.992001274367298125e-01 0.000000000000000000e+00 3.998881506639490740e-02
1.400000000000000000e+01 1.000000000000000000e+00 9.992001274367295904e-01 0.000000000000000000e+00 3.998881506638408273e-02
1.500000000000000000e+01 1.000000000000000000e+00 9.992001274367293684e-01 0.000000000000000000e+00 3.998881506640001443e-02
1.600000000000000000e+01 1.000000000000000000e+00 9.992001274367292574e-01 0.000000000000000000e+00 3.998881506640245692e-02
1.700000000000000000e+01 1.000000000000000000e+00 9.992001274367287023e-01 0.000000000000000000e+00 3.998881506639885564e-02
1.800000000000000000e+01 1.000000000000000000e+00 9.992001274367285912e-01 0.000000000000000000e+00 3.998881506639651029e-02
1.900000000000000000e+01 1.000000000000000000e+00 9.992001274367295904e-01 0.000000000000000000e+00 3.998881506639770378e-02
2.000000000000000000e+01 1.000000000000000000e+00 9.992001274367292574e-01 0.000000000000000000e+00 3.998881506640201977e-02
2.100000000000000000e+01 1.000000000000000000e+00 9.992001274367289243e-01 0.000000000000000000e+00 3.998881506640220712e-02
2.200000000000000000e+01 1.000000000000000000e+00 9.992001274367292574e-01 0.000000000000000000e+00 3.998881506639845318e-02
2.300000000000000000e+01 1.000000000000000000e+00 9.992001274367297015e-01 0.000000000000000000e+00 3.998881506639972300e-02
2.400000000000000000e+01 1.000000000000000000e+00 9.992001274367289243e-01 0.000000000000000000e+00 3.998881506639914707e-02
2.500000000000000000e+01 1.000000000000000000e+00 9.992001274367287023e-01 0.000000000000000000e+00 3.998881506639139632e-02
2.600000000000000000e+01 1.000000000000000000e+00 9.992001274367290353e-01 0.000000000000000000e+00 3.998881506640570432e-02
2.700000000000000000e+01 1.000000000000000000e+00 9.992001274367284802e-01 0.000000000000000000e+00 3.998881506640212385e-02
2.800000000000000000e+01 1.000000000000000000e+00 9.992001274367294794e-01 0.000000000000000000e+00 3.998881506639510169e-02
2.900000000000000000e+01 1.000000000000000000e+00 9.992001274367303676e-01 0.000000000000000000e+00 3.998881506640408756e-02
3.000000000000000000e+01 1.000000000000000000e+00 9.992001274367290353e-01 0.000000000000000000e+00 3.998881506640148548e-02
3.100000000000000000e+01 1.000000000000000000e+00 9.992001274367294794e-01 0.000000000000000000e+00 3.998881506639955646e-02
3.200000000000000000e+01 1.000000000000000000e+00 9.992001274367299235e-01 0.000000000000000000e+00 3.998881506639614253e-02
3.300000000000000000e+01 1.000000000000000000e+00 9.992001274367297015e-01 0.000000000000000000e+00 3.998881506639460903e-02
3.400000000000000000e+01 1.000000000000000000e+00 9.992001274367292574e-01 0.000000000000000000e+00 3.998881506639716948e-02
3.500000000000000000e+01 1.000000000000000000e+00 9.992001274367284802e-01 0.000000000000000000e+00 3.998881506640127037e-02
3.600000000000000000e+01 1.000000000000000000e+00 9.992001274367299235e-01 0.000000000000000000e+00 3.998881506639688499e-02
3.700000000000000000e+01 1.000000000000000000e+00 9.992001274367292574e-01 0.000000000000000000e+00 3.998881506639972300e-02
3.800000000000000000e+01 1.000000000000000000e+00 9.992001274367298125e-01 0.000000000000000000e+00 3.998881506638785749e-02
3.900000000000000000e+01 1.000000000000000000e+00 9.992001274367287023e-01 0.000000000000000000e+00 3.998881506639458128e-02
4.000000000000000000e+01 1.000000000000000000e+00 9.992001274367290353e-01 0.000000000000000000e+00 3.998881506639679478e-02
4.100000000000000000e+01 1.000000000000000000e+00 9.992001274367287023e-01 0.000000000000000000e+00 3.998881506638961997e-02
4.200000000000000000e+01 1.000000000000000000e+00 9.992001274367299235e-01 0.000000000000000000e+00 3.998881506639656580e-02
4.300000000000000000e+01 1.000000000000000000e+00 9.992001274367291463e-01 0.000000000000000000e+00 3.998881506639627437e-02
4.400000000000000000e+01 1.000000000000000000e+00 9.992001274367292574e-01 0.000000000000000000e+00 3.998881506640171446e-02
4.500000000000000000e+01 1.000000000000000000e+00 9.992001274367301455e-01 0.000000000000000000e+00 3.998881506640384470e-02
4.600000000000000000e+01 1.000000000000000000e+00 9.992001274367290353e-01 0.000000000000000000e+00 3.998881506639792582e-02
4.700000000000000000e+01 1.000000000000000000e+00 9.992001274367282582e-01 0.000000000000000000e+00 3.998881506640057648e-02
4.800000000000000000e+01 1.000000000000000000e+00 9.992001274367294794e-01 0.000000000000000000e+00 3.998881506639142408e-02
4.900000000000000000e+01 1.000000000000000000e+00 9.992001274367301455e-01 0.000000000000000000e+00 3.998881506638657379e-02
5.000000000000000000e+01 1.000000000000000000e+00 9.992001274367292574e-01 0.000000000000000000e+00 3.998881506640237365e-02
5.100000000000000000e+01 1.000000000000000000e+00 9.992001274367290353e-01 0.000000000000000000e+00 3.998881506639999361e-02
5.200000000000000000e+01 1.000000000000000000e+00 9.992001274367297015e-01 0.000000000000000000e+00 3.998881506640825090e-02
5.300000000000000000e+01 1.000000000000000000e+00 9.992001274367298125e-01 0.000000000000000000e+00 3.998881506639436617e-02
5.400000000000000000e+01 1.000000000000000000e+00 9.992001274367301455e-01 0.000000000000000000e+00 3.998881506639326983e-02
5.500000000000000000e+01 1.000000000000000000e+00 9.992001274367290353e-01 0.000000000000000000e+00 3.998881506639951483e-02
5.600000000000000000e+01 1.000000000000000000e+00 9.992001274367283692e-01 0.000000000000000000e+00 3.998881506638857913e-02
5.700000000000000000e+01 1.000000000000000000e+00 9.992001274367297015e-01 0.000000000000000000e+00 3.998881506638793382e-02
5.800000000000000000e+01 1.000000000000000000e+00 9.992001274367287023e-01 0.000000000000000000e+00 3.998881506638980732e-02
5.900000000000000000e+01 1.000000000000000000e+00 9.992001274367292574e-01 0.000000000000000000e+00 3.998881506640343531e-02
6.000000000000000000e+01 1.000000000000000000e+00 9.992001274367287023e-01 0.000000000000000000e+00 3.998881506640367817e-02
6.100000000000000000e+01 1.000000000000000000e+00 9.992001274367294794e-01 0.000000000000000000e+00 3.998881506639750949e-02
6.200000000000000000e+01 1.000000000000000000e+00 9.992001274367308117e-01 0.000000000000000000e+00 3.998881506639798827e-02
6.300000000000000000e+01 1.000000000000000000e+00 9.992001274367293684e-01 0.000000000000000000e+00 3.998881506639598987e-02
6.400000000000000000e+01 1.000000000000000000e+00 9.992001274367289243e-01 0.000000000000000000e+00 3.998881506639833522e-02
6.500000000000000000e+01 1.000000000000000000e+00 9.992001274367287023e-01 0.000000000000000000e+00 3.998881506639770378e-02
6.600000000000000000e+01 1.000000000000000000e+00 9.992001274367297015e-01 0.000000000000000000e+00 3.998881506639581640e-02
6.700000000000000000e+01 1.000000000000000000e+00 9.992001274367289243e-01 0.000000000000000000e+00 3.998881506639965361e-02
6.800000000000000000e+01 1.000000000000000000e+00 9.992001274367287023e-01 0.000000000000000000e+00 3.998881506640095812e-02
6.900000000000000000e+01 1.000000000000000000e+00 9.992001274367278141e-01 0.000000000000000000e+00 3.998881506639517802e-02
7.000000000000000000e+01 1.000000000000000000e+00 9.992001274367284802e-01 0.000000000000000000e+00 3.998881506640053485e-02
7.100000000000000000e+01 1.000000000000000000e+00 9.992001274367291463e-01 0.000000000000000000e+00 3.998881506639025835e-02
7.200000000000000000e+01 1.000000000000000000e+00 9.992001274367285912e-01 0.000000000000000000e+00 3.998881506639327676e-02
7.300000000000000000e+01 1.000000000000000000e+00 9.992001274367297015e-01 0.000000000000000000e+00 3.998881506639830052e-02
7.400000000000000000e+01 1.000000000000000000e+00 9.992001274367294794e-01 0.000000000000000000e+00 3.998881506639524047e-02
7.500000000000000000e+01 1.000000000000000000e+00 9.992001274367299235e-01 0.000000000000000000e+00 3.998881506639574701e-02
7.600000000000000000e+01 1.000000000000000000e+00 9.992001274367292574e-01 0.000000000000000000e+00 3.998881506639802297e-02
7.700000000000000000e+01 1.000000000000000000e+00 9.992001274367285912e-01 0.000000000000000000e+00 3.998881506639188899e-02
7.800000000000000000e+01 1.000000000000000000e+00 9.992001274367299235e-01 0.000000000000000000e+00 3.998881506639737765e-02
7.900000000000000000e+01 1.000000000000000000e+00 9.992001274367291463e-01 0.000000000000000000e+00 3.998881506639002242e-02
8.000000000000000000e+01 1.000000000000000000e+00 9.992001274367290353e-01 0.000000000000000000e+00 3.998881506639995198e-02
8.100000000000000000e+01 1.000000000000000000e+00 9.992001274367297015e-01 0.000000000000000000e+00 3.998881506639862665e-02
8.200000000000000000e+01 1.000000000000000000e+00 9.992001274367282582e-01 0.000000000000000000e+00 3.998881506638841954e-02
8.300000000000000000e+01 1.000000000000000000e+00 9.992001274367300345e-01 0.000000000000000000e+00 3.998881506638800321e-02
8.400000000000000000e+01 1.000000000000000000e+00 9.992001274367294794e-01 0.000000000000000000e+00 3.998881506639586497e-02
8.500000000000000000e+01 1.000000000000000000e+00 9.992001274367290353e-01 0.000000000000000000e+00 3.998881506639755112e-02
8.600000000000000000e+01 1.000000000000000000e+00 9.992001274367294794e-01 0.000000000000000000e+00 3.998881506639521966e-02
8.700000000000000000e+01 1.000000000000000000e+00 9.992001274367292574e-01 0.000000000000000000e+00 3.998881506639283961e-02
8.800000000000000000e+01 1.000000000000000000e+00 9.992001274367292574e-01 0.000000000000000000e+00 3.998881506640481615e-02
8.900000000000000000e+01 1.000000000000000000e+00 9.992001274367298125e-01 0.000000000000000000e+00 3.998881506639539313e-02
9.000000000000000000e+01 1.000000000000000000e+00 9.992001274367299235e-01 0.000000000000000000e+00 3.998881506639279104e-02
9.100000000000000000e+01 1.000000000000000000e+00 9.992001274367291463e-01 0.000000000000000000e+00 3.998881506639505312e-02
9.200000000000000000e+01 1.000000000000000000e+00 9.992001274367292574e-01 0.000000000000000000e+00 3.998881506639476169e-02
9.300000000000000000e+01 1.000000000000000000e+00 9.992001274367293684e-01 0.000000000000000000e+00 3.998881506639661437e-02
9.400000000000000000e+01 1.000000000000000000e+00 9.992001274367294794e-01 0.000000000000000000e+00 3.998881506639831440e-02
9.500000000000000000e+01 1.000000000000000000e+00 9.992001274367299235e-01 0.000000000000000000e+00 3.998881506639555272e-02
9.600000000000000000e+01 1.000000000000000000e+00 9.992001274367291463e-01 0.000000000000000000e+00 3.998881506640106220e-02
9.700000000000000000e+01 1.000000000000000000e+00 9.992001274367304786e-01 0.000000000000000000e+00 3.998881506639235389e-02
9.800000000000000000e+01 1.000000000000000000e+00 9.992001274367275920e-01 0.000000000000000000e+00 3.998881506639370004e-02
9.900000000000000000e+01 1.000000000000000000e+00 9.992001274367292574e-01 0.000000000000000000e+00 3.998881506638895383e-02
1.000000000000000000e+02 1.000000000000000000e+00 9.992001274367298125e-01 0.000000000000000000e+00 3.998881506639653804e-02
1.010000000000000000e+02 1.000000000000000000e+00 9.992001274367291463e-01 0.000000000000000000e+00 3.998881506639494904e-02
1.020000000000000000e+02 1.000000000000000000e+00 9.992001274367297015e-01 0.000000000000000000e+00 3.998881506639093142e-02
1.030000000000000000e+02 1.000000000000000000e+00 9.992001274367293684e-01 0.000000000000000000e+00 3.998881506639634376e-02
1.040000000000000000e+02 1.000000000000000000e+00 9.992001274367293684e-01 0.000000000000000000e+00 3.998881506639104244e-02
1.050000000000000000e+02 1.000000000000000000e+00 9.992001274367294794e-01 0.000000000000000000e+00 3.998881506639370004e-02
1.060000000000000000e+02 1.000000000000000000e+00 9.992001274367301455e-01 0.000000000000000000e+00 3.998881506638875261e-02
1.070000000000000000e+02 1.000000000000000000e+00 9.992001274367321439e-01 0.000000000000000000e+00 3.998881506640124955e-02
1.080000000000000000e+02 1.000000000000000000e+00 9.992001274367293684e-01 0.000000000000000000e+00 3.998881506638821137e-02
1.090000000000000000e+02 1.000000000000000000e+00 9.992001274367299235e-01 0.000000000000000000e+00 3.998881506639055672e-02
1.100000000000000000e+02 1.000000000000000000e+00 9.992001274367287023e-01 0.000000000000000000e+00 3.998881506639230532e-02
1.110000000000000000e+02 1.000000000000000000e+00 9.992001274367295904e-01 0.000000000000000000e+00 3.998881506639472005e-02
1.120000000000000000e+02 1.000000000000000000e+00 9.992001274367291463e-01 0.000000000000000000e+00 3.998881506639816868e-02
1.130000000000000000e+02 1.000000000000000000e+00 9.992001274367292574e-01 0.000000000000000000e+00 3.998881506638608807e-02
1.140000000000000000e+02 1.000000000000000000e+00 9.992001274367299235e-01 0.000000000000000000e+00 3.998881506639188205e-02
1.150000000000000000e+02 1.000000000000000000e+00 9.992001274367284802e-01 0.000000000000000000e+00 3.998881506639272165e-02
1.160000000000000000e+02 1.000000000000000000e+00 9.992001274367285912e-01 0.000000000000000000e+00 3.998881506639079264e-02
1.170000000000000000e+02 1.000000000000000000e+00 9.992001274367275920e-01 0.000000000000000000e+00 3.998881506639132000e-02
1.180000000000000000e+02 1.000000000000000000e+00 9.992001274367294794e-01 0.000000000000000000e+00 3.998881506639222899e-02
1.190000000000000000e+02 1.000000000000000000e+00 9.992001274367293684e-01 0.000000000000000000e+00 3.998881506639116734e-02
1.200000000000000000e+02 1.000000000000000000e+00 9.992001274367294794e-01 0.000000000000000000e+00 3.998881506639576783e-02
1.210000000000000000e+02 1.000000000000000000e+00 9.992001274367295904e-01 0.000000000000000000e+00 3.998881506639036243e-02
1.220000000000000000e+02 1.000000000000000000e+00 9.992001274367298125e-01 0.000000000000000000e+00 3.998881506639548333e-02
1.230000000000000000e+02 1.000000000000000000e+00 9.992001274367290353e-01 0.000000000000000000e+00 3.998881506639299227e-02
1.240000000000000000e+02 1.000000000000000000e+00 9.992001274367292574e-01 0.000000000000000000e+00 3.998881506639704458e-02
1.250000000000000000e+02 1.000000000000000000e+00 9.992001274367297015e-01 0.000000000000000000e+00 3.998881506639542088e-02
1.260000000000000000e+02 1.000000000000000000e+00 9.992001274367290353e-01 0.000000000000000000e+00 3.998881506639649641e-02
1.270000000000000000e+02 1.000000000000000000e+00 9.992001274367289243e-01 0.000000000000000000e+00 3.998881506639290206e-02
1.280000000000000000e+02 1.000000000000000000e+00 9.992001274367290353e-01 0.000000000000000000e+00 3.998881506640836192e-02
1.290000000000000000e+02 1.000000000000000000e+00 9.992001274367292574e-01 0.000000000000000000e+00 3.998881506639233308e-02
1.300000000000000000e+02 1.000000000000000000e+00 9.992001274367294794e-01 0.000000000000000000e+00 3.998881506639551803e-02
1.310000000000000000e+02 1.000000000000000000e+00 9.992001274367290353e-01 0.000000000000000000e+00 3.998881506639803685e-02
1.320000000000000000e+02 1.000000000000000000e+00 9.992001274367294794e-01 0.000000000000000000e+00 3.998881506639274941e-02
1.330000000000000000e+02 1.000000000000000000e+00 9.992001274367287023e-01 0.000000000000000000e+00 3.998881506640004913e-02
1.340000000000000000e+02 1.000000000000000000e+00 9.992001274367294794e-01 0.000000000000000000e+00 3.998881506639438699e-02
1.350000000000000000e+02 1.000000000000000000e+00 9.992001274367294794e-01 0.000000000000000000e+00 3.998881506639601069e-02
1.360000000000000000e+02 1.000000000000000000e+00 9.992001274367294794e-01 0.000000000000000000e+00 3.998881506639041794e-02
1.370000000000000000e+02 1.000000000000000000e+00 9.992001274367291463e-01 0.000000000000000000e+00 3.998881506639836991e-02
1.380000000000000000e+02 1.000000000000000000e+00 9.992001274367295904e-01 0.000000000000000000e+00 3.998881506639598987e-02
1.390000000000000000e+02 1.000000000000000000e+00 9.992001274367292574e-01 0.000000000000000000e+00 3.998881506639604538e-02
1.400000000000000000e+02 1.000000000000000000e+00 9.992001274367299235e-01 0.000000000000000000e+00 3.998881506639075795e-02
1.410000000000000000e+02 1.000000000000000000e+00 9.992001274367292574e-01 0.000000000000000000e+00 3.998881506639392208e-02
1.420000000000000000e+02 1.000000000000000000e+00 9.992001274367294794e-01 0.000000000000000000e+00 3.998881506639868910e-02
1.430000000000000000e+02 1.000000000000000000e+00 9.992001274367294794e-01 0.000000000000000000e+00 3.998881506639700989e-02
1.440000000000000000e+02 1.000000000000000000e+00 9.992001274367284802e-01 0.000000000000000000e+00 3.998881506639648253e-02
1.450000000000000000e+02 1.000000000000000000e+00 9.992001274367294794e-01 0.000000000000000000e+00 3.998881506638624767e-02
1.460000000000000000e+02 1.000000000000000000e+00 9.992001274367294794e-01 0.000000000000000000e+00 3.998881506639652417e-02
1.470000000000000000e+02 1.000000000000000000e+00 9.992001274367290353e-01 0.000000000000000000e+00 3.998881506639675315e-02
1.480000000000000000e+02 1.000000000000000000e+00 9.992001274367299235e-01 0.000000000000000000e+00 3.998881506638897465e-02
1.490000000000000000e+02 1.000000000000000000e+00 9.992001274367278141e-01 0.000000000000000000e+00 3.998881506638811423e-02
1.500000000000000000e+02 1.000000000000000000e+00 9.992001274367283692e-01 0.000000000000000000e+00 3.998881506639666295e-02
1.510000000000000000e+02 1.000000000000000000e+00 9.992001274367289243e-01 0.000000000000000000e+00 3.998881506639354044e-02
1.520000000000000000e+02 1.000000000000000000e+00 9.992001274367298125e-01 0.000000000000000000e+00 3.998881506639400535e-02
1.530000000000000000e+02 1.000000000000000000e+00 9.992001274367298125e-01 0.000000000000000000e+00 3.998881506639352656e-02
1.540000000000000000e+02 1.000000000000000000e+00 9.992001274367297015e-01 0.000000000000000000e+00 3.998881506638512356e-02
1.550000000000000000e+02 1.000000000000000000e+00 9.992001274367302566e-01 0.000000000000000000e+00 3.998881506639156286e-02
1.560000000000000000e+02 1.000000000000000000e+00 9.992001274367294794e-01 0.000000000000000000e+00 3.998881506638841260e-02
1.570000000000000000e+02 1.000000000000000000e+00 9.992001274367292574e-01 0.000000000000000000e+00 3.998881506639351963e-02
1.580000000000000000e+02 1.000000000000000000e+00 9.992001274367293684e-01 0.000000000000000000e+00 3.998881506639580252e-02
1.590000000000000000e+02 1.000000000000000000e+00 9.992001274367297015e-01 0.000000000000000000e+00 3.998881506639442862e-02
1.600000000000000000e+02 1.000000000000000000e+00 9.992001274367291463e-01 0.000000000000000000e+00 3.998881506639623273e-02
1.610000000000000000e+02 1.000000000000000000e+00 9.992001274367293684e-01 0.000000000000000000e+00 3.998881506640237365e-02
1.620000000000000000e+02 1.000000000000000000e+00 9.992001274367284802e-01 0.000000000000000000e+00 3.998881506639342942e-02
1.630000000000000000e+02 1.000000000000000000e+00 9.992001274367297015e-01 0.000000000000000000e+00 3.998881506639498373e-02
1.640000000000000000e+02 1.000000000000000000e+00 9.992001274367301455e-01 0.000000000000000000e+00 3.998881506639439393e-02
1.650000000000000000e+02 1.000000000000000000e+00 9.992001274367290353e-01 0.000000000000000000e+00 3.998881506639070244e-02
1.660000000000000000e+02 1.000000000000000000e+00 9.992001274367290353e-01 0.000000000000000000e+00 3.998881506639512251e-02
1.670000000000000000e+02 1.000000000000000000e+00 9.992001274367282582e-01 0.000000000000000000e+00 3.998881506639157674e-02
1.680000000000000000e+02 1.000000000000000000e+00 9.992001274367292574e-01 0.000000000000000000e+00 3.998881506638887751e-02
1.690000000000000000e+02 1.000000000000000000e+00 9.992001274367290353e-01 0.000000000000000000e+00 3.998881506639725275e-02
1.700000000000000000e+02 1.000000000000000000e+00 9.992001274367282582e-01 0.000000000000000000e+00 3.998881506639782174e-02
1.710000000000000000e+02 1.000000000000000000e+00 9.992001274367292574e-01 0.000000000000000000e+00 3.998881506639789113e-02
1.720000000000000000e+02 1.000000000000000000e+00 9.992001274367289243e-01 0.000000000000000000e+00 3.998881506639272859e-02
1.730000000000000000e+02 1.000000000000000000e+00 9.992001274367289243e-01 0.000000000000000000e+00 3.998881506640120098e-02
1.740000000000000000e+02 1.000000000000000000e+00 9.992001274367297015e-01 0.000000000000000000e+00 3.998881506639576089e-02
1.750000000000000000e+02 1.000000000000000000e+00 9.992001274367297015e-01 0.000000000000000000e+00 3.998881506639349187e-02
1.760000000000000000e+02 1.000000000000000000e+00 9.992001274367294794e-01 0.000000000000000000e+00 3.998881506639354044e-02
1.770000000000000000e+02 1.000000000000000000e+00 9.992001274367292574e-01 0.000000000000000000e+00 3.998881506639113959e-02
1.780000000000000000e+02 1.000000000000000000e+00 9.992001274367299235e-01 0.000000000000000000e+00 3.998881506638938405e-02
1.790000000000000000e+02 1.000000000000000000e+00 9.992001274367294794e-01 0.000000000000000000e+00 3.998881506639451189e-02
1.800000000000000000e+02 1.000000000000000000e+00 9.992001274367284802e-01 0.000000000000000000e+00 3.998881506639628824e-02
1.810000000000000000e+02 1.000000000000000000e+00 9.992001274367295904e-01 0.000000000000000000e+00 3.998881506639265226e-02
1.820000000000000000e+02 1.000000000000000000e+00 9.992001274367299235e-01 0.000000000000000000e+00 3.998881506639687111e-02
1.830000000000000000e+02 1.000000000000000000e+00 9.992001274367289243e-01 0.000000000000000000e+00 3.998881506639580252e-02
1.840000000000000000e+02 1.000000000000000000e+00 9.992001274367290353e-01 0.000000000000000000e+00 3.998881506639052202e-02
1.850000000000000000e+02 1.000000000000000000e+00 9.992001274367300345e-01 0.000000000000000000e+00 3.998881506638918282e-02
1.860000000000000000e+02 1.000000000000000000e+00 9.992001274367290353e-01 0.000000000000000000e+00 3.998881506639484495e-02
1.870000000000000000e+02 1.000000000000000000e+00 9.992001274367294794e-01 0.000000000000000000e+00 3.998881506638782279e-02
1.880000000000000000e+02 1.000000000000000000e+00 9.992001274367299235e-01 0.000000000000000000e+00 3.998881506638963385e-02
1.890000000000000000e+02 1.000000000000000000e+00 9.992001274367293684e-01 0.000000000000000000e+00 3.998881506639558048e-02
1.900000000000000000e+02 1.000000000000000000e+00 9.992001274367299235e-01 0.000000000000000000e+00 3.998881506639453270e-02
1.910000000000000000e+02 1.000000000000000000e+00 9.992001274367294794e-01 0.000000000000000000e+00 3.998881506638859301e-02
1.920000000000000000e+02 1.000000000000000000e+00 9.992001274367299235e-01 0.000000000000000000e+00 3.998881506638982813e-02
1.930000000000000000e+02 1.000000000000000000e+00 9.992001274367294794e-01 0.000000000000000000e+00 3.998881506639651723e-02
1.940000000000000000e+02 1.000000000000000000e+00 9.992001274367293684e-01 0.000000000000000000e+00 3.998881506639540701e-02
1.950000000000000000e+02 1.000000000000000000e+00 9.992001274367287023e-01 0.000000000000000000e+00 3.998881506640289407e-02
1.960000000000000000e+02 1.000000000000000000e+00 9.992001274367292574e-01 0.000000000000000000e+00 3.998881506640488553e-02
1.970000000000000000e+02 1.000000000000000000e+00 9.992001274367292574e-01 0.000000000000000000e+00 3.998881506639344330e-02
1.980000000000000000e+02 1.000000000000000000e+00 9.992001274367284802e-01 0.000000000000000000e+00 3.998881506639885564e-02
1.990000000000000000e+02 1.000000000000000000e+00 9.992001274367294794e-01 0.000000000000000000e+00 3.998881506639815481e-02
2.000000000000000000e+02 1.000000000000000000e+00 9.992001274367295904e-01 0.000000000000000000e+00 3.998881506640148548e-02
2.010000000000000000e+02 1.000000000000000000e+00 9.992001274367299235e-01 0.000000000000000000e+00 3.998881506639627437e-02
2.020000000000000000e+02 1.000000000000000000e+00 9.992001274367297015e-01 0.000000000000000000e+00 3.998881506639390127e-02
2.030000000000000000e+02 1.000000000000000000e+00 9.992001274367295904e-01 0.000000000000000000e+00 3.998881506639169470e-02
2.040000000000000000e+02 1.000000000000000000e+00 9.992001274367294794e-01 0.000000000000000000e+00 3.998881506638895383e-02
2.050000000000000000e+02 1.000000000000000000e+00 9.992001274367290353e-01 0.000000000000000000e+00 3.998881506639748173e-02
2.060000000000000000e+02 1.000000000000000000e+00 9.992001274367299235e-01 0.000000000000000000e+00 3.998881506638909955e-02
2.070000000000000000e+02 1.000000000000000000e+00 9.992001274367291463e-01 0.000000000000000000e+00 3.998881506639288125e-02
2.080000000000000000e+02 1.000000000000000000e+00 9.992001274367294794e-01 0.000000000000000000e+00 3.998881506640270672e-02
2.090000000000000000e+02 1.000000000000000000e+00 9.992001274367291463e-01 0.000000000000000000e+00 3.998881506639935524e-02
2.100000000000000000e+02 1.000000000000000000e+00 9.992001274367292574e-01 0.000000000000000000e+00 3.998881506639572619e-02
2.110000000000000000e+02 1.000000000000000000e+00 9.992001274367302566e-01 0.000000000000000000e+00 3.998881506638597705e-02
2.120000000000000000e+02 1.000000000000000000e+00 9.992001274367298125e-01 0.000000000000000000e+00 3.998881506638785749e-02
2.130000000000000000e+02 1.000000000000000000e+00 9.992001274367297015e-01 0.000000000000000000e+00 3.998881506639466454e-02
2.140000000000000000e+02 1.000000000000000000e+00 9.992001274367303676e-01 0.000000000000000000e+00 3.998881506638792688e-02
2.150000000000000000e+02 1.000000000000000000e+00 9.992001274367302566e-01 0.000000000000000000e+00 3.998881506639496292e-02
2.160000000000000000e+02 1.000000000000000000e+00 9.992001274367287023e-01 0.000000000000000000e+00 3.998881506639240940e-02
2.170000000000000000e+02 1.000000000000000000e+00 9.992001274367294794e-01 0.000000000000000000e+00 3.998881506638674033e-02
2.180000000000000000e+02 1.000000000000000000e+00 9.992001274367305896e-01 0.000000000000000000e+00 3.998881506639142408e-02
2.190000000000000000e+02 1.000000000000000000e+00 9.992001274367290353e-01 0.000000000000000000e+00 3.998881506639439393e-02
2.200000000000000000e+02 1.000000000000000000e+00 9.992001274367297015e-01 0.000000000000000000e+00 3.998881506639247879e-02
2.210000000000000000e+02 1.000000000000000000e+00 9.992001274367297015e-01 0.000000000000000000e+00 3.998881506638837097e-02
2.220000000000000000e+02 1.000000000000000000e+00 9.992001274367285912e-01 0.000000000000000000e+00 3.998881506639502537e-02
2.230000000000000000e+02 1.000000000000000000e+00 9.992001274367284802e-01 0.000000000000000000e+00 3.998881506639014732e-02
2.240000000000000000e+02 1.000000000000000000e+00 9.992001274367294794e-01 0.000000000000000000e+00 3.998881506639882788e-02
2.250000000000000000e+02 1.000000000000000000e+00 9.992001274367292574e-01 0.000000000000000000e+00 3.998881506639128530e-02
2.260000000000000000e+02 1.000000000000000000e+00 9.992001274367299235e-01 0.000000000000000000e+00 3.998881506639839073e-02
2.270000000000000000e+02 1.000000000000000000e+00 9.992001274367297015e-01 0.000000000000000000e+00 3.998881506638840566e-02
2.280000000000000000e+02 1.000000000000000000e+00 9.992001274367297015e-01 0.000000000000000000e+00 3.998881506639306166e-02
2.290000000000000000e+02 1.000000000000000000e+00 9.992001274367297015e-01 0.000000000000000000e+00 3.998881506638800321e-02
2.300000000000000000e+02 1.000000000000000000e+00 9.992001274367290353e-01 0.000000000000000000e+00 3.998881506640192957e-02
2.310000000000000000e+02 1.000000000000000000e+00 9.992001274367295904e-01 0.000000000000000000e+00 3.998881506639404004e-02
2.320000000000000000e+02 1.000000000000000000e+00 9.992001274367294794e-01 0.000000000000000000e+00 3.998881506638805178e-02
2.330000000000000000e+02 1.000000000000000000e+00 9.992001274367290353e-01 0.000000000000000000e+00 3.998881506639927197e-02
2.340000000000000000e+02 1.000000000000000000e+00 9.992001274367297015e-01 0.000000000000000000e+00 3.998881506638805872e-02
2.350000000000000000e+02 1.000000000000000000e+00 9.992001274367294794e-01 0.000000000000000000e+00 3.998881506638882199e-02
2.360000000000000000e+02 1.000000000000000000e+00 9.992001274367308117e-01 0.000000000000000000e+00 3.998881506638666400e-02
2.370000000000000000e+02 1.000000000000000000e+00 9.992001274367292574e-01 0.000000000000000000e+00 3.998881506638878730e-02
2.380000000000000000e+02 1.000000000000000000e+00 9.992001274367283692e-01 0.000000000000000000e+00 3.998881506639676009e-02
2.390000000000000000e+02 1.000000000000000000e+00 9.992001274367295904e-01 0.000000000000000000e+00 3.998881506639243716e-02
2.400000000000000000e+02 1.000000000000000000e+00 9.992001274367295904e-01 0.000000000000000000e+00 3.998881506639015426e-02
2.410000000000000000e+02 1.000000000000000000e+00 9.992001274367290353e-01 0.000000000000000000e+00 3.998881506638864158e-02
2.420000000000000000e+02 1.000000000000000000e+00 9.992001274367290353e-01 0.000000000000000000e+00 3.998881506640179079e-02
2.430000000000000000e+02 1.000000000000000000e+00 9.992001274367300345e-01 0.000000000000000000e+00 3.998881506638646277e-02
2.440000000000000000e+02 1.000000000000000000e+00 9.992001274367299235e-01 0.000000000000000000e+00 3.998881506640065975e-02
2.450000000000000000e+02 1.000000000000000000e+00 9.992001274367293684e-01 0.000000000000000000e+00 3.998881506639176409e-02
2.460000000000000000e+02 1.000000000000000000e+00 9.992001274367299235e-01 0.000000000000000000e+00 3.998881506639540701e-02
2.470000000000000000e+02 1.000000000000000000e+00 9.992001274367292574e-01 0.000000000000000000e+00 3.998881506639750949e-02
2.480000000000000000e+02 1.000000000000000000e+00 9.992001274367298125e-01 0.000000000000000000e+00 3.998881506639577477e-02
2.490000000000000000e+02 1.000000000000000000e+00 9.992001274367292574e-01 0.000000000000000000e+00 3.998881506639085509e-02
2.500000000000000000e+02 1.000000000000000000e+00 9.992001274367291463e-01 0.000000000000000000e+00 3.998881506640059036e-02
2.510000000000000000e+02 1.000000000000000000e+00 9.992001274367293684e-01 0.000000000000000000e+00 3.998881506639617722e-02
2.520000000000000000e+02 1.000000000000000000e+00 9.992001274367297015e-01 0.000000000000000000e+00 3.998881506639207634e-02
2.530000000000000000e+02 1.000000000000000000e+00 9.992001274367305896e-01 0.000000000000000000e+00 3.998881506639160449e-02
2.540000000000000000e+02 1.000000000000000000e+00 9.992001274367299235e-01 0.000000000000000000e+00 3.998881506639066774e-02
2.550000000000000000e+02 1.000000000000000000e+00 9.992001274367301455e-01 0.000000000000000000e+00 3.998881506638948119e-02
2.560000000000000000e+02 1.000000000000000000e+00 9.992001274367290353e-01 0.000000000000000000e+00 3.998881506639790501e-02
2.570000000000000000e+02 1.000000000000000000e+00 9.992001274367292574e-01 0.000000000000000000e+00 3.998881506639176409e-02
2.580000000000000000e+02 1.000000000000000000e+00 9.992001274367298125e-01 0.000000000000000000e+00 3.998881506638960609e-02
2.590000000000000000e+02 1.000000000000000000e+00 9.992001274367298125e-01 0.000000000000000000e+00 3.998881506639385269e-02
2.600000000000000000e+02 1.000000000000000000e+00 9.992001274367299235e-01 0.000000000000000000e+00 3.998881506638950895e-02
2.610000000000000000e+02 1.000000000000000000e+00 9.992001274367305896e-01 0.000000000000000000e+00 3.998881506639367228e-02
2.620000000000000000e+02 1.000000000000000000e+00 9.992001274367287023e-01 0.000000000000000000e+00 3.998881506640080546e-02
2.630000000000000000e+02 1.000000000000000000e+00 9.992001274367289243e-01 0.000000000000000000e+00 3.998881506639915401e-02
2.640000000000000000e+02 1.000000000000000000e+00 9.992001274367297015e-01 0.000000000000000000e+00 3.998881506639722500e-02
2.650000000000000000e+02 1.000000000000000000e+00 9.992001274367284802e-01 0.000000000000000000e+00 3.998881506639043182e-02
2.660000000000000000e+02 1.000000000000000000e+00 9.992001274367292574e-01 0.000000000000000000e+00 3.998881506638728850e-02
2.670000000000000000e+02 1.000000000000000000e+00 9.992001274367294794e-01 0.000000000000000000e+00 3.998881506639429678e-02
2.680000000000000000e+02 1.000000000000000000e+00 9.992001274367295904e-01 0.000000000000000000e+00 3.998881506639677397e-02
2.690000000000000000e+02 1.000000000000000000e+00 9.992001274367287023e-01 0.000000000000000000e+00 3.998881506639143102e-02
2.700000000000000000e+02 1.000000000000000000e+00 9.992001274367292574e-01 0.000000000000000000e+00 3.998881506639290900e-02
2.710000000000000000e+02 1.000000000000000000e+00 9.992001274367290353e-01 0.000000000000000000e+00 3.998881506639344330e-02
2.720000000000000000e+02 1.000000000000000000e+00 9.992001274367297015e-01 0.000000000000000000e+00 3.998881506639145184e-02
2.730000000000000000e+02 1.000000000000000000e+00 9.992001274367294794e-01 0.000000000000000000e+00 3.998881506639970218e-02
2.740000000000000000e+02 1.000000000000000000e+00 9.992001274367299235e-01 0.000000000000000000e+00 3.998881506639129918e-02
2.750000000000000000e+02 1.000000000000000000e+00 9.992001274367291463e-01 0.000000000000000000e+00 3.998881506638551214e-02
2.760000000000000000e+02 1.000000000000000000e+00 9.992001274367290353e-01 0.000000000000000000e+00 3.998881506639134081e-02
2.770000000000000000e+02 1.000000000000000000e+00 9.992001274367291463e-01 0.000000000000000000e+00 3.998881506639268696e-02
2.780000000000000000e+02 1.000000000000000000e+00 9.992001274367297015e-01 0.000000000000000000e+00 3.998881506639782174e-02
2.790000000000000000e+02 1.000000000000000000e+00 9.992001274367294794e-01 0.000000000000000000e+00 3.998881506639949401e-02
2.800000000000000000e+02 1.000000000000000000e+00 9.992001274367294794e-01 0.000000000000000000e+00 3.998881506639353350e-02
2.810000000000000000e+02 1.000000000000000000e+00 9.992001274367297015e-01 0.000000000000000000e+00 3.998881506639134081e-02
2.820000000000000000e+02 1.000000000000000000e+00 9.992001274367299235e-01 0.000000000000000000e+00 3.998881506639258981e-02
2.830000000000000000e+02 1.000000000000000000e+00 9.992001274367297015e-01 0.000000000000000000e+00 3.998881506638072431e-02
2.840000000000000000e+02 1.000000000000000000e+00 9.992001274367297015e-01 0.000000000000000000e+00 3.998881506638949507e-02
2.850000000000000000e+02 1.000000000000000000e+00 9.992001274367292574e-01 0.000000000000000000e+00 3.998881506639886951e-02
2.860000000000000000e+02 1.000000000000000000e+00 9.992001274367297015e-01 0.000000000000000000e+00 3.998881506638846811e-02
2.870000000000000000e+02 1.000000000000000000e+00 9.992001274367299235e-01 0.000000000000000000e+00 3.998881506638753136e-02
2.880000000000000000e+02 1.000000000000000000e+00 9.992001274367297015e-01 0.000000000000000000e+00 3.998881506639396372e-02
2.890000000000000000e+02 1.000000000000000000e+00 9.992001274367295904e-01 0.000000000000000000e+00 3.998881506639703071e-02
2.900000000000000000e+02 1.000000000000000000e+00 9.992001274367290353e-01 0.000000000000000000e+00 3.998881506638989058e-02
2.910000000000000000e+02 1.000000000000000000e+00 9.992001274367287023e-01 0.000000000000000000e+00 3.998881506639668376e-02
2.920000000000000000e+02 1.000000000000000000e+00 9.992001274367282582e-01 0.000000000000000000e+00 3.998881506639179184e-02
2.930000000000000000e+02 1.000000000000000000e+00 9.992001274367299235e-01 0.000000000000000000e+00 3.998881506639068856e-02
2.940000000000000000e+02 1.000000000000000000e+00 9.992001274367297015e-01 0.000000000000000000e+00 3.998881506640254019e-02
2.950000000000000000e+02 1.000000000000000000e+00 9.992001274367292574e-01 0.000000000000000000e+00 3.998881506639893196e-02
2.960000000000000000e+02 1.000000000000000000e+00 9.992001274367301455e-01 0.000000000000000000e+00 3.998881506638907873e-02
2.970000000000000000e+02 1.000000000000000000e+00 9.992001274367292574e-01 0.000000000000000000e+00 3.998881506639596906e-02
2.980000000000000000e+02 1.000000000000000000e+00 9.992001274367293684e-01 0.000000000000000000e+00 3.998881506640177691e-02
2.990000000000000000e+02 1.000000000000000000e+00 9.992001274367292574e-01 0.000000000000000000e+00 3.998881506639345718e-02
3.000000000000000000e+02 1.000000000000000000e+00 9.992001274367294794e-01 0.000000000000000000e+00 3.998881506639345718e-02
3.010000000000000000e+02 1.000000000000000000e+00 9.992001274367294794e-01 0.000000000000000000e+00 3.998881506638410355e-02
3.020000000000000000e+02 1.000000000000000000e+00 9.992001274367292574e-01 0.000000000000000000e+00 3.998881506638692074e-02
3.030000000000000000e+02 1.000000000000000000e+00 9.992001274367291463e-01 0.000000000000000000e+00 3.998881506638901628e-02
3.040000000000000000e+02 1.000000000000000000e+00 9.992001274367294794e-01 0.000000000000000000e+00 3.998881506639238165e-02
3.050000000000000000e+02 1.000000000000000000e+00 9.992001274367297015e-01 0.000000000000000000e+00 3.998881506639130612e-02
3.060000000000000000e+02 1.000000000000000000e+00 9.992001274367292574e-01 0.000000000000000000e+00 3.998881506639598987e-02
3.070000000000000000e+02 1.000000000000000000e+00 9.992001274367294794e-01 0.000000000000000000e+00 3.998881506639264533e-02
3.080000000000000000e+02 1.000000000000000000e+00 9.992001274367299235e-01 0.000000000000000000e+00 3.998881506638930772e-02
3.090000000000000000e+02 1.000000000000000000e+00 9.992001274367294794e-01 0.000000000000000000e+00 3.998881506638968936e-02
3.100000000000000000e+02 1.000000000000000000e+00 9.992001274367297015e-01 0.000000000000000000e+00 3.998881506638600480e-02
3.110000000000000000e+02 1.000000000000000000e+00 9.992001274367293684e-01 0.000000000000000000e+00 3.998881506638712890e-02
3.120000000000000000e+02 1.000000000000000000e+00 9.992001274367302566e-01 0.000000000000000000e+00 3.998881506639171551e-02
3.130000000000000000e+02 1.000000000000000000e+00 9.992001274367287023e-01 0.000000000000000000e+00 3.998881506639162531e-02
3.140000000000000000e+02 1.000000000000000000e+00 9.992001274367298125e-01 0.000000000000000000e+00 3.998881506638828770e-02
3.150000000000000000e+02 1.000000000000000000e+00 9.992001274367294794e-01 0.000000000000000000e+00 3.998881506639403310e-02
3.160000000000000000e+02 1.000000000000000000e+00 9.992001274367291463e-01 0.000000000000000000e+00 3.998881506638761463e-02
3.170000000000000000e+02 1.000000000000000000e+00 9.992001274367298125e-01 0.000000000000000000e+00 3.998881506638583827e-02
3.180000000000000000e+02 1.000000000000000000e+00 9.992001274367298125e-01 0.000000000000000000e+00 3.998881506639834910e-02
3.190000000000000000e+02 1.000000000000000000e+00 9.992001274367295904e-01 0.000000000000000000e+00 3.998881506639553884e-02
3.200000000000000000e+02 1.000000000000000000e+00 9.992001274367294794e-01 0.000000000000000000e+00 3.998881506639152816e-02
3.210000000000000000e+02 1.000000000000000000e+00 9.992001274367297015e-01 0.000000000000000000e+00 3.998881506638474193e-02
3.220000000000000000e+02 1.000000000000000000e+00 9.992001274367289243e-01 0.000000000000000000e+00 3.998881506639242328e-02
3.230000000000000000e+02 1.000000000000000000e+00 9.992001274367294794e-01 0.000000000000000000e+00 3.998881506638574113e-02
3.240000000000000000e+02 1.000000000000000000e+00 9.992001274367297015e-01 0.000000000000000000e+00 3.998881506638796851e-02
3.250000000000000000e+02 1.000000000000000000e+00 9.992001274367303676e-01 0.000000000000000000e+00 3.998881506638422845e-02
3.260000000000000000e+02 1.000000000000000000e+00 9.992001274367295904e-01 0.000000000000000000e+00 3.998881506638801708e-02
3.270000000000000000e+02 1.000000000000000000e+00 9.992001274367293684e-01 0.000000000000000000e+00 3.998881506638565092e-02
3.280000000000000000e+02 1.000000000000000000e+00 9.992001274367291463e-01 0.000000000000000000e+00 3.998881506638543581e-02
3.290000000000000000e+02 1.000000000000000000e+00 9.992001274367294794e-01 0.000000000000000000e+00 3.998881506639196531e-02
3.300000000000000000e+02 1.000000000000000000e+00 9.992001274367290353e-01 0.000000000000000000e+00 3.998881506638729544e-02
3.310000000000000000e+02 1.000000000000000000e+00 9.992001274367290353e-01 0.000000000000000000e+00 3.998881506640009076e-02
3.320000000000000000e+02 1.000000000000000000e+00 9.992001274367295904e-01 0.000000000000000000e+00 3.998881506638506111e-02
3.330000000000000000e+02 1.000000000000000000e+00 9.992001274367297015e-01 0.000000000000000000e+00 3.998881506639294370e-02
3.340000000000000000e+02 1.000000000000000000e+00 9.992001274367294794e-01 0.000000000000000000e+00 3.998881506638864158e-02
3.350000000000000000e+02 1.000000000000000000e+00 9.992001274367290353e-01 0.000000000000000000e+00 3.998881506639311717e-02
3.360000000000000000e+02 1.000000000000000000e+00 9.992001274367290353e-01 0.000000000000000000e+00 3.998881506639245104e-02
3.370000000000000000e+02 1.000000000000000000e+00 9.992001274367301455e-01 0.000000000000000000e+00 3.998881506638526928e-02
3.380000000000000000e+02 1.000000000000000000e+00 9.992001274367297015e-01 0.000000000000000000e+00 3.998881506639443556e-02
3.390000000000000000e+02 1.000000000000000000e+00 9.992001274367294794e-01 0.000000000000000000e+00 3.998881506639188899e-02
3.400000000000000000e+02 1.000000000000000000e+00 9.992001274367297015e-01 0.000000000000000000e+00 3.998881506638526234e-02
3.410000000000000000e+02 1.000000000000000000e+00 9.992001274367294794e-01 0.000000000000000000e+00 3.998881506639390127e-02
3.420000000000000000e+02 1.000000000000000000e+00 9.992001274367297015e-01 0.000000000000000000e+00 3.998881506639230532e-02
3.430000000000000000e+02 1.000000000000000000e+00 9.992001274367297015e-01 0.000000000000000000e+00 3.998881506639132694e-02
3.440000000000000000e+02 1.000000000000000000e+00 9.992001274367295904e-01 0.000000000000000000e+00 3.998881506639322819e-02
3.450000000000000000e+02 1.000000000000000000e+00 9.992001274367291463e-01 0.000000000000000000e+00 3.998881506639125755e-02
3.460000000000000000e+02 1.000000000000000000e+00 9.992001274367287023e-01 0.000000000000000000e+00 3.998881506639147265e-02
3.470000000000000000e+02 1.000000000000000000e+00 9.992001274367301455e-01 0.000000000000000000e+00 3.998881506638955752e-02
3.480000000000000000e+02 1.000000000000000000e+00 9.992001274367263708e-01 0.000000000000000000e+00 3.998881506638543581e-02
3.490000000000000000e+02 1.000000000000000000e+00 9.992001274367290353e-01 0.000000000000000000e+00 3.998881506639020283e-02
3.500000000000000000e+02 1.000000000000000000e+00 9.992001274367269259e-01 0.000000000000000000e+00 3.998881506638819749e-02
3.510000000000000000e+02 1.000000000000000000e+00 9.992001274367298125e-01 0.000000000000000000e+00 3.998881506638582439e-02
3.520000000000000000e+02 1.000000000000000000e+00 9.992001274367297015e-01 0.000000000000000000e+00 3.998881506638738564e-02
3.530000000000000000e+02 1.000000000000000000e+00 9.992001274367290353e-01 0.000000000000000000e+00 3.998881506639005712e-02
3.540000000000000000e+02 1.000000000000000000e+00 9.992001274367302566e-01 0.000000000000000000e+00 3.998881506639175715e-02
3.550000000000000000e+02 1.000000000000000000e+00 9.992001274367297015e-01 0.000000000000000000e+00 3.998881506639216654e-02
3.560000000000000000e+02 1.000000000000000000e+00 9.992001274367297015e-01 0.000000000000000000e+00 3.998881506639060529e-02
3.570000000000000000e+02 1.000000000000000000e+00 9.992001274367292574e-01 0.000000000000000000e+00 3.998881506639465067e-02
3.580000000000000000e+02 1.000000000000000000e+00 9.992001274367299235e-01 0.000000000000000000e+00 3.998881506638859301e-02
3.590000000000000000e+02 1.000000000000000000e+00 9.992001274367295904e-01 0.000000000000000000e+00 3.998881506639844624e-02
3.600000000000000000e+02 1.000000000000000000e+00 9.992001274367298125e-01 0.000000000000000000e+00 3.998881506639077182e-02
3.610000000000000000e+02 1.000000000000000000e+00 9.992001274367289243e-01 0.000000000000000000e+00 3.998881506639878625e-02
3.620000000000000000e+02 1.000000000000000000e+00 9.992001274367280361e-01 0.000000000000000000e+00 3.998881506638721911e-02
3.630000000000000000e+02 1.000000000000000000e+00 9.992001274367293684e-01 0.000000000000000000e+00 3.998881506638517214e-02
3.640000000000000000e+02 1.000000000000000000e+00 9.992001274367295904e-01 0.000000000000000000e+00 3.998881506639408168e-02
3.650000000000000000e+02 1.000000000000000000e+00 9.992001274367291463e-01 0.000000000000000000e+00 3.998881506639411637e-02
3.660000000000000000e+02 1.000000000000000000e+00 9.992001274367290353e-01 0.000000000000000000e+00 3.998881506639202776e-02
3.670000000000000000e+02 1.000000000000000000e+00 9.992001274367300345e-01 0.000000000000000000e+00 3.998881506638713584e-02
3.680000000000000000e+02 1.000000000000000000e+00 9.992001274367290353e-01 0.000000000000000000e+00 3.998881506638220229e-02
3.690000000000000000e+02 1.000000000000000000e+00 9.992001274367301455e-01 0.000000000000000000e+00 3.998881506638740646e-02
3.700000000000000000e+02 1.000000000000000000e+00 9.992001274367297015e-01 0.000000000000000000e+00 3.998881506639642702e-02
3.710000000000000000e+02 1.000000000000000000e+00 9.992001274367300345e-01 0.000000000000000000e+00 3.998881506639816175e-02
3.720000000000000000e+02 1.000000000000000000e+00 9.992001274367297015e-01 0.000000000000000000e+00 3.998881506638958527e-02
3.730000000000000000e+02 1.000000000000000000e+00 9.992001274367303676e-01 0.000000000000000000e+00 3.998881506638390232e-02
3.740000000000000000e+02 1.000000000000000000e+00 9.992001274367297015e-01 0.000000000000000000e+00 3.998881506638749667e-02
3.750000000000000000e+02 1.000000000000000000e+00 9.992001274367292574e-01 0.000000000000000000e+00 3.998881506639606620e-02
3.760000000000000000e+02 1.000000000000000000e+00 9.992001274367295904e-01 0.000000000000000000e+00 3.998881506638803096e-02
3.770000000000000000e+02 1.000000000000000000e+00 9.992001274367294794e-01 0.000000000000000000e+00 3.998881506639039712e-02
3.780000000000000000e+02 1.000000000000000000e+00 9.992001274367262598e-01 0.000000000000000000e+00 3.998881506638696237e-02
3.790000000000000000e+02 1.000000000000000000e+00 9.992001274367294794e-01 0.000000000000000000e+00 3.998881506638991834e-02
3.800000000000000000e+02 1.000000000000000000e+00 9.992001274367299235e-01 0.000000000000000000e+00 3.998881506639539313e-02
3.810000000000000000e+02 1.000000000000000000e+00 9.992001274367292574e-01 0.000000000000000000e+00 3.998881506638697625e-02
3.820000000000000000e+02 1.000000000000000000e+00 9.992001274367297015e-01 0.000000000000000000e+00 3.998881506639351269e-02
3.830000000000000000e+02 1.000000000000000000e+00 9.992001274367292574e-01 0.000000000000000000e+00 3.998881506639844624e-02
3.840000000000000000e+02 1.000000000000000000e+00 9.992001274367282582e-01 0.000000000000000000e+00 3.998881506639035549e-02
3.850000000000000000e+02 1.000000000000000000e+00 9.992001274367294794e-01 0.000000000000000000e+00 3.998881506639328370e-02
3.860000000000000000e+02 1.000000000000000000e+00 9.992001274367299235e-01 0.000000000000000000e+00 3.998881506639476169e-02
3.870000000000000000e+02 1.000000000000000000e+00 9.992001274367298125e-01 0.000000000000000000e+00 3.998881506639047345e-02
3.880000000000000000e+02 1.000000000000000000e+00 9.992001274367295904e-01 0.000000000000000000e+00 3.998881506638607419e-02
3.890000000000000000e+02 1.000000000000000000e+00 9.992001274367301455e-01 0.000000000000000000e+00 3.998881506639342248e-02
3.900000000000000000e+02 1.000000000000000000e+00 9.992001274367311447e-01 0.000000000000000000e+00 3.998881506638724687e-02
3.910000000000000000e+02 1.000000000000000000e+00 9.992001274367290353e-01 0.000000000000000000e+00 3.998881506638810035e-02
3.920000000000000000e+02 1.000000000000000000e+00 9.992001274367294794e-01 0.000000000000000000e+00 3.998881506638444355e-02
3.930000000000000000e+02 1.000000000000000000e+00 9.992001274367292574e-01 0.000000000000000000e+00 3.998881506638447825e-02
3.940000000000000000e+02 1.000000000000000000e+00 9.992001274367287023e-01 0.000000000000000000e+00 3.998881506639614253e-02
3.950000000000000000e+02 1.000000000000000000e+00 9.992001274367301455e-01 0.000000000000000000e+00 3.998881506638990446e-02
3.960000000000000000e+02 1.000000000000000000e+00 9.992001274367297015e-01 0.000000000000000000e+00 3.998881506639294370e-02
3.970000000000000000e+02 1.000000000000000000e+00 9.992001274367291463e-01 0.000000000000000000e+00 3.998881506638608113e-02
3.980000000000000000e+02 1.000000000000000000e+00 9.992001274367295904e-01 0.000000000000000000e+00 3.998881506639610089e-02
3.990000000000000000e+02 1.000000000000000000e+00 9.992001274367293684e-01 0.000000000000000000e+00 3.998881506639508088e-02
4.000000000000000000e+02 1.000000000000000000e+00 9.992001274367299235e-01 0.000000000000000000e+00 3.998881506638274352e-02
4.010000000000000000e+02 1.000000000000000000e+00 9.992001274367304786e-01 0.000000000000000000e+00 3.998881506638990446e-02
4.020000000000000000e+02 1.000000000000000000e+00 9.992001274367302566e-01 0.000000000000000000e+00 3.998881506638866934e-02
4.030000000000000000e+02 1.000000000000000000e+00 9.992001274367295904e-01 0.000000000000000000e+00 3.998881506639000161e-02
4.040000000000000000e+02 1.000000000000000000e+00 9.992001274367292574e-01 0.000000000000000000e+00 3.998881506638678890e-02
4.050000000000000000e+02 1.000000000000000000e+00 9.992001274367300345e-01 0.000000000000000000e+00 3.998881506639488659e-02
4.060000000000000000e+02 1.000000000000000000e+00 9.992001274367299235e-01 0.000000000000000000e+00 3.998881506638755912e-02
4.070000000000000000e+02 1.000000000000000000e+00 9.992001274367297015e-01 0.000000000000000000e+00 3.998881506638093941e-02
4.080000000000000000e+02 1.000000000000000000e+00 9.992001274367294794e-01 0.000000000000000000e+00 3.998881506638795463e-02
4.090000000000000000e+02 1.000000000000000000e+00 9.992001274367299235e-01 0.000000000000000000e+00 3.998881506638915506e-02
4.100000000000000000e+02 1.000000000000000000e+00 9.992001274367299235e-01 0.000000000000000000e+00 3.998881506640046546e-02
4.110000000000000000e+02 1.000000000000000000e+00 9.992001274367287023e-01 0.000000000000000000e+00 3.998881506638291006e-02
4.120000000000000000e+02 1.000000000000000000e+00 9.992001274367300345e-01 0.000000000000000000e+00 3.998881506638599093e-02
4.130000000000000000e+02 1.000000000000000000e+00 9.992001274367294794e-01 0.000000000000000000e+00 3.998881506638810035e-02
4.140000000000000000e+02 1.000000000000000000e+00 9.992001274367292574e-01 0.000000000000000000e+00 3.998881506639000161e-02
4.150000000000000000e+02 1.000000000000000000e+00 9.992001274367284802e-01 0.000000000000000000e+00 3.998881506638592848e-02
4.160000000000000000e+02 1.000000000000000000e+00 9.992001274367295904e-01 0.000000000000000000e+00 3.998881506638274352e-02
4.170000000000000000e+02 1.000000000000000000e+00 9.992001274367299235e-01 0.000000000000000000e+00 3.998881506638189698e-02
4.180000000000000000e+02 1.000000000000000000e+00 9.992001274367292574e-01 0.000000000000000000e+00 3.998881506639212491e-02
4.190000000000000000e+02 1.000000000000000000e+00 9.992001274367290353e-01 0.000000000000000000e+00 3.998881506638517214e-02
4.200000000000000000e+02 1.000000000000000000e+00 9.992001274367294794e-01 0.000000000000000000e+00 3.998881506638807259e-02
4.210000000000000000e+02 1.000000000000000000e+00 9.992001274367299235e-01 0.000000000000000000e+00 3.998881506638716360e-02
4.220000000000000000e+02 1.000000000000000000e+00 9.992001274367303676e-01 0.000000000000000000e+00 3.998881506639114652e-02
4.230000000000000000e+02 1.000000000000000000e+00 9.992001274367300345e-01 0.000000000000000000e+00 3.998881506639050121e-02
4.240000000000000000e+02 1.000000000000000000e+00 9.992001274367292574e-01 0.000000000000000000e+00 3.998881506638513050e-02
4.250000000000000000e+02 1.000000000000000000e+00 9.992001274367298125e-01 0.000000000000000000e+00 3.998881506638517214e-02
4.260000000000000000e+02 1.000000000000000000e+00 9.992001274367297015e-01 0.000000000000000000e+00 3.998881506639309635e-02
4.270000000000000000e+02 1.000000000000000000e+00 9.992001274367298125e-01 0.000000000000000000e+00 3.998881506639025835e-02
4.280000000000000000e+02 1.000000000000000000e+00 9.992001274367284802e-01 0.000000000000000000e+00 3.998881506638278516e-02
4.290000000000000000e+02 1.000000000000000000e+00 9.992001274367299235e-01 0.000000000000000000e+00 3.998881506638909261e-02
4.300000000000000000e+02 1.000000000000000000e+00 9.992001274367301455e-01 0.000000000000000000e+00 3.998881506638130717e-02
4.310000000000000000e+02 1.000000000000000000e+00 9.992001274367287023e-01 0.000000000000000000e+00 3.998881506638853056e-02
4.320000000000000000e+02 1.000000000000000000e+00 9.992001274367292574e-01 0.000000000000000000e+00 3.998881506638608807e-02
4.330000000000000000e+02 1.000000000000000000e+00 9.992001274367300345e-01 0.000000000000000000e+00 3.998881506638794076e-02
4.340000000000000000e+02 1.000000000000000000e+00 9.992001274367291463e-01 0.000000000000000000e+00 3.998881506638661543e-02
4.350000000000000000e+02 1.000000000000000000e+00 9.992001274367292574e-01 0.000000000000000000e+00 3.998881506638915506e-02
4.360000000000000000e+02 1.000000000000000000e+00 9.992001274367289243e-01 0.000000000000000000e+00 3.998881506638637950e-02
4.370000000000000000e+02 1.000000000000000000e+00 9.992001274367291463e-01 0.000000000000000000e+00 3.998881506639147265e-02
4.380000000000000000e+02 1.000000000000000000e+00 9.992001274367302566e-01 0.000000000000000000e+00 3.998881506638580358e-02
4.390000000000000000e+02 1.000000000000000000e+00 9.992001274367297015e-01 0.000000000000000000e+00 3.998881506639480332e-02
4.400000000000000000e+02 1.000000000000000000e+00 9.992001274367298125e-01 0.000000000000000000e+00 3.998881506638438804e-02
4.410000000000000000e+02 1.000000000000000000e+00 9.992001274367303676e-01 0.000000000000000000e+00 3.998881506638743422e-02
4.420000000000000000e+02 1.000000000000000000e+00 9.992001274367297015e-01 0.000000000000000000e+00 3.998881506638590072e-02
4.430000000000000000e+02 1.000000000000000000e+00 9.992001274367319219e-01 0.000000000000000000e+00 3.998881506638728156e-02
4.440000000000000000e+02 1.000000000000000000e+00 9.992001274367290353e-01 0.000000000000000000e+00 3.998881506638983507e-02
4.450000000000000000e+02 1.000000000000000000e+00 9.992001274367299235e-01 0.000000000000000000e+00 3.998881506638158473e-02
4.460000000000000000e+02 1.000000000000000000e+00 9.992001274367287023e-01 0.000000000000000000e+00 3.998881506639269390e-02
4.470000000000000000e+02 1.000000000000000000e+00 9.992001274367294794e-01 0.000000000000000000e+00 3.998881506638497091e-02
4.480000000000000000e+02 1.000000000000000000e+00 9.992001274367295904e-01 0.000000000000000000e+00 3.998881506638501254e-02
4.490000000000000000e+02 1.000000000000000000e+00 9.992001274367299235e-01 0.000000000000000000e+00 3.998881506639700989e-02
4.500000000000000000e+02 1.000000000000000000e+00 9.992001274367300345e-01 0.000000000000000000e+00 3.998881506638653216e-02
4.510000000000000000e+02 1.000000000000000000e+00 9.992001274367301455e-01 0.000000000000000000e+00 3.998881506638734401e-02
4.520000000000000000e+02 1.000000000000000000e+00 9.992001274367279251e-01 0.000000000000000000e+00 3.998881506638232025e-02
4.530000000000000000e+02 1.000000000000000000e+00 9.992001274367301455e-01 0.000000000000000000e+00 3.998881506638446437e-02
4.540000000000000000e+02 1.000000000000000000e+00 9.992001274367297015e-01 0.000000000000000000e+00 3.998881506638858607e-02
4.550000000000000000e+02 1.000000000000000000e+00 9.992001274367299235e-01 0.000000000000000000e+00 3.998881506639403310e-02
4.560000000000000000e+02 1.000000000000000000e+00 9.992001274367295904e-01 0.000000000000000000e+00 3.998881506638745503e-02
4.570000000000000000e+02 1.000000000000000000e+00 9.992001274367275920e-01 0.000000000000000000e+00 3.998881506638491540e-02
4.580000000000000000e+02 1.000000000000000000e+00 9.992001274367300345e-01 0.000000000000000000e+00 3.998881506638207739e-02
4.590000000000000000e+02 1.000000000000000000e+00 9.992001274367292574e-01 0.000000000000000000e+00 3.998881506639524047e-02
4.600000000000000000e+02 1.000000000000000000e+00 9.992001274367297015e-01 0.000000000000000000e+00 3.998881506638987671e-02
4.610000000000000000e+02 1.000000000000000000e+00 9.992001274367295904e-01 0.000000000000000000e+00 3.998881506638189698e-02
4.620000000000000000e+02 1.000000000000000000e+00 9.992001274367308117e-01 0.000000000000000000e+00 3.998881506638740646e-02
4.630000000000000000e+02 1.000000000000000000e+00 9.992001274367304786e-01 0.000000000000000000e+00 3.998881506638402028e-02
4.640000000000000000e+02 1.000000000000000000e+00 9.992001274367302566e-01 0.000000000000000000e+00 3.998881506638018307e-02
4.650000000000000000e+02 1.000000000000000000e+00 9.992001274367294794e-01 0.000000000000000000e+00 3.998881506638714278e-02
4.660000000000000000e+02 1.000000000000000000e+00 9.992001274367297015e-01 0.000000000000000000e+00 3.998881506638460315e-02
4.670000000000000000e+02 1.000000000000000000e+00 9.992001274367297015e-01 0.000000000000000000e+00 3.998881506638464478e-02
4.680000000000000000e+02 1.000000000000000000e+00 9.992001274367295904e-01 0.000000000000000000e+00 3.998881506639150735e-02
4.690000000000000000e+02 1.000000000000000000e+00 9.992001274367285912e-01 0.000000000000000000e+00 3.998881506638612277e-02
4.700000000000000000e+02 1.000000000000000000e+00 9.992001274367299235e-01 0.000000000000000000e+00 3.998881506638649053e-02
4.710000000000000000e+02 1.000000000000000000e+00 9.992001274367294794e-01 0.000000000000000000e+00 3.998881506638284067e-02
4.720000000000000000e+02 1.000000000000000000e+00 9.992001274367299235e-01 0.000000000000000000e+00 3.998881506638472805e-02
4.730000000000000000e+02 1.000000000000000000e+00 9.992001274367294794e-01 0.000000000000000000e+00 3.998881506637699812e-02
4.740000000000000000e+02 1.000000000000000000e+00 9.992001274367294794e-01 0.000000000000000000e+00 3.998881506639057754e-02
4.750000000000000000e+02 1.000000000000000000e+00 9.992001274367290353e-01 0.000000000000000000e+00 3.998881506638703176e-02
4.760000000000000000e+02 1.000000000000000000e+00 9.992001274367280361e-01 0.000000000000000000e+00 3.998881506637994021e-02
4.770000000000000000e+02 1.000000000000000000e+00 9.992001274367294794e-01 0.000000000000000000e+00 3.998881506638828076e-02
4.780000000000000000e+02 1.000000000000000000e+00 9.992001274367292574e-01 0.000000000000000000e+00 3.998881506638433253e-02
4.790000000000000000e+02 1.000000000000000000e+00 9.992001274367301455e-01 0.000000000000000000e+00 3.998881506638506111e-02
4.800000000000000000e+02 1.000000000000000000e+00 9.992001274367294794e-01 0.000000000000000000e+00 3.998881506638767708e-02
4.810000000000000000e+02 1.000000000000000000e+00 9.992001274367295904e-01 0.000000000000000000e+00 3.998881506638780892e-02
4.820000000000000000e+02 1.000000000000000000e+00 9.992001274367299235e-01 0.000000000000000000e+00 3.998881506638038430e-02
4.830000000000000000e+02 1.000000000000000000e+00 9.992001274367300345e-01 0.000000000000000000e+00 3.998881506638064104e-02
4.840000000000000000e+02 1.000000000000000000e+00 9.992001274367297015e-01 0.000000000000000000e+00 3.998881506638750361e-02
4.850000000000000000e+02 1.000000000000000000e+00 9.992001274367295904e-01 0.000000000000000000e+00 3.998881506639260369e-02
4.860000000000000000e+02 1.000000000000000000e+00 9.992001274367285912e-01 0.000000000000000000e+00 3.998881506638594929e-02
4.870000000000000000e+02 1.000000000000000000e+00 9.992001274367292574e-01 0.000000000000000000e+00 3.998881506638278516e-02
4.880000000000000000e+02 1.000000000000000000e+00 9.992001274367287023e-01 0.000000000000000000e+00 3.998881506638433253e-02
4.890000000000000000e+02 1.000000000000000000e+00 9.992001274367242614e-01 0.000000000000000000e+00 3.998881506638046063e-02
4.900000000000000000e+02 1.000000000000000000e+00 9.992001274367299235e-01 0.000000000000000000e+00 3.998881506638916894e-02
4.910000000000000000e+02 1.000000000000000000e+00 9.992001274367299235e-01 0.000000000000000000e+00 3.998881506637563116e-02
4.920000000000000000e+02 1.000000000000000000e+00 9.992001274367301455e-01 0.000000000000000000e+00 3.998881506638796851e-02
4.930000000000000000e+02 1.000000000000000000e+00 9.992001274367287023e-01 0.000000000000000000e+00 3.998881506638606725e-02
4.940000000000000000e+02 1.000000000000000000e+00 9.992001274367291463e-01 0.000000000000000000e+00 3.998881506638624073e-02
4.950000000000000000e+02 1.000000000000000000e+00 9.992001274367285912e-01 0.000000000000000000e+00 3.998881506639155592e-02
4.960000000000000000e+02 1.000000000000000000e+00 9.992001274367264818e-01 0.000000000000000000e+00 3.998881506637901734e-02
4.970000000000000000e+02 1.000000000000000000e+00 9.992001274367295904e-01 0.000000000000000000e+00 3.998881506639338779e-02
4.980000000000000000e+02 1.000000000000000000e+00 9.992001274367294794e-01 0.000000000000000000e+00 3.998881506637988470e-02
4.990000000000000000e+02 1.000000000000000000e+00 9.992001274367284802e-01 0.000000000000000000e+00 3.998881506639097305e-02
