500 4
0.000000000000000000e+00 1.000000000000000000e+00 9.992001274367257047e-01 0.000000000000000000e+00 3.998881506637765731e-02
1.000000000000000000e+00 1.000000000000000000e+00 9.992001274367210417e-01 0.000000000000000000e+00 3.998881506637750466e-02
2.000000000000000000e+00 1.000000000000000000e+00 9.992001274367237063e-01 0.000000000000000000e+00 3.998881506637795569e-02
3.000000000000000000e+00 1.000000000000000000e+00 9.992001274367208197e-01 0.000000000000000000e+00 3.998881506637742833e-02
4.000000000000000000e+00 1.000000000000000000e+00 9.992001274367242614e-01 0.000000000000000000e+00 3.998881506637780997e-02
5.000000000000000000e+00 1.000000000000000000e+00 9.992001274367254826e-01 0.000000000000000000e+00 3.998881506637805283e-02
6.000000000000000000e+00 1.000000000000000000e+00 9.992001274367209307e-01 0.000000000000000000e+00 3.998881506637715771e-02
7.000000000000000000e+00 1.000000000000000000e+00 9.992001274367271479e-01 0.000000000000000000e+00 3.998881506637694261e-02
8.000000000000000000e+00 1.000000000000000000e+00 9.992001274367114938e-01 0.000000000000000000e+00 3.998881506637674832e-02
9.000000000000000000e+00 1.000000000000000000e+00 9.992001274367219299e-01 0.000000000000000000e+00 3.998881506637748384e-02
1.000000000000000000e+01 1.000000000000000000e+00 9.992001274367208197e-01 0.000000000000000000e+00 3.998881506637672056e-02
1.100000000000000000e+01 1.000000000000000000e+00 9.992001274367258157e-01 0.000000000000000000e+00 3.998881506637685934e-02
1.200000000000000000e+01 1.000000000000000000e+00 9.992001274367190433e-01 0.000000000000000000e+00 3.998881506637710220e-02
1.300000000000000000e+01 1.000000000000000000e+00 9.992001274367232622e-01 0.000000000000000000e+00 3.998881506637734506e-02
1.400000000000000000e+01 1.000000000000000000e+00 9.992001274367237063e-01 0.000000000000000000e+00 3.998881506637738670e-02
1.500000000000000000e+01 1.000000000000000000e+00 9.992001274367259267e-01 0.000000000000000000e+00 3.998881506637650546e-02
1.600000000000000000e+01 1.000000000000000000e+00 9.992001274367126040e-01 0.000000000000000000e+00 3.998881506637592259e-02
1.700000000000000000e+01 1.000000000000000000e+00 9.992001274367294794e-01 0.000000000000000000e+00 3.998881506637779609e-02
1.800000000000000000e+01 1.000000000000000000e+00 9.992001274367219299e-01 0.000000000000000000e+00 3.998881506637699118e-02
1.900000000000000000e+01 1.000000000000000000e+00 9.992001274367244834e-01 0.000000000000000000e+00 3.998881506637729649e-02
2.000000000000000000e+01 1.000000000000000000e+00 9.992001274367248165e-01 0.000000000000000000e+00 3.998881506637732425e-02
2.100000000000000000e+01 1.000000000000000000e+00 9.992001274367151575e-01 0.000000000000000000e+00 3.998881506637685934e-02
2.200000000000000000e+01 1.000000000000000000e+00 9.992001274367273700e-01 0.000000000000000000e+00 3.998881506637764344e-02
2.300000000000000000e+01 1.000000000000000000e+00 9.992001274367254826e-01 0.000000000000000000e+00 3.998881506637716465e-02
2.400000000000000000e+01 1.000000000000000000e+00 9.992001274367274810e-01 0.000000000000000000e+00 3.998881506637777528e-02
2.500000000000000000e+01 1.000000000000000000e+00 9.992001274367264818e-01 0.000000000000000000e+00 3.998881506637778221e-02
2.600000000000000000e+01 1.000000000000000000e+00 9.992001274367259267e-01 0.000000000000000000e+00 3.998881506637835120e-02
2.700000000000000000e+01 1.000000000000000000e+00 9.992001274367233732e-01 0.000000000000000000e+00 3.998881506637771283e-02
2.800000000000000000e+01 1.000000000000000000e+00 9.992001274367209307e-01 0.000000000000000000e+00 3.998881506637734506e-02
2.900000000000000000e+01 1.000000000000000000e+00 9.992001274367239283e-01 0.000000000000000000e+00 3.998881506637738670e-02
3.000000000000000000e+01 1.000000000000000000e+00 9.992001274367147134e-01 0.000000000000000000e+00 3.998881506637635974e-02
3.100000000000000000e+01 1.000000000000000000e+00 9.992001274367249275e-01 0.000000000000000000e+00 3.998881506637771976e-02
3.200000000000000000e+01 1.000000000000000000e+00 9.992001274367169339e-01 0.000000000000000000e+00 3.998881506637676220e-02
3.300000000000000000e+01 1.000000000000000000e+00 9.992001274367209307e-01 0.000000000000000000e+00 3.998881506637729649e-02
3.400000000000000000e+01 1.000000000000000000e+00 9.992001274367213748e-01 0.000000000000000000e+00 3.998881506637699812e-02
3.500000000000000000e+01 1.000000000000000000e+00 9.992001274367239283e-01 0.000000000000000000e+00 3.998881506637741445e-02
3.600000000000000000e+01 1.000000000000000000e+00 9.992001274367249275e-01 0.000000000000000000e+00 3.998881506637773364e-02
3.700000000000000000e+01 1.000000000000000000e+00 9.992001274367210417e-01 0.000000000000000000e+00 3.998881506637664424e-02
3.800000000000000000e+01 1.000000000000000000e+00 9.992001274366912877e-01 0.000000000000000000e+00 3.998881506637559646e-02
3.900000000000000000e+01 1.000000000000000000e+00 9.992001274367269259e-01 0.000000000000000000e+00 3.998881506637758099e-02
4.000000000000000000e+01 1.000000000000000000e+00 9.992001274367238173e-01 0.000000000000000000e+00 3.998881506637736588e-02
4.100000000000000000e+01 1.000000000000000000e+00 9.992001274367228181e-01 0.000000000000000000e+00 3.998881506637712996e-02
4.200000000000000000e+01 1.000000000000000000e+00 9.992001274367255936e-01 0.000000000000000000e+00 3.998881506637699812e-02
4.300000000000000000e+01 1.000000000000000000e+00 9.992001274367257047e-01 0.000000000000000000e+00 3.998881506637750466e-02
4.400000000000000000e+01 1.000000000000000000e+00 9.992001274367258157e-01 0.000000000000000000e+00 3.998881506637741445e-02
4.500000000000000000e+01 1.000000000000000000e+00 9.992001274367250385e-01 0.000000000000000000e+00 3.998881506637740751e-02
4.600000000000000000e+01 1.000000000000000000e+00 9.992001274367205976e-01 0.000000000000000000e+00 3.998881506637705363e-02
4.700000000000000000e+01 1.000000000000000000e+00 9.992001274367214858e-01 0.000000000000000000e+00 3.998881506637710914e-02
4.800000000000000000e+01 1.000000000000000000e+00 9.992001274367234842e-01 0.000000000000000000e+00 3.998881506637746996e-02
4.900000000000000000e+01 1.000000000000000000e+00 9.992001274366912877e-01 0.000000000000000000e+00 3.998881506637557565e-02
5.000000000000000000e+01 1.000000000000000000e+00 9.992001274367207087e-01 0.000000000000000000e+00 3.998881506637699812e-02
5.100000000000000000e+01 1.000000000000000000e+00 9.992001274367242614e-01 0.000000000000000000e+00 3.998881506637746303e-02
5.200000000000000000e+01 1.000000000000000000e+00 9.992001274367271479e-01 0.000000000000000000e+00 3.998881506637765731e-02
5.300000000000000000e+01 1.000000000000000000e+00 9.992001274367251495e-01 0.000000000000000000e+00 3.998881506637649158e-02
5.400000000000000000e+01 1.000000000000000000e+00 9.992001274367260377e-01 0.000000000000000000e+00 3.998881506637736588e-02
5.500000000000000000e+01 1.000000000000000000e+00 9.992001274367228181e-01 0.000000000000000000e+00 3.998881506637715078e-02
5.600000000000000000e+01 1.000000000000000000e+00 9.992001274367199315e-01 0.000000000000000000e+00 3.998881506637684546e-02
5.700000000000000000e+01 1.000000000000000000e+00 9.992001274367169339e-01 0.000000000000000000e+00 3.998881506637707445e-02
5.800000000000000000e+01 1.000000000000000000e+00 9.992001274367187102e-01 0.000000000000000000e+00 3.998881506637687322e-02
5.900000000000000000e+01 1.000000000000000000e+00 9.992001274367170449e-01 0.000000000000000000e+00 3.998881506637710220e-02
6.000000000000000000e+01 1.000000000000000000e+00 9.992001274367260377e-01 0.000000000000000000e+00 3.998881506637680383e-02
6.100000000000000000e+01 1.000000000000000000e+00 9.992001274367221519e-01 0.000000000000000000e+00 3.998881506637718547e-02
6.200000000000000000e+01 1.000000000000000000e+00 9.992001274367304786e-01 0.000000000000000000e+00 3.998881506637821937e-02
6.300000000000000000e+01 1.000000000000000000e+00 9.992001274367228181e-01 0.000000000000000000e+00 3.998881506637732425e-02
6.400000000000000000e+01 1.000000000000000000e+00 9.992001274367239283e-01 0.000000000000000000e+00 3.998881506637683159e-02
6.500000000000000000e+01 1.000000000000000000e+00 9.992001274367244834e-01 0.000000000000000000e+00 3.998881506637735200e-02
6.600000000000000000e+01 1.000000000000000000e+00 9.992001274367137142e-01 0.000000000000000000e+00 3.998881506637622096e-02
6.700000000000000000e+01 1.000000000000000000e+00 9.992001274367231511e-01 0.000000000000000000e+00 3.998881506637767813e-02
6.800000000000000000e+01 1.000000000000000000e+00 9.992001274367133812e-01 0.000000000000000000e+00 3.998881506637650546e-02
6.900000000000000000e+01 1.000000000000000000e+00 9.992001274367182662e-01 0.000000000000000000e+00 3.998881506637669281e-02
7.000000000000000000e+01 1.000000000000000000e+00 9.992001274367255936e-01 0.000000000000000000e+00 3.998881506637680383e-02
7.100000000000000000e+01 1.000000000000000000e+00 9.992001274367203756e-01 0.000000000000000000e+00 3.998881506637706751e-02
7.200000000000000000e+01 1.000000000000000000e+00 9.992001274367228181e-01 0.000000000000000000e+00 3.998881506637710914e-02
7.300000000000000000e+01 1.000000000000000000e+00 9.992001274367210417e-01 0.000000000000000000e+00 3.998881506637683159e-02
7.400000000000000000e+01 1.000000000000000000e+00 9.992001274367228181e-01 0.000000000000000000e+00 3.998881506637718547e-02
7.500000000000000000e+01 1.000000000000000000e+00 9.992001274367258157e-01 0.000000000000000000e+00 3.998881506637711608e-02
7.600000000000000000e+01 1.000000000000000000e+00 9.992001274367169339e-01 0.000000000000000000e+00 3.998881506637677608e-02
7.700000000000000000e+01 1.000000000000000000e+00 9.992001274367247055e-01 0.000000000000000000e+00 3.998881506637707445e-02
7.800000000000000000e+01 1.000000000000000000e+00 9.992001274367199315e-01 0.000000000000000000e+00 3.998881506637691485e-02
7.900000000000000000e+01 1.000000000000000000e+00 9.992001274367248165e-01 0.000000000000000000e+00 3.998881506637776834e-02
8.000000000000000000e+01 1.000000000000000000e+00 9.992001274367208197e-01 0.000000000000000000e+00 3.998881506637695649e-02
8.100000000000000000e+01 1.000000000000000000e+00 9.992001274367228181e-01 0.000000000000000000e+00 3.998881506637723404e-02
8.200000000000000000e+01 1.000000000000000000e+00 9.992001274367277031e-01 0.000000000000000000e+00 3.998881506637751160e-02
8.300000000000000000e+01 1.000000000000000000e+00 9.992001274367272590e-01 0.000000000000000000e+00 3.998881506637809446e-02
8.400000000000000000e+01 1.000000000000000000e+00 9.992001274367281471e-01 0.000000000000000000e+00 3.998881506637735200e-02
8.500000000000000000e+01 1.000000000000000000e+00 9.992001274367201535e-01 0.000000000000000000e+00 3.998881506637746303e-02
8.600000000000000000e+01 1.000000000000000000e+00 9.992001274367268149e-01 0.000000000000000000e+00 3.998881506637799732e-02
8.700000000000000000e+01 1.000000000000000000e+00 9.992001274367262598e-01 0.000000000000000000e+00 3.998881506637736588e-02
8.800000000000000000e+01 1.000000000000000000e+00 9.992001274367156016e-01 0.000000000000000000e+00 3.998881506637667199e-02
8.900000000000000000e+01 1.000000000000000000e+00 9.992001274367243724e-01 0.000000000000000000e+00 3.998881506637677608e-02
9.000000000000000000e+01 1.000000000000000000e+00 9.992001274367210417e-01 0.000000000000000000e+00 3.998881506637748384e-02
9.100000000000000000e+01 1.000000000000000000e+00 9.992001274367234842e-01 0.000000000000000000e+00 3.998881506637733119e-02
9.200000000000000000e+01 1.000000000000000000e+00 9.992001274367210417e-01 0.000000000000000000e+00 3.998881506637729649e-02
9.300000000000000000e+01 1.000000000000000000e+00 9.992001274367289243e-01 0.000000000000000000e+00 3.998881506637780303e-02
9.400000000000000000e+01 1.000000000000000000e+00 9.992001274367275920e-01 0.000000000000000000e+00 3.998881506637649158e-02
9.500000000000000000e+01 1.000000000000000000e+00 9.992001274367271479e-01 0.000000000000000000e+00 3.998881506637783773e-02
9.600000000000000000e+01 1.000000000000000000e+00 9.992001274367237063e-01 0.000000000000000000e+00 3.998881506637742139e-02
9.700000000000000000e+01 1.000000000000000000e+00 9.992001274367252606e-01 0.000000000000000000e+00 3.998881506637768507e-02
9.800000000000000000e+01 1.000000000000000000e+00 9.992001274367249275e-01 0.000000000000000000e+00 3.998881506637704669e-02
9.900000000000000000e+01 1.000000000000000000e+00 9.992001274367253716e-01 0.000000000000000000e+00 3.998881506637728261e-02
1.000000000000000000e+02 1.000000000000000000e+00 9.992001274367194874e-01 0.000000000000000000e+00 3.998881506637698424e-02
1.010000000000000000e+02 1.000000000000000000e+00 9.992001274367230401e-01 0.000000000000000000e+00 3.998881506637732425e-02
1.020000000000000000e+02 1.000000000000000000e+00 9.992001274367239283e-01 0.000000000000000000e+00 3.998881506637726180e-02
1.030000000000000000e+02 1.000000000000000000e+00 9.992001274367253716e-01 0.000000000000000000e+00 3.998881506637759486e-02
1.040000000000000000e+02 1.000000000000000000e+00 9.992001274367273700e-01 0.000000000000000000e+00 3.998881506637749078e-02
1.050000000000000000e+02 1.000000000000000000e+00 9.992001274366980601e-01 0.000000000000000000e+00 3.998881506637568667e-02
1.060000000000000000e+02 1.000000000000000000e+00 9.992001274367247055e-01 0.000000000000000000e+00 3.998881506637717159e-02
1.070000000000000000e+02 1.000000000000000000e+00 9.992001274367195984e-01 0.000000000000000000e+00 3.998881506637715078e-02
1.080000000000000000e+02 1.000000000000000000e+00 9.992001274367210417e-01 0.000000000000000000e+00 3.998881506637676914e-02
1.090000000000000000e+02 1.000000000000000000e+00 9.992001274367180441e-01 0.000000000000000000e+00 3.998881506637687322e-02
1.100000000000000000e+02 1.000000000000000000e+00 9.992001274367217079e-01 0.000000000000000000e+00 3.998881506637719935e-02
1.110000000000000000e+02 1.000000000000000000e+00 9.992001274367280361e-01 0.000000000000000000e+00 3.998881506637750466e-02
1.120000000000000000e+02 1.000000000000000000e+00 9.992001274367277031e-01 0.000000000000000000e+00 3.998881506637779609e-02
1.130000000000000000e+02 1.000000000000000000e+00 9.992001274367229291e-01 0.000000000000000000e+00 3.998881506637745609e-02
1.140000000000000000e+02 1.000000000000000000e+00 9.992001274367225960e-01 0.000000000000000000e+00 3.998881506637719935e-02
1.150000000000000000e+02 1.000000000000000000e+00 9.992001274367131591e-01 0.000000000000000000e+00 3.998881506637640137e-02
1.160000000000000000e+02 1.000000000000000000e+00 9.992001274367249275e-01 0.000000000000000000e+00 3.998881506637752548e-02
1.170000000000000000e+02 1.000000000000000000e+00 9.992001274367203756e-01 0.000000000000000000e+00 3.998881506637724098e-02
1.180000000000000000e+02 1.000000000000000000e+00 9.992001274367213748e-01 0.000000000000000000e+00 3.998881506637686628e-02
1.190000000000000000e+02 1.000000000000000000e+00 9.992001274367269259e-01 0.000000000000000000e+00 3.998881506637694261e-02
1.200000000000000000e+02 1.000000000000000000e+00 9.992001274367257047e-01 0.000000000000000000e+00 3.998881506637735200e-02
1.210000000000000000e+02 1.000000000000000000e+00 9.992001274367260377e-01 0.000000000000000000e+00 3.998881506637771283e-02
1.220000000000000000e+02 1.000000000000000000e+00 9.992001274367267039e-01 0.000000000000000000e+00 3.998881506637708833e-02
1.230000000000000000e+02 1.000000000000000000e+00 9.992001274367260377e-01 0.000000000000000000e+00 3.998881506637745609e-02
1.240000000000000000e+02 1.000000000000000000e+00 9.992001274367260377e-01 0.000000000000000000e+00 3.998881506637758793e-02
1.250000000000000000e+02 1.000000000000000000e+00 9.992001274367262598e-01 0.000000000000000000e+00 3.998881506637768507e-02
1.260000000000000000e+02 1.000000000000000000e+00 9.992001274367217079e-01 0.000000000000000000e+00 3.998881506637723404e-02
1.270000000000000000e+02 1.000000000000000000e+00 9.992001274367258157e-01 0.000000000000000000e+00 3.998881506637755323e-02
1.280000000000000000e+02 1.000000000000000000e+00 9.992001274367209307e-01 0.000000000000000000e+00 3.998881506637674832e-02
1.290000000000000000e+02 1.000000000000000000e+00 9.992001274367199315e-01 0.000000000000000000e+00 3.998881506637715078e-02
1.300000000000000000e+02 1.000000000000000000e+00 9.992001274367208197e-01 0.000000000000000000e+00 3.998881506637683159e-02
1.310000000000000000e+02 1.000000000000000000e+00 9.992001274367098285e-01 0.000000000000000000e+00 3.998881506637583932e-02
1.320000000000000000e+02 1.000000000000000000e+00 9.992001274367121599e-01 0.000000000000000000e+00 3.998881506637660260e-02
1.330000000000000000e+02 1.000000000000000000e+00 9.992001274367238173e-01 0.000000000000000000e+00 3.998881506637756711e-02
1.340000000000000000e+02 1.000000000000000000e+00 9.992001274367271479e-01 0.000000000000000000e+00 3.998881506637724098e-02
1.350000000000000000e+02 1.000000000000000000e+00 9.992001274367223740e-01 0.000000000000000000e+00 3.998881506637704669e-02
1.360000000000000000e+02 1.000000000000000000e+00 9.992001274367189323e-01 0.000000000000000000e+00 3.998881506637713690e-02
1.370000000000000000e+02 1.000000000000000000e+00 9.992001274367253716e-01 0.000000000000000000e+00 3.998881506637710914e-02
1.380000000000000000e+02 1.000000000000000000e+00 9.992001274367180441e-01 0.000000000000000000e+00 3.998881506637699812e-02
1.390000000000000000e+02 1.000000000000000000e+00 9.992001274367239283e-01 0.000000000000000000e+00 3.998881506637765731e-02
1.400000000000000000e+02 1.000000000000000000e+00 9.992001274367263708e-01 0.000000000000000000e+00 3.998881506637706751e-02
1.410000000000000000e+02 1.000000000000000000e+00 9.992001274367217079e-01 0.000000000000000000e+00 3.998881506637697730e-02
1.420000000000000000e+02 1.000000000000000000e+00 9.992001274367164898e-01 0.000000000000000000e+00 3.998881506637674832e-02
1.430000000000000000e+02 1.000000000000000000e+00 9.992001274367234842e-01 0.000000000000000000e+00 3.998881506637728261e-02
1.440000000000000000e+02 1.000000000000000000e+00 9.992001274367270369e-01 0.000000000000000000e+00 3.998881506637782385e-02
1.450000000000000000e+02 1.000000000000000000e+00 9.992001274367205976e-01 0.000000000000000000e+00 3.998881506637710220e-02
1.460000000000000000e+02 1.000000000000000000e+00 9.992001274367250385e-01 0.000000000000000000e+00 3.998881506637742139e-02
1.470000000000000000e+02 1.000000000000000000e+00 9.992001274367262598e-01 0.000000000000000000e+00 3.998881506637733119e-02
1.480000000000000000e+02 1.000000000000000000e+00 9.992001274367235952e-01 0.000000000000000000e+00 3.998881506637709526e-02
1.490000000000000000e+02 1.000000000000000000e+00 9.992001274367114938e-01 0.000000000000000000e+00 3.998881506637595035e-02
1.500000000000000000e+02 1.000000000000000000e+00 9.992001274367217079e-01 0.000000000000000000e+00 3.998881506637717853e-02
1.510000000000000000e+02 1.000000000000000000e+00 9.992001274367194874e-01 0.000000000000000000e+00 3.998881506637684546e-02
1.520000000000000000e+02 1.000000000000000000e+00 9.992001274367232622e-01 0.000000000000000000e+00 3.998881506637765731e-02
1.530000000000000000e+02 1.000000000000000000e+00 9.992001274367234842e-01 0.000000000000000000e+00 3.998881506637754629e-02
1.540000000000000000e+02 1.000000000000000000e+00 9.992001274367232622e-01 0.000000000000000000e+00 3.998881506637728261e-02
1.550000000000000000e+02 1.000000000000000000e+00 9.992001274367262598e-01 0.000000000000000000e+00 3.998881506637746996e-02
1.560000000000000000e+02 1.000000000000000000e+00 9.992001274367247055e-01 0.000000000000000000e+00 3.998881506637813610e-02
1.570000000000000000e+02 1.000000000000000000e+00 9.992001274367244834e-01 0.000000000000000000e+00 3.998881506637727568e-02
1.580000000000000000e+02 1.000000000000000000e+00 9.992001274367238173e-01 0.000000000000000000e+00 3.998881506637772670e-02
1.590000000000000000e+02 1.000000000000000000e+00 9.992001274367173780e-01 0.000000000000000000e+00 3.998881506637702588e-02
1.600000000000000000e+02 1.000000000000000000e+00 9.992001274367184882e-01 0.000000000000000000e+00 3.998881506637702588e-02
1.610000000000000000e+02 1.000000000000000000e+00 9.992001274367222630e-01 0.000000000000000000e+00 3.998881506637756017e-02
1.620000000000000000e+02 1.000000000000000000e+00 9.992001274366997254e-01 0.000000000000000000e+00 3.998881506637566585e-02
1.630000000000000000e+02 1.000000000000000000e+00 9.992001274367280361e-01 0.000000000000000000e+00 3.998881506637708833e-02
1.640000000000000000e+02 1.000000000000000000e+00 9.992001274367239283e-01 0.000000000000000000e+00 3.998881506637766425e-02
1.650000000000000000e+02 1.000000000000000000e+00 9.992001274367199315e-01 0.000000000000000000e+00 3.998881506637683159e-02
1.660000000000000000e+02 1.000000000000000000e+00 9.992001274367237063e-01 0.000000000000000000e+00 3.998881506637681771e-02
1.670000000000000000e+02 1.000000000000000000e+00 9.992001274367211527e-01 0.000000000000000000e+00 3.998881506637725486e-02
1.680000000000000000e+02 1.000000000000000000e+00 9.992001274367211527e-01 0.000000000000000000e+00 3.998881506637699812e-02
1.690000000000000000e+02 1.000000000000000000e+00 9.992001274367190433e-01 0.000000000000000000e+00 3.998881506637692873e-02
1.700000000000000000e+02 1.000000000000000000e+00 9.992001274367294794e-01 0.000000000000000000e+00 3.998881506637771283e-02
1.710000000000000000e+02 1.000000000000000000e+00 9.992001274367255936e-01 0.000000000000000000e+00 3.998881506637727568e-02
1.720000000000000000e+02 1.000000000000000000e+00 9.992001274367282582e-01 0.000000000000000000e+00 3.998881506637734506e-02
1.730000000000000000e+02 1.000000000000000000e+00 9.992001274367267039e-01 0.000000000000000000e+00 3.998881506637749078e-02
1.740000000000000000e+02 1.000000000000000000e+00 9.992001274367194874e-01 0.000000000000000000e+00 3.998881506637678995e-02
1.750000000000000000e+02 1.000000000000000000e+00 9.992001274367201535e-01 0.000000000000000000e+00 3.998881506637709526e-02
1.760000000000000000e+02 1.000000000000000000e+00 9.992001274367242614e-01 0.000000000000000000e+00 3.998881506637725486e-02
1.770000000000000000e+02 1.000000000000000000e+00 9.992001274367258157e-01 0.000000000000000000e+00 3.998881506637785160e-02
1.780000000000000000e+02 1.000000000000000000e+00 9.992001274367208197e-01 0.000000000000000000e+00 3.998881506637711608e-02
1.790000000000000000e+02 1.000000000000000000e+00 9.992001274367197095e-01 0.000000000000000000e+00 3.998881506637733119e-02
1.800000000000000000e+02 1.000000000000000000e+00 9.992001274366839603e-01 0.000000000000000000e+00 3.998881506637513850e-02
1.810000000000000000e+02 1.000000000000000000e+00 9.992001274367180441e-01 0.000000000000000000e+00 3.998881506637648464e-02
1.820000000000000000e+02 1.000000000000000000e+00 9.992001274367221519e-01 0.000000000000000000e+00 3.998881506637687322e-02
1.830000000000000000e+02 1.000000000000000000e+00 9.992001274367234842e-01 0.000000000000000000e+00 3.998881506637750466e-02
1.840000000000000000e+02 1.000000000000000000e+00 9.992001274367084962e-01 0.000000000000000000e+00 3.998881506637586014e-02
1.850000000000000000e+02 1.000000000000000000e+00 9.992001274367217079e-01 0.000000000000000000e+00 3.998881506637672056e-02
1.860000000000000000e+02 1.000000000000000000e+00 9.992001274367275920e-01 0.000000000000000000e+00 3.998881506637761568e-02
1.870000000000000000e+02 1.000000000000000000e+00 9.992001274367267039e-01 0.000000000000000000e+00 3.998881506637765731e-02
1.880000000000000000e+02 1.000000000000000000e+00 9.992001274367219299e-01 0.000000000000000000e+00 3.998881506637680383e-02
1.890000000000000000e+02 1.000000000000000000e+00 9.992001274367208197e-01 0.000000000000000000e+00 3.998881506637679689e-02
1.900000000000000000e+02 1.000000000000000000e+00 9.992001274367208197e-01 0.000000000000000000e+00 3.998881506637692873e-02
1.910000000000000000e+02 1.000000000000000000e+00 9.992001274367208197e-01 0.000000000000000000e+00 3.998881506637704669e-02
1.920000000000000000e+02 1.000000000000000000e+00 9.992001274367221519e-01 0.000000000000000000e+00 3.998881506637668587e-02
1.930000000000000000e+02 1.000000000000000000e+00 9.992001274367232622e-01 0.000000000000000000e+00 3.998881506637761568e-02
1.940000000000000000e+02 1.000000000000000000e+00 9.992001274367267039e-01 0.000000000000000000e+00 3.998881506637726874e-02
1.950000000000000000e+02 1.000000000000000000e+00 9.992001274367289243e-01 0.000000000000000000e+00 3.998881506637718547e-02
1.960000000000000000e+02 1.000000000000000000e+00 9.992001274367212638e-01 0.000000000000000000e+00 3.998881506637721323e-02
1.970000000000000000e+02 1.000000000000000000e+00 9.992001274367235952e-01 0.000000000000000000e+00 3.998881506637691485e-02
1.980000000000000000e+02 1.000000000000000000e+00 9.992001274367252606e-01 0.000000000000000000e+00 3.998881506637714384e-02
1.990000000000000000e+02 1.000000000000000000e+00 9.992001274367255936e-01 0.000000000000000000e+00 3.998881506637751160e-02
2.000000000000000000e+02 1.000000000000000000e+00 9.992001274367235952e-01 0.000000000000000000e+00 3.998881506637707445e-02
2.010000000000000000e+02 1.000000000000000000e+00 9.992001274367201535e-01 0.000000000000000000e+00 3.998881506637697036e-02
2.020000000000000000e+02 1.000000000000000000e+00 9.992001274367249275e-01 0.000000000000000000e+00 3.998881506637733119e-02
2.030000000000000000e+02 1.000000000000000000e+00 9.992001274367225960e-01 0.000000000000000000e+00 3.998881506637658872e-02
2.040000000000000000e+02 1.000000000000000000e+00 9.992001274367249275e-01 0.000000000000000000e+00 3.998881506637750466e-02
2.050000000000000000e+02 1.000000000000000000e+00 9.992001274367230401e-01 0.000000000000000000e+00 3.998881506637724792e-02
2.060000000000000000e+02 1.000000000000000000e+00 9.992001274367255936e-01 0.000000000000000000e+00 3.998881506637738670e-02
2.070000000000000000e+02 1.000000000000000000e+00 9.992001274367262598e-01 0.000000000000000000e+00 3.998881506637747690e-02
2.080000000000000000e+02 1.000000000000000000e+00 9.992001274367268149e-01 0.000000000000000000e+00 3.998881506637719935e-02
2.090000000000000000e+02 1.000000000000000000e+00 9.992001274367178221e-01 0.000000000000000000e+00 3.998881506637676914e-02
2.100000000000000000e+02 1.000000000000000000e+00 9.992001274367271479e-01 0.000000000000000000e+00 3.998881506637746303e-02
2.110000000000000000e+02 1.000000000000000000e+00 9.992001274367136032e-01 0.000000000000000000e+00 3.998881506637637362e-02
2.120000000000000000e+02 1.000000000000000000e+00 9.992001274367203756e-01 0.000000000000000000e+00 3.998881506637668587e-02
2.130000000000000000e+02 1.000000000000000000e+00 9.992001274367265928e-01 0.000000000000000000e+00 3.998881506637756711e-02
2.140000000000000000e+02 1.000000000000000000e+00 9.992001274367235952e-01 0.000000000000000000e+00 3.998881506637719935e-02
2.150000000000000000e+02 1.000000000000000000e+00 9.992001274367258157e-01 0.000000000000000000e+00 3.998881506637642913e-02
2.160000000000000000e+02 1.000000000000000000e+00 9.992001274367218189e-01 0.000000000000000000e+00 3.998881506637667893e-02
2.170000000000000000e+02 1.000000000000000000e+00 9.992001274367249275e-01 0.000000000000000000e+00 3.998881506637716465e-02
2.180000000000000000e+02 1.000000000000000000e+00 9.992001274367268149e-01 0.000000000000000000e+00 3.998881506637721323e-02
2.190000000000000000e+02 1.000000000000000000e+00 9.992001274367233732e-01 0.000000000000000000e+00 3.998881506637712302e-02
2.200000000000000000e+02 1.000000000000000000e+00 9.992001274367251495e-01 0.000000000000000000e+00 3.998881506637703975e-02
2.210000000000000000e+02 1.000000000000000000e+00 9.992001274367237063e-01 0.000000000000000000e+00 3.998881506637759486e-02
2.220000000000000000e+02 1.000000000000000000e+00 9.992001274367237063e-01 0.000000000000000000e+00 3.998881506637719935e-02
2.230000000000000000e+02 1.000000000000000000e+00 9.992001274367183772e-01 0.000000000000000000e+00 3.998881506637698424e-02
2.240000000000000000e+02 1.000000000000000000e+00 9.992001274367260377e-01 0.000000000000000000e+00 3.998881506637736588e-02
2.250000000000000000e+02 1.000000000000000000e+00 9.992001274367267039e-01 0.000000000000000000e+00 3.998881506637753935e-02
2.260000000000000000e+02 1.000000000000000000e+00 9.992001274367144914e-01 0.000000000000000000e+00 3.998881506637618627e-02
2.270000000000000000e+02 1.000000000000000000e+00 9.992001274367265928e-01 0.000000000000000000e+00 3.998881506637718547e-02
2.280000000000000000e+02 1.000000000000000000e+00 9.992001274367275920e-01 0.000000000000000000e+00 3.998881506637745609e-02
2.290000000000000000e+02 1.000000000000000000e+00 9.992001274367280361e-01 0.000000000000000000e+00 3.998881506637737976e-02
2.300000000000000000e+02 1.000000000000000000e+00 9.992001274367237063e-01 0.000000000000000000e+00 3.998881506637697036e-02
2.310000000000000000e+02 1.000000000000000000e+00 9.992001274367198205e-01 0.000000000000000000e+00 3.998881506637681771e-02
2.320000000000000000e+02 1.000000000000000000e+00 9.992001274367253716e-01 0.000000000000000000e+00 3.998881506637745609e-02
2.330000000000000000e+02 1.000000000000000000e+00 9.992001274367262598e-01 0.000000000000000000e+00 3.998881506637714384e-02
2.340000000000000000e+02 1.000000000000000000e+00 9.992001274367239283e-01 0.000000000000000000e+00 3.998881506637721323e-02
2.350000000000000000e+02 1.000000000000000000e+00 9.992001274367264818e-01 0.000000000000000000e+00 3.998881506637755323e-02
2.360000000000000000e+02 1.000000000000000000e+00 9.992001274367251495e-01 0.000000000000000000e+00 3.998881506637724098e-02
2.370000000000000000e+02 1.000000000000000000e+00 9.992001274367242614e-01 0.000000000000000000e+00 3.998881506637694955e-02
2.380000000000000000e+02 1.000000000000000000e+00 9.992001274367213748e-01 0.000000000000000000e+00 3.998881506637735894e-02
2.390000000000000000e+02 1.000000000000000000e+00 9.992001274367255936e-01 0.000000000000000000e+00 3.998881506637709526e-02
2.400000000000000000e+02 1.000000000000000000e+00 9.992001274367267039e-01 0.000000000000000000e+00 3.998881506637688016e-02
2.410000000000000000e+02 1.000000000000000000e+00 9.992001274367141583e-01 0.000000000000000000e+00 3.998881506637665811e-02
2.420000000000000000e+02 1.000000000000000000e+00 9.992001274367262598e-01 0.000000000000000000e+00 3.998881506637749772e-02
2.430000000000000000e+02 1.000000000000000000e+00 9.992001274367232622e-01 0.000000000000000000e+00 3.998881506637726180e-02
2.440000000000000000e+02 1.000000000000000000e+00 9.992001274367267039e-01 0.000000000000000000e+00 3.998881506637682465e-02
2.450000000000000000e+02 1.000000000000000000e+00 9.992001274367217079e-01 0.000000000000000000e+00 3.998881506637722710e-02
2.460000000000000000e+02 1.000000000000000000e+00 9.992001274367254826e-01 0.000000000000000000e+00 3.998881506637731731e-02
2.470000000000000000e+02 1.000000000000000000e+00 9.992001274367271479e-01 0.000000000000000000e+00 3.998881506637724098e-02
2.480000000000000000e+02 1.000000000000000000e+00 9.992001274367252606e-01 0.000000000000000000e+00 3.998881506637725486e-02
2.490000000000000000e+02 1.000000000000000000e+00 9.992001274367267039e-01 0.000000000000000000e+00 3.998881506637752548e-02
2.500000000000000000e+02 1.000000000000000000e+00 9.992001274367191543e-01 0.000000000000000000e+00 3.998881506637710914e-02
2.510000000000000000e+02 1.000000000000000000e+00 9.992001274367201535e-01 0.000000000000000000e+00 3.998881506637684546e-02
2.520000000000000000e+02 1.000000000000000000e+00 9.992001274367253716e-01 0.000000000000000000e+00 3.998881506637714384e-02
2.530000000000000000e+02 1.000000000000000000e+00 9.992001274367129371e-01 0.000000000000000000e+00 3.998881506637673444e-02
2.540000000000000000e+02 1.000000000000000000e+00 9.992001274367195984e-01 0.000000000000000000e+00 3.998881506637682465e-02
2.550000000000000000e+02 1.000000000000000000e+00 9.992001274367262598e-01 0.000000000000000000e+00 3.998881506637718547e-02
2.560000000000000000e+02 1.000000000000000000e+00 9.992001274367219299e-01 0.000000000000000000e+00 3.998881506637667199e-02
2.570000000000000000e+02 1.000000000000000000e+00 9.992001274367238173e-01 0.000000000000000000e+00 3.998881506637743527e-02
2.580000000000000000e+02 1.000000000000000000e+00 9.992001274367154906e-01 0.000000000000000000e+00 3.998881506637656097e-02
2.590000000000000000e+02 1.000000000000000000e+00 9.992001274367254826e-01 0.000000000000000000e+00 3.998881506637742139e-02
2.600000000000000000e+02 1.000000000000000000e+00 9.992001274367163788e-01 0.000000000000000000e+00 3.998881506637681771e-02
2.610000000000000000e+02 1.000000000000000000e+00 9.992001274367209307e-01 0.000000000000000000e+00 3.998881506637687322e-02
2.620000000000000000e+02 1.000000000000000000e+00 9.992001274367252606e-01 0.000000000000000000e+00 3.998881506637759486e-02
2.630000000000000000e+02 1.000000000000000000e+00 9.992001274367162678e-01 0.000000000000000000e+00 3.998881506637670669e-02
2.640000000000000000e+02 1.000000000000000000e+00 9.992001274367121599e-01 0.000000000000000000e+00 3.998881506637655403e-02
2.650000000000000000e+02 1.000000000000000000e+00 9.992001274367237063e-01 0.000000000000000000e+00 3.998881506637720629e-02
2.660000000000000000e+02 1.000000000000000000e+00 9.992001274367123820e-01 0.000000000000000000e+00 3.998881506637622096e-02
2.670000000000000000e+02 1.000000000000000000e+00 9.992001274367223740e-01 0.000000000000000000e+00 3.998881506637687322e-02
2.680000000000000000e+02 1.000000000000000000e+00 9.992001274367232622e-01 0.000000000000000000e+00 3.998881506637740058e-02
2.690000000000000000e+02 1.000000000000000000e+00 9.992001274367212638e-01 0.000000000000000000e+00 3.998881506637697036e-02
2.700000000000000000e+02 1.000000000000000000e+00 9.992001274367262598e-01 0.000000000000000000e+00 3.998881506637697730e-02
2.710000000000000000e+02 1.000000000000000000e+00 9.992001274367194874e-01 0.000000000000000000e+00 3.998881506637681771e-02
2.720000000000000000e+02 1.000000000000000000e+00 9.992001274367265928e-01 0.000000000000000000e+00 3.998881506637742833e-02
2.730000000000000000e+02 1.000000000000000000e+00 9.992001274367244834e-01 0.000000000000000000e+00 3.998881506637683853e-02
2.740000000000000000e+02 1.000000000000000000e+00 9.992001274366834052e-01 0.000000000000000000e+00 3.998881506637519401e-02
2.750000000000000000e+02 1.000000000000000000e+00 9.992001274367201535e-01 0.000000000000000000e+00 3.998881506637690098e-02
2.760000000000000000e+02 1.000000000000000000e+00 9.992001274367269259e-01 0.000000000000000000e+00 3.998881506637761568e-02
2.770000000000000000e+02 1.000000000000000000e+00 9.992001274367267039e-01 0.000000000000000000e+00 3.998881506637711608e-02
2.780000000000000000e+02 1.000000000000000000e+00 9.992001274367221519e-01 0.000000000000000000e+00 3.998881506637680383e-02
2.790000000000000000e+02 1.000000000000000000e+00 9.992001274367239283e-01 0.000000000000000000e+00 3.998881506637711608e-02
2.800000000000000000e+02 1.000000000000000000e+00 9.992001274367181551e-01 0.000000000000000000e+00 3.998881506637657485e-02
2.810000000000000000e+02 1.000000000000000000e+00 9.992001274367172670e-01 0.000000000000000000e+00 3.998881506637634586e-02
2.820000000000000000e+02 1.000000000000000000e+00 9.992001274367287023e-01 0.000000000000000000e+00 3.998881506637708139e-02
2.830000000000000000e+02 1.000000000000000000e+00 9.992001274367205976e-01 0.000000000000000000e+00 3.998881506637656791e-02
2.840000000000000000e+02 1.000000000000000000e+00 9.992001274367141583e-01 0.000000000000000000e+00 3.998881506637649158e-02
2.850000000000000000e+02 1.000000000000000000e+00 9.992001274367264818e-01 0.000000000000000000e+00 3.998881506637725486e-02
2.860000000000000000e+02 1.000000000000000000e+00 9.992001274367203756e-01 0.000000000000000000e+00 3.998881506637627647e-02
2.870000000000000000e+02 1.000000000000000000e+00 9.992001274367242614e-01 0.000000000000000000e+00 3.998881506637708833e-02
2.880000000000000000e+02 1.000000000000000000e+00 9.992001274367252606e-01 0.000000000000000000e+00 3.998881506637737282e-02
2.890000000000000000e+02 1.000000000000000000e+00 9.992001274367184882e-01 0.000000000000000000e+00 3.998881506637680383e-02
2.900000000000000000e+02 1.000000000000000000e+00 9.992001274367235952e-01 0.000000000000000000e+00 3.998881506637732425e-02
2.910000000000000000e+02 1.000000000000000000e+00 9.992001274367187102e-01 0.000000000000000000e+00 3.998881506637685934e-02
2.920000000000000000e+02 1.000000000000000000e+00 9.992001274367255936e-01 0.000000000000000000e+00 3.998881506637706057e-02
2.930000000000000000e+02 1.000000000000000000e+00 9.992001274367162678e-01 0.000000000000000000e+00 3.998881506637674832e-02
2.940000000000000000e+02 1.000000000000000000e+00 9.992001274367176000e-01 0.000000000000000000e+00 3.998881506637656097e-02
2.950000000000000000e+02 1.000000000000000000e+00 9.992001274367214858e-01 0.000000000000000000e+00 3.998881506637718547e-02
2.960000000000000000e+02 1.000000000000000000e+00 9.992001274367187102e-01 0.000000000000000000e+00 3.998881506637698424e-02
2.970000000000000000e+02 1.000000000000000000e+00 9.992001274367239283e-01 0.000000000000000000e+00 3.998881506637704669e-02
2.980000000000000000e+02 1.000000000000000000e+00 9.992001274367262598e-01 0.000000000000000000e+00 3.998881506637698424e-02
2.990000000000000000e+02 1.000000000000000000e+00 9.992001274367282582e-01 0.000000000000000000e+00 3.998881506637717853e-02
3.000000000000000000e+02 1.000000000000000000e+00 9.992001274367299235e-01 0.000000000000000000e+00 3.998881506637779609e-02
3.010000000000000000e+02 1.000000000000000000e+00 9.992001274367230401e-01 0.000000000000000000e+00 3.998881506637722016e-02
3.020000000000000000e+02 1.000000000000000000e+00 9.992001274367182662e-01 0.000000000000000000e+00 3.998881506637683159e-02
3.030000000000000000e+02 1.000000000000000000e+00 9.992001274367233732e-01 0.000000000000000000e+00 3.998881506637735894e-02
3.040000000000000000e+02 1.000000000000000000e+00 9.992001274367210417e-01 0.000000000000000000e+00 3.998881506637675526e-02
3.050000000000000000e+02 1.000000000000000000e+00 9.992001274367182662e-01 0.000000000000000000e+00 3.998881506637654015e-02
3.060000000000000000e+02 1.000000000000000000e+00 9.992001274367231511e-01 0.000000000000000000e+00 3.998881506637684546e-02
3.070000000000000000e+02 1.000000000000000000e+00 9.992001274367247055e-01 0.000000000000000000e+00 3.998881506637690791e-02
3.080000000000000000e+02 1.000000000000000000e+00 9.992001274367230401e-01 0.000000000000000000e+00 3.998881506637751854e-02
3.090000000000000000e+02 1.000000000000000000e+00 9.992001274367260377e-01 0.000000000000000000e+00 3.998881506637734506e-02
3.100000000000000000e+02 1.000000000000000000e+00 9.992001274367132702e-01 0.000000000000000000e+00 3.998881506637672750e-02
3.110000000000000000e+02 1.000000000000000000e+00 9.992001274367043884e-01 0.000000000000000000e+00 3.998881506637569361e-02
3.120000000000000000e+02 1.000000000000000000e+00 9.992001274367221519e-01 0.000000000000000000e+00 3.998881506637687322e-02
3.130000000000000000e+02 1.000000000000000000e+00 9.992001274367182662e-01 0.000000000000000000e+00 3.998881506637683159e-02
3.140000000000000000e+02 1.000000000000000000e+00 9.992001274367117158e-01 0.000000000000000000e+00 3.998881506637607525e-02
3.150000000000000000e+02 1.000000000000000000e+00 9.992001274367231511e-01 0.000000000000000000e+00 3.998881506637706057e-02
3.160000000000000000e+02 1.000000000000000000e+00 9.992001274367257047e-01 0.000000000000000000e+00 3.998881506637701894e-02
3.170000000000000000e+02 1.000000000000000000e+00 9.992001274367192654e-01 0.000000000000000000e+00 3.998881506637656791e-02
3.180000000000000000e+02 1.000000000000000000e+00 9.992001274367267039e-01 0.000000000000000000e+00 3.998881506637749772e-02
3.190000000000000000e+02 1.000000000000000000e+00 9.992001274367275920e-01 0.000000000000000000e+00 3.998881506637785160e-02
3.200000000000000000e+02 1.000000000000000000e+00 9.992001274367157126e-01 0.000000000000000000e+00 3.998881506637650546e-02
3.210000000000000000e+02 1.000000000000000000e+00 9.992001274367225960e-01 0.000000000000000000e+00 3.998881506637657485e-02
3.220000000000000000e+02 1.000000000000000000e+00 9.992001274367237063e-01 0.000000000000000000e+00 3.998881506637729649e-02
3.230000000000000000e+02 1.000000000000000000e+00 9.992001274367191543e-01 0.000000000000000000e+00 3.998881506637719241e-02
3.240000000000000000e+02 1.000000000000000000e+00 9.992001274367260377e-01 0.000000000000000000e+00 3.998881506637746996e-02
3.250000000000000000e+02 1.000000000000000000e+00 9.992001274367258157e-01 0.000000000000000000e+00 3.998881506637755323e-02
3.260000000000000000e+02 1.000000000000000000e+00 9.992001274367277031e-01 0.000000000000000000e+00 3.998881506637744221e-02
3.270000000000000000e+02 1.000000000000000000e+00 9.992001274367259267e-01 0.000000000000000000e+00 3.998881506637698424e-02
3.280000000000000000e+02 1.000000000000000000e+00 9.992001274367156016e-01 0.000000000000000000e+00 3.998881506637644995e-02
3.290000000000000000e+02 1.000000000000000000e+00 9.992001274367176000e-01 0.000000000000000000e+00 3.998881506637644995e-02
3.300000000000000000e+02 1.000000000000000000e+00 9.992001274367187102e-01 0.000000000000000000e+00 3.998881506637656791e-02
3.310000000000000000e+02 1.000000000000000000e+00 9.992001274367110497e-01 0.000000000000000000e+00 3.998881506637619321e-02
3.320000000000000000e+02 1.000000000000000000e+00 9.992001274367284802e-01 0.000000000000000000e+00 3.998881506637735894e-02
3.330000000000000000e+02 1.000000000000000000e+00 9.992001274367230401e-01 0.000000000000000000e+00 3.998881506637687322e-02
3.340000000000000000e+02 1.000000000000000000e+00 9.992001274367250385e-01 0.000000000000000000e+00 3.998881506637788630e-02
3.350000000000000000e+02 1.000000000000000000e+00 9.992001274367176000e-01 0.000000000000000000e+00 3.998881506637657485e-02
3.360000000000000000e+02 1.000000000000000000e+00 9.992001274367177110e-01 0.000000000000000000e+00 3.998881506637679689e-02
3.370000000000000000e+02 1.000000000000000000e+00 9.992001274367072750e-01 0.000000000000000000e+00 3.998881506637586708e-02
3.380000000000000000e+02 1.000000000000000000e+00 9.992001274367234842e-01 0.000000000000000000e+00 3.998881506637727568e-02
3.390000000000000000e+02 1.000000000000000000e+00 9.992001274367201535e-01 0.000000000000000000e+00 3.998881506637690098e-02
3.400000000000000000e+02 1.000000000000000000e+00 9.992001274367119379e-01 0.000000000000000000e+00 3.998881506637629729e-02
3.410000000000000000e+02 1.000000000000000000e+00 9.992001274367232622e-01 0.000000000000000000e+00 3.998881506637688710e-02
3.420000000000000000e+02 1.000000000000000000e+00 9.992001274367149355e-01 0.000000000000000000e+00 3.998881506637637362e-02
3.430000000000000000e+02 1.000000000000000000e+00 9.992001274367162678e-01 0.000000000000000000e+00 3.998881506637661648e-02
3.440000000000000000e+02 1.000000000000000000e+00 9.992001274367228181e-01 0.000000000000000000e+00 3.998881506637717853e-02
3.450000000000000000e+02 1.000000000000000000e+00 9.992001274367227071e-01 0.000000000000000000e+00 3.998881506637678995e-02
3.460000000000000000e+02 1.000000000000000000e+00 9.992001274367228181e-01 0.000000000000000000e+00 3.998881506637717159e-02
3.470000000000000000e+02 1.000000000000000000e+00 9.992001274367234842e-01 0.000000000000000000e+00 3.998881506637700506e-02
3.480000000000000000e+02 1.000000000000000000e+00 9.992001274367249275e-01 0.000000000000000000e+00 3.998881506637752548e-02
3.490000000000000000e+02 1.000000000000000000e+00 9.992001274367203756e-01 0.000000000000000000e+00 3.998881506637667199e-02
3.500000000000000000e+02 1.000000000000000000e+00 9.992001274367183772e-01 0.000000000000000000e+00 3.998881506637710914e-02
3.510000000000000000e+02 1.000000000000000000e+00 9.992001274367224850e-01 0.000000000000000000e+00 3.998881506637721323e-02
3.520000000000000000e+02 1.000000000000000000e+00 9.992001274367242614e-01 0.000000000000000000e+00 3.998881506637734506e-02
3.530000000000000000e+02 1.000000000000000000e+00 9.992001274367262598e-01 0.000000000000000000e+00 3.998881506637749772e-02
3.540000000000000000e+02 1.000000000000000000e+00 9.992001274367214858e-01 0.000000000000000000e+00 3.998881506637654709e-02
3.550000000000000000e+02 1.000000000000000000e+00 9.992001274367244834e-01 0.000000000000000000e+00 3.998881506637703281e-02
3.560000000000000000e+02 1.000000000000000000e+00 9.992001274367197095e-01 0.000000000000000000e+00 3.998881506637654709e-02
3.570000000000000000e+02 1.000000000000000000e+00 9.992001274367244834e-01 0.000000000000000000e+00 3.998881506637695649e-02
3.580000000000000000e+02 1.000000000000000000e+00 9.992001274367268149e-01 0.000000000000000000e+00 3.998881506637704669e-02
3.590000000000000000e+02 1.000000000000000000e+00 9.992001274367257047e-01 0.000000000000000000e+00 3.998881506637733119e-02
3.600000000000000000e+02 1.000000000000000000e+00 9.992001274367230401e-01 0.000000000000000000e+00 3.998881506637715771e-02
3.610000000000000000e+02 1.000000000000000000e+00 9.992001274367195984e-01 0.000000000000000000e+00 3.998881506637672056e-02
3.620000000000000000e+02 1.000000000000000000e+00 9.992001274367235952e-01 0.000000000000000000e+00 3.998881506637728261e-02
3.630000000000000000e+02 1.000000000000000000e+00 9.992001274367237063e-01 0.000000000000000000e+00 3.998881506637779609e-02
3.640000000000000000e+02 1.000000000000000000e+00 9.992001274367225960e-01 0.000000000000000000e+00 3.998881506637691485e-02
3.650000000000000000e+02 1.000000000000000000e+00 9.992001274367232622e-01 0.000000000000000000e+00 3.998881506637726180e-02
3.660000000000000000e+02 1.000000000000000000e+00 9.992001274367136032e-01 0.000000000000000000e+00 3.998881506637642219e-02
3.670000000000000000e+02 1.000000000000000000e+00 9.992001274367261487e-01 0.000000000000000000e+00 3.998881506637752548e-02
3.680000000000000000e+02 1.000000000000000000e+00 9.992001274367183772e-01 0.000000000000000000e+00 3.998881506637667199e-02
3.690000000000000000e+02 1.000000000000000000e+00 9.992001274367126040e-01 0.000000000000000000e+00 3.998881506637605443e-02
3.700000000000000000e+02 1.000000000000000000e+00 9.992001274367255936e-01 0.000000000000000000e+00 3.998881506637717159e-02
3.710000000000000000e+02 1.000000000000000000e+00 9.992001274367190433e-01 0.000000000000000000e+00 3.998881506637699812e-02
3.720000000000000000e+02 1.000000000000000000e+00 9.992001274367205976e-01 0.000000000000000000e+00 3.998881506637685240e-02
3.730000000000000000e+02 1.000000000000000000e+00 9.992001274367249275e-01 0.000000000000000000e+00 3.998881506637713690e-02
3.740000000000000000e+02 1.000000000000000000e+00 9.992001274367249275e-01 0.000000000000000000e+00 3.998881506637750466e-02
3.750000000000000000e+02 1.000000000000000000e+00 9.992001274367235952e-01 0.000000000000000000e+00 3.998881506637677608e-02
3.760000000000000000e+02 1.000000000000000000e+00 9.992001274367278141e-01 0.000000000000000000e+00 3.998881506637751160e-02
3.770000000000000000e+02 1.000000000000000000e+00 9.992001274367167118e-01 0.000000000000000000e+00 3.998881506637644995e-02
3.780000000000000000e+02 1.000000000000000000e+00 9.992001274367252606e-01 0.000000000000000000e+00 3.998881506637720629e-02
3.790000000000000000e+02 1.000000000000000000e+00 9.992001274367263708e-01 0.000000000000000000e+00 3.998881506637697036e-02
3.800000000000000000e+02 1.000000000000000000e+00 9.992001274367242614e-01 0.000000000000000000e+00 3.998881506637707445e-02
3.810000000000000000e+02 1.000000000000000000e+00 9.992001274367188213e-01 0.000000000000000000e+00 3.998881506637673444e-02
3.820000000000000000e+02 1.000000000000000000e+00 9.992001274367212638e-01 0.000000000000000000e+00 3.998881506637699118e-02
3.830000000000000000e+02 1.000000000000000000e+00 9.992001274367212638e-01 0.000000000000000000e+00 3.998881506637625566e-02
3.840000000000000000e+02 1.000000000000000000e+00 9.992001274367143804e-01 0.000000000000000000e+00 3.998881506637659566e-02
3.850000000000000000e+02 1.000000000000000000e+00 9.992001274367245944e-01 0.000000000000000000e+00 3.998881506637707445e-02
3.860000000000000000e+02 1.000000000000000000e+00 9.992001274367173780e-01 0.000000000000000000e+00 3.998881506637620709e-02
3.870000000000000000e+02 1.000000000000000000e+00 9.992001274367232622e-01 0.000000000000000000e+00 3.998881506637696343e-02
3.880000000000000000e+02 1.000000000000000000e+00 9.992001274367233732e-01 0.000000000000000000e+00 3.998881506637749078e-02
3.890000000000000000e+02 1.000000000000000000e+00 9.992001274367263708e-01 0.000000000000000000e+00 3.998881506637701894e-02
3.900000000000000000e+02 1.000000000000000000e+00 9.992001274367200425e-01 0.000000000000000000e+00 3.998881506637640137e-02
3.910000000000000000e+02 1.000000000000000000e+00 9.992001274367199315e-01 0.000000000000000000e+00 3.998881506637681771e-02
3.920000000000000000e+02 1.000000000000000000e+00 9.992001274367249275e-01 0.000000000000000000e+00 3.998881506637710220e-02
3.930000000000000000e+02 1.000000000000000000e+00 9.992001274367210417e-01 0.000000000000000000e+00 3.998881506637699812e-02
3.940000000000000000e+02 1.000000000000000000e+00 9.992001274367221519e-01 0.000000000000000000e+00 3.998881506637718547e-02
3.950000000000000000e+02 1.000000000000000000e+00 9.992001274367234842e-01 0.000000000000000000e+00 3.998881506637712302e-02
3.960000000000000000e+02 1.000000000000000000e+00 9.992001274367247055e-01 0.000000000000000000e+00 3.998881506637746303e-02
3.970000000000000000e+02 1.000000000000000000e+00 9.992001274367096064e-01 0.000000000000000000e+00 3.998881506637660954e-02
3.980000000000000000e+02 1.000000000000000000e+00 9.992001274367225960e-01 0.000000000000000000e+00 3.998881506637676220e-02
3.990000000000000000e+02 1.000000000000000000e+00 9.992001274367207087e-01 0.000000000000000000e+00 3.998881506637694261e-02
4.000000000000000000e+02 1.000000000000000000e+00 9.992001274367214858e-01 0.000000000000000000e+00 3.998881506637682465e-02
4.010000000000000000e+02 1.000000000000000000e+00 9.992001274367244834e-01 0.000000000000000000e+00 3.998881506637692873e-02
4.020000000000000000e+02 1.000000000000000000e+00 9.992001274367232622e-01 0.000000000000000000e+00 3.998881506637699812e-02
4.030000000000000000e+02 1.000000000000000000e+00 9.992001274367223740e-01 0.000000000000000000e+00 3.998881506637655403e-02
4.040000000000000000e+02 1.000000000000000000e+00 9.992001274367209307e-01 0.000000000000000000e+00 3.998881506637664424e-02
4.050000000000000000e+02 1.000000000000000000e+00 9.992001274367219299e-01 0.000000000000000000e+00 3.998881506637678995e-02
4.060000000000000000e+02 1.000000000000000000e+00 9.992001274367292574e-01 0.000000000000000000e+00 3.998881506637717853e-02
4.070000000000000000e+02 1.000000000000000000e+00 9.992001274367183772e-01 0.000000000000000000e+00 3.998881506637703281e-02
4.080000000000000000e+02 1.000000000000000000e+00 9.992001274367160457e-01 0.000000000000000000e+00 3.998881506637658872e-02
4.090000000000000000e+02 1.000000000000000000e+00 9.992001274367185992e-01 0.000000000000000000e+00 3.998881506637667199e-02
4.100000000000000000e+02 1.000000000000000000e+00 9.992001274367130481e-01 0.000000000000000000e+00 3.998881506637604055e-02
4.110000000000000000e+02 1.000000000000000000e+00 9.992001274367270369e-01 0.000000000000000000e+00 3.998881506637780303e-02
4.120000000000000000e+02 1.000000000000000000e+00 9.992001274367210417e-01 0.000000000000000000e+00 3.998881506637649158e-02
4.130000000000000000e+02 1.000000000000000000e+00 9.992001274367203756e-01 0.000000000000000000e+00 3.998881506637674832e-02
4.140000000000000000e+02 1.000000000000000000e+00 9.992001274367164898e-01 0.000000000000000000e+00 3.998881506637657485e-02
4.150000000000000000e+02 1.000000000000000000e+00 9.992001274367247055e-01 0.000000000000000000e+00 3.998881506637687322e-02
4.160000000000000000e+02 1.000000000000000000e+00 9.992001274367211527e-01 0.000000000000000000e+00 3.998881506637656097e-02
4.170000000000000000e+02 1.000000000000000000e+00 9.992001274367181551e-01 0.000000000000000000e+00 3.998881506637718547e-02
4.180000000000000000e+02 1.000000000000000000e+00 9.992001274367119379e-01 0.000000000000000000e+00 3.998881506637615851e-02
4.190000000000000000e+02 1.000000000000000000e+00 9.992001274367208197e-01 0.000000000000000000e+00 3.998881506637674832e-02
4.200000000000000000e+02 1.000000000000000000e+00 9.992001274367243724e-01 0.000000000000000000e+00 3.998881506637721323e-02
4.210000000000000000e+02 1.000000000000000000e+00 9.992001274367171559e-01 0.000000000000000000e+00 3.998881506637655403e-02
4.220000000000000000e+02 1.000000000000000000e+00 9.992001274367230401e-01 0.000000000000000000e+00 3.998881506637685240e-02
4.230000000000000000e+02 1.000000000000000000e+00 9.992001274367242614e-01 0.000000000000000000e+00 3.998881506637685240e-02
4.240000000000000000e+02 1.000000000000000000e+00 9.992001274367185992e-01 0.000000000000000000e+00 3.998881506637694261e-02
4.250000000000000000e+02 1.000000000000000000e+00 9.992001274367264818e-01 0.000000000000000000e+00 3.998881506637695649e-02
4.260000000000000000e+02 1.000000000000000000e+00 9.992001274367230401e-01 0.000000000000000000e+00 3.998881506637691485e-02
4.270000000000000000e+02 1.000000000000000000e+00 9.992001274367224850e-01 0.000000000000000000e+00 3.998881506637719935e-02
4.280000000000000000e+02 1.000000000000000000e+00 9.992001274367228181e-01 0.000000000000000000e+00 3.998881506637653321e-02
4.290000000000000000e+02 1.000000000000000000e+00 9.992001274367272590e-01 0.000000000000000000e+00 3.998881506637710220e-02
4.300000000000000000e+02 1.000000000000000000e+00 9.992001274367182662e-01 0.000000000000000000e+00 3.998881506637666505e-02
4.310000000000000000e+02 1.000000000000000000e+00 9.992001274367258157e-01 0.000000000000000000e+00 3.998881506637695649e-02
4.320000000000000000e+02 1.000000000000000000e+00 9.992001274367173780e-01 0.000000000000000000e+00 3.998881506637691485e-02
4.330000000000000000e+02 1.000000000000000000e+00 9.992001274367212638e-01 0.000000000000000000e+00 3.998881506637676220e-02
4.340000000000000000e+02 1.000000000000000000e+00 9.992001274367255936e-01 0.000000000000000000e+00 3.998881506637770589e-02
4.350000000000000000e+02 1.000000000000000000e+00 9.992001274367162678e-01 0.000000000000000000e+00 3.998881506637632505e-02
4.360000000000000000e+02 1.000000000000000000e+00 9.992001274367139363e-01 0.000000000000000000e+00 3.998881506637714384e-02
4.370000000000000000e+02 1.000000000000000000e+00 9.992001274367068309e-01 0.000000000000000000e+00 3.998881506637589484e-02
4.380000000000000000e+02 1.000000000000000000e+00 9.992001274367188213e-01 0.000000000000000000e+00 3.998881506637687322e-02
4.390000000000000000e+02 1.000000000000000000e+00 9.992001274367212638e-01 0.000000000000000000e+00 3.998881506637683853e-02
4.400000000000000000e+02 1.000000000000000000e+00 9.992001274367251495e-01 0.000000000000000000e+00 3.998881506637768507e-02
4.410000000000000000e+02 1.000000000000000000e+00 9.992001274367187102e-01 0.000000000000000000e+00 3.998881506637647770e-02
4.420000000000000000e+02 1.000000000000000000e+00 9.992001274367205976e-01 0.000000000000000000e+00 3.998881506637681771e-02
4.430000000000000000e+02 1.000000000000000000e+00 9.992001274367222630e-01 0.000000000000000000e+00 3.998881506637733119e-02
4.440000000000000000e+02 1.000000000000000000e+00 9.992001274366800745e-01 0.000000000000000000e+00 3.998881506637489563e-02
4.450000000000000000e+02 1.000000000000000000e+00 9.992001274367244834e-01 0.000000000000000000e+00 3.998881506637682465e-02
4.460000000000000000e+02 1.000000000000000000e+00 9.992001274367169339e-01 0.000000000000000000e+00 3.998881506637652627e-02
4.470000000000000000e+02 1.000000000000000000e+00 9.992001274367208197e-01 0.000000000000000000e+00 3.998881506637653321e-02
4.480000000000000000e+02 1.000000000000000000e+00 9.992001274367194874e-01 0.000000000000000000e+00 3.998881506637675526e-02
4.490000000000000000e+02 1.000000000000000000e+00 9.992001274367177110e-01 0.000000000000000000e+00 3.998881506637674138e-02
4.500000000000000000e+02 1.000000000000000000e+00 9.992001274367232622e-01 0.000000000000000000e+00 3.998881506637685240e-02
4.510000000000000000e+02 1.000000000000000000e+00 9.992001274367247055e-01 0.000000000000000000e+00 3.998881506637694261e-02
4.520000000000000000e+02 1.000000000000000000e+00 9.992001274367275920e-01 0.000000000000000000e+00 3.998881506637751160e-02
4.530000000000000000e+02 1.000000000000000000e+00 9.992001274367182662e-01 0.000000000000000000e+00 3.998881506637660260e-02
4.540000000000000000e+02 1.000000000000000000e+00 9.992001274367225960e-01 0.000000000000000000e+00 3.998881506637690791e-02
4.550000000000000000e+02 1.000000000000000000e+00 9.992001274367179331e-01 0.000000000000000000e+00 3.998881506637665117e-02
4.560000000000000000e+02 1.000000000000000000e+00 9.992001274367239283e-01 0.000000000000000000e+00 3.998881506637695649e-02
4.570000000000000000e+02 1.000000000000000000e+00 9.992001274367198205e-01 0.000000000000000000e+00 3.998881506637679689e-02
4.580000000000000000e+02 1.000000000000000000e+00 9.992001274367228181e-01 0.000000000000000000e+00 3.998881506637691485e-02
4.590000000000000000e+02 1.000000000000000000e+00 9.992001274367214858e-01 0.000000000000000000e+00 3.998881506637708833e-02
4.600000000000000000e+02 1.000000000000000000e+00 9.992001274367118269e-01 0.000000000000000000e+00 3.998881506637626954e-02
4.610000000000000000e+02 1.000000000000000000e+00 9.992001274367220409e-01 0.000000000000000000e+00 3.998881506637731731e-02
4.620000000000000000e+02 1.000000000000000000e+00 9.992001274367231511e-01 0.000000000000000000e+00 3.998881506637716465e-02
4.630000000000000000e+02 1.000000000000000000e+00 9.992001274367132702e-01 0.000000000000000000e+00 3.998881506637673444e-02
4.640000000000000000e+02 1.000000000000000000e+00 9.992001274367231511e-01 0.000000000000000000e+00 3.998881506637753241e-02
4.650000000000000000e+02 1.000000000000000000e+00 9.992001274367134922e-01 0.000000000000000000e+00 3.998881506637637362e-02
4.660000000000000000e+02 1.000000000000000000e+00 9.992001274367198205e-01 0.000000000000000000e+00 3.998881506637656097e-02
4.670000000000000000e+02 1.000000000000000000e+00 9.992001274367091623e-01 0.000000000000000000e+00 3.998881506637630423e-02
4.680000000000000000e+02 1.000000000000000000e+00 9.992001274367260377e-01 0.000000000000000000e+00 3.998881506637778221e-02
4.690000000000000000e+02 1.000000000000000000e+00 9.992001274367178221e-01 0.000000000000000000e+00 3.998881506637660260e-02
4.700000000000000000e+02 1.000000000000000000e+00 9.992001274367224850e-01 0.000000000000000000e+00 3.998881506637683853e-02
4.710000000000000000e+02 1.000000000000000000e+00 9.992001274367148245e-01 0.000000000000000000e+00 3.998881506637651934e-02
4.720000000000000000e+02 1.000000000000000000e+00 9.992001274367156016e-01 0.000000000000000000e+00 3.998881506637642913e-02
4.730000000000000000e+02 1.000000000000000000e+00 9.992001274367203756e-01 0.000000000000000000e+00 3.998881506637673444e-02
4.740000000000000000e+02 1.000000000000000000e+00 9.992001274366947294e-01 0.000000000000000000e+00 3.998881506637572136e-02
4.750000000000000000e+02 1.000000000000000000e+00 9.992001274367189323e-01 0.000000000000000000e+00 3.998881506637675526e-02
4.760000000000000000e+02 1.000000000000000000e+00 9.992001274367179331e-01 0.000000000000000000e+00 3.998881506637684546e-02
4.770000000000000000e+02 1.000000000000000000e+00 9.992001274366995034e-01 0.000000000000000000e+00 3.998881506637574912e-02
4.780000000000000000e+02 1.000000000000000000e+00 9.992001274367156016e-01 0.000000000000000000e+00 3.998881506637659566e-02
4.790000000000000000e+02 1.000000000000000000e+00 9.992001274367208197e-01 0.000000000000000000e+00 3.998881506637676220e-02
4.800000000000000000e+02 1.000000000000000000e+00 9.992001274367208197e-01 0.000000000000000000e+00 3.998881506637663730e-02
4.810000000000000000e+02 1.000000000000000000e+00 9.992001274367255936e-01 0.000000000000000000e+00 3.998881506637683853e-02
4.820000000000000000e+02 1.000000000000000000e+00 9.992001274367227071e-01 0.000000000000000000e+00 3.998881506637719935e-02
4.830000000000000000e+02 1.000000000000000000e+00 9.992001274367219299e-01 0.000000000000000000e+00 3.998881506637690791e-02
4.840000000000000000e+02 1.000000000000000000e+00 9.992001274367249275e-01 0.000000000000000000e+00 3.998881506637653321e-02
4.850000000000000000e+02 1.000000000000000000e+00 9.992001274367123820e-01 0.000000000000000000e+00 3.998881506637585320e-02
4.860000000000000000e+02 1.000000000000000000e+00 9.992001274367114938e-01 0.000000000000000000e+00 3.998881506637599892e-02
4.870000000000000000e+02 1.000000000000000000e+00 9.992001274367114938e-01 0.000000000000000000e+00 3.998881506637642913e-02
4.880000000000000000e+02 1.000000000000000000e+00 9.992001274367227071e-01 0.000000000000000000e+00 3.998881506637737976e-02
4.890000000000000000e+02 1.000000000000000000e+00 9.992001274367113828e-01 0.000000000000000000e+00 3.998881506637650546e-02
4.900000000000000000e+02 1.000000000000000000e+00 9.992001274367167118e-01 0.000000000000000000e+00 3.998881506637647076e-02
4.910000000000000000e+02 1.000000000000000000e+00 9.992001274367258157e-01 0.000000000000000000e+00 3.998881506637703281e-02
4.920000000000000000e+02 1.000000000000000000e+00 9.992001274367089403e-01 0.000000000000000000e+00 3.998881506637623484e-02
4.930000000000000000e+02 1.000000000000000000e+00 9.992001274367202646e-01 0.000000000000000000e+00 3.998881506637649852e-02
4.940000000000000000e+02 1.000000000000000000e+00 9.992001274367134922e-01 0.000000000000000000e+00 3.998881506637651934e-02
4.950000000000000000e+02 1.000000000000000000e+00 9.992001274367182662e-01 0.000000000000000000e+00 3.998881506637695649e-02
4.960000000000000000e+02 1.000000000000000000e+00 9.992001274367244834e-01 0.000000000000000000e+00 3.998881506637725486e-02
4.970000000000000000e+02 1.000000000000000000e+00 9.992001274367251495e-01 0.000000000000000000e+00 3.998881506637655403e-02
4.980000000000000000e+02 1.000000000000000000e+00 9.992001274367212638e-01 0.000000000000000000e+00 3.998881506637694261e-02
4.990000000000000000e+02 1.000000000000000000e+00 9.992001274367227071e-01 0.000000000000000000e+00 3.998881506637714384e-02
