512 4
0.000000000000000000e+00 1.000000000000000000e+00 9.992371773678563329e-01 0.000000000000000000e+00 3.905205967823510010e-02
1.000000000000000000e+00 1.000000000000000000e+00 9.992371773682195979e-01 0.000000000000000000e+00 3.905205967824987995e-02
2.000000000000000000e+00 1.000000000000000000e+00 9.992371773682369174e-01 0.000000000000000000e+00 3.905205967824978974e-02
3.000000000000000000e+00 1.000000000000000000e+00 9.992371773682411362e-01 0.000000000000000000e+00 3.905205967825040037e-02
4.000000000000000000e+00 1.000000000000000000e+00 9.992371773682335867e-01 0.000000000000000000e+00 3.905205967825058772e-02
5.000000000000000000e+00 1.000000000000000000e+00 9.992371773682431346e-01 0.000000000000000000e+00 3.905205967825048363e-02
6.000000000000000000e+00 1.000000000000000000e+00 9.992371773682361402e-01 0.000000000000000000e+00 3.905205967825006036e-02
7.000000000000000000e+00 1.000000000000000000e+00 9.992371773682382496e-01 0.000000000000000000e+00 3.905205967825032404e-02
8.000000000000000000e+00 1.000000000000000000e+00 9.992371773682392488e-01 0.000000000000000000e+00 3.905205967825046975e-02
9.000000000000000000e+00 1.000000000000000000e+00 9.992371773682433567e-01 0.000000000000000000e+00 3.905205967825062241e-02
1.000000000000000000e+01 1.000000000000000000e+00 9.992371773681727465e-01 0.000000000000000000e+00 3.905205967824634805e-02
1.100000000000000000e+01 1.000000000000000000e+00 9.992371773682466873e-01 0.000000000000000000e+00 3.905205967825084445e-02
1.200000000000000000e+01 1.000000000000000000e+00 9.992371773682383607e-01 0.000000000000000000e+00 3.905205967825026853e-02
1.300000000000000000e+01 1.000000000000000000e+00 9.992371773682406921e-01 0.000000000000000000e+00 3.905205967825056690e-02
1.400000000000000000e+01 1.000000000000000000e+00 9.992371773682441338e-01 0.000000000000000000e+00 3.905205967825007424e-02
1.500000000000000000e+01 1.000000000000000000e+00 9.992371773682113822e-01 0.000000000000000000e+00 3.905205967824969954e-02
1.600000000000000000e+01 1.000000000000000000e+00 9.992371773678148106e-01 0.000000000000000000e+00 3.905205967823287272e-02
1.700000000000000000e+01 1.000000000000000000e+00 9.992371773682277025e-01 0.000000000000000000e+00 3.905205967824966484e-02
1.800000000000000000e+01 1.000000000000000000e+00 9.992371773682494629e-01 0.000000000000000000e+00 3.905205967825052527e-02
1.900000000000000000e+01 1.000000000000000000e+00 9.992371773682001690e-01 0.000000000000000000e+00 3.905205967824751379e-02
2.000000000000000000e+01 1.000000000000000000e+00 9.992371773682189318e-01 0.000000000000000000e+00 3.905205967825002566e-02
2.100000000000000000e+01 1.000000000000000000e+00 9.992371773682129366e-01 0.000000000000000000e+00 3.905205967824906810e-02
2.200000000000000000e+01 1.000000000000000000e+00 9.992371773682193759e-01 0.000000000000000000e+00 3.905205967824992852e-02
2.300000000000000000e+01 1.000000000000000000e+00 9.992371773682099390e-01 0.000000000000000000e+00 3.905205967824931790e-02
2.400000000000000000e+01 1.000000000000000000e+00 9.992371773681976155e-01 0.000000000000000000e+00 3.905205967824815216e-02
2.500000000000000000e+01 1.000000000000000000e+00 9.992371773682435787e-01 0.000000000000000000e+00 3.905205967825087221e-02
2.600000000000000000e+01 1.000000000000000000e+00 9.992371773682080516e-01 0.000000000000000000e+00 3.905205967824904034e-02
2.700000000000000000e+01 1.000000000000000000e+00 9.992371773682459102e-01 0.000000000000000000e+00 3.905205967825037261e-02
2.800000000000000000e+01 1.000000000000000000e+00 9.992371773682366953e-01 0.000000000000000000e+00 3.905205967825039343e-02
2.900000000000000000e+01 1.000000000000000000e+00 9.992371773682005021e-01 0.000000000000000000e+00 3.905205967824811053e-02
3.000000000000000000e+01 1.000000000000000000e+00 9.992371773682490188e-01 0.000000000000000000e+00 3.905205967825131630e-02
3.100000000000000000e+01 1.000000000000000000e+00 9.992371773678477842e-01 0.000000000000000000e+00 3.905205967823488500e-02
3.200000000000000000e+01 1.000000000000000000e+00 9.992371773682016123e-01 0.000000000000000000e+00 3.905205967824827012e-02
3.300000000000000000e+01 1.000000000000000000e+00 9.992371773681996139e-01 0.000000000000000000e+00 3.905205967824856850e-02
3.400000000000000000e+01 1.000000000000000000e+00 9.992371773682355851e-01 0.000000000000000000e+00 3.905205967825002566e-02
3.500000000000000000e+01 1.000000000000000000e+00 9.992371773681999469e-01 0.000000000000000000e+00 3.905205967824808277e-02
3.600000000000000000e+01 1.000000000000000000e+00 9.992371773681822944e-01 0.000000000000000000e+00 3.905205967824757624e-02
3.700000000000000000e+01 1.000000000000000000e+00 9.992371773682288127e-01 0.000000000000000000e+00 3.905205967825007424e-02
3.800000000000000000e+01 1.000000000000000000e+00 9.992371773682429126e-01 0.000000000000000000e+00 3.905205967825058078e-02
3.900000000000000000e+01 1.000000000000000000e+00 9.992371773682526825e-01 0.000000000000000000e+00 3.905205967825186447e-02
4.000000000000000000e+01 1.000000000000000000e+00 9.992371773682289238e-01 0.000000000000000000e+00 3.905205967825031710e-02
4.100000000000000000e+01 1.000000000000000000e+00 9.992371773682258151e-01 0.000000000000000000e+00 3.905205967825024077e-02
4.200000000000000000e+01 1.000000000000000000e+00 9.992371773682338087e-01 0.000000000000000000e+00 3.905205967825021995e-02
4.300000000000000000e+01 1.000000000000000000e+00 9.992371773682499070e-01 0.000000000000000000e+00 3.905205967825122609e-02
4.400000000000000000e+01 1.000000000000000000e+00 9.992371773682491298e-01 0.000000000000000000e+00 3.905205967825059465e-02
4.500000000000000000e+01 1.000000000000000000e+00 9.992371773679167291e-01 0.000000000000000000e+00 3.905205967823744545e-02
4.600000000000000000e+01 1.000000000000000000e+00 9.992371773682240388e-01 0.000000000000000000e+00 3.905205967824960239e-02
4.700000000000000000e+01 1.000000000000000000e+00 9.992371773682424685e-01 0.000000000000000000e+00 3.905205967825032404e-02
4.800000000000000000e+01 1.000000000000000000e+00 9.992371773682453551e-01 0.000000000000000000e+00 3.905205967825067792e-02
4.900000000000000000e+01 1.000000000000000000e+00 9.992371773682194869e-01 0.000000000000000000e+00 3.905205967825006730e-02
5.000000000000000000e+01 1.000000000000000000e+00 9.992371773682058311e-01 0.000000000000000000e+00 3.905205967824797175e-02
5.100000000000000000e+01 1.000000000000000000e+00 9.992371773682529046e-01 0.000000000000000000e+00 3.905205967825089997e-02
5.200000000000000000e+01 1.000000000000000000e+00 9.992371773682349190e-01 0.000000000000000000e+00 3.905205967825117752e-02
5.300000000000000000e+01 1.000000000000000000e+00 9.992371773682380276e-01 0.000000000000000000e+00 3.905205967825073343e-02
5.400000000000000000e+01 1.000000000000000000e+00 9.992371773682132696e-01 0.000000000000000000e+00 3.905205967825016444e-02
5.500000000000000000e+01 1.000000000000000000e+00 9.992371773682285907e-01 0.000000000000000000e+00 3.905205967825011587e-02
5.600000000000000000e+01 1.000000000000000000e+00 9.992371773682289238e-01 0.000000000000000000e+00 3.905205967825035873e-02
5.700000000000000000e+01 1.000000000000000000e+00 9.992371773682432456e-01 0.000000000000000000e+00 3.905205967825020608e-02
5.800000000000000000e+01 1.000000000000000000e+00 9.992371773682426905e-01 0.000000000000000000e+00 3.905205967825058078e-02
5.900000000000000000e+01 1.000000000000000000e+00 9.992371773682489078e-01 0.000000000000000000e+00 3.905205967825124691e-02
6.000000000000000000e+01 1.000000000000000000e+00 9.992371773678602187e-01 0.000000000000000000e+00 3.905205967823473234e-02
6.100000000000000000e+01 1.000000000000000000e+00 9.992371773677455327e-01 0.000000000000000000e+00 3.905205967823127677e-02
6.200000000000000000e+01 1.000000000000000000e+00 9.992371773681901770e-01 0.000000000000000000e+00 3.905205967824737501e-02
6.300000000000000000e+01 1.000000000000000000e+00 9.992371773681716363e-01 0.000000000000000000e+00 3.905205967824725011e-02
6.400000000000000000e+01 1.000000000000000000e+00 9.992371773682382496e-01 0.000000000000000000e+00 3.905205967825074731e-02
6.500000000000000000e+01 1.000000000000000000e+00 9.992371773682239278e-01 0.000000000000000000e+00 3.905205967824997015e-02
6.600000000000000000e+01 1.000000000000000000e+00 9.992371773681987257e-01 0.000000000000000000e+00 3.905205967824812441e-02
6.700000000000000000e+01 1.000000000000000000e+00 9.992371773682487968e-01 0.000000000000000000e+00 3.905205967825112201e-02
6.800000000000000000e+01 1.000000000000000000e+00 9.992371773682303671e-01 0.000000000000000000e+00 3.905205967825006730e-02
6.900000000000000000e+01 1.000000000000000000e+00 9.992371773682396929e-01 0.000000000000000000e+00 3.905205967825059465e-02
7.000000000000000000e+01 1.000000000000000000e+00 9.992371773682440228e-01 0.000000000000000000e+00 3.905205967825126079e-02
7.100000000000000000e+01 1.000000000000000000e+00 9.992371773682300340e-01 0.000000000000000000e+00 3.905205967825015057e-02
7.200000000000000000e+01 1.000000000000000000e+00 9.992371773682489078e-01 0.000000000000000000e+00 3.905205967825146895e-02
7.300000000000000000e+01 1.000000000000000000e+00 9.992371773682433567e-01 0.000000000000000000e+00 3.905205967825007424e-02
7.400000000000000000e+01 1.000000000000000000e+00 9.992371773681445468e-01 0.000000000000000000e+00 3.905205967824640356e-02
7.500000000000000000e+01 1.000000000000000000e+00 9.992371773682404701e-01 0.000000000000000000e+00 3.905205967825030322e-02
7.600000000000000000e+01 1.000000000000000000e+00 9.992371773682269254e-01 0.000000000000000000e+00 3.905205967824978974e-02
7.700000000000000000e+01 1.000000000000000000e+00 9.992371773682006131e-01 0.000000000000000000e+00 3.905205967824808277e-02
7.800000000000000000e+01 1.000000000000000000e+00 9.992371773682263703e-01 0.000000000000000000e+00 3.905205967825020608e-02
7.900000000000000000e+01 1.000000000000000000e+00 9.992371773682280356e-01 0.000000000000000000e+00 3.905205967824994240e-02
8.000000000000000000e+01 1.000000000000000000e+00 9.992371773682420244e-01 0.000000000000000000e+00 3.905205967825040037e-02
8.100000000000000000e+01 1.000000000000000000e+00 9.992371773681943958e-01 0.000000000000000000e+00 3.905205967824820767e-02
8.200000000000000000e+01 1.000000000000000000e+00 9.992371773682218183e-01 0.000000000000000000e+00 3.905205967825035873e-02
8.300000000000000000e+01 1.000000000000000000e+00 9.992371773682444669e-01 0.000000000000000000e+00 3.905205967825219060e-02
8.400000000000000000e+01 1.000000000000000000e+00 9.992371773682424685e-01 0.000000000000000000e+00 3.905205967825053220e-02
8.500000000000000000e+01 1.000000000000000000e+00 9.992371773682408032e-01 0.000000000000000000e+00 3.905205967825026853e-02
8.600000000000000000e+01 1.000000000000000000e+00 9.992371773681643088e-01 0.000000000000000000e+00 3.905205967824729174e-02
8.700000000000000000e+01 1.000000000000000000e+00 9.992371773682108271e-01 0.000000000000000000e+00 3.905205967824956770e-02
8.800000000000000000e+01 1.000000000000000000e+00 9.992371773682415803e-01 0.000000000000000000e+00 3.905205967825033098e-02
8.900000000000000000e+01 1.000000000000000000e+00 9.992371773682391378e-01 0.000000000000000000e+00 3.905205967825024771e-02
9.000000000000000000e+01 1.000000000000000000e+00 9.992371773682313663e-01 0.000000000000000000e+00 3.905205967825018526e-02
9.100000000000000000e+01 1.000000000000000000e+00 9.992371773682473535e-01 0.000000000000000000e+00 3.905205967825076119e-02
9.200000000000000000e+01 1.000000000000000000e+00 9.992371773682422464e-01 0.000000000000000000e+00 3.905205967825053914e-02
9.300000000000000000e+01 1.000000000000000000e+00 9.992371773682522385e-01 0.000000000000000000e+00 3.905205967824775665e-02
9.400000000000000000e+01 1.000000000000000000e+00 9.992371773678445646e-01 0.000000000000000000e+00 3.905205967823510704e-02
9.500000000000000000e+01 1.000000000000000000e+00 9.992371773681685276e-01 0.000000000000000000e+00 3.905205967824726399e-02
9.600000000000000000e+01 1.000000000000000000e+00 9.992371773682432456e-01 0.000000000000000000e+00 3.905205967825059465e-02
9.700000000000000000e+01 1.000000000000000000e+00 9.992371773681820724e-01 0.000000000000000000e+00 3.905205967824754154e-02
9.800000000000000000e+01 1.000000000000000000e+00 9.992371773682315883e-01 0.000000000000000000e+00 3.905205967825028240e-02
9.900000000000000000e+01 1.000000000000000000e+00 9.992371773682375835e-01 0.000000000000000000e+00 3.905205967825046975e-02
1.000000000000000000e+02 1.000000000000000000e+00 9.992371773682278135e-01 0.000000000000000000e+00 3.905205967825031710e-02
1.010000000000000000e+02 1.000000000000000000e+00 9.992371773682443559e-01 0.000000000000000000e+00 3.905205967825075425e-02
1.020000000000000000e+02 1.000000000000000000e+00 9.992371773681967273e-01 0.000000000000000000e+00 3.905205967824836033e-02
1.030000000000000000e+02 1.000000000000000000e+00 9.992371773682453551e-01 0.000000000000000000e+00 3.905205967825062241e-02
1.040000000000000000e+02 1.000000000000000000e+00 9.992371773682344749e-01 0.000000000000000000e+00 3.905205967825027547e-02
1.050000000000000000e+02 1.000000000000000000e+00 9.992371773682251490e-01 0.000000000000000000e+00 3.905205967824976199e-02
1.060000000000000000e+02 1.000000000000000000e+00 9.992371773682383607e-01 0.000000000000000000e+00 3.905205967825011587e-02
1.070000000000000000e+02 1.000000000000000000e+00 9.992371773682228175e-01 0.000000000000000000e+00 3.905205967824990770e-02
1.080000000000000000e+02 1.000000000000000000e+00 9.992371773682462432e-01 0.000000000000000000e+00 3.905205967825021302e-02
1.090000000000000000e+02 1.000000000000000000e+00 9.992371773681758551e-01 0.000000000000000000e+00 3.905205967824747909e-02
1.100000000000000000e+02 1.000000000000000000e+00 9.992371773682178215e-01 0.000000000000000000e+00 3.905205967824944280e-02
1.110000000000000000e+02 1.000000000000000000e+00 9.992371773682210412e-01 0.000000000000000000e+00 3.905205967824952606e-02
1.120000000000000000e+02 1.000000000000000000e+00 9.992371773682381386e-01 0.000000000000000000e+00 3.905205967825044200e-02
1.130000000000000000e+02 1.000000000000000000e+00 9.992371773682180436e-01 0.000000000000000000e+00 3.905205967824955382e-02
1.140000000000000000e+02 1.000000000000000000e+00 9.992371773682282576e-01 0.000000000000000000e+00 3.905205967825006730e-02
1.150000000000000000e+02 1.000000000000000000e+00 9.992371773682406921e-01 0.000000000000000000e+00 3.905205967825054608e-02
1.160000000000000000e+02 1.000000000000000000e+00 9.992371773681436586e-01 0.000000000000000000e+00 3.905205967824645907e-02
1.170000000000000000e+02 1.000000000000000000e+00 9.992371773682253711e-01 0.000000000000000000e+00 3.905205967824952606e-02
1.180000000000000000e+02 1.000000000000000000e+00 9.992371773682260372e-01 0.000000000000000000e+00 3.905205967824980362e-02
1.190000000000000000e+02 1.000000000000000000e+00 9.992371773682393599e-01 0.000000000000000000e+00 3.905205967825045588e-02
1.200000000000000000e+02 1.000000000000000000e+00 9.992371773682109382e-01 0.000000000000000000e+00 3.905205967824956770e-02
1.210000000000000000e+02 1.000000000000000000e+00 9.992371773682426905e-01 0.000000000000000000e+00 3.905205967825028934e-02
1.220000000000000000e+02 1.000000000000000000e+00 9.992371773682504621e-01 0.000000000000000000e+00 3.905205967825033098e-02
1.230000000000000000e+02 1.000000000000000000e+00 9.992371773682204861e-01 0.000000000000000000e+00 3.905205967824981056e-02
1.240000000000000000e+02 1.000000000000000000e+00 9.992371773682284797e-01 0.000000000000000000e+00 3.905205967824977586e-02
1.250000000000000000e+02 1.000000000000000000e+00 9.992371773682414693e-01 0.000000000000000000e+00 3.905205967825058078e-02
1.260000000000000000e+02 1.000000000000000000e+00 9.992371773682197089e-01 0.000000000000000000e+00 3.905205967825019220e-02
1.270000000000000000e+02 1.000000000000000000e+00 9.992371773682389158e-01 0.000000000000000000e+00 3.905205967824997015e-02
1.280000000000000000e+02 1.000000000000000000e+00 9.992371773682409142e-01 0.000000000000000000e+00 3.905205967825035179e-02
1.290000000000000000e+02 1.000000000000000000e+00 9.992371773682384717e-01 0.000000000000000000e+00 3.905205967825013669e-02
1.300000000000000000e+02 1.000000000000000000e+00 9.992371773681720803e-01 0.000000000000000000e+00 3.905205967824695867e-02
1.310000000000000000e+02 1.000000000000000000e+00 9.992371773681987257e-01 0.000000000000000000e+00 3.905205967824866564e-02
1.320000000000000000e+02 1.000000000000000000e+00 9.992371773681716363e-01 0.000000000000000000e+00 3.905205967824753460e-02
1.330000000000000000e+02 1.000000000000000000e+00 9.992371773681999469e-01 0.000000000000000000e+00 3.905205967824869340e-02
1.340000000000000000e+02 1.000000000000000000e+00 9.992371773681900660e-01 0.000000000000000000e+00 3.905205967824822155e-02
1.350000000000000000e+02 1.000000000000000000e+00 9.992371773682378056e-01 0.000000000000000000e+00 3.905205967825008812e-02
1.360000000000000000e+02 1.000000000000000000e+00 9.992371773682262592e-01 0.000000000000000000e+00 3.905205967824999791e-02
1.370000000000000000e+02 1.000000000000000000e+00 9.992371773682173774e-01 0.000000000000000000e+00 3.905205967824888769e-02
1.380000000000000000e+02 1.000000000000000000e+00 9.992371773681956171e-01 0.000000000000000000e+00 3.905205967824853380e-02
1.390000000000000000e+02 1.000000000000000000e+00 9.992371773682376945e-01 0.000000000000000000e+00 3.905205967825025465e-02
1.400000000000000000e+02 1.000000000000000000e+00 9.992371773682311442e-01 0.000000000000000000e+00 3.905205967824987301e-02
1.410000000000000000e+02 1.000000000000000000e+00 9.992371773682460212e-01 0.000000000000000000e+00 3.905205967825098323e-02
1.420000000000000000e+02 1.000000000000000000e+00 9.992371773682040548e-01 0.000000000000000000e+00 3.905205967824779134e-02
1.430000000000000000e+02 1.000000000000000000e+00 9.992371773682300340e-01 0.000000000000000000e+00 3.905205967825012281e-02
1.440000000000000000e+02 1.000000000000000000e+00 9.992371773682304781e-01 0.000000000000000000e+00 3.905205967824999791e-02
1.450000000000000000e+02 1.000000000000000000e+00 9.992371773682449110e-01 0.000000000000000000e+00 3.905205967825062241e-02
1.460000000000000000e+02 1.000000000000000000e+00 9.992371773682433567e-01 0.000000000000000000e+00 3.905205967825069874e-02
1.470000000000000000e+02 1.000000000000000000e+00 9.992371773682459102e-01 0.000000000000000000e+00 3.905205967825046975e-02
1.480000000000000000e+02 1.000000000000000000e+00 9.992371773681820724e-01 0.000000000000000000e+00 3.905205967824786073e-02
1.490000000000000000e+02 1.000000000000000000e+00 9.992371773681451019e-01 0.000000000000000000e+00 3.905205967824654928e-02
1.500000000000000000e+02 1.000000000000000000e+00 9.992371773682011682e-01 0.000000000000000000e+00 3.905205967824890850e-02
1.510000000000000000e+02 1.000000000000000000e+00 9.992371773682305891e-01 0.000000000000000000e+00 3.905205967825030322e-02
1.520000000000000000e+02 1.000000000000000000e+00 9.992371773682469094e-01 0.000000000000000000e+00 3.905205967825034485e-02
1.530000000000000000e+02 1.000000000000000000e+00 9.992371773682365843e-01 0.000000000000000000e+00 3.905205967825063629e-02
1.540000000000000000e+02 1.000000000000000000e+00 9.992371773682280356e-01 0.000000000000000000e+00 3.905205967824986607e-02
1.550000000000000000e+02 1.000000000000000000e+00 9.992371773682462432e-01 0.000000000000000000e+00 3.905205967825071262e-02
1.560000000000000000e+02 1.000000000000000000e+00 9.992371773682361402e-01 0.000000000000000000e+00 3.905205967825015057e-02
1.570000000000000000e+02 1.000000000000000000e+00 9.992371773682378056e-01 0.000000000000000000e+00 3.905205967825055302e-02
1.580000000000000000e+02 1.000000000000000000e+00 9.992371773681700819e-01 0.000000000000000000e+00 3.905205967824700031e-02
1.590000000000000000e+02 1.000000000000000000e+00 9.992371773682326985e-01 0.000000000000000000e+00 3.905205967825008118e-02
1.600000000000000000e+02 1.000000000000000000e+00 9.992371773681864022e-01 0.000000000000000000e+00 3.905205967824804114e-02
1.610000000000000000e+02 1.000000000000000000e+00 9.992371773681971714e-01 0.000000000000000000e+00 3.905205967824833257e-02
1.620000000000000000e+02 1.000000000000000000e+00 9.992371773682057201e-01 0.000000000000000000e+00 3.905205967824933178e-02
1.630000000000000000e+02 1.000000000000000000e+00 9.992371773682329206e-01 0.000000000000000000e+00 3.905205967825012281e-02
1.640000000000000000e+02 1.000000000000000000e+00 9.992371773682393599e-01 0.000000000000000000e+00 3.905205967825006730e-02
1.650000000000000000e+02 1.000000000000000000e+00 9.992371773682142688e-01 0.000000000000000000e+00 3.905205967824908198e-02
1.660000000000000000e+02 1.000000000000000000e+00 9.992371773682202640e-01 0.000000000000000000e+00 3.905205967824979668e-02
1.670000000000000000e+02 1.000000000000000000e+00 9.992371773682273695e-01 0.000000000000000000e+00 3.905205967824991464e-02
1.680000000000000000e+02 1.000000000000000000e+00 9.992371773682348080e-01 0.000000000000000000e+00 3.905205967824980362e-02
1.690000000000000000e+02 1.000000000000000000e+00 9.992371773682249270e-01 0.000000000000000000e+00 3.905205967825015750e-02
1.700000000000000000e+02 1.000000000000000000e+00 9.992371773682431346e-01 0.000000000000000000e+00 3.905205967825051833e-02
1.710000000000000000e+02 1.000000000000000000e+00 9.992371773682480196e-01 0.000000000000000000e+00 3.905205967825060853e-02
1.720000000000000000e+02 1.000000000000000000e+00 9.992371773682349190e-01 0.000000000000000000e+00 3.905205967825040037e-02
1.730000000000000000e+02 1.000000000000000000e+00 9.992371773682405811e-01 0.000000000000000000e+00 3.905205967825067792e-02
1.740000000000000000e+02 1.000000000000000000e+00 9.992371773682202640e-01 0.000000000000000000e+00 3.905205967824953994e-02
1.750000000000000000e+02 1.000000000000000000e+00 9.992371773682401370e-01 0.000000000000000000e+00 3.905205967825051833e-02
1.760000000000000000e+02 1.000000000000000000e+00 9.992371773678694336e-01 0.000000000000000000e+00 3.905205967823587726e-02
1.770000000000000000e+02 1.000000000000000000e+00 9.992371773682275915e-01 0.000000000000000000e+00 3.905205967825009505e-02
1.780000000000000000e+02 1.000000000000000000e+00 9.992371773682520164e-01 0.000000000000000000e+00 3.905205967825120528e-02
1.790000000000000000e+02 1.000000000000000000e+00 9.992371773681721914e-01 0.000000000000000000e+00 3.905205967824751379e-02
1.800000000000000000e+02 1.000000000000000000e+00 9.992371773682018343e-01 0.000000000000000000e+00 3.905205967824885993e-02
1.810000000000000000e+02 1.000000000000000000e+00 9.992371773682497960e-01 0.000000000000000000e+00 3.905205967825028240e-02
1.820000000000000000e+02 1.000000000000000000e+00 9.992371773682441338e-01 0.000000000000000000e+00 3.905205967825063629e-02
1.830000000000000000e+02 1.000000000000000000e+00 9.992371773682042768e-01 0.000000000000000000e+00 3.905205967824919300e-02
1.840000000000000000e+02 1.000000000000000000e+00 9.992371773681152369e-01 0.000000000000000000e+00 3.905205967824550845e-02
1.850000000000000000e+02 1.000000000000000000e+00 9.992371773682384717e-01 0.000000000000000000e+00 3.905205967825012975e-02
1.860000000000000000e+02 1.000000000000000000e+00 9.992371773682244829e-01 0.000000000000000000e+00 3.905205967824976199e-02
1.870000000000000000e+02 1.000000000000000000e+00 9.992371773681982816e-01 0.000000000000000000e+00 3.905205967824881830e-02
1.880000000000000000e+02 1.000000000000000000e+00 9.992371773682307001e-01 0.000000000000000000e+00 3.905205967825029628e-02
1.890000000000000000e+02 1.000000000000000000e+00 9.992371773682346969e-01 0.000000000000000000e+00 3.905205967824999791e-02
1.900000000000000000e+02 1.000000000000000000e+00 9.992371773682302560e-01 0.000000000000000000e+00 3.905205967824980362e-02
1.910000000000000000e+02 1.000000000000000000e+00 9.992371773682275915e-01 0.000000000000000000e+00 3.905205967825009505e-02
1.920000000000000000e+02 1.000000000000000000e+00 9.992371773682452440e-01 0.000000000000000000e+00 3.905205967825054608e-02
1.930000000000000000e+02 1.000000000000000000e+00 9.992371773681464342e-01 0.000000000000000000e+00 3.905205967824618152e-02
1.940000000000000000e+02 1.000000000000000000e+00 9.992371773682329206e-01 0.000000000000000000e+00 3.905205967824977586e-02
1.950000000000000000e+02 1.000000000000000000e+00 9.992371773682431346e-01 0.000000000000000000e+00 3.905205967825073343e-02
1.960000000000000000e+02 1.000000000000000000e+00 9.992371773682282576e-01 0.000000000000000000e+00 3.905205967825024771e-02
1.970000000000000000e+02 1.000000000000000000e+00 9.992371773682295899e-01 0.000000000000000000e+00 3.905205967825017138e-02
1.980000000000000000e+02 1.000000000000000000e+00 9.992371773682410252e-01 0.000000000000000000e+00 3.905205967825055302e-02
1.990000000000000000e+02 1.000000000000000000e+00 9.992371773682433567e-01 0.000000000000000000e+00 3.905205967825059465e-02
2.000000000000000000e+02 1.000000000000000000e+00 9.992371773682423575e-01 0.000000000000000000e+00 3.905205967825024771e-02
2.010000000000000000e+02 1.000000000000000000e+00 9.992371773682406921e-01 0.000000000000000000e+00 3.905205967825023383e-02
2.020000000000000000e+02 1.000000000000000000e+00 9.992371773682453551e-01 0.000000000000000000e+00 3.905205967825091384e-02
2.030000000000000000e+02 1.000000000000000000e+00 9.992371773682482416e-01 0.000000000000000000e+00 3.905205967825086527e-02
2.040000000000000000e+02 1.000000000000000000e+00 9.992371773682571234e-01 0.000000000000000000e+00 3.905205967824960933e-02
2.050000000000000000e+02 1.000000000000000000e+00 9.992371773681714142e-01 0.000000000000000000e+00 3.905205967824707664e-02
2.060000000000000000e+02 1.000000000000000000e+00 9.992371773680740477e-01 0.000000000000000000e+00 3.905205967824303126e-02
2.070000000000000000e+02 1.000000000000000000e+00 9.992371773682300340e-01 0.000000000000000000e+00 3.905205967824981750e-02
2.080000000000000000e+02 1.000000000000000000e+00 9.992371773681338887e-01 0.000000000000000000e+00 3.905205967824564028e-02
2.090000000000000000e+02 1.000000000000000000e+00 9.992371773681905101e-01 0.000000000000000000e+00 3.905205967824797175e-02
2.100000000000000000e+02 1.000000000000000000e+00 9.992371773682222624e-01 0.000000000000000000e+00 3.905205967824997015e-02
2.110000000000000000e+02 1.000000000000000000e+00 9.992371773682366953e-01 0.000000000000000000e+00 3.905205967825005342e-02
2.120000000000000000e+02 1.000000000000000000e+00 9.992371773682144909e-01 0.000000000000000000e+00 3.905205967824937341e-02
2.130000000000000000e+02 1.000000000000000000e+00 9.992371773682047209e-01 0.000000000000000000e+00 3.905205967824908198e-02
2.140000000000000000e+02 1.000000000000000000e+00 9.992371773682372504e-01 0.000000000000000000e+00 3.905205967825049751e-02
2.150000000000000000e+02 1.000000000000000000e+00 9.992371773682284797e-01 0.000000000000000000e+00 3.905205967825036567e-02
2.160000000000000000e+02 1.000000000000000000e+00 9.992371773682282576e-01 0.000000000000000000e+00 3.905205967825003954e-02
2.170000000000000000e+02 1.000000000000000000e+00 9.992371773682486857e-01 0.000000000000000000e+00 3.905205967825063629e-02
2.180000000000000000e+02 1.000000000000000000e+00 9.992371773682455771e-01 0.000000000000000000e+00 3.905205967825060159e-02
2.190000000000000000e+02 1.000000000000000000e+00 9.992371773682544589e-01 0.000000000000000000e+00 3.905205967825134405e-02
2.200000000000000000e+02 1.000000000000000000e+00 9.992371773682341418e-01 0.000000000000000000e+00 3.905205967824976893e-02
2.210000000000000000e+02 1.000000000000000000e+00 9.992371773681985037e-01 0.000000000000000000e+00 3.905205967824780522e-02
2.220000000000000000e+02 1.000000000000000000e+00 9.992371773682280356e-01 0.000000000000000000e+00 3.905205967824965790e-02
2.230000000000000000e+02 1.000000000000000000e+00 9.992371773682264813e-01 0.000000000000000000e+00 3.905205967824976893e-02
2.240000000000000000e+02 1.000000000000000000e+00 9.992371773679413760e-01 0.000000000000000000e+00 3.905205967823892343e-02
2.250000000000000000e+02 1.000000000000000000e+00 9.992371773682349190e-01 0.000000000000000000e+00 3.905205967825015750e-02
2.260000000000000000e+02 1.000000000000000000e+00 9.992371773682537928e-01 0.000000000000000000e+00 3.905205967825080282e-02
2.270000000000000000e+02 1.000000000000000000e+00 9.992371773681986147e-01 0.000000000000000000e+00 3.905205967824881136e-02
2.280000000000000000e+02 1.000000000000000000e+00 9.992371773682273695e-01 0.000000000000000000e+00 3.905205967825010199e-02
2.290000000000000000e+02 1.000000000000000000e+00 9.992371773682340308e-01 0.000000000000000000e+00 3.905205967825016444e-02
2.300000000000000000e+02 1.000000000000000000e+00 9.992371773682315883e-01 0.000000000000000000e+00 3.905205967825031710e-02
2.310000000000000000e+02 1.000000000000000000e+00 9.992371773682344749e-01 0.000000000000000000e+00 3.905205967825040037e-02
2.320000000000000000e+02 1.000000000000000000e+00 9.992371773681940628e-01 0.000000000000000000e+00 3.905205967824790236e-02
2.330000000000000000e+02 1.000000000000000000e+00 9.992371773682238167e-01 0.000000000000000000e+00 3.905205967824992852e-02
2.340000000000000000e+02 1.000000000000000000e+00 9.992371773682179326e-01 0.000000000000000000e+00 3.905205967824940116e-02
2.350000000000000000e+02 1.000000000000000000e+00 9.992371773682422464e-01 0.000000000000000000e+00 3.905205967825067792e-02
2.360000000000000000e+02 1.000000000000000000e+00 9.992371773682209302e-01 0.000000000000000000e+00 3.905205967825001179e-02
2.370000000000000000e+02 1.000000000000000000e+00 9.992371773682369174e-01 0.000000000000000000e+00 3.905205967825006730e-02
2.380000000000000000e+02 1.000000000000000000e+00 9.992371773682460212e-01 0.000000000000000000e+00 3.905205967825035873e-02
2.390000000000000000e+02 1.000000000000000000e+00 9.992371773682582337e-01 0.000000000000000000e+00 3.905205967824822849e-02
2.400000000000000000e+02 1.000000000000000000e+00 9.992371773678827562e-01 0.000000000000000000e+00 3.905205967823683483e-02
2.410000000000000000e+02 1.000000000000000000e+00 9.992371773682149350e-01 0.000000000000000000e+00 3.905205967824936647e-02
2.420000000000000000e+02 1.000000000000000000e+00 9.992371773682104941e-01 0.000000000000000000e+00 3.905205967824933178e-02
2.430000000000000000e+02 1.000000000000000000e+00 9.992371773682090508e-01 0.000000000000000000e+00 3.905205967824926933e-02
2.440000000000000000e+02 1.000000000000000000e+00 9.992371773682404701e-01 0.000000000000000000e+00 3.905205967825051139e-02
2.450000000000000000e+02 1.000000000000000000e+00 9.992371773682355851e-01 0.000000000000000000e+00 3.905205967825001179e-02
2.460000000000000000e+02 1.000000000000000000e+00 9.992371773682326985e-01 0.000000000000000000e+00 3.905205967825038649e-02
2.470000000000000000e+02 1.000000000000000000e+00 9.992371773680455149e-01 0.000000000000000000e+00 3.905205967824242064e-02
2.480000000000000000e+02 1.000000000000000000e+00 9.992371773681893998e-01 0.000000000000000000e+00 3.905205967824820767e-02
2.490000000000000000e+02 1.000000000000000000e+00 9.992371773682031666e-01 0.000000000000000000e+00 3.905205967824899177e-02
2.500000000000000000e+02 1.000000000000000000e+00 9.992371773682217073e-01 0.000000000000000000e+00 3.905205967824974811e-02
2.510000000000000000e+02 1.000000000000000000e+00 9.992371773680942537e-01 0.000000000000000000e+00 3.905205967824492558e-02
2.520000000000000000e+02 1.000000000000000000e+00 9.992371773682217073e-01 0.000000000000000000e+00 3.905205967824976199e-02
2.530000000000000000e+02 1.000000000000000000e+00 9.992371773681940628e-01 0.000000000000000000e+00 3.905205967824834645e-02
2.540000000000000000e+02 1.000000000000000000e+00 9.992371773682414693e-01 0.000000000000000000e+00 3.905205967825015057e-02
2.550000000000000000e+02 1.000000000000000000e+00 9.992371773682203751e-01 0.000000000000000000e+00 3.905205967824924851e-02
2.560000000000000000e+02 1.000000000000000000e+00 9.992371773682291458e-01 0.000000000000000000e+00 3.905205967825010893e-02
2.570000000000000000e+02 1.000000000000000000e+00 9.992371773682475755e-01 0.000000000000000000e+00 3.905205967825043506e-02
2.580000000000000000e+02 1.000000000000000000e+00 9.992371773680376323e-01 0.000000000000000000e+00 3.905205967824220553e-02
2.590000000000000000e+02 1.000000000000000000e+00 9.992371773681332225e-01 0.000000000000000000e+00 3.905205967824652152e-02
2.600000000000000000e+02 1.000000000000000000e+00 9.992371773682267033e-01 0.000000000000000000e+00 3.905205967824987995e-02
2.610000000000000000e+02 1.000000000000000000e+00 9.992371773682153790e-01 0.000000000000000000e+00 3.905205967824919994e-02
2.620000000000000000e+02 1.000000000000000000e+00 9.992371773682252600e-01 0.000000000000000000e+00 3.905205967824998403e-02
2.630000000000000000e+02 1.000000000000000000e+00 9.992371773682493519e-01 0.000000000000000000e+00 3.905205967825096242e-02
2.640000000000000000e+02 1.000000000000000000e+00 9.992371773682509062e-01 0.000000000000000000e+00 3.905205967825060159e-02
2.650000000000000000e+02 1.000000000000000000e+00 9.992371773681913982e-01 0.000000000000000000e+00 3.905205967824874197e-02
2.660000000000000000e+02 1.000000000000000000e+00 9.992371773682179326e-01 0.000000000000000000e+00 3.905205967824977586e-02
2.670000000000000000e+02 1.000000000000000000e+00 9.992371773682069414e-01 0.000000000000000000e+00 3.905205967824879748e-02
2.680000000000000000e+02 1.000000000000000000e+00 9.992371773682295899e-01 0.000000000000000000e+00 3.905205967825002566e-02
2.690000000000000000e+02 1.000000000000000000e+00 9.992371773682424685e-01 0.000000000000000000e+00 3.905205967825046975e-02
2.700000000000000000e+02 1.000000000000000000e+00 9.992371773682406921e-01 0.000000000000000000e+00 3.905205967825074731e-02
2.710000000000000000e+02 1.000000000000000000e+00 9.992371773681683056e-01 0.000000000000000000e+00 3.905205967824731950e-02
2.720000000000000000e+02 1.000000000000000000e+00 9.992371773682219294e-01 0.000000000000000000e+00 3.905205967824947055e-02
2.730000000000000000e+02 1.000000000000000000e+00 9.992371773682018343e-01 0.000000000000000000e+00 3.905205967824890156e-02
2.740000000000000000e+02 1.000000000000000000e+00 9.992371773682287017e-01 0.000000000000000000e+00 3.905205967825015057e-02
2.750000000000000000e+02 1.000000000000000000e+00 9.992371773682218183e-01 0.000000000000000000e+00 3.905205967824972035e-02
2.760000000000000000e+02 1.000000000000000000e+00 9.992371773680877034e-01 0.000000000000000000e+00 3.905205967824464108e-02
2.770000000000000000e+02 1.000000000000000000e+00 9.992371773682396929e-01 0.000000000000000000e+00 3.905205967825044200e-02
2.780000000000000000e+02 1.000000000000000000e+00 9.992371773682214853e-01 0.000000000000000000e+00 3.905205967824985913e-02
2.790000000000000000e+02 1.000000000000000000e+00 9.992371773682259262e-01 0.000000000000000000e+00 3.905205967824984525e-02
2.800000000000000000e+02 1.000000000000000000e+00 9.992371773682153790e-01 0.000000000000000000e+00 3.905205967824928320e-02
2.810000000000000000e+02 1.000000000000000000e+00 9.992371773682349190e-01 0.000000000000000000e+00 3.905205967824991464e-02
2.820000000000000000e+02 1.000000000000000000e+00 9.992371773682207081e-01 0.000000000000000000e+00 3.905205967824987301e-02
2.830000000000000000e+02 1.000000000000000000e+00 9.992371773681967273e-01 0.000000000000000000e+00 3.905205967824816604e-02
2.840000000000000000e+02 1.000000000000000000e+00 9.992371773682022784e-01 0.000000000000000000e+00 3.905205967824806890e-02
2.850000000000000000e+02 1.000000000000000000e+00 9.992371773681768543e-01 0.000000000000000000e+00 3.905205967824765256e-02
2.860000000000000000e+02 1.000000000000000000e+00 9.992371773682239278e-01 0.000000000000000000e+00 3.905205967824981750e-02
2.870000000000000000e+02 1.000000000000000000e+00 9.992371773682293679e-01 0.000000000000000000e+00 3.905205967824992852e-02
2.880000000000000000e+02 1.000000000000000000e+00 9.992371773681520963e-01 0.000000000000000000e+00 3.905205967824657010e-02
2.890000000000000000e+02 1.000000000000000000e+00 9.992371773682298119e-01 0.000000000000000000e+00 3.905205967824996321e-02
2.900000000000000000e+02 1.000000000000000000e+00 9.992371773682497960e-01 0.000000000000000000e+00 3.905205967825070568e-02
2.910000000000000000e+02 1.000000000000000000e+00 9.992371773682303671e-01 0.000000000000000000e+00 3.905205967825041424e-02
2.920000000000000000e+02 1.000000000000000000e+00 9.992371773682295899e-01 0.000000000000000000e+00 3.905205967825035873e-02
2.930000000000000000e+02 1.000000000000000000e+00 9.992371773681785196e-01 0.000000000000000000e+00 3.905205967824804114e-02
2.940000000000000000e+02 1.000000000000000000e+00 9.992371773682474645e-01 0.000000000000000000e+00 3.905205967825039343e-02
2.950000000000000000e+02 1.000000000000000000e+00 9.992371773681569813e-01 0.000000000000000000e+00 3.905205967824688928e-02
2.960000000000000000e+02 1.000000000000000000e+00 9.992371773679190605e-01 0.000000000000000000e+00 3.905205967823818097e-02
2.970000000000000000e+02 1.000000000000000000e+00 9.992371773682326985e-01 0.000000000000000000e+00 3.905205967825009505e-02
2.980000000000000000e+02 1.000000000000000000e+00 9.992371773682156011e-01 0.000000000000000000e+00 3.905205967824949831e-02
2.990000000000000000e+02 1.000000000000000000e+00 9.992371773682404701e-01 0.000000000000000000e+00 3.905205967825044894e-02
3.000000000000000000e+02 1.000000000000000000e+00 9.992371773682185987e-01 0.000000000000000000e+00 3.905205967824995628e-02
3.010000000000000000e+02 1.000000000000000000e+00 9.992371773682304781e-01 0.000000000000000000e+00 3.905205967824997015e-02
3.020000000000000000e+02 1.000000000000000000e+00 9.992371773682444669e-01 0.000000000000000000e+00 3.905205967825035873e-02
3.030000000000000000e+02 1.000000000000000000e+00 9.992371773682280356e-01 0.000000000000000000e+00 3.905205967825015750e-02
3.040000000000000000e+02 1.000000000000000000e+00 9.992371773681900660e-01 0.000000000000000000e+00 3.905205967824823543e-02
3.050000000000000000e+02 1.000000000000000000e+00 9.992371773681909541e-01 0.000000000000000000e+00 3.905205967824784685e-02
3.060000000000000000e+02 1.000000000000000000e+00 9.992371773681912872e-01 0.000000000000000000e+00 3.905205967824794400e-02
3.070000000000000000e+02 1.000000000000000000e+00 9.992371773682019453e-01 0.000000000000000000e+00 3.905205967824855462e-02
3.080000000000000000e+02 1.000000000000000000e+00 9.992371773681971714e-01 0.000000000000000000e+00 3.905205967824830482e-02
3.090000000000000000e+02 1.000000000000000000e+00 9.992371773681252289e-01 0.000000000000000000e+00 3.905205967824601498e-02
3.100000000000000000e+02 1.000000000000000000e+00 9.992371773681941738e-01 0.000000000000000000e+00 3.905205967824804114e-02
3.110000000000000000e+02 1.000000000000000000e+00 9.992371773681257840e-01 0.000000000000000000e+00 3.905205967824594560e-02
3.120000000000000000e+02 1.000000000000000000e+00 9.992371773682421354e-01 0.000000000000000000e+00 3.905205967825053220e-02
3.130000000000000000e+02 1.000000000000000000e+00 9.992371773682252600e-01 0.000000000000000000e+00 3.905205967824994934e-02
3.140000000000000000e+02 1.000000000000000000e+00 9.992371773678592195e-01 0.000000000000000000e+00 3.905205967823587032e-02
3.150000000000000000e+02 1.000000000000000000e+00 9.992371773682241498e-01 0.000000000000000000e+00 3.905205967824958158e-02
3.160000000000000000e+02 1.000000000000000000e+00 9.992371773682250380e-01 0.000000000000000000e+00 3.905205967824953994e-02
3.170000000000000000e+02 1.000000000000000000e+00 9.992371773682391378e-01 0.000000000000000000e+00 3.905205967825008812e-02
3.180000000000000000e+02 1.000000000000000000e+00 9.992371773681824054e-01 0.000000000000000000e+00 3.905205967824838809e-02
3.190000000000000000e+02 1.000000000000000000e+00 9.992371773682268143e-01 0.000000000000000000e+00 3.905205967825012281e-02
3.200000000000000000e+02 1.000000000000000000e+00 9.992371773681691938e-01 0.000000000000000000e+00 3.905205967824744440e-02
3.210000000000000000e+02 1.000000000000000000e+00 9.992371773680753799e-01 0.000000000000000000e+00 3.905205967824355862e-02
3.220000000000000000e+02 1.000000000000000000e+00 9.992371773682390268e-01 0.000000000000000000e+00 3.905205967825042812e-02
3.230000000000000000e+02 1.000000000000000000e+00 9.992371773682210412e-01 0.000000000000000000e+00 3.905205967824958158e-02
3.240000000000000000e+02 1.000000000000000000e+00 9.992371773681957281e-01 0.000000000000000000e+00 3.905205967824908198e-02
3.250000000000000000e+02 1.000000000000000000e+00 9.992371773682372504e-01 0.000000000000000000e+00 3.905205967825033792e-02
3.260000000000000000e+02 1.000000000000000000e+00 9.992371773682330316e-01 0.000000000000000000e+00 3.905205967825001179e-02
3.270000000000000000e+02 1.000000000000000000e+00 9.992371773682303671e-01 0.000000000000000000e+00 3.905205967824998403e-02
3.280000000000000000e+02 1.000000000000000000e+00 9.992371773682384717e-01 0.000000000000000000e+00 3.905205967825012281e-02
3.290000000000000000e+02 1.000000000000000000e+00 9.992371773682094949e-01 0.000000000000000000e+00 3.905205967824926239e-02
3.300000000000000000e+02 1.000000000000000000e+00 9.992371773682250380e-01 0.000000000000000000e+00 3.905205967825012281e-02
3.310000000000000000e+02 1.000000000000000000e+00 9.992371773680179814e-01 0.000000000000000000e+00 3.905205967824173369e-02
3.320000000000000000e+02 1.000000000000000000e+00 9.992371773682333647e-01 0.000000000000000000e+00 3.905205967825031710e-02
3.330000000000000000e+02 1.000000000000000000e+00 9.992371773682330316e-01 0.000000000000000000e+00 3.905205967825005342e-02
3.340000000000000000e+02 1.000000000000000000e+00 9.992371773681139047e-01 0.000000000000000000e+00 3.905205967824550151e-02
3.350000000000000000e+02 1.000000000000000000e+00 9.992371773682013902e-01 0.000000000000000000e+00 3.905205967824896401e-02
3.360000000000000000e+02 1.000000000000000000e+00 9.992371773681208991e-01 0.000000000000000000e+00 3.905205967824559865e-02
3.370000000000000000e+02 1.000000000000000000e+00 9.992371773682400260e-01 0.000000000000000000e+00 3.905205967825033098e-02
3.380000000000000000e+02 1.000000000000000000e+00 9.992371773682147129e-01 0.000000000000000000e+00 3.905205967824951219e-02
3.390000000000000000e+02 1.000000000000000000e+00 9.992371773682156011e-01 0.000000000000000000e+00 3.905205967824910973e-02
3.400000000000000000e+02 1.000000000000000000e+00 9.992371773682183766e-01 0.000000000000000000e+00 3.905205967824967872e-02
3.410000000000000000e+02 1.000000000000000000e+00 9.992371773681874014e-01 0.000000000000000000e+00 3.905205967824806890e-02
3.420000000000000000e+02 1.000000000000000000e+00 9.992371773682420244e-01 0.000000000000000000e+00 3.905205967825033792e-02
3.430000000000000000e+02 1.000000000000000000e+00 9.992371773681983926e-01 0.000000000000000000e+00 3.905205967824863789e-02
3.440000000000000000e+02 1.000000000000000000e+00 9.992371773682351410e-01 0.000000000000000000e+00 3.905205967825038649e-02
3.450000000000000000e+02 1.000000000000000000e+00 9.992371773681949509e-01 0.000000000000000000e+00 3.905205967824867952e-02
3.460000000000000000e+02 1.000000000000000000e+00 9.992371773680046587e-01 0.000000000000000000e+00 3.905205967824103980e-02
3.470000000000000000e+02 1.000000000000000000e+00 9.992371773682174885e-01 0.000000000000000000e+00 3.905205967824942198e-02
3.480000000000000000e+02 1.000000000000000000e+00 9.992371773682369174e-01 0.000000000000000000e+00 3.905205967825013669e-02
3.490000000000000000e+02 1.000000000000000000e+00 9.992371773682218183e-01 0.000000000000000000e+00 3.905205967824942198e-02
3.500000000000000000e+02 1.000000000000000000e+00 9.992371773682320324e-01 0.000000000000000000e+00 3.905205967825034485e-02
3.510000000000000000e+02 1.000000000000000000e+00 9.992371773681721914e-01 0.000000000000000000e+00 3.905205967824728480e-02
3.520000000000000000e+02 1.000000000000000000e+00 9.992371773681503200e-01 0.000000000000000000e+00 3.905205967824666724e-02
3.530000000000000000e+02 1.000000000000000000e+00 9.992371773682297009e-01 0.000000000000000000e+00 3.905205967824966484e-02
3.540000000000000000e+02 1.000000000000000000e+00 9.992371773682118263e-01 0.000000000000000000e+00 3.905205967824927626e-02
3.550000000000000000e+02 1.000000000000000000e+00 9.992371773678272451e-01 0.000000000000000000e+00 3.905205967823445479e-02
3.560000000000000000e+02 1.000000000000000000e+00 9.992371773682183766e-01 0.000000000000000000e+00 3.905205967824931096e-02
3.570000000000000000e+02 1.000000000000000000e+00 9.992371773682271474e-01 0.000000000000000000e+00 3.905205967824989383e-02
3.580000000000000000e+02 1.000000000000000000e+00 9.992371773682251490e-01 0.000000000000000000e+00 3.905205967824958158e-02
3.590000000000000000e+02 1.000000000000000000e+00 9.992371773681847369e-01 0.000000000000000000e+00 3.905205967824788849e-02
3.600000000000000000e+02 1.000000000000000000e+00 9.992371773682249270e-01 0.000000000000000000e+00 3.905205967824997015e-02
3.610000000000000000e+02 1.000000000000000000e+00 9.992371773682136027e-01 0.000000000000000000e+00 3.905205967824923463e-02
3.620000000000000000e+02 1.000000000000000000e+00 9.992371773680281954e-01 0.000000000000000000e+00 3.905205967824226104e-02
3.630000000000000000e+02 1.000000000000000000e+00 9.992371773680931435e-01 0.000000000000000000e+00 3.905205967824456476e-02
3.640000000000000000e+02 1.000000000000000000e+00 9.992371773682062752e-01 0.000000000000000000e+00 3.905205967824891544e-02
3.650000000000000000e+02 1.000000000000000000e+00 9.992371773682469094e-01 0.000000000000000000e+00 3.905205967825027547e-02
3.660000000000000000e+02 1.000000000000000000e+00 9.992371773681107960e-01 0.000000000000000000e+00 3.905205967824561947e-02
3.670000000000000000e+02 1.000000000000000000e+00 9.992371773681956171e-01 0.000000000000000000e+00 3.905205967824855462e-02
3.680000000000000000e+02 1.000000000000000000e+00 9.992371773681916203e-01 0.000000000000000000e+00 3.905205967824817992e-02
3.690000000000000000e+02 1.000000000000000000e+00 9.992371773682298119e-01 0.000000000000000000e+00 3.905205967824992852e-02
3.700000000000000000e+02 1.000000000000000000e+00 9.992371773681983926e-01 0.000000000000000000e+00 3.905205967824890156e-02
3.710000000000000000e+02 1.000000000000000000e+00 9.992371773681190117e-01 0.000000000000000000e+00 3.905205967824559171e-02
3.720000000000000000e+02 1.000000000000000000e+00 9.992371773682111602e-01 0.000000000000000000e+00 3.905205967824963015e-02
3.730000000000000000e+02 1.000000000000000000e+00 9.992371773682120484e-01 0.000000000000000000e+00 3.905205967824954688e-02
3.740000000000000000e+02 1.000000000000000000e+00 9.992371773681940628e-01 0.000000000000000000e+00 3.905205967824819380e-02
3.750000000000000000e+02 1.000000000000000000e+00 9.992371773682375835e-01 0.000000000000000000e+00 3.905205967825012281e-02
3.760000000000000000e+02 1.000000000000000000e+00 9.992371773681498759e-01 0.000000000000000000e+00 3.905205967824652846e-02
3.770000000000000000e+02 1.000000000000000000e+00 9.992371773682412472e-01 0.000000000000000000e+00 3.905205967825024771e-02
3.780000000000000000e+02 1.000000000000000000e+00 9.992371773682282576e-01 0.000000000000000000e+00 3.905205967825003954e-02
3.790000000000000000e+02 1.000000000000000000e+00 9.992371773682259262e-01 0.000000000000000000e+00 3.905205967825005342e-02
3.800000000000000000e+02 1.000000000000000000e+00 9.992371773682409142e-01 0.000000000000000000e+00 3.905205967824999791e-02
3.810000000000000000e+02 1.000000000000000000e+00 9.992371773682098279e-01 0.000000000000000000e+00 3.905205967824923463e-02
3.820000000000000000e+02 1.000000000000000000e+00 9.992371773682051650e-01 0.000000000000000000e+00 3.905205967824918606e-02
3.830000000000000000e+02 1.000000000000000000e+00 9.992371773682346969e-01 0.000000000000000000e+00 3.905205967825031016e-02
3.840000000000000000e+02 1.000000000000000000e+00 9.992371773681936187e-01 0.000000000000000000e+00 3.905205967824844360e-02
3.850000000000000000e+02 1.000000000000000000e+00 9.992371773681978375e-01 0.000000000000000000e+00 3.905205967824849911e-02
3.860000000000000000e+02 1.000000000000000000e+00 9.992371773682340308e-01 0.000000000000000000e+00 3.905205967824996321e-02
3.870000000000000000e+02 1.000000000000000000e+00 9.992371773681814062e-01 0.000000000000000000e+00 3.905205967824832564e-02
3.880000000000000000e+02 1.000000000000000000e+00 9.992371773681950620e-01 0.000000000000000000e+00 3.905205967824854074e-02
3.890000000000000000e+02 1.000000000000000000e+00 9.992371773682104941e-01 0.000000000000000000e+00 3.905205967824931790e-02
3.900000000000000000e+02 1.000000000000000000e+00 9.992371773682238167e-01 0.000000000000000000e+00 3.905205967824978974e-02
3.910000000000000000e+02 1.000000000000000000e+00 9.992371773682364733e-01 0.000000000000000000e+00 3.905205967825031016e-02
3.920000000000000000e+02 1.000000000000000000e+00 9.992371773681655300e-01 0.000000000000000000e+00 3.905205967824748603e-02
3.930000000000000000e+02 1.000000000000000000e+00 9.992371773682264813e-01 0.000000000000000000e+00 3.905205967824956770e-02
3.940000000000000000e+02 1.000000000000000000e+00 9.992371773680527314e-01 0.000000000000000000e+00 3.905205967824364188e-02
3.950000000000000000e+02 1.000000000000000000e+00 9.992371773681655300e-01 0.000000000000000000e+00 3.905205967824736807e-02
3.960000000000000000e+02 1.000000000000000000e+00 9.992371773682029445e-01 0.000000000000000000e+00 3.905205967824880442e-02
3.970000000000000000e+02 1.000000000000000000e+00 9.992371773682268143e-01 0.000000000000000000e+00 3.905205967824987301e-02
3.980000000000000000e+02 1.000000000000000000e+00 9.992371773681837377e-01 0.000000000000000000e+00 3.905205967824800645e-02
3.990000000000000000e+02 1.000000000000000000e+00 9.992371773682340308e-01 0.000000000000000000e+00 3.905205967825037261e-02
4.000000000000000000e+02 1.000000000000000000e+00 9.992371773682220404e-01 0.000000000000000000e+00 3.905205967824967872e-02
4.010000000000000000e+02 1.000000000000000000e+00 9.992371773682332536e-01 0.000000000000000000e+00 3.905205967824992158e-02
4.020000000000000000e+02 1.000000000000000000e+00 9.992371773681449909e-01 0.000000000000000000e+00 3.905205967824629254e-02
4.030000000000000000e+02 1.000000000000000000e+00 9.992371773682330316e-01 0.000000000000000000e+00 3.905205967825032404e-02
4.040000000000000000e+02 1.000000000000000000e+00 9.992371773682182656e-01 0.000000000000000000e+00 3.905205967824958158e-02
4.050000000000000000e+02 1.000000000000000000e+00 9.992371773681982816e-01 0.000000000000000000e+00 3.905205967824874891e-02
4.060000000000000000e+02 1.000000000000000000e+00 9.992371773682218183e-01 0.000000000000000000e+00 3.905205967824951219e-02
4.070000000000000000e+02 1.000000000000000000e+00 9.992371773682217073e-01 0.000000000000000000e+00 3.905205967824969260e-02
4.080000000000000000e+02 1.000000000000000000e+00 9.992371773681938407e-01 0.000000000000000000e+00 3.905205967824861013e-02
4.090000000000000000e+02 1.000000000000000000e+00 9.992371773680226443e-01 0.000000000000000000e+00 3.905205967824179614e-02
4.100000000000000000e+02 1.000000000000000000e+00 9.992371773681818503e-01 0.000000000000000000e+00 3.905205967824812441e-02
4.110000000000000000e+02 1.000000000000000000e+00 9.992371773682389158e-01 0.000000000000000000e+00 3.905205967825024077e-02
4.120000000000000000e+02 1.000000000000000000e+00 9.992371773681900660e-01 0.000000000000000000e+00 3.905205967824834645e-02
4.130000000000000000e+02 1.000000000000000000e+00 9.992371773682087177e-01 0.000000000000000000e+00 3.905205967824921381e-02
4.140000000000000000e+02 1.000000000000000000e+00 9.992371773682273695e-01 0.000000000000000000e+00 3.905205967824994240e-02
4.150000000000000000e+02 1.000000000000000000e+00 9.992371773682247049e-01 0.000000000000000000e+00 3.905205967824973423e-02
4.160000000000000000e+02 1.000000000000000000e+00 9.992371773681718583e-01 0.000000000000000000e+00 3.905205967824753460e-02
4.170000000000000000e+02 1.000000000000000000e+00 9.992371773682262592e-01 0.000000000000000000e+00 3.905205967824978974e-02
4.180000000000000000e+02 1.000000000000000000e+00 9.992371773682130476e-01 0.000000000000000000e+00 3.905205967824902646e-02
4.190000000000000000e+02 1.000000000000000000e+00 9.992371773682210412e-01 0.000000000000000000e+00 3.905205967824929014e-02
4.200000000000000000e+02 1.000000000000000000e+00 9.992371773681545388e-01 0.000000000000000000e+00 3.905205967824672275e-02
4.210000000000000000e+02 1.000000000000000000e+00 9.992371773682388048e-01 0.000000000000000000e+00 3.905205967825003260e-02
4.220000000000000000e+02 1.000000000000000000e+00 9.992371773682278135e-01 0.000000000000000000e+00 3.905205967824984525e-02
4.230000000000000000e+02 1.000000000000000000e+00 9.992371773681980596e-01 0.000000000000000000e+00 3.905205967824840196e-02
4.240000000000000000e+02 1.000000000000000000e+00 9.992371773682069414e-01 0.000000000000000000e+00 3.905205967824906116e-02
4.250000000000000000e+02 1.000000000000000000e+00 9.992371773682157121e-01 0.000000000000000000e+00 3.905205967824933178e-02
4.260000000000000000e+02 1.000000000000000000e+00 9.992371773682013902e-01 0.000000000000000000e+00 3.905205967824859625e-02
4.270000000000000000e+02 1.000000000000000000e+00 9.992371773681782976e-01 0.000000000000000000e+00 3.905205967824799951e-02
4.280000000000000000e+02 1.000000000000000000e+00 9.992371773682247049e-01 0.000000000000000000e+00 3.905205967824957464e-02
4.290000000000000000e+02 1.000000000000000000e+00 9.992371773682181546e-01 0.000000000000000000e+00 3.905205967824982444e-02
4.300000000000000000e+02 1.000000000000000000e+00 9.992371773680672753e-01 0.000000000000000000e+00 3.905205967824344759e-02
4.310000000000000000e+02 1.000000000000000000e+00 9.992371773680710501e-01 0.000000000000000000e+00 3.905205967824375290e-02
4.320000000000000000e+02 1.000000000000000000e+00 9.992371773681850700e-01 0.000000000000000000e+00 3.905205967824827012e-02
4.330000000000000000e+02 1.000000000000000000e+00 9.992371773682022784e-01 0.000000000000000000e+00 3.905205967824836033e-02
4.340000000000000000e+02 1.000000000000000000e+00 9.992371773682328095e-01 0.000000000000000000e+00 3.905205967825012975e-02
4.350000000000000000e+02 1.000000000000000000e+00 9.992371773681762992e-01 0.000000000000000000e+00 3.905205967824810359e-02
4.360000000000000000e+02 1.000000000000000000e+00 9.992371773682295899e-01 0.000000000000000000e+00 3.905205967825016444e-02
4.370000000000000000e+02 1.000000000000000000e+00 9.992371773681982816e-01 0.000000000000000000e+00 3.905205967824853380e-02
4.380000000000000000e+02 1.000000000000000000e+00 9.992371773682202640e-01 0.000000000000000000e+00 3.905205967825015057e-02
4.390000000000000000e+02 1.000000000000000000e+00 9.992371773682195979e-01 0.000000000000000000e+00 3.905205967824967872e-02
4.400000000000000000e+02 1.000000000000000000e+00 9.992371773682271474e-01 0.000000000000000000e+00 3.905205967824956770e-02
4.410000000000000000e+02 1.000000000000000000e+00 9.992371773682156011e-01 0.000000000000000000e+00 3.905205967824970648e-02
4.420000000000000000e+02 1.000000000000000000e+00 9.992371773681776315e-01 0.000000000000000000e+00 3.905205967824827012e-02
4.430000000000000000e+02 1.000000000000000000e+00 9.992371773681634206e-01 0.000000000000000000e+00 3.905205967824729174e-02
4.440000000000000000e+02 1.000000000000000000e+00 9.992371773682013902e-01 0.000000000000000000e+00 3.905205967824890156e-02
4.450000000000000000e+02 1.000000000000000000e+00 9.992371773682329206e-01 0.000000000000000000e+00 3.905205967824985219e-02
4.460000000000000000e+02 1.000000000000000000e+00 9.992371773681936187e-01 0.000000000000000000e+00 3.905205967824843666e-02
4.470000000000000000e+02 1.000000000000000000e+00 9.992371773682111602e-01 0.000000000000000000e+00 3.905205967824956770e-02
4.480000000000000000e+02 1.000000000000000000e+00 9.992371773681958391e-01 0.000000000000000000e+00 3.905205967824843666e-02
4.490000000000000000e+02 1.000000000000000000e+00 9.992371773680028824e-01 0.000000000000000000e+00 3.905205967824104674e-02
4.500000000000000000e+02 1.000000000000000000e+00 9.992371773682163782e-01 0.000000000000000000e+00 3.905205967824959545e-02
4.510000000000000000e+02 1.000000000000000000e+00 9.992371773682369174e-01 0.000000000000000000e+00 3.905205967825015057e-02
4.520000000000000000e+02 1.000000000000000000e+00 9.992371773681488767e-01 0.000000000000000000e+00 3.905205967824683377e-02
4.530000000000000000e+02 1.000000000000000000e+00 9.992371773682406921e-01 0.000000000000000000e+00 3.905205967825015057e-02
4.540000000000000000e+02 1.000000000000000000e+00 9.992371773682113822e-01 0.000000000000000000e+00 3.905205967824916524e-02
4.550000000000000000e+02 1.000000000000000000e+00 9.992371773682445779e-01 0.000000000000000000e+00 3.905205967825034485e-02
4.560000000000000000e+02 1.000000000000000000e+00 9.992371773682157121e-01 0.000000000000000000e+00 3.905205967824958851e-02
4.570000000000000000e+02 1.000000000000000000e+00 9.992371773680530644e-01 0.000000000000000000e+00 3.905205967824326718e-02
4.580000000000000000e+02 1.000000000000000000e+00 9.992371773681394398e-01 0.000000000000000000e+00 3.905205967824659091e-02
4.590000000000000000e+02 1.000000000000000000e+00 9.992371773682116043e-01 0.000000000000000000e+00 3.905205967824908198e-02
4.600000000000000000e+02 1.000000000000000000e+00 9.992371773682093838e-01 0.000000000000000000e+00 3.905205967824914443e-02
4.610000000000000000e+02 1.000000000000000000e+00 9.992371773682466873e-01 0.000000000000000000e+00 3.905205967825037261e-02
4.620000000000000000e+02 1.000000000000000000e+00 9.992371773681527625e-01 0.000000000000000000e+00 3.905205967824669500e-02
4.630000000000000000e+02 1.000000000000000000e+00 9.992371773682315883e-01 0.000000000000000000e+00 3.905205967825020608e-02
4.640000000000000000e+02 1.000000000000000000e+00 9.992371773680845948e-01 0.000000000000000000e+00 3.905205967824398883e-02
4.650000000000000000e+02 1.000000000000000000e+00 9.992371773682358072e-01 0.000000000000000000e+00 3.905205967825062241e-02
4.660000000000000000e+02 1.000000000000000000e+00 9.992371773680982505e-01 0.000000000000000000e+00 3.905205967824486313e-02
4.670000000000000000e+02 1.000000000000000000e+00 9.992371773681600899e-01 0.000000000000000000e+00 3.905205967824718072e-02
4.680000000000000000e+02 1.000000000000000000e+00 9.992371773681981706e-01 0.000000000000000000e+00 3.905205967824858238e-02
4.690000000000000000e+02 1.000000000000000000e+00 9.992371773682076075e-01 0.000000000000000000e+00 3.905205967824915830e-02
4.700000000000000000e+02 1.000000000000000000e+00 9.992371773682084957e-01 0.000000000000000000e+00 3.905205967824919300e-02
4.710000000000000000e+02 1.000000000000000000e+00 9.992371773681466562e-01 0.000000000000000000e+00 3.905205967824702806e-02
4.720000000000000000e+02 1.000000000000000000e+00 9.992371773681476554e-01 0.000000000000000000e+00 3.905205967824694480e-02
4.730000000000000000e+02 1.000000000000000000e+00 9.992371773679533664e-01 0.000000000000000000e+00 3.905205967823950630e-02
4.740000000000000000e+02 1.000000000000000000e+00 9.992371773682050540e-01 0.000000000000000000e+00 3.905205967824895708e-02
4.750000000000000000e+02 1.000000000000000000e+00 9.992371773682370284e-01 0.000000000000000000e+00 3.905205967824985913e-02
4.760000000000000000e+02 1.000000000000000000e+00 9.992371773682282576e-01 0.000000000000000000e+00 3.905205967824993546e-02
4.770000000000000000e+02 1.000000000000000000e+00 9.992371773681281155e-01 0.000000000000000000e+00 3.905205967824595947e-02
4.780000000000000000e+02 1.000000000000000000e+00 9.992371773681938407e-01 0.000000000000000000e+00 3.905205967824870034e-02
4.790000000000000000e+02 1.000000000000000000e+00 9.992371773682364733e-01 0.000000000000000000e+00 3.905205967825001179e-02
4.800000000000000000e+02 1.000000000000000000e+00 9.992371773682100500e-01 0.000000000000000000e+00 3.905205967824909585e-02
4.810000000000000000e+02 1.000000000000000000e+00 9.992371773682280356e-01 0.000000000000000000e+00 3.905205967825002566e-02
4.820000000000000000e+02 1.000000000000000000e+00 9.992371773680004399e-01 0.000000000000000000e+00 3.905205967824121327e-02
4.830000000000000000e+02 1.000000000000000000e+00 9.992371773682037217e-01 0.000000000000000000e+00 3.905205967824898483e-02
4.840000000000000000e+02 1.000000000000000000e+00 9.992371773682144909e-01 0.000000000000000000e+00 3.905205967824956770e-02
4.850000000000000000e+02 1.000000000000000000e+00 9.992371773681647529e-01 0.000000000000000000e+00 3.905205967824701419e-02
4.860000000000000000e+02 1.000000000000000000e+00 9.992371773681424374e-01 0.000000000000000000e+00 3.905205967824657703e-02
4.870000000000000000e+02 1.000000000000000000e+00 9.992371773682016123e-01 0.000000000000000000e+00 3.905205967824881136e-02
4.880000000000000000e+02 1.000000000000000000e+00 9.992371773680266411e-01 0.000000000000000000e+00 3.905205967824225410e-02
4.890000000000000000e+02 1.000000000000000000e+00 9.992371773681874014e-01 0.000000000000000000e+00 3.905205967824832564e-02
4.900000000000000000e+02 1.000000000000000000e+00 9.992371773681922864e-01 0.000000000000000000e+00 3.905205967824890156e-02
4.910000000000000000e+02 1.000000000000000000e+00 9.992371773681923974e-01 0.000000000000000000e+00 3.905205967824863789e-02
4.920000000000000000e+02 1.000000000000000000e+00 9.992371773682140468e-01 0.000000000000000000e+00 3.905205967824913055e-02
4.930000000000000000e+02 1.000000000000000000e+00 9.992371773681101299e-01 0.000000000000000000e+00 3.905205967824551538e-02
4.940000000000000000e+02 1.000000000000000000e+00 9.992371773682368064e-01 0.000000000000000000e+00 3.905205967825047669e-02
4.950000000000000000e+02 1.000000000000000000e+00 9.992371773681917313e-01 0.000000000000000000e+00 3.905205967824861013e-02
4.960000000000000000e+02 1.000000000000000000e+00 9.992371773682389158e-01 0.000000000000000000e+00 3.905205967825040037e-02
4.970000000000000000e+02 1.000000000000000000e+00 9.992371773682376945e-01 0.000000000000000000e+00 3.905205967825034485e-02
4.980000000000000000e+02 1.000000000000000000e+00 9.992371773681171243e-01 0.000000000000000000e+00 3.905205967824595253e-02
4.990000000000000000e+02 1.000000000000000000e+00 9.992371773682068303e-01 0.000000000000000000e+00 3.905205967824901259e-02
5.000000000000000000e+02 1.000000000000000000e+00 9.992371773682071634e-01 0.000000000000000000e+00 3.905205967824902646e-02
5.010000000000000000e+02 1.000000000000000000e+00 9.992371773682373615e-01 0.000000000000000000e+00 3.905205967825050445e-02
5.020000000000000000e+02 1.000000000000000000e+00 9.992371773682223735e-01 0.000000000000000000e+00 3.905205967824953994e-02
5.030000000000000000e+02 1.000000000000000000e+00 9.992371773678747626e-01 0.000000000000000000e+00 3.905205967823594665e-02
5.040000000000000000e+02 1.000000000000000000e+00 9.992371773681829605e-01 0.000000000000000000e+00 3.905205967824812441e-02
5.050000000000000000e+02 1.000000000000000000e+00 9.992371773681445468e-01 0.000000000000000000e+00 3.905205967824701419e-02
5.060000000000000000e+02 1.000000000000000000e+00 9.992371773679435965e-01 0.000000000000000000e+00 3.905205967823922181e-02
5.070000000000000000e+02 1.000000000000000000e+00 9.992371773681915093e-01 0.000000000000000000e+00 3.905205967824829094e-02
5.080000000000000000e+02 1.000000000000000000e+00 9.992371773681315572e-01 0.000000000000000000e+00 3.905205967824638275e-02
5.090000000000000000e+02 1.000000000000000000e+00 9.992371773682148239e-01 0.000000000000000000e+00 3.905205967824927626e-02
5.100000000000000000e+02 1.000000000000000000e+00 9.992371773682319214e-01 0.000000000000000000e+00 3.905205967824988689e-02
5.110000000000000000e+02 1.000000000000000000e+00 9.992371773681210101e-01 0.000000000000000000e+00 3.905205967824602192e-02
