512 4
0.000000000000000000e+00 1.000000000000000000e+00 9.992371773682571234e-01 0.000000000000000000e+00 3.905205967825060159e-02
1.000000000000000000e+00 1.000000000000000000e+00 9.992371773682480196e-01 0.000000000000000000e+00 3.905205967824858238e-02
2.000000000000000000e+00 1.000000000000000000e+00 9.992371773682502401e-01 0.000000000000000000e+00 3.905205967824867952e-02
3.000000000000000000e+00 1.000000000000000000e+00 9.992371773682551250e-01 0.000000000000000000e+00 3.905205967824931096e-02
4.000000000000000000e+00 1.000000000000000000e+00 9.992371773682425795e-01 0.000000000000000000e+00 3.905205967824822849e-02
5.000000000000000000e+00 1.000000000000000000e+00 9.992371773682303671e-01 0.000000000000000000e+00 3.905205967824812441e-02
6.000000000000000000e+00 1.000000000000000000e+00 9.992371773682401370e-01 0.000000000000000000e+00 3.905205967824822849e-02
7.000000000000000000e+00 1.000000000000000000e+00 9.992371773682255931e-01 0.000000000000000000e+00 3.905205967824806890e-02
8.000000000000000000e+00 1.000000000000000000e+00 9.992371773681881786e-01 0.000000000000000000e+00 3.905205967824607050e-02
9.000000000000000000e+00 1.000000000000000000e+00 9.992371773682364733e-01 0.000000000000000000e+00 3.905205967824796481e-02
1.000000000000000000e+01 1.000000000000000000e+00 9.992371773682501290e-01 0.000000000000000000e+00 3.905205967824763175e-02
1.100000000000000000e+01 1.000000000000000000e+00 9.992371773682215963e-01 0.000000000000000000e+00 3.905205967824806890e-02
1.200000000000000000e+01 1.000000000000000000e+00 9.992371773682068303e-01 0.000000000000000000e+00 3.905205967824727092e-02
1.300000000000000000e+01 1.000000000000000000e+00 9.992371773682480196e-01 0.000000000000000000e+00 3.905205967824891544e-02
1.400000000000000000e+01 1.000000000000000000e+00 9.992371773682416913e-01 0.000000000000000000e+00 3.905205967824822155e-02
1.500000000000000000e+01 1.000000000000000000e+00 9.992371773682391378e-01 0.000000000000000000e+00 3.905205967824811053e-02
1.600000000000000000e+01 1.000000000000000000e+00 9.992371773682389158e-01 0.000000000000000000e+00 3.905205967824835339e-02
1.700000000000000000e+01 1.000000000000000000e+00 9.992371773682107161e-01 0.000000000000000000e+00 3.905205967824737501e-02
1.800000000000000000e+01 1.000000000000000000e+00 9.992371773682438008e-01 0.000000000000000000e+00 3.905205967824820074e-02
1.900000000000000000e+01 1.000000000000000000e+00 9.992371773682318103e-01 0.000000000000000000e+00 3.905205967824829094e-02
2.000000000000000000e+01 1.000000000000000000e+00 9.992371773682459102e-01 0.000000000000000000e+00 3.905205967824834645e-02
2.100000000000000000e+01 1.000000000000000000e+00 9.992371773682284797e-01 0.000000000000000000e+00 3.905205967824799951e-02
2.200000000000000000e+01 1.000000000000000000e+00 9.992371773682071634e-01 0.000000000000000000e+00 3.905205967824681990e-02
2.300000000000000000e+01 1.000000000000000000e+00 9.992371773682193759e-01 0.000000000000000000e+00 3.905205967824775665e-02
2.400000000000000000e+01 1.000000000000000000e+00 9.992371773681710811e-01 0.000000000000000000e+00 3.905205967824514068e-02
2.500000000000000000e+01 1.000000000000000000e+00 9.992371773682505731e-01 0.000000000000000000e+00 3.905205967824763869e-02
2.600000000000000000e+01 1.000000000000000000e+00 9.992371773682326985e-01 0.000000000000000000e+00 3.905205967824788849e-02
2.700000000000000000e+01 1.000000000000000000e+00 9.992371773682342528e-01 0.000000000000000000e+00 3.905205967824805502e-02
2.800000000000000000e+01 1.000000000000000000e+00 9.992371773682291458e-01 0.000000000000000000e+00 3.905205967824811747e-02
2.900000000000000000e+01 1.000000000000000000e+00 9.992371773682378056e-01 0.000000000000000000e+00 3.905205967824817992e-02
3.000000000000000000e+01 1.000000000000000000e+00 9.992371773682139358e-01 0.000000000000000000e+00 3.905205967824729174e-02
3.100000000000000000e+01 1.000000000000000000e+00 9.992371773682235947e-01 0.000000000000000000e+00 3.905205967824772889e-02
3.200000000000000000e+01 1.000000000000000000e+00 9.992371773682251490e-01 0.000000000000000000e+00 3.905205967824787461e-02
3.300000000000000000e+01 1.000000000000000000e+00 9.992371773682414693e-01 0.000000000000000000e+00 3.905205967824842972e-02
3.400000000000000000e+01 1.000000000000000000e+00 9.992371773682402480e-01 0.000000000000000000e+00 3.905205967824840196e-02
3.500000000000000000e+01 1.000000000000000000e+00 9.992371773682259262e-01 0.000000000000000000e+00 3.905205967824811053e-02
3.600000000000000000e+01 1.000000000000000000e+00 9.992371773679895597e-01 0.000000000000000000e+00 3.905205967823934671e-02
3.700000000000000000e+01 1.000000000000000000e+00 9.992371773682472424e-01 0.000000000000000000e+00 3.905205967824873503e-02
3.800000000000000000e+01 1.000000000000000000e+00 9.992371773682215963e-01 0.000000000000000000e+00 3.905205967824771501e-02
3.900000000000000000e+01 1.000000000000000000e+00 9.992371773682132696e-01 0.000000000000000000e+00 3.905205967824717378e-02
4.000000000000000000e+01 1.000000000000000000e+00 9.992371773682338087e-01 0.000000000000000000e+00 3.905205967824815216e-02
4.100000000000000000e+01 1.000000000000000000e+00 9.992371773682258151e-01 0.000000000000000000e+00 3.905205967824783297e-02
4.200000000000000000e+01 1.000000000000000000e+00 9.992371773682220404e-01 0.000000000000000000e+00 3.905205967824814522e-02
4.300000000000000000e+01 1.000000000000000000e+00 9.992371773682389158e-01 0.000000000000000000e+00 3.905205967824815910e-02
4.400000000000000000e+01 1.000000000000000000e+00 9.992371773682349190e-01 0.000000000000000000e+00 3.905205967824809665e-02
4.500000000000000000e+01 1.000000000000000000e+00 9.992371773682274805e-01 0.000000000000000000e+00 3.905205967824778440e-02
4.600000000000000000e+01 1.000000000000000000e+00 9.992371773682026115e-01 0.000000000000000000e+00 3.905205967824693092e-02
4.700000000000000000e+01 1.000000000000000000e+00 9.992371773682289238e-01 0.000000000000000000e+00 3.905205967824777052e-02
4.800000000000000000e+01 1.000000000000000000e+00 9.992371773681889557e-01 0.000000000000000000e+00 3.905205967824586233e-02
4.900000000000000000e+01 1.000000000000000000e+00 9.992371773681949509e-01 0.000000000000000000e+00 3.905205967824666724e-02
5.000000000000000000e+01 1.000000000000000000e+00 9.992371773680884806e-01 0.000000000000000000e+00 3.905205967824258023e-02
5.100000000000000000e+01 1.000000000000000000e+00 9.992371773681294478e-01 0.000000000000000000e+00 3.905205967824451618e-02
5.200000000000000000e+01 1.000000000000000000e+00 9.992371773682133806e-01 0.000000000000000000e+00 3.905205967824774971e-02
5.300000000000000000e+01 1.000000000000000000e+00 9.992371773681121283e-01 0.000000000000000000e+00 3.905205967824329494e-02
5.400000000000000000e+01 1.000000000000000000e+00 9.992371773682535707e-01 0.000000000000000000e+00 3.905205967824926239e-02
5.500000000000000000e+01 1.000000000000000000e+00 9.992371773682409142e-01 0.000000000000000000e+00 3.905205967824817992e-02
5.600000000000000000e+01 1.000000000000000000e+00 9.992371773682184877e-01 0.000000000000000000e+00 3.905205967824762481e-02
5.700000000000000000e+01 1.000000000000000000e+00 9.992371773682493519e-01 0.000000000000000000e+00 3.905205967824847135e-02
5.800000000000000000e+01 1.000000000000000000e+00 9.992371773682232616e-01 0.000000000000000000e+00 3.905205967824797175e-02
5.900000000000000000e+01 1.000000000000000000e+00 9.992371773682524605e-01 0.000000000000000000e+00 3.905205967824898483e-02
6.000000000000000000e+01 1.000000000000000000e+00 9.992371773682521274e-01 0.000000000000000000e+00 3.905205967824764562e-02
6.100000000000000000e+01 1.000000000000000000e+00 9.992371773682267033e-01 0.000000000000000000e+00 3.905205967824802726e-02
6.200000000000000000e+01 1.000000000000000000e+00 9.992371773682224845e-01 0.000000000000000000e+00 3.905205967824804114e-02
6.300000000000000000e+01 1.000000000000000000e+00 9.992371773682513503e-01 0.000000000000000000e+00 3.905205967824750685e-02
6.400000000000000000e+01 1.000000000000000000e+00 9.992371773682404701e-01 0.000000000000000000e+00 3.905205967824842972e-02
6.500000000000000000e+01 1.000000000000000000e+00 9.992371773682153790e-01 0.000000000000000000e+00 3.905205967824762481e-02
6.600000000000000000e+01 1.000000000000000000e+00 9.992371773682297009e-01 0.000000000000000000e+00 3.905205967824848523e-02
6.700000000000000000e+01 1.000000000000000000e+00 9.992371773681831826e-01 0.000000000000000000e+00 3.905205967824620927e-02
6.800000000000000000e+01 1.000000000000000000e+00 9.992371773682238167e-01 0.000000000000000000e+00 3.905205967824776359e-02
6.900000000000000000e+01 1.000000000000000000e+00 9.992371773682349190e-01 0.000000000000000000e+00 3.905205967824795787e-02
7.000000000000000000e+01 1.000000000000000000e+00 9.992371773682395819e-01 0.000000000000000000e+00 3.905205967824819380e-02
7.100000000000000000e+01 1.000000000000000000e+00 9.992371773681909541e-01 0.000000000000000000e+00 3.905205967824611213e-02
7.200000000000000000e+01 1.000000000000000000e+00 9.992371773682164893e-01 0.000000000000000000e+00 3.905205967824747215e-02
7.300000000000000000e+01 1.000000000000000000e+00 9.992371773682039438e-01 0.000000000000000000e+00 3.905205967824727786e-02
7.400000000000000000e+01 1.000000000000000000e+00 9.992371773681711922e-01 0.000000000000000000e+00 3.905205967824562641e-02
7.500000000000000000e+01 1.000000000000000000e+00 9.992371773681971714e-01 0.000000000000000000e+00 3.905205967824709745e-02
7.600000000000000000e+01 1.000000000000000000e+00 9.992371773682358072e-01 0.000000000000000000e+00 3.905205967824820767e-02
7.700000000000000000e+01 1.000000000000000000e+00 9.992371773681173464e-01 0.000000000000000000e+00 3.905205967824338514e-02
7.800000000000000000e+01 1.000000000000000000e+00 9.992371773682500180e-01 0.000000000000000000e+00 3.905205967824854074e-02
7.900000000000000000e+01 1.000000000000000000e+00 9.992371773682375835e-01 0.000000000000000000e+00 3.905205967824827012e-02
8.000000000000000000e+01 1.000000000000000000e+00 9.992371773682224845e-01 0.000000000000000000e+00 3.905205967824801339e-02
8.100000000000000000e+01 1.000000000000000000e+00 9.992371773682403591e-01 0.000000000000000000e+00 3.905205967824798563e-02
8.200000000000000000e+01 1.000000000000000000e+00 9.992371773682411362e-01 0.000000000000000000e+00 3.905205967824840196e-02
8.300000000000000000e+01 1.000000000000000000e+00 9.992371773682331426e-01 0.000000000000000000e+00 3.905205967824820767e-02
8.400000000000000000e+01 1.000000000000000000e+00 9.992371773681605340e-01 0.000000000000000000e+00 3.905205967824512681e-02
8.500000000000000000e+01 1.000000000000000000e+00 9.992371773682311442e-01 0.000000000000000000e+00 3.905205967824814522e-02
8.600000000000000000e+01 1.000000000000000000e+00 9.992371773682171554e-01 0.000000000000000000e+00 3.905205967824767338e-02
8.700000000000000000e+01 1.000000000000000000e+00 9.992371773682293679e-01 0.000000000000000000e+00 3.905205967824806890e-02
8.800000000000000000e+01 1.000000000000000000e+00 9.992371773681542058e-01 0.000000000000000000e+00 3.905205967824464108e-02
8.900000000000000000e+01 1.000000000000000000e+00 9.992371773681906211e-01 0.000000000000000000e+00 3.905205967824638275e-02
9.000000000000000000e+01 1.000000000000000000e+00 9.992371773682029445e-01 0.000000000000000000e+00 3.905205967824661173e-02
9.100000000000000000e+01 1.000000000000000000e+00 9.992371773682496849e-01 0.000000000000000000e+00 3.905205967824779134e-02
9.200000000000000000e+01 1.000000000000000000e+00 9.992371773682502401e-01 0.000000000000000000e+00 3.905205967824781216e-02
9.300000000000000000e+01 1.000000000000000000e+00 9.992371773682366953e-01 0.000000000000000000e+00 3.905205967824829788e-02
9.400000000000000000e+01 1.000000000000000000e+00 9.992371773682433567e-01 0.000000000000000000e+00 3.905205967824856850e-02
9.500000000000000000e+01 1.000000000000000000e+00 9.992371773682406921e-01 0.000000000000000000e+00 3.905205967824809665e-02
9.600000000000000000e+01 1.000000000000000000e+00 9.992371773682411362e-01 0.000000000000000000e+00 3.905205967824836727e-02
9.700000000000000000e+01 1.000000000000000000e+00 9.992371773682348080e-01 0.000000000000000000e+00 3.905205967824806890e-02
9.800000000000000000e+01 1.000000000000000000e+00 9.992371773682444669e-01 0.000000000000000000e+00 3.905205967824840890e-02
9.900000000000000000e+01 1.000000000000000000e+00 9.992371773682451330e-01 0.000000000000000000e+00 3.905205967824854768e-02
1.000000000000000000e+02 1.000000000000000000e+00 9.992371773682202640e-01 0.000000000000000000e+00 3.905205967824782604e-02
1.010000000000000000e+02 1.000000000000000000e+00 9.992371773682082736e-01 0.000000000000000000e+00 3.905205967824731950e-02
1.020000000000000000e+02 1.000000000000000000e+00 9.992371773682481306e-01 0.000000000000000000e+00 3.905205967824850605e-02
1.030000000000000000e+02 1.000000000000000000e+00 9.992371773682406921e-01 0.000000000000000000e+00 3.905205967824826319e-02
1.040000000000000000e+02 1.000000000000000000e+00 9.992371773682315883e-01 0.000000000000000000e+00 3.905205967824809665e-02
1.050000000000000000e+02 1.000000000000000000e+00 9.992371773682247049e-01 0.000000000000000000e+00 3.905205967824780522e-02
1.060000000000000000e+02 1.000000000000000000e+00 9.992371773681447689e-01 0.000000000000000000e+00 3.905205967824539048e-02
1.070000000000000000e+02 1.000000000000000000e+00 9.992371773681516522e-01 0.000000000000000000e+00 3.905205967824494639e-02
1.080000000000000000e+02 1.000000000000000000e+00 9.992371773681572034e-01 0.000000000000000000e+00 3.905205967824498803e-02
1.090000000000000000e+02 1.000000000000000000e+00 9.992371773682355851e-01 0.000000000000000000e+00 3.905205967824875585e-02
1.100000000000000000e+02 1.000000000000000000e+00 9.992371773682369174e-01 0.000000000000000000e+00 3.905205967824844360e-02
1.110000000000000000e+02 1.000000000000000000e+00 9.992371773680697178e-01 0.000000000000000000e+00 3.905205967824185165e-02
1.120000000000000000e+02 1.000000000000000000e+00 9.992371773682166003e-01 0.000000000000000000e+00 3.905205967824768032e-02
1.130000000000000000e+02 1.000000000000000000e+00 9.992371773679491476e-01 0.000000000000000000e+00 3.905205967823737606e-02
1.140000000000000000e+02 1.000000000000000000e+00 9.992371773682408032e-01 0.000000000000000000e+00 3.905205967824845054e-02
1.150000000000000000e+02 1.000000000000000000e+00 9.992371773681734126e-01 0.000000000000000000e+00 3.905205967824522395e-02
1.160000000000000000e+02 1.000000000000000000e+00 9.992371773682173774e-01 0.000000000000000000e+00 3.905205967824801339e-02
1.170000000000000000e+02 1.000000000000000000e+00 9.992371773682295899e-01 0.000000000000000000e+00 3.905205967824834645e-02
1.180000000000000000e+02 1.000000000000000000e+00 9.992371773682414693e-01 0.000000000000000000e+00 3.905205967824836727e-02
1.190000000000000000e+02 1.000000000000000000e+00 9.992371773682291458e-01 0.000000000000000000e+00 3.905205967824824237e-02
1.200000000000000000e+02 1.000000000000000000e+00 9.992371773681880676e-01 0.000000000000000000e+00 3.905205967824619540e-02
1.210000000000000000e+02 1.000000000000000000e+00 9.992371773681602010e-01 0.000000000000000000e+00 3.905205967824564028e-02
1.220000000000000000e+02 1.000000000000000000e+00 9.992371773682103830e-01 0.000000000000000000e+00 3.905205967824741664e-02
1.230000000000000000e+02 1.000000000000000000e+00 9.992371773682228175e-01 0.000000000000000000e+00 3.905205967824738889e-02
1.240000000000000000e+02 1.000000000000000000e+00 9.992371773681594238e-01 0.000000000000000000e+00 3.905205967824539742e-02
1.250000000000000000e+02 1.000000000000000000e+00 9.992371773679136204e-01 0.000000000000000000e+00 3.905205967823596747e-02
1.260000000000000000e+02 1.000000000000000000e+00 9.992371773680717162e-01 0.000000000000000000e+00 3.905205967824168511e-02
1.270000000000000000e+02 1.000000000000000000e+00 9.992371773682495739e-01 0.000000000000000000e+00 3.905205967824883218e-02
1.280000000000000000e+02 1.000000000000000000e+00 9.992371773682394709e-01 0.000000000000000000e+00 3.905205967824827706e-02
1.290000000000000000e+02 1.000000000000000000e+00 9.992371773682484637e-01 0.000000000000000000e+00 3.905205967824890850e-02
1.300000000000000000e+02 1.000000000000000000e+00 9.992371773682213743e-01 0.000000000000000000e+00 3.905205967824784685e-02
1.310000000000000000e+02 1.000000000000000000e+00 9.992371773682248159e-01 0.000000000000000000e+00 3.905205967824776359e-02
1.320000000000000000e+02 1.000000000000000000e+00 9.992371773681332225e-01 0.000000000000000000e+00 3.905205967824479374e-02
1.330000000000000000e+02 1.000000000000000000e+00 9.992371773682037217e-01 0.000000000000000000e+00 3.905205967824700031e-02
1.340000000000000000e+02 1.000000000000000000e+00 9.992371773682282576e-01 0.000000000000000000e+00 3.905205967824825625e-02
1.350000000000000000e+02 1.000000000000000000e+00 9.992371773682163782e-01 0.000000000000000000e+00 3.905205967824799951e-02
1.360000000000000000e+02 1.000000000000000000e+00 9.992371773682405811e-01 0.000000000000000000e+00 3.905205967824869340e-02
1.370000000000000000e+02 1.000000000000000000e+00 9.992371773682142688e-01 0.000000000000000000e+00 3.905205967824786767e-02
1.380000000000000000e+02 1.000000000000000000e+00 9.992371773682379166e-01 0.000000000000000000e+00 3.905205967824817992e-02
1.390000000000000000e+02 1.000000000000000000e+00 9.992371773682483527e-01 0.000000000000000000e+00 3.905205967824859625e-02
1.400000000000000000e+02 1.000000000000000000e+00 9.992371773682017233e-01 0.000000000000000000e+00 3.905205967824700031e-02
1.410000000000000000e+02 1.000000000000000000e+00 9.992371773681772984e-01 0.000000000000000000e+00 3.905205967824552926e-02
1.420000000000000000e+02 1.000000000000000000e+00 9.992371773682267033e-01 0.000000000000000000e+00 3.905205967824798563e-02
1.430000000000000000e+02 1.000000000000000000e+00 9.992371773682251490e-01 0.000000000000000000e+00 3.905205967824822849e-02
1.440000000000000000e+02 1.000000000000000000e+00 9.992371773682019453e-01 0.000000000000000000e+00 3.905205967824738889e-02
1.450000000000000000e+02 1.000000000000000000e+00 9.992371773680778224e-01 0.000000000000000000e+00 3.905205967824232349e-02
1.460000000000000000e+02 1.000000000000000000e+00 9.992371773682008351e-01 0.000000000000000000e+00 3.905205967824707664e-02
1.470000000000000000e+02 1.000000000000000000e+00 9.992371773681687497e-01 0.000000000000000000e+00 3.905205967824516844e-02
1.480000000000000000e+02 1.000000000000000000e+00 9.992371773682532377e-01 0.000000000000000000e+00 3.905205967824815216e-02
1.490000000000000000e+02 1.000000000000000000e+00 9.992371773682293679e-01 0.000000000000000000e+00 3.905205967824816604e-02
1.500000000000000000e+02 1.000000000000000000e+00 9.992371773682258151e-01 0.000000000000000000e+00 3.905205967824769420e-02
1.510000000000000000e+02 1.000000000000000000e+00 9.992371773682189318e-01 0.000000000000000000e+00 3.905205967824792318e-02
1.520000000000000000e+02 1.000000000000000000e+00 9.992371773682289238e-01 0.000000000000000000e+00 3.905205967824808277e-02
1.530000000000000000e+02 1.000000000000000000e+00 9.992371773682300340e-01 0.000000000000000000e+00 3.905205967824808277e-02
1.540000000000000000e+02 1.000000000000000000e+00 9.992371773682308111e-01 0.000000000000000000e+00 3.905205967824808277e-02
1.550000000000000000e+02 1.000000000000000000e+00 9.992371773682380276e-01 0.000000000000000000e+00 3.905205967824816604e-02
1.560000000000000000e+02 1.000000000000000000e+00 9.992371773682298119e-01 0.000000000000000000e+00 3.905205967824788155e-02
1.570000000000000000e+02 1.000000000000000000e+00 9.992371773681905101e-01 0.000000000000000000e+00 3.905205967824668112e-02
1.580000000000000000e+02 1.000000000000000000e+00 9.992371773682315883e-01 0.000000000000000000e+00 3.905205967824779134e-02
1.590000000000000000e+02 1.000000000000000000e+00 9.992371773682178215e-01 0.000000000000000000e+00 3.905205967824787461e-02
1.600000000000000000e+02 1.000000000000000000e+00 9.992371773682449110e-01 0.000000000000000000e+00 3.905205967824849911e-02
1.610000000000000000e+02 1.000000000000000000e+00 9.992371773682203751e-01 0.000000000000000000e+00 3.905205967824799951e-02
1.620000000000000000e+02 1.000000000000000000e+00 9.992371773680348568e-01 0.000000000000000000e+00 3.905205967824081775e-02
1.630000000000000000e+02 1.000000000000000000e+00 9.992371773682346969e-01 0.000000000000000000e+00 3.905205967824812441e-02
1.640000000000000000e+02 1.000000000000000000e+00 9.992371773682329206e-01 0.000000000000000000e+00 3.905205967824813829e-02
1.650000000000000000e+02 1.000000000000000000e+00 9.992371773682378056e-01 0.000000000000000000e+00 3.905205967824829094e-02
1.660000000000000000e+02 1.000000000000000000e+00 9.992371773682446889e-01 0.000000000000000000e+00 3.905205967824849217e-02
1.670000000000000000e+02 1.000000000000000000e+00 9.992371773682251490e-01 0.000000000000000000e+00 3.905205967824813829e-02
1.680000000000000000e+02 1.000000000000000000e+00 9.992371773682431346e-01 0.000000000000000000e+00 3.905205967824862401e-02
1.690000000000000000e+02 1.000000000000000000e+00 9.992371773682482416e-01 0.000000000000000000e+00 3.905205967824856850e-02
1.700000000000000000e+02 1.000000000000000000e+00 9.992371773681431035e-01 0.000000000000000000e+00 3.905205967824450231e-02
1.710000000000000000e+02 1.000000000000000000e+00 9.992371773682477976e-01 0.000000000000000000e+00 3.905205967824858931e-02
1.720000000000000000e+02 1.000000000000000000e+00 9.992371773679521452e-01 0.000000000000000000e+00 3.905205967823717483e-02
1.730000000000000000e+02 1.000000000000000000e+00 9.992371773681631986e-01 0.000000000000000000e+00 3.905205967824575131e-02
1.740000000000000000e+02 1.000000000000000000e+00 9.992371773682433567e-01 0.000000000000000000e+00 3.905205967824845054e-02
1.750000000000000000e+02 1.000000000000000000e+00 9.992371773682051650e-01 0.000000000000000000e+00 3.905205967824701419e-02
1.760000000000000000e+02 1.000000000000000000e+00 9.992371773682413583e-01 0.000000000000000000e+00 3.905205967824815216e-02
1.770000000000000000e+02 1.000000000000000000e+00 9.992371773682114933e-01 0.000000000000000000e+00 3.905205967824733337e-02
1.780000000000000000e+02 1.000000000000000000e+00 9.992371773682312552e-01 0.000000000000000000e+00 3.905205967824833257e-02
1.790000000000000000e+02 1.000000000000000000e+00 9.992371773682049430e-01 0.000000000000000000e+00 3.905205967824740276e-02
1.800000000000000000e+02 1.000000000000000000e+00 9.992371773682249270e-01 0.000000000000000000e+00 3.905205967824789542e-02
1.810000000000000000e+02 1.000000000000000000e+00 9.992371773682254821e-01 0.000000000000000000e+00 3.905205967824793012e-02
1.820000000000000000e+02 1.000000000000000000e+00 9.992371773682009461e-01 0.000000000000000000e+00 3.905205967824688928e-02
1.830000000000000000e+02 1.000000000000000000e+00 9.992371773682489078e-01 0.000000000000000000e+00 3.905205967824847829e-02
1.840000000000000000e+02 1.000000000000000000e+00 9.992371773682249270e-01 0.000000000000000000e+00 3.905205967824802032e-02
1.850000000000000000e+02 1.000000000000000000e+00 9.992371773682430236e-01 0.000000000000000000e+00 3.905205967824840196e-02
1.860000000000000000e+02 1.000000000000000000e+00 9.992371773682489078e-01 0.000000000000000000e+00 3.905205967824868646e-02
1.870000000000000000e+02 1.000000000000000000e+00 9.992371773682175995e-01 0.000000000000000000e+00 3.905205967824748603e-02
1.880000000000000000e+02 1.000000000000000000e+00 9.992371773681374414e-01 0.000000000000000000e+00 3.905205967824465496e-02
1.890000000000000000e+02 1.000000000000000000e+00 9.992371773682201530e-01 0.000000000000000000e+00 3.905205967824817298e-02
1.900000000000000000e+02 1.000000000000000000e+00 9.992371773681045788e-01 0.000000000000000000e+00 3.905205967824319779e-02
1.910000000000000000e+02 1.000000000000000000e+00 9.992371773682302560e-01 0.000000000000000000e+00 3.905205967824805502e-02
1.920000000000000000e+02 1.000000000000000000e+00 9.992371773682383607e-01 0.000000000000000000e+00 3.905205967824804114e-02
1.930000000000000000e+02 1.000000000000000000e+00 9.992371773682340308e-01 0.000000000000000000e+00 3.905205967824808277e-02
1.940000000000000000e+02 1.000000000000000000e+00 9.992371773678599967e-01 0.000000000000000000e+00 3.905205967823404539e-02
1.950000000000000000e+02 1.000000000000000000e+00 9.992371773682291458e-01 0.000000000000000000e+00 3.905205967824793012e-02
1.960000000000000000e+02 1.000000000000000000e+00 9.992371773681559821e-01 0.000000000000000000e+00 3.905205967824541824e-02
1.970000000000000000e+02 1.000000000000000000e+00 9.992371773681956171e-01 0.000000000000000000e+00 3.905205967824666724e-02
1.980000000000000000e+02 1.000000000000000000e+00 9.992371773681067992e-01 0.000000000000000000e+00 3.905205967824337820e-02
1.990000000000000000e+02 1.000000000000000000e+00 9.992371773682295899e-01 0.000000000000000000e+00 3.905205967824790236e-02
2.000000000000000000e+02 1.000000000000000000e+00 9.992371773682248159e-01 0.000000000000000000e+00 3.905205967824797175e-02
2.010000000000000000e+02 1.000000000000000000e+00 9.992371773681969493e-01 0.000000000000000000e+00 3.905205967824672275e-02
2.020000000000000000e+02 1.000000000000000000e+00 9.992371773682475755e-01 0.000000000000000000e+00 3.905205967824885993e-02
2.030000000000000000e+02 1.000000000000000000e+00 9.992371773682293679e-01 0.000000000000000000e+00 3.905205967824784685e-02
2.040000000000000000e+02 1.000000000000000000e+00 9.992371773682011682e-01 0.000000000000000000e+00 3.905205967824697255e-02
2.050000000000000000e+02 1.000000000000000000e+00 9.992371773681996139e-01 0.000000000000000000e+00 3.905205967824687541e-02
2.060000000000000000e+02 1.000000000000000000e+00 9.992371773682183766e-01 0.000000000000000000e+00 3.905205967824790236e-02
2.070000000000000000e+02 1.000000000000000000e+00 9.992371773680328584e-01 0.000000000000000000e+00 3.905205967824054714e-02
2.080000000000000000e+02 1.000000000000000000e+00 9.992371773681236746e-01 0.000000000000000000e+00 3.905205967824358637e-02
2.090000000000000000e+02 1.000000000000000000e+00 9.992371773682348080e-01 0.000000000000000000e+00 3.905205967824824931e-02
2.100000000000000000e+02 1.000000000000000000e+00 9.992371773682211522e-01 0.000000000000000000e+00 3.905205967824786767e-02
2.110000000000000000e+02 1.000000000000000000e+00 9.992371773682193759e-01 0.000000000000000000e+00 3.905205967824780522e-02
2.120000000000000000e+02 1.000000000000000000e+00 9.992371773682198199e-01 0.000000000000000000e+00 3.905205967824797869e-02
2.130000000000000000e+02 1.000000000000000000e+00 9.992371773682126035e-01 0.000000000000000000e+00 3.905205967824775665e-02
2.140000000000000000e+02 1.000000000000000000e+00 9.992371773682336977e-01 0.000000000000000000e+00 3.905205967824815216e-02
2.150000000000000000e+02 1.000000000000000000e+00 9.992371773682222624e-01 0.000000000000000000e+00 3.905205967824813829e-02
2.160000000000000000e+02 1.000000000000000000e+00 9.992371773681826275e-01 0.000000000000000000e+00 3.905205967824630642e-02
2.170000000000000000e+02 1.000000000000000000e+00 9.992371773682119374e-01 0.000000000000000000e+00 3.905205967824740276e-02
2.180000000000000000e+02 1.000000000000000000e+00 9.992371773682140468e-01 0.000000000000000000e+00 3.905205967824768726e-02
2.190000000000000000e+02 1.000000000000000000e+00 9.992371773680994718e-01 0.000000000000000000e+00 3.905205967824314228e-02
2.200000000000000000e+02 1.000000000000000000e+00 9.992371773682116043e-01 0.000000000000000000e+00 3.905205967824755542e-02
2.210000000000000000e+02 1.000000000000000000e+00 9.992371773682331426e-01 0.000000000000000000e+00 3.905205967824827706e-02
2.220000000000000000e+02 1.000000000000000000e+00 9.992371773682333647e-01 0.000000000000000000e+00 3.905205967824830482e-02
2.230000000000000000e+02 1.000000000000000000e+00 9.992371773681749669e-01 0.000000000000000000e+00 3.905205967824585539e-02
2.240000000000000000e+02 1.000000000000000000e+00 9.992371773682215963e-01 0.000000000000000000e+00 3.905205967824768726e-02
2.250000000000000000e+02 1.000000000000000000e+00 9.992371773681860692e-01 0.000000000000000000e+00 3.905205967824665336e-02
2.260000000000000000e+02 1.000000000000000000e+00 9.992371773682380276e-01 0.000000000000000000e+00 3.905205967824812441e-02
2.270000000000000000e+02 1.000000000000000000e+00 9.992371773682349190e-01 0.000000000000000000e+00 3.905205967824810359e-02
2.280000000000000000e+02 1.000000000000000000e+00 9.992371773681948399e-01 0.000000000000000000e+00 3.905205967824645907e-02
2.290000000000000000e+02 1.000000000000000000e+00 9.992371773682220404e-01 0.000000000000000000e+00 3.905205967824774971e-02
2.300000000000000000e+02 1.000000000000000000e+00 9.992371773682113822e-01 0.000000000000000000e+00 3.905205967824772889e-02
2.310000000000000000e+02 1.000000000000000000e+00 9.992371773682389158e-01 0.000000000000000000e+00 3.905205967824840196e-02
2.320000000000000000e+02 1.000000000000000000e+00 9.992371773681920644e-01 0.000000000000000000e+00 3.905205967824650071e-02
2.330000000000000000e+02 1.000000000000000000e+00 9.992371773682150460e-01 0.000000000000000000e+00 3.905205967824776359e-02
2.340000000000000000e+02 1.000000000000000000e+00 9.992371773682087177e-01 0.000000000000000000e+00 3.905205967824745827e-02
2.350000000000000000e+02 1.000000000000000000e+00 9.992371773680870373e-01 0.000000000000000000e+00 3.905205967824221247e-02
2.360000000000000000e+02 1.000000000000000000e+00 9.992371773682140468e-01 0.000000000000000000e+00 3.905205967824736807e-02
2.370000000000000000e+02 1.000000000000000000e+00 9.992371773682284797e-01 0.000000000000000000e+00 3.905205967824813829e-02
2.380000000000000000e+02 1.000000000000000000e+00 9.992371773682229286e-01 0.000000000000000000e+00 3.905205967824777052e-02
2.390000000000000000e+02 1.000000000000000000e+00 9.992371773682215963e-01 0.000000000000000000e+00 3.905205967824761093e-02
2.400000000000000000e+02 1.000000000000000000e+00 9.992371773682231506e-01 0.000000000000000000e+00 3.905205967824770807e-02
2.410000000000000000e+02 1.000000000000000000e+00 9.992371773681554270e-01 0.000000000000000000e+00 3.905205967824512681e-02
2.420000000000000000e+02 1.000000000000000000e+00 9.992371773682059422e-01 0.000000000000000000e+00 3.905205967824727092e-02
2.430000000000000000e+02 1.000000000000000000e+00 9.992371773678208058e-01 0.000000000000000000e+00 3.905205967823230373e-02
2.440000000000000000e+02 1.000000000000000000e+00 9.992371773681708591e-01 0.000000000000000000e+00 3.905205967824521007e-02
2.450000000000000000e+02 1.000000000000000000e+00 9.992371773682153790e-01 0.000000000000000000e+00 3.905205967824736113e-02
2.460000000000000000e+02 1.000000000000000000e+00 9.992371773682202640e-01 0.000000000000000000e+00 3.905205967824793012e-02
2.470000000000000000e+02 1.000000000000000000e+00 9.992371773682287017e-01 0.000000000000000000e+00 3.905205967824804114e-02
2.480000000000000000e+02 1.000000000000000000e+00 9.992371773682033886e-01 0.000000000000000000e+00 3.905205967824741664e-02
2.490000000000000000e+02 1.000000000000000000e+00 9.992371773682251490e-01 0.000000000000000000e+00 3.905205967824809665e-02
2.500000000000000000e+02 1.000000000000000000e+00 9.992371773682360292e-01 0.000000000000000000e+00 3.905205967824818686e-02
2.510000000000000000e+02 1.000000000000000000e+00 9.992371773682334757e-01 0.000000000000000000e+00 3.905205967824812441e-02
2.520000000000000000e+02 1.000000000000000000e+00 9.992371773682107161e-01 0.000000000000000000e+00 3.905205967824725705e-02
2.530000000000000000e+02 1.000000000000000000e+00 9.992371773681798519e-01 0.000000000000000000e+00 3.905205967824613295e-02
2.540000000000000000e+02 1.000000000000000000e+00 9.992371773681889557e-01 0.000000000000000000e+00 3.905205967824666030e-02
2.550000000000000000e+02 1.000000000000000000e+00 9.992371773682275915e-01 0.000000000000000000e+00 3.905205967824765256e-02
2.560000000000000000e+02 1.000000000000000000e+00 9.992371773682290348e-01 0.000000000000000000e+00 3.905205967824816604e-02
2.570000000000000000e+02 1.000000000000000000e+00 9.992371773681740788e-01 0.000000000000000000e+00 3.905205967824596641e-02
2.580000000000000000e+02 1.000000000000000000e+00 9.992371773681987257e-01 0.000000000000000000e+00 3.905205967824709745e-02
2.590000000000000000e+02 1.000000000000000000e+00 9.992371773682354741e-01 0.000000000000000000e+00 3.905205967824833257e-02
2.600000000000000000e+02 1.000000000000000000e+00 9.992371773681663072e-01 0.000000000000000000e+00 3.905205967824554314e-02
2.610000000000000000e+02 1.000000000000000000e+00 9.992371773681381075e-01 0.000000000000000000e+00 3.905205967824464108e-02
2.620000000000000000e+02 1.000000000000000000e+00 9.992371773681695268e-01 0.000000000000000000e+00 3.905205967824561253e-02
2.630000000000000000e+02 1.000000000000000000e+00 9.992371773681765212e-01 0.000000000000000000e+00 3.905205967824609825e-02
2.640000000000000000e+02 1.000000000000000000e+00 9.992371773682054981e-01 0.000000000000000000e+00 3.905205967824745134e-02
2.650000000000000000e+02 1.000000000000000000e+00 9.992371773682522385e-01 0.000000000000000000e+00 3.905205967824872115e-02
2.660000000000000000e+02 1.000000000000000000e+00 9.992371773682340308e-01 0.000000000000000000e+00 3.905205967824782604e-02
2.670000000000000000e+02 1.000000000000000000e+00 9.992371773682393599e-01 0.000000000000000000e+00 3.905205967824849911e-02
2.680000000000000000e+02 1.000000000000000000e+00 9.992371773681452130e-01 0.000000000000000000e+00 3.905205967824474517e-02
2.690000000000000000e+02 1.000000000000000000e+00 9.992371773681855140e-01 0.000000000000000000e+00 3.905205967824612601e-02
2.700000000000000000e+02 1.000000000000000000e+00 9.992371773682349190e-01 0.000000000000000000e+00 3.905205967824818686e-02
2.710000000000000000e+02 1.000000000000000000e+00 9.992371773682371394e-01 0.000000000000000000e+00 3.905205967824810359e-02
2.720000000000000000e+02 1.000000000000000000e+00 9.992371773682389158e-01 0.000000000000000000e+00 3.905205967824837421e-02
2.730000000000000000e+02 1.000000000000000000e+00 9.992371773681962832e-01 0.000000000000000000e+00 3.905205967824679214e-02
2.740000000000000000e+02 1.000000000000000000e+00 9.992371773682423575e-01 0.000000000000000000e+00 3.905205967824849217e-02
2.750000000000000000e+02 1.000000000000000000e+00 9.992371773681520963e-01 0.000000000000000000e+00 3.905205967824529334e-02
2.760000000000000000e+02 1.000000000000000000e+00 9.992371773681982816e-01 0.000000000000000000e+00 3.905205967824687541e-02
2.770000000000000000e+02 1.000000000000000000e+00 9.992371773681629765e-01 0.000000000000000000e+00 3.905205967824539048e-02
2.780000000000000000e+02 1.000000000000000000e+00 9.992371773682267033e-01 0.000000000000000000e+00 3.905205967824817992e-02
2.790000000000000000e+02 1.000000000000000000e+00 9.992371773682147129e-01 0.000000000000000000e+00 3.905205967824736113e-02
2.800000000000000000e+02 1.000000000000000000e+00 9.992371773682032776e-01 0.000000000000000000e+00 3.905205967824655622e-02
2.810000000000000000e+02 1.000000000000000000e+00 9.992371773682134917e-01 0.000000000000000000e+00 3.905205967824763869e-02
2.820000000000000000e+02 1.000000000000000000e+00 9.992371773681620883e-01 0.000000000000000000e+00 3.905205967824522395e-02
2.830000000000000000e+02 1.000000000000000000e+00 9.992371773682340308e-01 0.000000000000000000e+00 3.905205967824830482e-02
2.840000000000000000e+02 1.000000000000000000e+00 9.992371773681734126e-01 0.000000000000000000e+00 3.905205967824605662e-02
2.850000000000000000e+02 1.000000000000000000e+00 9.992371773682310332e-01 0.000000000000000000e+00 3.905205967824808277e-02
2.860000000000000000e+02 1.000000000000000000e+00 9.992371773681558711e-01 0.000000000000000000e+00 3.905205967824550151e-02
2.870000000000000000e+02 1.000000000000000000e+00 9.992371773682260372e-01 0.000000000000000000e+00 3.905205967824761093e-02
2.880000000000000000e+02 1.000000000000000000e+00 9.992371773682313663e-01 0.000000000000000000e+00 3.905205967824791624e-02
2.890000000000000000e+02 1.000000000000000000e+00 9.992371773681743008e-01 0.000000000000000000e+00 3.905205967824586927e-02
2.900000000000000000e+02 1.000000000000000000e+00 9.992371773681787417e-01 0.000000000000000000e+00 3.905205967824638275e-02
2.910000000000000000e+02 1.000000000000000000e+00 9.992371773682393599e-01 0.000000000000000000e+00 3.905205967824847135e-02
2.920000000000000000e+02 1.000000000000000000e+00 9.992371773682008351e-01 0.000000000000000000e+00 3.905205967824737501e-02
2.930000000000000000e+02 1.000000000000000000e+00 9.992371773682198199e-01 0.000000000000000000e+00 3.905205967824779134e-02
2.940000000000000000e+02 1.000000000000000000e+00 9.992371773681893998e-01 0.000000000000000000e+00 3.905205967824652152e-02
2.950000000000000000e+02 1.000000000000000000e+00 9.992371773681931746e-01 0.000000000000000000e+00 3.905205967824705582e-02
2.960000000000000000e+02 1.000000000000000000e+00 9.992371773682098279e-01 0.000000000000000000e+00 3.905205967824755542e-02
2.970000000000000000e+02 1.000000000000000000e+00 9.992371773681844038e-01 0.000000000000000000e+00 3.905205967824651458e-02
2.980000000000000000e+02 1.000000000000000000e+00 9.992371773682205971e-01 0.000000000000000000e+00 3.905205967824752072e-02
2.990000000000000000e+02 1.000000000000000000e+00 9.992371773681797409e-01 0.000000000000000000e+00 3.905205967824629948e-02
3.000000000000000000e+02 1.000000000000000000e+00 9.992371773682039438e-01 0.000000000000000000e+00 3.905205967824723623e-02
3.010000000000000000e+02 1.000000000000000000e+00 9.992371773681719693e-01 0.000000000000000000e+00 3.905205967824568886e-02
3.020000000000000000e+02 1.000000000000000000e+00 9.992371773682187097e-01 0.000000000000000000e+00 3.905205967824779134e-02
3.030000000000000000e+02 1.000000000000000000e+00 9.992371773682382496e-01 0.000000000000000000e+00 3.905205967824841584e-02
3.040000000000000000e+02 1.000000000000000000e+00 9.992371773682390268e-01 0.000000000000000000e+00 3.905205967824876279e-02
3.050000000000000000e+02 1.000000000000000000e+00 9.992371773681378855e-01 0.000000000000000000e+00 3.905205967824469659e-02
3.060000000000000000e+02 1.000000000000000000e+00 9.992371773682230396e-01 0.000000000000000000e+00 3.905205967824791624e-02
3.070000000000000000e+02 1.000000000000000000e+00 9.992371773682101610e-01 0.000000000000000000e+00 3.905205967824749991e-02
3.080000000000000000e+02 1.000000000000000000e+00 9.992371773681801850e-01 0.000000000000000000e+00 3.905205967824609131e-02
3.090000000000000000e+02 1.000000000000000000e+00 9.992371773682163782e-01 0.000000000000000000e+00 3.905205967824790236e-02
3.100000000000000000e+02 1.000000000000000000e+00 9.992371773682005021e-01 0.000000000000000000e+00 3.905205967824695867e-02
3.110000000000000000e+02 1.000000000000000000e+00 9.992371773680577274e-01 0.000000000000000000e+00 3.905205967824125490e-02
3.120000000000000000e+02 1.000000000000000000e+00 9.992371773682293679e-01 0.000000000000000000e+00 3.905205967824830482e-02
3.130000000000000000e+02 1.000000000000000000e+00 9.992371773682395819e-01 0.000000000000000000e+00 3.905205967824851299e-02
3.140000000000000000e+02 1.000000000000000000e+00 9.992371773681070213e-01 0.000000000000000000e+00 3.905205967824321167e-02
3.150000000000000000e+02 1.000000000000000000e+00 9.992371773682168223e-01 0.000000000000000000e+00 3.905205967824736807e-02
3.160000000000000000e+02 1.000000000000000000e+00 9.992371773682141578e-01 0.000000000000000000e+00 3.905205967824790236e-02
3.170000000000000000e+02 1.000000000000000000e+00 9.992371773681729685e-01 0.000000000000000000e+00 3.905205967824613988e-02
3.180000000000000000e+02 1.000000000000000000e+00 9.992371773682272584e-01 0.000000000000000000e+00 3.905205967824822155e-02
3.190000000000000000e+02 1.000000000000000000e+00 9.992371773682358072e-01 0.000000000000000000e+00 3.905205967824838115e-02
3.200000000000000000e+02 1.000000000000000000e+00 9.992371773682159342e-01 0.000000000000000000e+00 3.905205967824770114e-02
3.210000000000000000e+02 1.000000000000000000e+00 9.992371773682009461e-01 0.000000000000000000e+00 3.905205967824675051e-02
3.220000000000000000e+02 1.000000000000000000e+00 9.992371773681903990e-01 0.000000000000000000e+00 3.905205967824643132e-02
3.230000000000000000e+02 1.000000000000000000e+00 9.992371773682235947e-01 0.000000000000000000e+00 3.905205967824799951e-02
3.240000000000000000e+02 1.000000000000000000e+00 9.992371773681202329e-01 0.000000000000000000e+00 3.905205967824379454e-02
3.250000000000000000e+02 1.000000000000000000e+00 9.992371773682364733e-01 0.000000000000000000e+00 3.905205967824841584e-02
3.260000000000000000e+02 1.000000000000000000e+00 9.992371773682350300e-01 0.000000000000000000e+00 3.905205967824830482e-02
3.270000000000000000e+02 1.000000000000000000e+00 9.992371773682169334e-01 0.000000000000000000e+00 3.905205967824766644e-02
3.280000000000000000e+02 1.000000000000000000e+00 9.992371773682382496e-01 0.000000000000000000e+00 3.905205967824825625e-02
3.290000000000000000e+02 1.000000000000000000e+00 9.992371773682140468e-01 0.000000000000000000e+00 3.905205967824779134e-02
3.300000000000000000e+02 1.000000000000000000e+00 9.992371773681987257e-01 0.000000000000000000e+00 3.905205967824729174e-02
3.310000000000000000e+02 1.000000000000000000e+00 9.992371773681644198e-01 0.000000000000000000e+00 3.905205967824567498e-02
3.320000000000000000e+02 1.000000000000000000e+00 9.992371773682320324e-01 0.000000000000000000e+00 3.905205967824826319e-02
3.330000000000000000e+02 1.000000000000000000e+00 9.992371773681872904e-01 0.000000000000000000e+00 3.905205967824666030e-02
3.340000000000000000e+02 1.000000000000000000e+00 9.992371773682225955e-01 0.000000000000000000e+00 3.905205967824795787e-02
3.350000000000000000e+02 1.000000000000000000e+00 9.992371773681378855e-01 0.000000000000000000e+00 3.905205967824443292e-02
3.360000000000000000e+02 1.000000000000000000e+00 9.992371773681458791e-01 0.000000000000000000e+00 3.905205967824487701e-02
3.370000000000000000e+02 1.000000000000000000e+00 9.992371773680551739e-01 0.000000000000000000e+00 3.905205967824143531e-02
3.380000000000000000e+02 1.000000000000000000e+00 9.992371773682360292e-01 0.000000000000000000e+00 3.905205967824828400e-02
3.390000000000000000e+02 1.000000000000000000e+00 9.992371773682122704e-01 0.000000000000000000e+00 3.905205967824763869e-02
3.400000000000000000e+02 1.000000000000000000e+00 9.992371773681919533e-01 0.000000000000000000e+00 3.905205967824716684e-02
3.410000000000000000e+02 1.000000000000000000e+00 9.992371773681766323e-01 0.000000000000000000e+00 3.905205967824641050e-02
3.420000000000000000e+02 1.000000000000000000e+00 9.992371773682011682e-01 0.000000000000000000e+00 3.905205967824719460e-02
3.430000000000000000e+02 1.000000000000000000e+00 9.992371773681226754e-01 0.000000000000000000e+00 3.905205967824393332e-02
3.440000000000000000e+02 1.000000000000000000e+00 9.992371773682395819e-01 0.000000000000000000e+00 3.905205967824856850e-02
3.450000000000000000e+02 1.000000000000000000e+00 9.992371773682353631e-01 0.000000000000000000e+00 3.905205967824822155e-02
3.460000000000000000e+02 1.000000000000000000e+00 9.992371773681808511e-01 0.000000000000000000e+00 3.905205967824612601e-02
3.470000000000000000e+02 1.000000000000000000e+00 9.992371773682301450e-01 0.000000000000000000e+00 3.905205967824802726e-02
3.480000000000000000e+02 1.000000000000000000e+00 9.992371773682242608e-01 0.000000000000000000e+00 3.905205967824806196e-02
3.490000000000000000e+02 1.000000000000000000e+00 9.992371773681347769e-01 0.000000000000000000e+00 3.905205967824427332e-02
3.500000000000000000e+02 1.000000000000000000e+00 9.992371773679225022e-01 0.000000000000000000e+00 3.905205967823637686e-02
3.510000000000000000e+02 1.000000000000000000e+00 9.992371773682184877e-01 0.000000000000000000e+00 3.905205967824756236e-02
3.520000000000000000e+02 1.000000000000000000e+00 9.992371773681465452e-01 0.000000000000000000e+00 3.905205967824462721e-02
3.530000000000000000e+02 1.000000000000000000e+00 9.992371773682269254e-01 0.000000000000000000e+00 3.905205967824822849e-02
3.540000000000000000e+02 1.000000000000000000e+00 9.992371773682150460e-01 0.000000000000000000e+00 3.905205967824763175e-02
3.550000000000000000e+02 1.000000000000000000e+00 9.992371773682494629e-01 0.000000000000000000e+00 3.905205967824949831e-02
3.560000000000000000e+02 1.000000000000000000e+00 9.992371773681429925e-01 0.000000000000000000e+00 3.905205967824429414e-02
3.570000000000000000e+02 1.000000000000000000e+00 9.992371773682098279e-01 0.000000000000000000e+00 3.905205967824761093e-02
3.580000000000000000e+02 1.000000000000000000e+00 9.992371773681616443e-01 0.000000000000000000e+00 3.905205967824508517e-02
3.590000000000000000e+02 1.000000000000000000e+00 9.992371773682504621e-01 0.000000000000000000e+00 3.905205967824913055e-02
3.600000000000000000e+02 1.000000000000000000e+00 9.992371773682290348e-01 0.000000000000000000e+00 3.905205967824806196e-02
3.610000000000000000e+02 1.000000000000000000e+00 9.992371773681922864e-01 0.000000000000000000e+00 3.905205967824706970e-02
3.620000000000000000e+02 1.000000000000000000e+00 9.992371773682162672e-01 0.000000000000000000e+00 3.905205967824765256e-02
3.630000000000000000e+02 1.000000000000000000e+00 9.992371773681550939e-01 0.000000000000000000e+00 3.905205967824521007e-02
3.640000000000000000e+02 1.000000000000000000e+00 9.992371773681835156e-01 0.000000000000000000e+00 3.905205967824645907e-02
3.650000000000000000e+02 1.000000000000000000e+00 9.992371773682291458e-01 0.000000000000000000e+00 3.905205967824793706e-02
3.660000000000000000e+02 1.000000000000000000e+00 9.992371773682197089e-01 0.000000000000000000e+00 3.905205967824788849e-02
3.670000000000000000e+02 1.000000000000000000e+00 9.992371773681898439e-01 0.000000000000000000e+00 3.905205967824679908e-02
3.680000000000000000e+02 1.000000000000000000e+00 9.992371773681866243e-01 0.000000000000000000e+00 3.905205967824632723e-02
3.690000000000000000e+02 1.000000000000000000e+00 9.992371773682039438e-01 0.000000000000000000e+00 3.905205967824737501e-02
3.700000000000000000e+02 1.000000000000000000e+00 9.992371773681693048e-01 0.000000000000000000e+00 3.905205967824559171e-02
3.710000000000000000e+02 1.000000000000000000e+00 9.992371773682020564e-01 0.000000000000000000e+00 3.905205967824706970e-02
3.720000000000000000e+02 1.000000000000000000e+00 9.992371773682062752e-01 0.000000000000000000e+00 3.905205967824712521e-02
3.730000000000000000e+02 1.000000000000000000e+00 9.992371773682123814e-01 0.000000000000000000e+00 3.905205967824768032e-02
3.740000000000000000e+02 1.000000000000000000e+00 9.992371773681911762e-01 0.000000000000000000e+00 3.905205967824658397e-02
3.750000000000000000e+02 1.000000000000000000e+00 9.992371773681923974e-01 0.000000000000000000e+00 3.905205967824662561e-02
3.760000000000000000e+02 1.000000000000000000e+00 9.992371773680128744e-01 0.000000000000000000e+00 3.905205967823997815e-02
3.770000000000000000e+02 1.000000000000000000e+00 9.992371773681784086e-01 0.000000000000000000e+00 3.905205967824610519e-02
3.780000000000000000e+02 1.000000000000000000e+00 9.992371773681972824e-01 0.000000000000000000e+00 3.905205967824679214e-02
3.790000000000000000e+02 1.000000000000000000e+00 9.992371773681140157e-01 0.000000000000000000e+00 3.905205967824385005e-02
3.800000000000000000e+02 1.000000000000000000e+00 9.992371773681605340e-01 0.000000000000000000e+00 3.905205967824558477e-02
3.810000000000000000e+02 1.000000000000000000e+00 9.992371773681909541e-01 0.000000000000000000e+00 3.905205967824672275e-02
3.820000000000000000e+02 1.000000000000000000e+00 9.992371773682205971e-01 0.000000000000000000e+00 3.905205967824765256e-02
3.830000000000000000e+02 1.000000000000000000e+00 9.992371773682290348e-01 0.000000000000000000e+00 3.905205967824802726e-02
3.840000000000000000e+02 1.000000000000000000e+00 9.992371773678544455e-01 0.000000000000000000e+00 3.905205967823374702e-02
3.850000000000000000e+02 1.000000000000000000e+00 9.992371773681139047e-01 0.000000000000000000e+00 3.905205967824380842e-02
3.860000000000000000e+02 1.000000000000000000e+00 9.992371773682462432e-01 0.000000000000000000e+00 3.905205967824869340e-02
3.870000000000000000e+02 1.000000000000000000e+00 9.992371773681213432e-01 0.000000000000000000e+00 3.905205967824400271e-02
3.880000000000000000e+02 1.000000000000000000e+00 9.992371773682241498e-01 0.000000000000000000e+00 3.905205967824793706e-02
3.890000000000000000e+02 1.000000000000000000e+00 9.992371773681211211e-01 0.000000000000000000e+00 3.905205967824450231e-02
3.900000000000000000e+02 1.000000000000000000e+00 9.992371773681412161e-01 0.000000000000000000e+00 3.905205967824480068e-02
3.910000000000000000e+02 1.000000000000000000e+00 9.992371773680851499e-01 0.000000000000000000e+00 3.905205967824244145e-02
3.920000000000000000e+02 1.000000000000000000e+00 9.992371773682221514e-01 0.000000000000000000e+00 3.905205967824790236e-02
3.930000000000000000e+02 1.000000000000000000e+00 9.992371773681349989e-01 0.000000000000000000e+00 3.905205967824458557e-02
3.940000000000000000e+02 1.000000000000000000e+00 9.992371773681461011e-01 0.000000000000000000e+00 3.905205967824469659e-02
3.950000000000000000e+02 1.000000000000000000e+00 9.992371773682038327e-01 0.000000000000000000e+00 3.905205967824727092e-02
3.960000000000000000e+02 1.000000000000000000e+00 9.992371773682215963e-01 0.000000000000000000e+00 3.905205967824776359e-02
3.970000000000000000e+02 1.000000000000000000e+00 9.992371773682094949e-01 0.000000000000000000e+00 3.905205967824727092e-02
3.980000000000000000e+02 1.000000000000000000e+00 9.992371773681842928e-01 0.000000000000000000e+00 3.905205967824676438e-02
3.990000000000000000e+02 1.000000000000000000e+00 9.992371773681231195e-01 0.000000000000000000e+00 3.905205967824411373e-02
4.000000000000000000e+02 1.000000000000000000e+00 9.992371773681737457e-01 0.000000000000000000e+00 3.905205967824555702e-02
4.010000000000000000e+02 1.000000000000000000e+00 9.992371773681663072e-01 0.000000000000000000e+00 3.905205967824595947e-02
4.020000000000000000e+02 1.000000000000000000e+00 9.992371773681540947e-01 0.000000000000000000e+00 3.905205967824493252e-02
4.030000000000000000e+02 1.000000000000000000e+00 9.992371773681983926e-01 0.000000000000000000e+00 3.905205967824715990e-02
4.040000000000000000e+02 1.000000000000000000e+00 9.992371773681791858e-01 0.000000000000000000e+00 3.905205967824609825e-02
4.050000000000000000e+02 1.000000000000000000e+00 9.992371773680641667e-01 0.000000000000000000e+00 3.905205967824196961e-02
4.060000000000000000e+02 1.000000000000000000e+00 9.992371773681638647e-01 0.000000000000000000e+00 3.905205967824575131e-02
4.070000000000000000e+02 1.000000000000000000e+00 9.992371773681119063e-01 0.000000000000000000e+00 3.905205967824321167e-02
4.080000000000000000e+02 1.000000000000000000e+00 9.992371773681560931e-01 0.000000000000000000e+00 3.905205967824534191e-02
4.090000000000000000e+02 1.000000000000000000e+00 9.992371773681857361e-01 0.000000000000000000e+00 3.905205967824677132e-02
4.100000000000000000e+02 1.000000000000000000e+00 9.992371773682160452e-01 0.000000000000000000e+00 3.905205967824766644e-02
4.110000000000000000e+02 1.000000000000000000e+00 9.992371773680666092e-01 0.000000000000000000e+00 3.905205967824192798e-02
4.120000000000000000e+02 1.000000000000000000e+00 9.992371773681534286e-01 0.000000000000000000e+00 3.905205967824492558e-02
4.130000000000000000e+02 1.000000000000000000e+00 9.992371773681845148e-01 0.000000000000000000e+00 3.905205967824652846e-02
4.140000000000000000e+02 1.000000000000000000e+00 9.992371773682164893e-01 0.000000000000000000e+00 3.905205967824772195e-02
4.150000000000000000e+02 1.000000000000000000e+00 9.992371773681676395e-01 0.000000000000000000e+00 3.905205967824548069e-02
4.160000000000000000e+02 1.000000000000000000e+00 9.992371773682351410e-01 0.000000000000000000e+00 3.905205967824813135e-02
4.170000000000000000e+02 1.000000000000000000e+00 9.992371773681409941e-01 0.000000000000000000e+00 3.905205967824484231e-02
4.180000000000000000e+02 1.000000000000000000e+00 9.992371773681472114e-01 0.000000000000000000e+00 3.905205967824459945e-02
4.190000000000000000e+02 1.000000000000000000e+00 9.992371773681503200e-01 0.000000000000000000e+00 3.905205967824525864e-02
4.200000000000000000e+02 1.000000000000000000e+00 9.992371773682051650e-01 0.000000000000000000e+00 3.905205967824743052e-02
4.210000000000000000e+02 1.000000000000000000e+00 9.992371773682198199e-01 0.000000000000000000e+00 3.905205967824769420e-02
4.220000000000000000e+02 1.000000000000000000e+00 9.992371773679580294e-01 0.000000000000000000e+00 3.905205967823771607e-02
4.230000000000000000e+02 1.000000000000000000e+00 9.992371773682325875e-01 0.000000000000000000e+00 3.905205967824812441e-02
4.240000000000000000e+02 1.000000000000000000e+00 9.992371773681414382e-01 0.000000000000000000e+00 3.905205967824465496e-02
4.250000000000000000e+02 1.000000000000000000e+00 9.992371773682000580e-01 0.000000000000000000e+00 3.905205967824695867e-02
4.260000000000000000e+02 1.000000000000000000e+00 9.992371773670860602e-01 0.000000000000000000e+00 3.905205967820370161e-02
4.270000000000000000e+02 1.000000000000000000e+00 9.992371773681530955e-01 0.000000000000000000e+00 3.905205967824524477e-02
4.280000000000000000e+02 1.000000000000000000e+00 9.992371773682265923e-01 0.000000000000000000e+00 3.905205967824811747e-02
4.290000000000000000e+02 1.000000000000000000e+00 9.992371773679231683e-01 0.000000000000000000e+00 3.905205967823636298e-02
4.300000000000000000e+02 1.000000000000000000e+00 9.992371773681744118e-01 0.000000000000000000e+00 3.905205967824650765e-02
4.310000000000000000e+02 1.000000000000000000e+00 9.992371773680934766e-01 0.000000000000000000e+00 3.905205967824284391e-02
4.320000000000000000e+02 1.000000000000000000e+00 9.992371773681629765e-01 0.000000000000000000e+00 3.905205967824541130e-02
4.330000000000000000e+02 1.000000000000000000e+00 9.992371773681828495e-01 0.000000000000000000e+00 3.905205967824604274e-02
4.340000000000000000e+02 1.000000000000000000e+00 9.992371773681286706e-01 0.000000000000000000e+00 3.905205967824439128e-02
4.350000000000000000e+02 1.000000000000000000e+00 9.992371773681134606e-01 0.000000000000000000e+00 3.905205967824389168e-02
4.360000000000000000e+02 1.000000000000000000e+00 9.992371773681754110e-01 0.000000000000000000e+00 3.905205967824587621e-02
4.370000000000000000e+02 1.000000000000000000e+00 9.992371773680808200e-01 0.000000000000000000e+00 3.905205967824255942e-02
4.380000000000000000e+02 1.000000000000000000e+00 9.992371773682187097e-01 0.000000000000000000e+00 3.905205967824759705e-02
4.390000000000000000e+02 1.000000000000000000e+00 9.992371773681966163e-01 0.000000000000000000e+00 3.905205967824695867e-02
4.400000000000000000e+02 1.000000000000000000e+00 9.992371773681671954e-01 0.000000000000000000e+00 3.905205967824597335e-02
4.410000000000000000e+02 1.000000000000000000e+00 9.992371773682104941e-01 0.000000000000000000e+00 3.905205967824742358e-02
4.420000000000000000e+02 1.000000000000000000e+00 9.992371773681715252e-01 0.000000000000000000e+00 3.905205967824573743e-02
4.430000000000000000e+02 1.000000000000000000e+00 9.992371773681342217e-01 0.000000000000000000e+00 3.905205967824446761e-02
4.440000000000000000e+02 1.000000000000000000e+00 9.992371773682184877e-01 0.000000000000000000e+00 3.905205967824798563e-02
4.450000000000000000e+02 1.000000000000000000e+00 9.992371773681547609e-01 0.000000000000000000e+00 3.905205967824523089e-02
4.460000000000000000e+02 1.000000000000000000e+00 9.992371773682051650e-01 0.000000000000000000e+00 3.905205967824689622e-02
4.470000000000000000e+02 1.000000000000000000e+00 9.992371773681336666e-01 0.000000000000000000e+00 3.905205967824446067e-02
4.480000000000000000e+02 1.000000000000000000e+00 9.992371773681588687e-01 0.000000000000000000e+00 3.905205967824497415e-02
4.490000000000000000e+02 1.000000000000000000e+00 9.992371773682188207e-01 0.000000000000000000e+00 3.905205967824764562e-02
4.500000000000000000e+02 1.000000000000000000e+00 9.992371773671182567e-01 0.000000000000000000e+00 3.905205967820462448e-02
4.510000000000000000e+02 1.000000000000000000e+00 9.992371773680697178e-01 0.000000000000000000e+00 3.905205967824211533e-02
4.520000000000000000e+02 1.000000000000000000e+00 9.992371773680506220e-01 0.000000000000000000e+00 3.905205967824126184e-02
4.530000000000000000e+02 1.000000000000000000e+00 9.992371773681247848e-01 0.000000000000000000e+00 3.905205967824405822e-02
4.540000000000000000e+02 1.000000000000000000e+00 9.992371773681962832e-01 0.000000000000000000e+00 3.905205967824692398e-02
4.550000000000000000e+02 1.000000000000000000e+00 9.992371773682044989e-01 0.000000000000000000e+00 3.905205967824709745e-02
4.560000000000000000e+02 1.000000000000000000e+00 9.992371773681256730e-01 0.000000000000000000e+00 3.905205967824423863e-02
4.570000000000000000e+02 1.000000000000000000e+00 9.992371773681940628e-01 0.000000000000000000e+00 3.905205967824688235e-02
4.580000000000000000e+02 1.000000000000000000e+00 9.992371773682192648e-01 0.000000000000000000e+00 3.905205967824766644e-02
4.590000000000000000e+02 1.000000000000000000e+00 9.992371773682122704e-01 0.000000000000000000e+00 3.905205967824738889e-02
4.600000000000000000e+02 1.000000000000000000e+00 9.992371773681468783e-01 0.000000000000000000e+00 3.905205967824521007e-02
4.610000000000000000e+02 1.000000000000000000e+00 9.992371773681282265e-01 0.000000000000000000e+00 3.905205967824427332e-02
4.620000000000000000e+02 1.000000000000000000e+00 9.992371773681385516e-01 0.000000000000000000e+00 3.905205967824476598e-02
4.630000000000000000e+02 1.000000000000000000e+00 9.992371773682131586e-01 0.000000000000000000e+00 3.905205967824759011e-02
4.640000000000000000e+02 1.000000000000000000e+00 9.992371773679988856e-01 0.000000000000000000e+00 3.905205967823953406e-02
4.650000000000000000e+02 1.000000000000000000e+00 9.992371773680290836e-01 0.000000000000000000e+00 3.905205967824057489e-02
4.660000000000000000e+02 1.000000000000000000e+00 9.992371773681398839e-01 0.000000000000000000e+00 3.905205967824479374e-02
4.670000000000000000e+02 1.000000000000000000e+00 9.992371773681694158e-01 0.000000000000000000e+00 3.905205967824552232e-02
4.680000000000000000e+02 1.000000000000000000e+00 9.992371773682107161e-01 0.000000000000000000e+00 3.905205967824759011e-02
4.690000000000000000e+02 1.000000000000000000e+00 9.992371773680510660e-01 0.000000000000000000e+00 3.905205967824139368e-02
4.700000000000000000e+02 1.000000000000000000e+00 9.992371773682223735e-01 0.000000000000000000e+00 3.905205967824794400e-02
4.710000000000000000e+02 1.000000000000000000e+00 9.992371773676174129e-01 0.000000000000000000e+00 3.905205967822430319e-02
4.720000000000000000e+02 1.000000000000000000e+00 9.992371773674817437e-01 0.000000000000000000e+00 3.905205967821899493e-02
4.730000000000000000e+02 1.000000000000000000e+00 9.992371773681586467e-01 0.000000000000000000e+00 3.905205967824511293e-02
4.740000000000000000e+02 1.000000000000000000e+00 9.992371773678525582e-01 0.000000000000000000e+00 3.905205967823360130e-02
4.750000000000000000e+02 1.000000000000000000e+00 9.992371773682058311e-01 0.000000000000000000e+00 3.905205967824734725e-02
4.760000000000000000e+02 1.000000000000000000e+00 9.992371773681496538e-01 0.000000000000000000e+00 3.905205967824518926e-02
4.770000000000000000e+02 1.000000000000000000e+00 9.992371773681161251e-01 0.000000000000000000e+00 3.905205967824355862e-02
4.780000000000000000e+02 1.000000000000000000e+00 9.992371773679511460e-01 0.000000000000000000e+00 3.905205967823750790e-02
4.790000000000000000e+02 1.000000000000000000e+00 9.992371773682218183e-01 0.000000000000000000e+00 3.905205967824795094e-02
4.800000000000000000e+02 1.000000000000000000e+00 9.992371773680319702e-01 0.000000000000000000e+00 3.905205967824071367e-02
4.810000000000000000e+02 1.000000000000000000e+00 9.992371773681780756e-01 0.000000000000000000e+00 3.905205967824647295e-02
4.820000000000000000e+02 1.000000000000000000e+00 9.992371773680770453e-01 0.000000000000000000e+00 3.905205967824254554e-02
4.830000000000000000e+02 1.000000000000000000e+00 9.992371773681321123e-01 0.000000000000000000e+00 3.905205967824443986e-02
4.840000000000000000e+02 1.000000000000000000e+00 9.992371773681204550e-01 0.000000000000000000e+00 3.905205967824419699e-02
4.850000000000000000e+02 1.000000000000000000e+00 9.992371773681718583e-01 0.000000000000000000e+00 3.905205967824573049e-02
4.860000000000000000e+02 1.000000000000000000e+00 9.992371773680389646e-01 0.000000000000000000e+00 3.905205967824063040e-02
4.870000000000000000e+02 1.000000000000000000e+00 9.992371773681307801e-01 0.000000000000000000e+00 3.905205967824426638e-02
4.880000000000000000e+02 1.000000000000000000e+00 9.992371773682048319e-01 0.000000000000000000e+00 3.905205967824715296e-02
4.890000000000000000e+02 1.000000000000000000e+00 9.992371773671961943e-01 0.000000000000000000e+00 3.905205967820784413e-02
4.900000000000000000e+02 1.000000000000000000e+00 9.992371773681492098e-01 0.000000000000000000e+00 3.905205967824511293e-02
4.910000000000000000e+02 1.000000000000000000e+00 9.992371773674607605e-01 0.000000000000000000e+00 3.905205967821822471e-02
4.920000000000000000e+02 1.000000000000000000e+00 9.992371773678544455e-01 0.000000000000000000e+00 3.905205967823351110e-02
4.930000000000000000e+02 1.000000000000000000e+00 9.992371773681336666e-01 0.000000000000000000e+00 3.905205967824471047e-02
4.940000000000000000e+02 1.000000000000000000e+00 9.992371773679622482e-01 0.000000000000000000e+00 3.905205967823782709e-02
4.950000000000000000e+02 1.000000000000000000e+00 9.992371773678765390e-01 0.000000000000000000e+00 3.905205967823427438e-02
4.960000000000000000e+02 1.000000000000000000e+00 9.992371773676996805e-01 0.000000000000000000e+00 3.905205967822744650e-02
4.970000000000000000e+02 1.000000000000000000e+00 9.992371773681576475e-01 0.000000000000000000e+00 3.905205967824541824e-02
4.980000000000000000e+02 1.000000000000000000e+00 9.992371773678009328e-01 0.000000000000000000e+00 3.905205967823138780e-02
4.990000000000000000e+02 1.000000000000000000e+00 9.992371773676471669e-01 0.000000000000000000e+00 3.905205967822539953e-02
5.000000000000000000e+02 1.000000000000000000e+00 9.992371773679928904e-01 0.000000000000000000e+00 3.905205967823911772e-02
5.010000000000000000e+02 1.000000000000000000e+00 9.992371773674492141e-01 0.000000000000000000e+00 3.905205967821763491e-02
5.020000000000000000e+02 1.000000000000000000e+00 9.992371773681292257e-01 0.000000000000000000e+00 3.905205967824416924e-02
5.030000000000000000e+02 1.000000000000000000e+00 9.992371773681234526e-01 0.000000000000000000e+00 3.905205967824366964e-02
5.040000000000000000e+02 1.000000000000000000e+00 9.992371773681048008e-01 0.000000000000000000e+00 3.905205967824347535e-02
5.050000000000000000e+02 1.000000000000000000e+00 9.992371773681605340e-01 0.000000000000000000e+00 3.905205967824591784e-02
5.060000000000000000e+02 1.000000000000000000e+00 9.992371773681852920e-01 0.000000000000000000e+00 3.905205967824651458e-02
5.070000000000000000e+02 1.000000000000000000e+00 9.992371773678165869e-01 0.000000000000000000e+00 3.905205967823215107e-02
5.080000000000000000e+02 1.000000000000000000e+00 9.992371773681154590e-01 0.000000000000000000e+00 3.905205967824387780e-02
5.090000000000000000e+02 1.000000000000000000e+00 9.992371773678955238e-01 0.000000000000000000e+00 3.905205967823535684e-02
5.100000000000000000e+02 1.000000000000000000e+00 9.992371773671282487e-01 0.000000000000000000e+00 3.905205967820539470e-02
5.110000000000000000e+02 1.000000000000000000e+00 9.992371773676955726e-01 0.000000000000000000e+00 3.905205967822766855e-02
