512 4
0.000000000000000000e+00 1.000000000000000000e+00 9.992371773682570124e-01 0.000000000000000000e+00 3.905205967824822155e-02
1.000000000000000000e+00 1.000000000000000000e+00 9.992371773682442448e-01 0.000000000000000000e+00 3.905205967824675051e-02
2.000000000000000000e+00 1.000000000000000000e+00 9.992371773682439118e-01 0.000000000000000000e+00 3.905205967824686153e-02
3.000000000000000000e+00 1.000000000000000000e+00 9.992371773682282576e-01 0.000000000000000000e+00 3.905205967824609825e-02
4.000000000000000000e+00 1.000000000000000000e+00 9.992371773682455771e-01 0.000000000000000000e+00 3.905205967824684765e-02
5.000000000000000000e+00 1.000000000000000000e+00 9.992371773682463543e-01 0.000000000000000000e+00 3.905205967824691704e-02
6.000000000000000000e+00 1.000000000000000000e+00 9.992371773682326985e-01 0.000000000000000000e+00 3.905205967824633417e-02
7.000000000000000000e+00 1.000000000000000000e+00 9.992371773682272584e-01 0.000000000000000000e+00 3.905205967824632030e-02
8.000000000000000000e+00 1.000000000000000000e+00 9.992371773682350300e-01 0.000000000000000000e+00 3.905205967824631336e-02
9.000000000000000000e+00 1.000000000000000000e+00 9.992371773682116043e-01 0.000000000000000000e+00 3.905205967824584845e-02
1.000000000000000000e+01 1.000000000000000000e+00 9.992371773682401370e-01 0.000000000000000000e+00 3.905205967824686153e-02
1.100000000000000000e+01 1.000000000000000000e+00 9.992371773682200420e-01 0.000000000000000000e+00 3.905205967824636193e-02
1.200000000000000000e+01 1.000000000000000000e+00 9.992371773682046099e-01 0.000000000000000000e+00 3.905205967824568886e-02
1.300000000000000000e+01 1.000000000000000000e+00 9.992371773682378056e-01 0.000000000000000000e+00 3.905205967824661173e-02
1.400000000000000000e+01 1.000000000000000000e+00 9.992371773682400260e-01 0.000000000000000000e+00 3.905205967824675051e-02
1.500000000000000000e+01 1.000000000000000000e+00 9.992371773682395819e-01 0.000000000000000000e+00 3.905205967824703500e-02
1.600000000000000000e+01 1.000000000000000000e+00 9.992371773682333647e-01 0.000000000000000000e+00 3.905205967824628560e-02
1.700000000000000000e+01 1.000000000000000000e+00 9.992371773682087177e-01 0.000000000000000000e+00 3.905205967824550151e-02
1.800000000000000000e+01 1.000000000000000000e+00 9.992371773682414693e-01 0.000000000000000000e+00 3.905205967824684765e-02
1.900000000000000000e+01 1.000000000000000000e+00 9.992371773682224845e-01 0.000000000000000000e+00 3.905205967824657703e-02
2.000000000000000000e+01 1.000000000000000000e+00 9.992371773682451330e-01 0.000000000000000000e+00 3.905205967824688235e-02
2.100000000000000000e+01 1.000000000000000000e+00 9.992371773681658631e-01 0.000000000000000000e+00 3.905205967824371127e-02
2.200000000000000000e+01 1.000000000000000000e+00 9.992371773677974911e-01 0.000000000000000000e+00 3.905205967822959062e-02
2.300000000000000000e+01 1.000000000000000000e+00 9.992371773680094327e-01 0.000000000000000000e+00 3.905205967823788954e-02
2.400000000000000000e+01 1.000000000000000000e+00 9.992371773682118263e-01 0.000000000000000000e+00 3.905205967824618152e-02
2.500000000000000000e+01 1.000000000000000000e+00 9.992371773682161562e-01 0.000000000000000000e+00 3.905205967824554314e-02
2.600000000000000000e+01 1.000000000000000000e+00 9.992371773682289238e-01 0.000000000000000000e+00 3.905205967824643132e-02
2.700000000000000000e+01 1.000000000000000000e+00 9.992371773682198199e-01 0.000000000000000000e+00 3.905205967824629948e-02
2.800000000000000000e+01 1.000000000000000000e+00 9.992371773682027225e-01 0.000000000000000000e+00 3.905205967824561947e-02
2.900000000000000000e+01 1.000000000000000000e+00 9.992371773682376945e-01 0.000000000000000000e+00 3.905205967824672275e-02
3.000000000000000000e+01 1.000000000000000000e+00 9.992371773682234837e-01 0.000000000000000000e+00 3.905205967824586233e-02
3.100000000000000000e+01 1.000000000000000000e+00 9.992371773682258151e-01 0.000000000000000000e+00 3.905205967824601498e-02
3.200000000000000000e+01 1.000000000000000000e+00 9.992371773682107161e-01 0.000000000000000000e+00 3.905205967824609825e-02
3.300000000000000000e+01 1.000000000000000000e+00 9.992371773682210412e-01 0.000000000000000000e+00 3.905205967824612601e-02
3.400000000000000000e+01 1.000000000000000000e+00 9.992371773682061642e-01 0.000000000000000000e+00 3.905205967824590396e-02
3.500000000000000000e+01 1.000000000000000000e+00 9.992371773682080516e-01 0.000000000000000000e+00 3.905205967824565416e-02
3.600000000000000000e+01 1.000000000000000000e+00 9.992371773681291147e-01 0.000000000000000000e+00 3.905205967824268432e-02
3.700000000000000000e+01 1.000000000000000000e+00 9.992371773682100500e-01 0.000000000000000000e+00 3.905205967824619540e-02
3.800000000000000000e+01 1.000000000000000000e+00 9.992371773682149350e-01 0.000000000000000000e+00 3.905205967824582070e-02
3.900000000000000000e+01 1.000000000000000000e+00 9.992371773682027225e-01 0.000000000000000000e+00 3.905205967824543212e-02
4.000000000000000000e+01 1.000000000000000000e+00 9.992371773681849589e-01 0.000000000000000000e+00 3.905205967824494639e-02
4.100000000000000000e+01 1.000000000000000000e+00 9.992371773680934766e-01 0.000000000000000000e+00 3.905205967824115776e-02
4.200000000000000000e+01 1.000000000000000000e+00 9.992371773682462432e-01 0.000000000000000000e+00 3.905205967824654234e-02
4.300000000000000000e+01 1.000000000000000000e+00 9.992371773682383607e-01 0.000000000000000000e+00 3.905205967824668112e-02
4.400000000000000000e+01 1.000000000000000000e+00 9.992371773682373615e-01 0.000000000000000000e+00 3.905205967824664642e-02
4.500000000000000000e+01 1.000000000000000000e+00 9.992371773682404701e-01 0.000000000000000000e+00 3.905205967824693092e-02
4.600000000000000000e+01 1.000000000000000000e+00 9.992371773682324765e-01 0.000000000000000000e+00 3.905205967824637581e-02
4.700000000000000000e+01 1.000000000000000000e+00 9.992371773682335867e-01 0.000000000000000000e+00 3.905205967824641050e-02
4.800000000000000000e+01 1.000000000000000000e+00 9.992371773682315883e-01 0.000000000000000000e+00 3.905205967824640356e-02
4.900000000000000000e+01 1.000000000000000000e+00 9.992371773682405811e-01 0.000000000000000000e+00 3.905205967824701419e-02
5.000000000000000000e+01 1.000000000000000000e+00 9.992371773681945069e-01 0.000000000000000000e+00 3.905205967824492558e-02
5.100000000000000000e+01 1.000000000000000000e+00 9.992371773681885117e-01 0.000000000000000000e+00 3.905205967824496721e-02
5.200000000000000000e+01 1.000000000000000000e+00 9.992371773681441027e-01 0.000000000000000000e+00 3.905205967824394719e-02
5.300000000000000000e+01 1.000000000000000000e+00 9.992371773682356961e-01 0.000000000000000000e+00 3.905205967824651458e-02
5.400000000000000000e+01 1.000000000000000000e+00 9.992371773681729685e-01 0.000000000000000000e+00 3.905205967824401658e-02
5.500000000000000000e+01 1.000000000000000000e+00 9.992371773682435787e-01 0.000000000000000000e+00 3.905205967824694480e-02
5.600000000000000000e+01 1.000000000000000000e+00 9.992371773682022784e-01 0.000000000000000000e+00 3.905205967824525171e-02
5.700000000000000000e+01 1.000000000000000000e+00 9.992371773681956171e-01 0.000000000000000000e+00 3.905205967824551538e-02
5.800000000000000000e+01 1.000000000000000000e+00 9.992371773679582514e-01 0.000000000000000000e+00 3.905205967823568991e-02
5.900000000000000000e+01 1.000000000000000000e+00 9.992371773680468472e-01 0.000000000000000000e+00 3.905205967823929813e-02
6.000000000000000000e+01 1.000000000000000000e+00 9.992371773681231195e-01 0.000000000000000000e+00 3.905205967824210145e-02
6.100000000000000000e+01 1.000000000000000000e+00 9.992371773682384717e-01 0.000000000000000000e+00 3.905205967824694480e-02
6.200000000000000000e+01 1.000000000000000000e+00 9.992371773682430236e-01 0.000000000000000000e+00 3.905205967824684071e-02
6.300000000000000000e+01 1.000000000000000000e+00 9.992371773682455771e-01 0.000000000000000000e+00 3.905205967824722235e-02
6.400000000000000000e+01 1.000000000000000000e+00 9.992371773682293679e-01 0.000000000000000000e+00 3.905205967824637581e-02
6.500000000000000000e+01 1.000000000000000000e+00 9.992371773682291458e-01 0.000000000000000000e+00 3.905205967824661173e-02
6.600000000000000000e+01 1.000000000000000000e+00 9.992371773682361402e-01 0.000000000000000000e+00 3.905205967824666030e-02
6.700000000000000000e+01 1.000000000000000000e+00 9.992371773682344749e-01 0.000000000000000000e+00 3.905205967824680602e-02
6.800000000000000000e+01 1.000000000000000000e+00 9.992371773681849589e-01 0.000000000000000000e+00 3.905205967824500884e-02
6.900000000000000000e+01 1.000000000000000000e+00 9.992371773682353631e-01 0.000000000000000000e+00 3.905205967824676438e-02
7.000000000000000000e+01 1.000000000000000000e+00 9.992371773682355851e-01 0.000000000000000000e+00 3.905205967824674357e-02
7.100000000000000000e+01 1.000000000000000000e+00 9.992371773682463543e-01 0.000000000000000000e+00 3.905205967824725011e-02
7.200000000000000000e+01 1.000000000000000000e+00 9.992371773681392177e-01 0.000000000000000000e+00 3.905205967824290636e-02
7.300000000000000000e+01 1.000000000000000000e+00 9.992371773682171554e-01 0.000000000000000000e+00 3.905205967824626478e-02
7.400000000000000000e+01 1.000000000000000000e+00 9.992371773681407721e-01 0.000000000000000000e+00 3.905205967824283003e-02
7.500000000000000000e+01 1.000000000000000000e+00 9.992371773681560931e-01 0.000000000000000000e+00 3.905205967824378066e-02
7.600000000000000000e+01 1.000000000000000000e+00 9.992371773682305891e-01 0.000000000000000000e+00 3.905205967824650071e-02
7.700000000000000000e+01 1.000000000000000000e+00 9.992371773682213743e-01 0.000000000000000000e+00 3.905205967824650071e-02
7.800000000000000000e+01 1.000000000000000000e+00 9.992371773682160452e-01 0.000000000000000000e+00 3.905205967824650071e-02
7.900000000000000000e+01 1.000000000000000000e+00 9.992371773681892888e-01 0.000000000000000000e+00 3.905205967824472435e-02
8.000000000000000000e+01 1.000000000000000000e+00 9.992371773681616443e-01 0.000000000000000000e+00 3.905205967824361413e-02
8.100000000000000000e+01 1.000000000000000000e+00 9.992371773682091618e-01 0.000000000000000000e+00 3.905205967824573743e-02
8.200000000000000000e+01 1.000000000000000000e+00 9.992371773682342528e-01 0.000000000000000000e+00 3.905205967824652846e-02
8.300000000000000000e+01 1.000000000000000000e+00 9.992371773682229286e-01 0.000000000000000000e+00 3.905205967824620927e-02
8.400000000000000000e+01 1.000000000000000000e+00 9.992371773682040548e-01 0.000000000000000000e+00 3.905205967824559171e-02
8.500000000000000000e+01 1.000000000000000000e+00 9.992371773681862912e-01 0.000000000000000000e+00 3.905205967824505742e-02
8.600000000000000000e+01 1.000000000000000000e+00 9.992371773681275604e-01 0.000000000000000000e+00 3.905205967824258717e-02
8.700000000000000000e+01 1.000000000000000000e+00 9.992371773680984726e-01 0.000000000000000000e+00 3.905205967824101898e-02
8.800000000000000000e+01 1.000000000000000000e+00 9.992371773681327785e-01 0.000000000000000000e+00 3.905205967824262880e-02
8.900000000000000000e+01 1.000000000000000000e+00 9.992371773682421354e-01 0.000000000000000000e+00 3.905205967824705582e-02
9.000000000000000000e+01 1.000000000000000000e+00 9.992371773682486857e-01 0.000000000000000000e+00 3.905205967824714602e-02
9.100000000000000000e+01 1.000000000000000000e+00 9.992371773682081626e-01 0.000000000000000000e+00 3.905205967824541824e-02
9.200000000000000000e+01 1.000000000000000000e+00 9.992371773681928415e-01 0.000000000000000000e+00 3.905205967824490476e-02
9.300000000000000000e+01 1.000000000000000000e+00 9.992371773682418024e-01 0.000000000000000000e+00 3.905205967824697949e-02
9.400000000000000000e+01 1.000000000000000000e+00 9.992371773682200420e-01 0.000000000000000000e+00 3.905205967824642438e-02
9.500000000000000000e+01 1.000000000000000000e+00 9.992371773681687497e-01 0.000000000000000000e+00 3.905205967824428026e-02
9.600000000000000000e+01 1.000000000000000000e+00 9.992371773682023894e-01 0.000000000000000000e+00 3.905205967824538354e-02
9.700000000000000000e+01 1.000000000000000000e+00 9.992371773682309222e-01 0.000000000000000000e+00 3.905205967824645907e-02
9.800000000000000000e+01 1.000000000000000000e+00 9.992371773682259262e-01 0.000000000000000000e+00 3.905205967824658397e-02
9.900000000000000000e+01 1.000000000000000000e+00 9.992371773682091618e-01 0.000000000000000000e+00 3.905205967824556396e-02
1.000000000000000000e+02 1.000000000000000000e+00 9.992371773681921754e-01 0.000000000000000000e+00 3.905205967824550151e-02
1.010000000000000000e+02 1.000000000000000000e+00 9.992371773682393599e-01 0.000000000000000000e+00 3.905205967824702806e-02
1.020000000000000000e+02 1.000000000000000000e+00 9.992371773682178215e-01 0.000000000000000000e+00 3.905205967824648683e-02
1.030000000000000000e+02 1.000000000000000000e+00 9.992371773682005021e-01 0.000000000000000000e+00 3.905205967824559865e-02
1.040000000000000000e+02 1.000000000000000000e+00 9.992371773682324765e-01 0.000000000000000000e+00 3.905205967824659785e-02
1.050000000000000000e+02 1.000000000000000000e+00 9.992371773682315883e-01 0.000000000000000000e+00 3.905205967824654234e-02
1.060000000000000000e+02 1.000000000000000000e+00 9.992371773682191538e-01 0.000000000000000000e+00 3.905205967824611907e-02
1.070000000000000000e+02 1.000000000000000000e+00 9.992371773682215963e-01 0.000000000000000000e+00 3.905205967824619540e-02
1.080000000000000000e+02 1.000000000000000000e+00 9.992371773682185987e-01 0.000000000000000000e+00 3.905205967824580682e-02
1.090000000000000000e+02 1.000000000000000000e+00 9.992371773682250380e-01 0.000000000000000000e+00 3.905205967824637581e-02
1.100000000000000000e+02 1.000000000000000000e+00 9.992371773678900837e-01 0.000000000000000000e+00 3.905205967823312946e-02
1.110000000000000000e+02 1.000000000000000000e+00 9.992371773681565372e-01 0.000000000000000000e+00 3.905205967824394026e-02
1.120000000000000000e+02 1.000000000000000000e+00 9.992371773682451330e-01 0.000000000000000000e+00 3.905205967824725011e-02
1.130000000000000000e+02 1.000000000000000000e+00 9.992371773682227065e-01 0.000000000000000000e+00 3.905205967824623703e-02
1.140000000000000000e+02 1.000000000000000000e+00 9.992371773682207081e-01 0.000000000000000000e+00 3.905205967824590396e-02
1.150000000000000000e+02 1.000000000000000000e+00 9.992371773682278135e-01 0.000000000000000000e+00 3.905205967824635499e-02
1.160000000000000000e+02 1.000000000000000000e+00 9.992371773682158231e-01 0.000000000000000000e+00 3.905205967824586927e-02
1.170000000000000000e+02 1.000000000000000000e+00 9.992371773682104941e-01 0.000000000000000000e+00 3.905205967824615376e-02
1.180000000000000000e+02 1.000000000000000000e+00 9.992371773682119374e-01 0.000000000000000000e+00 3.905205967824594560e-02
1.190000000000000000e+02 1.000000000000000000e+00 9.992371773682133806e-01 0.000000000000000000e+00 3.905205967824626478e-02
1.200000000000000000e+02 1.000000000000000000e+00 9.992371773681919533e-01 0.000000000000000000e+00 3.905205967824538354e-02
1.210000000000000000e+02 1.000000000000000000e+00 9.992371773682301450e-01 0.000000000000000000e+00 3.905205967824654234e-02
1.220000000000000000e+02 1.000000000000000000e+00 9.992371773681897329e-01 0.000000000000000000e+00 3.905205967824528640e-02
1.230000000000000000e+02 1.000000000000000000e+00 9.992371773682326985e-01 0.000000000000000000e+00 3.905205967824641744e-02
1.240000000000000000e+02 1.000000000000000000e+00 9.992371773682142688e-01 0.000000000000000000e+00 3.905205967824575825e-02
1.250000000000000000e+02 1.000000000000000000e+00 9.992371773682332536e-01 0.000000000000000000e+00 3.905205967824657010e-02
1.260000000000000000e+02 1.000000000000000000e+00 9.992371773681461011e-01 0.000000000000000000e+00 3.905205967824310759e-02
1.270000000000000000e+02 1.000000000000000000e+00 9.992371773682489078e-01 0.000000000000000000e+00 3.905205967824712521e-02
1.280000000000000000e+02 1.000000000000000000e+00 9.992371773682366953e-01 0.000000000000000000e+00 3.905205967824672275e-02
1.290000000000000000e+02 1.000000000000000000e+00 9.992371773681955061e-01 0.000000000000000000e+00 3.905205967824527946e-02
1.300000000000000000e+02 1.000000000000000000e+00 9.992371773682307001e-01 0.000000000000000000e+00 3.905205967824650765e-02
1.310000000000000000e+02 1.000000000000000000e+00 9.992371773682081626e-01 0.000000000000000000e+00 3.905205967824579294e-02
1.320000000000000000e+02 1.000000000000000000e+00 9.992371773682344749e-01 0.000000000000000000e+00 3.905205967824641744e-02
1.330000000000000000e+02 1.000000000000000000e+00 9.992371773682061642e-01 0.000000000000000000e+00 3.905205967824551538e-02
1.340000000000000000e+02 1.000000000000000000e+00 9.992371773681509861e-01 0.000000000000000000e+00 3.905205967824307289e-02
1.350000000000000000e+02 1.000000000000000000e+00 9.992371773680341906e-01 0.000000000000000000e+00 3.905205967823855567e-02
1.360000000000000000e+02 1.000000000000000000e+00 9.992371773682424685e-01 0.000000000000000000e+00 3.905205967824752072e-02
1.370000000000000000e+02 1.000000000000000000e+00 9.992371773681261171e-01 0.000000000000000000e+00 3.905205967824244839e-02
1.380000000000000000e+02 1.000000000000000000e+00 9.992371773682234837e-01 0.000000000000000000e+00 3.905205967824645213e-02
1.390000000000000000e+02 1.000000000000000000e+00 9.992371773682431346e-01 0.000000000000000000e+00 3.905205967824689622e-02
1.400000000000000000e+02 1.000000000000000000e+00 9.992371773681997249e-01 0.000000000000000000e+00 3.905205967824514068e-02
1.410000000000000000e+02 1.000000000000000000e+00 9.992371773682429126e-01 0.000000000000000000e+00 3.905205967824682683e-02
1.420000000000000000e+02 1.000000000000000000e+00 9.992371773681981706e-01 0.000000000000000000e+00 3.905205967824577906e-02
1.430000000000000000e+02 1.000000000000000000e+00 9.992371773682311442e-01 0.000000000000000000e+00 3.905205967824648683e-02
1.440000000000000000e+02 1.000000000000000000e+00 9.992371773682056091e-01 0.000000000000000000e+00 3.905205967824578600e-02
1.450000000000000000e+02 1.000000000000000000e+00 9.992371773681795188e-01 0.000000000000000000e+00 3.905205967824461333e-02
1.460000000000000000e+02 1.000000000000000000e+00 9.992371773682455771e-01 0.000000000000000000e+00 3.905205967824679214e-02
1.470000000000000000e+02 1.000000000000000000e+00 9.992371773682163782e-01 0.000000000000000000e+00 3.905205967824634111e-02
1.480000000000000000e+02 1.000000000000000000e+00 9.992371773682449110e-01 0.000000000000000000e+00 3.905205967824686847e-02
1.490000000000000000e+02 1.000000000000000000e+00 9.992371773681913982e-01 0.000000000000000000e+00 3.905205967824504354e-02
1.500000000000000000e+02 1.000000000000000000e+00 9.992371773682356961e-01 0.000000000000000000e+00 3.905205967824698643e-02
1.510000000000000000e+02 1.000000000000000000e+00 9.992371773682042768e-01 0.000000000000000000e+00 3.905205967824559171e-02
1.520000000000000000e+02 1.000000000000000000e+00 9.992371773681631986e-01 0.000000000000000000e+00 3.905205967824400271e-02
1.530000000000000000e+02 1.000000000000000000e+00 9.992371773680533975e-01 0.000000000000000000e+00 3.905205967823956181e-02
1.540000000000000000e+02 1.000000000000000000e+00 9.992371773682351410e-01 0.000000000000000000e+00 3.905205967824663948e-02
1.550000000000000000e+02 1.000000000000000000e+00 9.992371773682474645e-01 0.000000000000000000e+00 3.905205967824756930e-02
1.560000000000000000e+02 1.000000000000000000e+00 9.992371773682149350e-01 0.000000000000000000e+00 3.905205967824620927e-02
1.570000000000000000e+02 1.000000000000000000e+00 9.992371773682491298e-01 0.000000000000000000e+00 3.905205967824741664e-02
1.580000000000000000e+02 1.000000000000000000e+00 9.992371773681686387e-01 0.000000000000000000e+00 3.905205967824413454e-02
1.590000000000000000e+02 1.000000000000000000e+00 9.992371773682335867e-01 0.000000000000000000e+00 3.905205967824666724e-02
1.600000000000000000e+02 1.000000000000000000e+00 9.992371773682384717e-01 0.000000000000000000e+00 3.905205967824665336e-02
1.610000000000000000e+02 1.000000000000000000e+00 9.992371773682069414e-01 0.000000000000000000e+00 3.905205967824598723e-02
1.620000000000000000e+02 1.000000000000000000e+00 9.992371773681854030e-01 0.000000000000000000e+00 3.905205967824494639e-02
1.630000000000000000e+02 1.000000000000000000e+00 9.992371773682051650e-01 0.000000000000000000e+00 3.905205967824567498e-02
1.640000000000000000e+02 1.000000000000000000e+00 9.992371773681574254e-01 0.000000000000000000e+00 3.905205967824344759e-02
1.650000000000000000e+02 1.000000000000000000e+00 9.992371773682163782e-01 0.000000000000000000e+00 3.905205967824612601e-02
1.660000000000000000e+02 1.000000000000000000e+00 9.992371773682270364e-01 0.000000000000000000e+00 3.905205967824644520e-02
1.670000000000000000e+02 1.000000000000000000e+00 9.992371773681982816e-01 0.000000000000000000e+00 3.905205967824536967e-02
1.680000000000000000e+02 1.000000000000000000e+00 9.992371773682187097e-01 0.000000000000000000e+00 3.905205967824596641e-02
1.690000000000000000e+02 1.000000000000000000e+00 9.992371773681499869e-01 0.000000000000000000e+00 3.905205967824362800e-02
1.700000000000000000e+02 1.000000000000000000e+00 9.992371773681387737e-01 0.000000000000000000e+00 3.905205967824258717e-02
1.710000000000000000e+02 1.000000000000000000e+00 9.992371773681816283e-01 0.000000000000000000e+00 3.905205967824419699e-02
1.720000000000000000e+02 1.000000000000000000e+00 9.992371773682384717e-01 0.000000000000000000e+00 3.905205967824702806e-02
1.730000000000000000e+02 1.000000000000000000e+00 9.992371773682381386e-01 0.000000000000000000e+00 3.905205967824712521e-02
1.740000000000000000e+02 1.000000000000000000e+00 9.992371773682307001e-01 0.000000000000000000e+00 3.905205967824657010e-02
1.750000000000000000e+02 1.000000000000000000e+00 9.992371773681758551e-01 0.000000000000000000e+00 3.905205967824464802e-02
1.760000000000000000e+02 1.000000000000000000e+00 9.992371773681835156e-01 0.000000000000000000e+00 3.905205967824475211e-02
1.770000000000000000e+02 1.000000000000000000e+00 9.992371773681565372e-01 0.000000000000000000e+00 3.905205967824352392e-02
1.780000000000000000e+02 1.000000000000000000e+00 9.992371773682334757e-01 0.000000000000000000e+00 3.905205967824667418e-02
1.790000000000000000e+02 1.000000000000000000e+00 9.992371773682129366e-01 0.000000000000000000e+00 3.905205967824594560e-02
1.800000000000000000e+02 1.000000000000000000e+00 9.992371773681865132e-01 0.000000000000000000e+00 3.905205967824491864e-02
1.810000000000000000e+02 1.000000000000000000e+00 9.992371773682467984e-01 0.000000000000000000e+00 3.905205967824676438e-02
1.820000000000000000e+02 1.000000000000000000e+00 9.992371773682142688e-01 0.000000000000000000e+00 3.905205967824607050e-02
1.830000000000000000e+02 1.000000000000000000e+00 9.992371773680639446e-01 0.000000000000000000e+00 3.905205967823981161e-02
1.840000000000000000e+02 1.000000000000000000e+00 9.992371773681484326e-01 0.000000000000000000e+00 3.905205967824337820e-02
1.850000000000000000e+02 1.000000000000000000e+00 9.992371773682390268e-01 0.000000000000000000e+00 3.905205967824681990e-02
1.860000000000000000e+02 1.000000000000000000e+00 9.992371773682195979e-01 0.000000000000000000e+00 3.905205967824616764e-02
1.870000000000000000e+02 1.000000000000000000e+00 9.992371773682277025e-01 0.000000000000000000e+00 3.905205967824623703e-02
1.880000000000000000e+02 1.000000000000000000e+00 9.992371773682149350e-01 0.000000000000000000e+00 3.905205967824601498e-02
1.890000000000000000e+02 1.000000000000000000e+00 9.992371773681998359e-01 0.000000000000000000e+00 3.905205967824570967e-02
1.900000000000000000e+02 1.000000000000000000e+00 9.992371773680495117e-01 0.000000000000000000e+00 3.905205967823952712e-02
1.910000000000000000e+02 1.000000000000000000e+00 9.992371773681791858e-01 0.000000000000000000e+00 3.905205967824421087e-02
1.920000000000000000e+02 1.000000000000000000e+00 9.992371773680734925e-01 0.000000000000000000e+00 3.905205967824025570e-02
1.930000000000000000e+02 1.000000000000000000e+00 9.992371773682302560e-01 0.000000000000000000e+00 3.905205967824654928e-02
1.940000000000000000e+02 1.000000000000000000e+00 9.992371773682249270e-01 0.000000000000000000e+00 3.905205967824623703e-02
1.950000000000000000e+02 1.000000000000000000e+00 9.992371773681936187e-01 0.000000000000000000e+00 3.905205967824487701e-02
1.960000000000000000e+02 1.000000000000000000e+00 9.992371773682210412e-01 0.000000000000000000e+00 3.905205967824566804e-02
1.970000000000000000e+02 1.000000000000000000e+00 9.992371773682167113e-01 0.000000000000000000e+00 3.905205967824629254e-02
1.980000000000000000e+02 1.000000000000000000e+00 9.992371773682016123e-01 0.000000000000000000e+00 3.905205967824546681e-02
1.990000000000000000e+02 1.000000000000000000e+00 9.992371773681418823e-01 0.000000000000000000e+00 3.905205967824282309e-02
2.000000000000000000e+02 1.000000000000000000e+00 9.992371773682380276e-01 0.000000000000000000e+00 3.905205967824674357e-02
2.010000000000000000e+02 1.000000000000000000e+00 9.992371773681432146e-01 0.000000000000000000e+00 3.905205967824296187e-02
2.020000000000000000e+02 1.000000000000000000e+00 9.992371773681636427e-01 0.000000000000000000e+00 3.905205967824376678e-02
2.030000000000000000e+02 1.000000000000000000e+00 9.992371773681602010e-01 0.000000000000000000e+00 3.905205967824342678e-02
2.040000000000000000e+02 1.000000000000000000e+00 9.992371773682383607e-01 0.000000000000000000e+00 3.905205967824709745e-02
2.050000000000000000e+02 1.000000000000000000e+00 9.992371773682471314e-01 0.000000000000000000e+00 3.905205967824716684e-02
2.060000000000000000e+02 1.000000000000000000e+00 9.992371773682351410e-01 0.000000000000000000e+00 3.905205967824630642e-02
2.070000000000000000e+02 1.000000000000000000e+00 9.992371773682457992e-01 0.000000000000000000e+00 3.905205967824727786e-02
2.080000000000000000e+02 1.000000000000000000e+00 9.992371773682395819e-01 0.000000000000000000e+00 3.905205967824697255e-02
2.090000000000000000e+02 1.000000000000000000e+00 9.992371773682374725e-01 0.000000000000000000e+00 3.905205967824676438e-02
2.100000000000000000e+02 1.000000000000000000e+00 9.992371773680379654e-01 0.000000000000000000e+00 3.905205967823900670e-02
2.110000000000000000e+02 1.000000000000000000e+00 9.992371773681890668e-01 0.000000000000000000e+00 3.905205967824478680e-02
2.120000000000000000e+02 1.000000000000000000e+00 9.992371773682304781e-01 0.000000000000000000e+00 3.905205967824641744e-02
2.130000000000000000e+02 1.000000000000000000e+00 9.992371773682174885e-01 0.000000000000000000e+00 3.905205967824640356e-02
2.140000000000000000e+02 1.000000000000000000e+00 9.992371773682208191e-01 0.000000000000000000e+00 3.905205967824616764e-02
2.150000000000000000e+02 1.000000000000000000e+00 9.992371773682009461e-01 0.000000000000000000e+00 3.905205967824544599e-02
2.160000000000000000e+02 1.000000000000000000e+00 9.992371773682056091e-01 0.000000000000000000e+00 3.905205967824520313e-02
2.170000000000000000e+02 1.000000000000000000e+00 9.992371773681186786e-01 0.000000000000000000e+00 3.905205967824224023e-02
2.180000000000000000e+02 1.000000000000000000e+00 9.992371773682435787e-01 0.000000000000000000e+00 3.905205967824697255e-02
2.190000000000000000e+02 1.000000000000000000e+00 9.992371773682426905e-01 0.000000000000000000e+00 3.905205967824694480e-02
2.200000000000000000e+02 1.000000000000000000e+00 9.992371773682067193e-01 0.000000000000000000e+00 3.905205967824575131e-02
2.210000000000000000e+02 1.000000000000000000e+00 9.992371773682411362e-01 0.000000000000000000e+00 3.905205967824668806e-02
2.220000000000000000e+02 1.000000000000000000e+00 9.992371773682344749e-01 0.000000000000000000e+00 3.905205967824663255e-02
2.230000000000000000e+02 1.000000000000000000e+00 9.992371773682147129e-01 0.000000000000000000e+00 3.905205967824604274e-02
2.240000000000000000e+02 1.000000000000000000e+00 9.992371773681872904e-01 0.000000000000000000e+00 3.905205967824459945e-02
2.250000000000000000e+02 1.000000000000000000e+00 9.992371773682070524e-01 0.000000000000000000e+00 3.905205967824599417e-02
2.260000000000000000e+02 1.000000000000000000e+00 9.992371773680859270e-01 0.000000000000000000e+00 3.905205967824106061e-02
2.270000000000000000e+02 1.000000000000000000e+00 9.992371773682300340e-01 0.000000000000000000e+00 3.905205967824655622e-02
2.280000000000000000e+02 1.000000000000000000e+00 9.992371773682051650e-01 0.000000000000000000e+00 3.905205967824582070e-02
2.290000000000000000e+02 1.000000000000000000e+00 9.992371773680629454e-01 0.000000000000000000e+00 3.905205967823981161e-02
2.300000000000000000e+02 1.000000000000000000e+00 9.992371773682175995e-01 0.000000000000000000e+00 3.905205967824651458e-02
2.310000000000000000e+02 1.000000000000000000e+00 9.992371773681676395e-01 0.000000000000000000e+00 3.905205967824422475e-02
2.320000000000000000e+02 1.000000000000000000e+00 9.992371773682280356e-01 0.000000000000000000e+00 3.905205967824650071e-02
2.330000000000000000e+02 1.000000000000000000e+00 9.992371773682175995e-01 0.000000000000000000e+00 3.905205967824637581e-02
2.340000000000000000e+02 1.000000000000000000e+00 9.992371773680968072e-01 0.000000000000000000e+00 3.905205967824141450e-02
2.350000000000000000e+02 1.000000000000000000e+00 9.992371773681519853e-01 0.000000000000000000e+00 3.905205967824354474e-02
2.360000000000000000e+02 1.000000000000000000e+00 9.992371773682239278e-01 0.000000000000000000e+00 3.905205967824638968e-02
2.370000000000000000e+02 1.000000000000000000e+00 9.992371773682416913e-01 0.000000000000000000e+00 3.905205967824703500e-02
2.380000000000000000e+02 1.000000000000000000e+00 9.992371773682213743e-01 0.000000000000000000e+00 3.905205967824632030e-02
2.390000000000000000e+02 1.000000000000000000e+00 9.992371773681767433e-01 0.000000000000000000e+00 3.905205967824476598e-02
2.400000000000000000e+02 1.000000000000000000e+00 9.992371773682400260e-01 0.000000000000000000e+00 3.905205967824713909e-02
2.410000000000000000e+02 1.000000000000000000e+00 9.992371773682303671e-01 0.000000000000000000e+00 3.905205967824652152e-02
2.420000000000000000e+02 1.000000000000000000e+00 9.992371773682224845e-01 0.000000000000000000e+00 3.905205967824613988e-02
2.430000000000000000e+02 1.000000000000000000e+00 9.992371773682136027e-01 0.000000000000000000e+00 3.905205967824617458e-02
2.440000000000000000e+02 1.000000000000000000e+00 9.992371773682200420e-01 0.000000000000000000e+00 3.905205967824647989e-02
2.450000000000000000e+02 1.000000000000000000e+00 9.992371773682033886e-01 0.000000000000000000e+00 3.905205967824530722e-02
2.460000000000000000e+02 1.000000000000000000e+00 9.992371773681062441e-01 0.000000000000000000e+00 3.905205967824171981e-02
2.470000000000000000e+02 1.000000000000000000e+00 9.992371773681887337e-01 0.000000000000000000e+00 3.905205967824447455e-02
2.480000000000000000e+02 1.000000000000000000e+00 9.992371773681721914e-01 0.000000000000000000e+00 3.905205967824408597e-02
2.490000000000000000e+02 1.000000000000000000e+00 9.992371773682166003e-01 0.000000000000000000e+00 3.905205967824618152e-02
2.500000000000000000e+02 1.000000000000000000e+00 9.992371773681897329e-01 0.000000000000000000e+00 3.905205967824518232e-02
2.510000000000000000e+02 1.000000000000000000e+00 9.992371773681457681e-01 0.000000000000000000e+00 3.905205967824342678e-02
2.520000000000000000e+02 1.000000000000000000e+00 9.992371773681374414e-01 0.000000000000000000e+00 3.905205967824272595e-02
2.530000000000000000e+02 1.000000000000000000e+00 9.992371773681933966e-01 0.000000000000000000e+00 3.905205967824496027e-02
2.540000000000000000e+02 1.000000000000000000e+00 9.992371773682384717e-01 0.000000000000000000e+00 3.905205967824699337e-02
2.550000000000000000e+02 1.000000000000000000e+00 9.992371773681117952e-01 0.000000000000000000e+00 3.905205967824153246e-02
2.560000000000000000e+02 1.000000000000000000e+00 9.992371773682080516e-01 0.000000000000000000e+00 3.905205967824579988e-02
2.570000000000000000e+02 1.000000000000000000e+00 9.992371773681809621e-01 0.000000000000000000e+00 3.905205967824443292e-02
2.580000000000000000e+02 1.000000000000000000e+00 9.992371773682052760e-01 0.000000000000000000e+00 3.905205967824556396e-02
2.590000000000000000e+02 1.000000000000000000e+00 9.992371773680919222e-01 0.000000000000000000e+00 3.905205967824092184e-02
2.600000000000000000e+02 1.000000000000000000e+00 9.992371773681999469e-01 0.000000000000000000e+00 3.905205967824592478e-02
2.610000000000000000e+02 1.000000000000000000e+00 9.992371773681810732e-01 0.000000000000000000e+00 3.905205967824442598e-02
2.620000000000000000e+02 1.000000000000000000e+00 9.992371773676089752e-01 0.000000000000000000e+00 3.905205967822217294e-02
2.630000000000000000e+02 1.000000000000000000e+00 9.992371773681913982e-01 0.000000000000000000e+00 3.905205967824486313e-02
2.640000000000000000e+02 1.000000000000000000e+00 9.992371773682208191e-01 0.000000000000000000e+00 3.905205967824600111e-02
2.650000000000000000e+02 1.000000000000000000e+00 9.992371773681814062e-01 0.000000000000000000e+00 3.905205967824434271e-02
2.660000000000000000e+02 1.000000000000000000e+00 9.992371773682353631e-01 0.000000000000000000e+00 3.905205967824702806e-02
2.670000000000000000e+02 1.000000000000000000e+00 9.992371773681916203e-01 0.000000000000000000e+00 3.905205967824496721e-02
2.680000000000000000e+02 1.000000000000000000e+00 9.992371773681137936e-01 0.000000000000000000e+00 3.905205967824165736e-02
2.690000000000000000e+02 1.000000000000000000e+00 9.992371773681930636e-01 0.000000000000000000e+00 3.905205967824505048e-02
2.700000000000000000e+02 1.000000000000000000e+00 9.992371773682282576e-01 0.000000000000000000e+00 3.905205967824642438e-02
2.710000000000000000e+02 1.000000000000000000e+00 9.992371773681365532e-01 0.000000000000000000e+00 3.905205967824287860e-02
2.720000000000000000e+02 1.000000000000000000e+00 9.992371773682047209e-01 0.000000000000000000e+00 3.905205967824528640e-02
2.730000000000000000e+02 1.000000000000000000e+00 9.992371773682375835e-01 0.000000000000000000e+00 3.905205967824686153e-02
2.740000000000000000e+02 1.000000000000000000e+00 9.992371773681391067e-01 0.000000000000000000e+00 3.905205967824310065e-02
2.750000000000000000e+02 1.000000000000000000e+00 9.992371773680790437e-01 0.000000000000000000e+00 3.905205967823980467e-02
2.760000000000000000e+02 1.000000000000000000e+00 9.992371773682240388e-01 0.000000000000000000e+00 3.905205967824627866e-02
2.770000000000000000e+02 1.000000000000000000e+00 9.992371773681194558e-01 0.000000000000000000e+00 3.905205967824255248e-02
2.780000000000000000e+02 1.000000000000000000e+00 9.992371773681438807e-01 0.000000000000000000e+00 3.905205967824297575e-02
2.790000000000000000e+02 1.000000000000000000e+00 9.992371773681879565e-01 0.000000000000000000e+00 3.905205967824506436e-02
2.800000000000000000e+02 1.000000000000000000e+00 9.992371773682326985e-01 0.000000000000000000e+00 3.905205967824669500e-02
2.810000000000000000e+02 1.000000000000000000e+00 9.992371773679320501e-01 0.000000000000000000e+00 3.905205967823498908e-02
2.820000000000000000e+02 1.000000000000000000e+00 9.992371773682142688e-01 0.000000000000000000e+00 3.905205967824586927e-02
2.830000000000000000e+02 1.000000000000000000e+00 9.992371773682393599e-01 0.000000000000000000e+00 3.905205967824698643e-02
2.840000000000000000e+02 1.000000000000000000e+00 9.992371773682346969e-01 0.000000000000000000e+00 3.905205967824675745e-02
2.850000000000000000e+02 1.000000000000000000e+00 9.992371773682163782e-01 0.000000000000000000e+00 3.905205967824605662e-02
2.860000000000000000e+02 1.000000000000000000e+00 9.992371773681886227e-01 0.000000000000000000e+00 3.905205967824518926e-02
2.870000000000000000e+02 1.000000000000000000e+00 9.992371773682122704e-01 0.000000000000000000e+00 3.905205967824597335e-02
2.880000000000000000e+02 1.000000000000000000e+00 9.992371773682453551e-01 0.000000000000000000e+00 3.905205967824730562e-02
2.890000000000000000e+02 1.000000000000000000e+00 9.992371773677363178e-01 0.000000000000000000e+00 3.905205967822702323e-02
2.900000000000000000e+02 1.000000000000000000e+00 9.992371773681406610e-01 0.000000000000000000e+00 3.905205967824265656e-02
2.910000000000000000e+02 1.000000000000000000e+00 9.992371773680550628e-01 0.000000000000000000e+00 3.905205967823940916e-02
2.920000000000000000e+02 1.000000000000000000e+00 9.992371773682175995e-01 0.000000000000000000e+00 3.905205967824603580e-02
2.930000000000000000e+02 1.000000000000000000e+00 9.992371773682233727e-01 0.000000000000000000e+00 3.905205967824632030e-02
2.940000000000000000e+02 1.000000000000000000e+00 9.992371773681236746e-01 0.000000000000000000e+00 3.905205967824187940e-02
2.950000000000000000e+02 1.000000000000000000e+00 9.992371773681730796e-01 0.000000000000000000e+00 3.905205967824399577e-02
2.960000000000000000e+02 1.000000000000000000e+00 9.992371773681271163e-01 0.000000000000000000e+00 3.905205967824229574e-02
2.970000000000000000e+02 1.000000000000000000e+00 9.992371773682057201e-01 0.000000000000000000e+00 3.905205967824551538e-02
2.980000000000000000e+02 1.000000000000000000e+00 9.992371773681318903e-01 0.000000000000000000e+00 3.905205967824268432e-02
2.990000000000000000e+02 1.000000000000000000e+00 9.992371773682167113e-01 0.000000000000000000e+00 3.905205967824598723e-02
3.000000000000000000e+02 1.000000000000000000e+00 9.992371773681736347e-01 0.000000000000000000e+00 3.905205967824389168e-02
3.010000000000000000e+02 1.000000000000000000e+00 9.992371773681248959e-01 0.000000000000000000e+00 3.905205967824226798e-02
3.020000000000000000e+02 1.000000000000000000e+00 9.992371773682346969e-01 0.000000000000000000e+00 3.905205967824669500e-02
3.030000000000000000e+02 1.000000000000000000e+00 9.992371773681447689e-01 0.000000000000000000e+00 3.905205967824296187e-02
3.040000000000000000e+02 1.000000000000000000e+00 9.992371773682393599e-01 0.000000000000000000e+00 3.905205967824684765e-02
3.050000000000000000e+02 1.000000000000000000e+00 9.992371773682202640e-01 0.000000000000000000e+00 3.905205967824610519e-02
3.060000000000000000e+02 1.000000000000000000e+00 9.992371773682153790e-01 0.000000000000000000e+00 3.905205967824609825e-02
3.070000000000000000e+02 1.000000000000000000e+00 9.992371773679287195e-01 0.000000000000000000e+00 3.905205967823452418e-02
3.080000000000000000e+02 1.000000000000000000e+00 9.992371773682370284e-01 0.000000000000000000e+00 3.905205967824677826e-02
3.090000000000000000e+02 1.000000000000000000e+00 9.992371773682025005e-01 0.000000000000000000e+00 3.905205967824557090e-02
3.100000000000000000e+02 1.000000000000000000e+00 9.992371773681775204e-01 0.000000000000000000e+00 3.905205967824448843e-02
3.110000000000000000e+02 1.000000000000000000e+00 9.992371773682099390e-01 0.000000000000000000e+00 3.905205967824591784e-02
3.120000000000000000e+02 1.000000000000000000e+00 9.992371773682030556e-01 0.000000000000000000e+00 3.905205967824591784e-02
3.130000000000000000e+02 1.000000000000000000e+00 9.992371773668513590e-01 0.000000000000000000e+00 3.905205967819264795e-02
3.140000000000000000e+02 1.000000000000000000e+00 9.992371773681585356e-01 0.000000000000000000e+00 3.905205967824396107e-02
3.150000000000000000e+02 1.000000000000000000e+00 9.992371773681976155e-01 0.000000000000000000e+00 3.905205967824518232e-02
3.160000000000000000e+02 1.000000000000000000e+00 9.992371773681574254e-01 0.000000000000000000e+00 3.905205967824373209e-02
3.170000000000000000e+02 1.000000000000000000e+00 9.992371773682440228e-01 0.000000000000000000e+00 3.905205967824704888e-02
3.180000000000000000e+02 1.000000000000000000e+00 9.992371773682000580e-01 0.000000000000000000e+00 3.905205967824563335e-02
3.190000000000000000e+02 1.000000000000000000e+00 9.992371773680838176e-01 0.000000000000000000e+00 3.905205967824053326e-02
3.200000000000000000e+02 1.000000000000000000e+00 9.992371773682076075e-01 0.000000000000000000e+00 3.905205967824564028e-02
3.210000000000000000e+02 1.000000000000000000e+00 9.992371773682459102e-01 0.000000000000000000e+00 3.905205967824749297e-02
3.220000000000000000e+02 1.000000000000000000e+00 9.992371773682144909e-01 0.000000000000000000e+00 3.905205967824595947e-02
3.230000000000000000e+02 1.000000000000000000e+00 9.992371773682119374e-01 0.000000000000000000e+00 3.905205967824569580e-02
3.240000000000000000e+02 1.000000000000000000e+00 9.992371773681633096e-01 0.000000000000000000e+00 3.905205967824413454e-02
3.250000000000000000e+02 1.000000000000000000e+00 9.992371773681317793e-01 0.000000000000000000e+00 3.905205967824243452e-02
3.260000000000000000e+02 1.000000000000000000e+00 9.992371773682193759e-01 0.000000000000000000e+00 3.905205967824623703e-02
3.270000000000000000e+02 1.000000000000000000e+00 9.992371773682342528e-01 0.000000000000000000e+00 3.905205967824658397e-02
3.280000000000000000e+02 1.000000000000000000e+00 9.992371773682268143e-01 0.000000000000000000e+00 3.905205967824632030e-02
3.290000000000000000e+02 1.000000000000000000e+00 9.992371773681223424e-01 0.000000000000000000e+00 3.905205967824171287e-02
3.300000000000000000e+02 1.000000000000000000e+00 9.992371773681487657e-01 0.000000000000000000e+00 3.905205967824355862e-02
3.310000000000000000e+02 1.000000000000000000e+00 9.992371773680224223e-01 0.000000000000000000e+00 3.905205967823854873e-02
3.320000000000000000e+02 1.000000000000000000e+00 9.992371773680517322e-01 0.000000000000000000e+00 3.905205967823907609e-02
3.330000000000000000e+02 1.000000000000000000e+00 9.992371773682109382e-01 0.000000000000000000e+00 3.905205967824591784e-02
3.340000000000000000e+02 1.000000000000000000e+00 9.992371773682192648e-01 0.000000000000000000e+00 3.905205967824609825e-02
3.350000000000000000e+02 1.000000000000000000e+00 9.992371773682031666e-01 0.000000000000000000e+00 3.905205967824523783e-02
3.360000000000000000e+02 1.000000000000000000e+00 9.992371773681429925e-01 0.000000000000000000e+00 3.905205967824304514e-02
3.370000000000000000e+02 1.000000000000000000e+00 9.992371773681822944e-01 0.000000000000000000e+00 3.905205967824470353e-02
3.380000000000000000e+02 1.000000000000000000e+00 9.992371773681409941e-01 0.000000000000000000e+00 3.905205967824312840e-02
3.390000000000000000e+02 1.000000000000000000e+00 9.992371773682104941e-01 0.000000000000000000e+00 3.905205967824574437e-02
3.400000000000000000e+02 1.000000000000000000e+00 9.992371773681523184e-01 0.000000000000000000e+00 3.905205967824360719e-02
3.410000000000000000e+02 1.000000000000000000e+00 9.992371773682182656e-01 0.000000000000000000e+00 3.905205967824554314e-02
3.420000000000000000e+02 1.000000000000000000e+00 9.992371773682200420e-01 0.000000000000000000e+00 3.905205967824632723e-02
3.430000000000000000e+02 1.000000000000000000e+00 9.992371773681814062e-01 0.000000000000000000e+00 3.905205967824426638e-02
3.440000000000000000e+02 1.000000000000000000e+00 9.992371773681600899e-01 0.000000000000000000e+00 3.905205967824337127e-02
3.450000000000000000e+02 1.000000000000000000e+00 9.992371773681382185e-01 0.000000000000000000e+00 3.905205967824281615e-02
3.460000000000000000e+02 1.000000000000000000e+00 9.992371773681431035e-01 0.000000000000000000e+00 3.905205967824325330e-02
3.470000000000000000e+02 1.000000000000000000e+00 9.992371773682126035e-01 0.000000000000000000e+00 3.905205967824582070e-02
3.480000000000000000e+02 1.000000000000000000e+00 9.992371773680878144e-01 0.000000000000000000e+00 3.905205967824085245e-02
3.490000000000000000e+02 1.000000000000000000e+00 9.992371773681266722e-01 0.000000000000000000e+00 3.905205967824196267e-02
3.500000000000000000e+02 1.000000000000000000e+00 9.992371773681067992e-01 0.000000000000000000e+00 3.905205967824146307e-02
3.510000000000000000e+02 1.000000000000000000e+00 9.992371773682007241e-01 0.000000000000000000e+00 3.905205967824561253e-02
3.520000000000000000e+02 1.000000000000000000e+00 9.992371773681911762e-01 0.000000000000000000e+00 3.905205967824508517e-02
3.530000000000000000e+02 1.000000000000000000e+00 9.992371773681724134e-01 0.000000000000000000e+00 3.905205967824412067e-02
3.540000000000000000e+02 1.000000000000000000e+00 9.992371773681549829e-01 0.000000000000000000e+00 3.905205967824360025e-02
3.550000000000000000e+02 1.000000000000000000e+00 9.992371773682005021e-01 0.000000000000000000e+00 3.905205967824548069e-02
3.560000000000000000e+02 1.000000000000000000e+00 9.992371773681572034e-01 0.000000000000000000e+00 3.905205967824363494e-02
3.570000000000000000e+02 1.000000000000000000e+00 9.992371773681956171e-01 0.000000000000000000e+00 3.905205967824526558e-02
3.580000000000000000e+02 1.000000000000000000e+00 9.992371773681982816e-01 0.000000000000000000e+00 3.905205967824527946e-02
3.590000000000000000e+02 1.000000000000000000e+00 9.992371773681516522e-01 0.000000000000000000e+00 3.905205967824336433e-02
3.600000000000000000e+02 1.000000000000000000e+00 9.992371773680751579e-01 0.000000000000000000e+00 3.905205967824011692e-02
3.610000000000000000e+02 1.000000000000000000e+00 9.992371773681463232e-01 0.000000000000000000e+00 3.905205967824334351e-02
3.620000000000000000e+02 1.000000000000000000e+00 9.992371773681698599e-01 0.000000000000000000e+00 3.905205967824415536e-02
3.630000000000000000e+02 1.000000000000000000e+00 9.992371773681960612e-01 0.000000000000000000e+00 3.905205967824521701e-02
3.640000000000000000e+02 1.000000000000000000e+00 9.992371773681865132e-01 0.000000000000000000e+00 3.905205967824458557e-02
3.650000000000000000e+02 1.000000000000000000e+00 9.992371773681926195e-01 0.000000000000000000e+00 3.905205967824496027e-02
3.660000000000000000e+02 1.000000000000000000e+00 9.992371773681899549e-01 0.000000000000000000e+00 3.905205967824472435e-02
3.670000000000000000e+02 1.000000000000000000e+00 9.992371773682219294e-01 0.000000000000000000e+00 3.905205967824641744e-02
3.680000000000000000e+02 1.000000000000000000e+00 9.992371773682118263e-01 0.000000000000000000e+00 3.905205967824560559e-02
3.690000000000000000e+02 1.000000000000000000e+00 9.992371773681933966e-01 0.000000000000000000e+00 3.905205967824511987e-02
3.700000000000000000e+02 1.000000000000000000e+00 9.992371773680798208e-01 0.000000000000000000e+00 3.905205967824042224e-02
3.710000000000000000e+02 1.000000000000000000e+00 9.992371773682320324e-01 0.000000000000000000e+00 3.905205967824668112e-02
3.720000000000000000e+02 1.000000000000000000e+00 9.992371773682248159e-01 0.000000000000000000e+00 3.905205967824615376e-02
3.730000000000000000e+02 1.000000000000000000e+00 9.992371773682028335e-01 0.000000000000000000e+00 3.905205967824559865e-02
3.740000000000000000e+02 1.000000000000000000e+00 9.992371773681562042e-01 0.000000000000000000e+00 3.905205967824332963e-02
3.750000000000000000e+02 1.000000000000000000e+00 9.992371773681993918e-01 0.000000000000000000e+00 3.905205967824535579e-02
3.760000000000000000e+02 1.000000000000000000e+00 9.992371773681552050e-01 0.000000000000000000e+00 3.905205967824348923e-02
3.770000000000000000e+02 1.000000000000000000e+00 9.992371773681039127e-01 0.000000000000000000e+00 3.905205967824153246e-02
3.780000000000000000e+02 1.000000000000000000e+00 9.992371773682040548e-01 0.000000000000000000e+00 3.905205967824562641e-02
3.790000000000000000e+02 1.000000000000000000e+00 9.992371773681191227e-01 0.000000000000000000e+00 3.905205967824203206e-02
3.800000000000000000e+02 1.000000000000000000e+00 9.992371773679700198e-01 0.000000000000000000e+00 3.905205967823630053e-02
3.810000000000000000e+02 1.000000000000000000e+00 9.992371773682391378e-01 0.000000000000000000e+00 3.905205967824670887e-02
3.820000000000000000e+02 1.000000000000000000e+00 9.992371773682251490e-01 0.000000000000000000e+00 3.905205967824597335e-02
3.830000000000000000e+02 1.000000000000000000e+00 9.992371773682189318e-01 0.000000000000000000e+00 3.905205967824586233e-02
3.840000000000000000e+02 1.000000000000000000e+00 9.992371773681971714e-01 0.000000000000000000e+00 3.905205967824533497e-02
3.850000000000000000e+02 1.000000000000000000e+00 9.992371773681544278e-01 0.000000000000000000e+00 3.905205967824368352e-02
3.860000000000000000e+02 1.000000000000000000e+00 9.992371773680976954e-01 0.000000000000000000e+00 3.905205967824101898e-02
3.870000000000000000e+02 1.000000000000000000e+00 9.992371773680812641e-01 0.000000000000000000e+00 3.905205967824058877e-02
3.880000000000000000e+02 1.000000000000000000e+00 9.992371773682053870e-01 0.000000000000000000e+00 3.905205967824568192e-02
3.890000000000000000e+02 1.000000000000000000e+00 9.992371773680408520e-01 0.000000000000000000e+00 3.905205967823877078e-02
3.900000000000000000e+02 1.000000000000000000e+00 9.992371773681569813e-01 0.000000000000000000e+00 3.905205967824359331e-02
3.910000000000000000e+02 1.000000000000000000e+00 9.992371773681683056e-01 0.000000000000000000e+00 3.905205967824434965e-02
3.920000000000000000e+02 1.000000000000000000e+00 9.992371773682298119e-01 0.000000000000000000e+00 3.905205967824625091e-02
3.930000000000000000e+02 1.000000000000000000e+00 9.992371773681809621e-01 0.000000000000000000e+00 3.905205967824451618e-02
3.940000000000000000e+02 1.000000000000000000e+00 9.992371773681754110e-01 0.000000000000000000e+00 3.905205967824422475e-02
3.950000000000000000e+02 1.000000000000000000e+00 9.992371773681109071e-01 0.000000000000000000e+00 3.905205967824162960e-02
3.960000000000000000e+02 1.000000000000000000e+00 9.992371773681438807e-01 0.000000000000000000e+00 3.905205967824273983e-02
3.970000000000000000e+02 1.000000000000000000e+00 9.992371773681650859e-01 0.000000000000000000e+00 3.905205967824380842e-02
3.980000000000000000e+02 1.000000000000000000e+00 9.992371773681023583e-01 0.000000000000000000e+00 3.905205967824119939e-02
3.990000000000000000e+02 1.000000000000000000e+00 9.992371773680832625e-01 0.000000000000000000e+00 3.905205967824045693e-02
4.000000000000000000e+02 1.000000000000000000e+00 9.992371773680555069e-01 0.000000000000000000e+00 3.905205967823963814e-02
4.010000000000000000e+02 1.000000000000000000e+00 9.992371773682149350e-01 0.000000000000000000e+00 3.905205967824598723e-02
4.020000000000000000e+02 1.000000000000000000e+00 9.992371773681811842e-01 0.000000000000000000e+00 3.905205967824454394e-02
4.030000000000000000e+02 1.000000000000000000e+00 9.992371773681962832e-01 0.000000000000000000e+00 3.905205967824504354e-02
4.040000000000000000e+02 1.000000000000000000e+00 9.992371773681847369e-01 0.000000000000000000e+00 3.905205967824455782e-02
4.050000000000000000e+02 1.000000000000000000e+00 9.992371773680766012e-01 0.000000000000000000e+00 3.905205967824029040e-02
4.060000000000000000e+02 1.000000000000000000e+00 9.992371773681556490e-01 0.000000000000000000e+00 3.905205967824357249e-02
4.070000000000000000e+02 1.000000000000000000e+00 9.992371773681678615e-01 0.000000000000000000e+00 3.905205967824391944e-02
4.080000000000000000e+02 1.000000000000000000e+00 9.992371773681697489e-01 0.000000000000000000e+00 3.905205967824421781e-02
4.090000000000000000e+02 1.000000000000000000e+00 9.992371773681238967e-01 0.000000000000000000e+00 3.905205967824224023e-02
4.100000000000000000e+02 1.000000000000000000e+00 9.992371773681821834e-01 0.000000000000000000e+00 3.905205967824437047e-02
4.110000000000000000e+02 1.000000000000000000e+00 9.992371773681960612e-01 0.000000000000000000e+00 3.905205967824498803e-02
4.120000000000000000e+02 1.000000000000000000e+00 9.992371773681777425e-01 0.000000000000000000e+00 3.905205967824453006e-02
4.130000000000000000e+02 1.000000000000000000e+00 9.992371773682283687e-01 0.000000000000000000e+00 3.905205967824602886e-02
4.140000000000000000e+02 1.000000000000000000e+00 9.992371773680640556e-01 0.000000000000000000e+00 3.905205967823960345e-02
4.150000000000000000e+02 1.000000000000000000e+00 9.992371773680908120e-01 0.000000000000000000e+00 3.905205967824069979e-02
4.160000000000000000e+02 1.000000000000000000e+00 9.992371773681559821e-01 0.000000000000000000e+00 3.905205967824354474e-02
4.170000000000000000e+02 1.000000000000000000e+00 9.992371773681344438e-01 0.000000000000000000e+00 3.905205967824235125e-02
4.180000000000000000e+02 1.000000000000000000e+00 9.992371773681396618e-01 0.000000000000000000e+00 3.905205967824307289e-02
4.190000000000000000e+02 1.000000000000000000e+00 9.992371773678989655e-01 0.000000000000000000e+00 3.905205967823346946e-02
4.200000000000000000e+02 1.000000000000000000e+00 9.992371773681374414e-01 0.000000000000000000e+00 3.905205967824280922e-02
4.210000000000000000e+02 1.000000000000000000e+00 9.992371773681868463e-01 0.000000000000000000e+00 3.905205967824498803e-02
4.220000000000000000e+02 1.000000000000000000e+00 9.992371773681498759e-01 0.000000000000000000e+00 3.905205967824317004e-02
4.230000000000000000e+02 1.000000000000000000e+00 9.992371773681951730e-01 0.000000000000000000e+00 3.905205967824516844e-02
4.240000000000000000e+02 1.000000000000000000e+00 9.992371773681317793e-01 0.000000000000000000e+00 3.905205967824246227e-02
4.250000000000000000e+02 1.000000000000000000e+00 9.992371773681864022e-01 0.000000000000000000e+00 3.905205967824437741e-02
4.260000000000000000e+02 1.000000000000000000e+00 9.992371773680521763e-01 0.000000000000000000e+00 3.905205967823938140e-02
4.270000000000000000e+02 1.000000000000000000e+00 9.992371773681962832e-01 0.000000000000000000e+00 3.905205967824512681e-02
4.280000000000000000e+02 1.000000000000000000e+00 9.992371773682198199e-01 0.000000000000000000e+00 3.905205967824610519e-02
4.290000000000000000e+02 1.000000000000000000e+00 9.992371773682205971e-01 0.000000000000000000e+00 3.905205967824626478e-02
4.300000000000000000e+02 1.000000000000000000e+00 9.992371773682277025e-01 0.000000000000000000e+00 3.905205967824626478e-02
4.310000000000000000e+02 1.000000000000000000e+00 9.992371773680763791e-01 0.000000000000000000e+00 3.905205967824020019e-02
4.320000000000000000e+02 1.000000000000000000e+00 9.992371773681237856e-01 0.000000000000000000e+00 3.905205967824209451e-02
4.330000000000000000e+02 1.000000000000000000e+00 9.992371773682057201e-01 0.000000000000000000e+00 3.905205967824570273e-02
4.340000000000000000e+02 1.000000000000000000e+00 9.992371773680981395e-01 0.000000000000000000e+00 3.905205967824151858e-02
4.350000000000000000e+02 1.000000000000000000e+00 9.992371773681730796e-01 0.000000000000000000e+00 3.905205967824373903e-02
4.360000000000000000e+02 1.000000000000000000e+00 9.992371773681353320e-01 0.000000000000000000e+00 3.905205967824249697e-02
4.370000000000000000e+02 1.000000000000000000e+00 9.992371773682122704e-01 0.000000000000000000e+00 3.905205967824554314e-02
4.380000000000000000e+02 1.000000000000000000e+00 9.992371773680200908e-01 0.000000000000000000e+00 3.905205967823796587e-02
4.390000000000000000e+02 1.000000000000000000e+00 9.992371773669392887e-01 0.000000000000000000e+00 3.905205967819566637e-02
4.400000000000000000e+02 1.000000000000000000e+00 9.992371773681258951e-01 0.000000000000000000e+00 3.905205967824253860e-02
4.410000000000000000e+02 1.000000000000000000e+00 9.992371773681192337e-01 0.000000000000000000e+00 3.905205967824219165e-02
4.420000000000000000e+02 1.000000000000000000e+00 9.992371773680230884e-01 0.000000000000000000e+00 3.905205967823810465e-02
4.430000000000000000e+02 1.000000000000000000e+00 9.992371773682081626e-01 0.000000000000000000e+00 3.905205967824568192e-02
4.440000000000000000e+02 1.000000000000000000e+00 9.992371773681976155e-01 0.000000000000000000e+00 3.905205967824547375e-02
4.450000000000000000e+02 1.000000000000000000e+00 9.992371773680941427e-01 0.000000000000000000e+00 3.905205967824107449e-02
4.460000000000000000e+02 1.000000000000000000e+00 9.992371773680410740e-01 0.000000000000000000e+00 3.905205967823850710e-02
4.470000000000000000e+02 1.000000000000000000e+00 9.992371773680712721e-01 0.000000000000000000e+00 3.905205967824000590e-02
4.480000000000000000e+02 1.000000000000000000e+00 9.992371773679763480e-01 0.000000000000000000e+00 3.905205967823646707e-02
4.490000000000000000e+02 1.000000000000000000e+00 9.992371773677722890e-01 0.000000000000000000e+00 3.905205967822873020e-02
4.500000000000000000e+02 1.000000000000000000e+00 9.992371773681715252e-01 0.000000000000000000e+00 3.905205967824425251e-02
4.510000000000000000e+02 1.000000000000000000e+00 9.992371773682091618e-01 0.000000000000000000e+00 3.905205967824566804e-02
4.520000000000000000e+02 1.000000000000000000e+00 9.992371773681212321e-01 0.000000000000000000e+00 3.905205967824210839e-02
4.530000000000000000e+02 1.000000000000000000e+00 9.992371773681709701e-01 0.000000000000000000e+00 3.905205967824403046e-02
4.540000000000000000e+02 1.000000000000000000e+00 9.992371773680958080e-01 0.000000000000000000e+00 3.905205967824076224e-02
4.550000000000000000e+02 1.000000000000000000e+00 9.992371773681454350e-01 0.000000000000000000e+00 3.905205967824315616e-02
4.560000000000000000e+02 1.000000000000000000e+00 9.992371773681296698e-01 0.000000000000000000e+00 3.905205967824269819e-02
4.570000000000000000e+02 1.000000000000000000e+00 9.992371773681403280e-01 0.000000000000000000e+00 3.905205967824265656e-02
4.580000000000000000e+02 1.000000000000000000e+00 9.992371773682171554e-01 0.000000000000000000e+00 3.905205967824590396e-02
4.590000000000000000e+02 1.000000000000000000e+00 9.992371773681907321e-01 0.000000000000000000e+00 3.905205967824509905e-02
4.600000000000000000e+02 1.000000000000000000e+00 9.992371773678110358e-01 0.000000000000000000e+00 3.905205967823006941e-02
4.610000000000000000e+02 1.000000000000000000e+00 9.992371773680477354e-01 0.000000000000000000e+00 3.905205967823888180e-02
4.620000000000000000e+02 1.000000000000000000e+00 9.992371773681649749e-01 0.000000000000000000e+00 3.905205967824370433e-02
4.630000000000000000e+02 1.000000000000000000e+00 9.992371773681285596e-01 0.000000000000000000e+00 3.905205967824267738e-02
4.640000000000000000e+02 1.000000000000000000e+00 9.992371773681391067e-01 0.000000000000000000e+00 3.905205967824282309e-02
4.650000000000000000e+02 1.000000000000000000e+00 9.992371773680963631e-01 0.000000000000000000e+00 3.905205967824102592e-02
4.660000000000000000e+02 1.000000000000000000e+00 9.992371773681589797e-01 0.000000000000000000e+00 3.905205967824357943e-02
4.670000000000000000e+02 1.000000000000000000e+00 9.992371773672434898e-01 0.000000000000000000e+00 3.905205967820792740e-02
4.680000000000000000e+02 1.000000000000000000e+00 9.992371773682047209e-01 0.000000000000000000e+00 3.905205967824564028e-02
4.690000000000000000e+02 1.000000000000000000e+00 9.992371773681040237e-01 0.000000000000000000e+00 3.905205967824141450e-02
4.700000000000000000e+02 1.000000000000000000e+00 9.992371773681790748e-01 0.000000000000000000e+00 3.905205967824436353e-02
4.710000000000000000e+02 1.000000000000000000e+00 9.992371773680072122e-01 0.000000000000000000e+00 3.905205967823745239e-02
4.720000000000000000e+02 1.000000000000000000e+00 9.992371773682138247e-01 0.000000000000000000e+00 3.905205967824573743e-02
4.730000000000000000e+02 1.000000000000000000e+00 9.992371773681274494e-01 0.000000000000000000e+00 3.905205967824252472e-02
4.740000000000000000e+02 1.000000000000000000e+00 9.992371773681382185e-01 0.000000000000000000e+00 3.905205967824286473e-02
4.750000000000000000e+02 1.000000000000000000e+00 9.992371773681617553e-01 0.000000000000000000e+00 3.905205967824343372e-02
4.760000000000000000e+02 1.000000000000000000e+00 9.992371773681476554e-01 0.000000000000000000e+00 3.905205967824319779e-02
4.770000000000000000e+02 1.000000000000000000e+00 9.992371773675852165e-01 0.000000000000000000e+00 3.905205967822093782e-02
4.780000000000000000e+02 1.000000000000000000e+00 9.992371773681490987e-01 0.000000000000000000e+00 3.905205967824324637e-02
4.790000000000000000e+02 1.000000000000000000e+00 9.992371773681782976e-01 0.000000000000000000e+00 3.905205967824446067e-02
4.800000000000000000e+02 1.000000000000000000e+00 9.992371773674516566e-01 0.000000000000000000e+00 3.905205967821572671e-02
4.810000000000000000e+02 1.000000000000000000e+00 9.992371773681557601e-01 0.000000000000000000e+00 3.905205967824355168e-02
4.820000000000000000e+02 1.000000000000000000e+00 9.992371773681429925e-01 0.000000000000000000e+00 3.905205967824311453e-02
4.830000000000000000e+02 1.000000000000000000e+00 9.992371773682242608e-01 0.000000000000000000e+00 3.905205967824650071e-02
4.840000000000000000e+02 1.000000000000000000e+00 9.992371773679388225e-01 0.000000000000000000e+00 3.905205967823532909e-02
4.850000000000000000e+02 1.000000000000000000e+00 9.992371773676760327e-01 0.000000000000000000e+00 3.905205967822480972e-02
4.860000000000000000e+02 1.000000000000000000e+00 9.992371773680288616e-01 0.000000000000000000e+00 3.905205967823834057e-02
4.870000000000000000e+02 1.000000000000000000e+00 9.992371773679022962e-01 0.000000000000000000e+00 3.905205967823361518e-02
4.880000000000000000e+02 1.000000000000000000e+00 9.992371773658367262e-01 0.000000000000000000e+00 3.905205967815270074e-02
4.890000000000000000e+02 1.000000000000000000e+00 9.992371773675594593e-01 0.000000000000000000e+00 3.905205967822032720e-02
4.900000000000000000e+02 1.000000000000000000e+00 9.992371773681628655e-01 0.000000000000000000e+00 3.905205967824386393e-02
4.910000000000000000e+02 1.000000000000000000e+00 9.992371773677880542e-01 0.000000000000000000e+00 3.905205967822900776e-02
4.920000000000000000e+02 1.000000000000000000e+00 9.992371773680154279e-01 0.000000000000000000e+00 3.905205967823783403e-02
4.930000000000000000e+02 1.000000000000000000e+00 9.992371773681070213e-01 0.000000000000000000e+00 3.905205967824137980e-02
4.940000000000000000e+02 1.000000000000000000e+00 9.992371773680630564e-01 0.000000000000000000e+00 3.905205967823985325e-02
4.950000000000000000e+02 1.000000000000000000e+00 9.992371773664516788e-01 0.000000000000000000e+00 3.905205967817686197e-02
4.960000000000000000e+02 1.000000000000000000e+00 9.992371773680991387e-01 0.000000000000000000e+00 3.905205967824154634e-02
4.970000000000000000e+02 1.000000000000000000e+00 9.992371773678854208e-01 0.000000000000000000e+00 3.905205967823292823e-02
4.980000000000000000e+02 1.000000000000000000e+00 9.992371773680311930e-01 0.000000000000000000e+00 3.905205967823850016e-02
4.990000000000000000e+02 1.000000000000000000e+00 9.992371773679571412e-01 0.000000000000000000e+00 3.905205967823538460e-02
5.000000000000000000e+02 1.000000000000000000e+00 9.992371773680219782e-01 0.000000000000000000e+00 3.905205967823834057e-02
5.010000000000000000e+02 1.000000000000000000e+00 9.992371773677146685e-01 0.000000000000000000e+00 3.905205967822628077e-02
5.020000000000000000e+02 1.000000000000000000e+00 9.992371773681532066e-01 0.000000000000000000e+00 3.905205967824340596e-02
5.030000000000000000e+02 1.000000000000000000e+00 9.992371773674715296e-01 0.000000000000000000e+00 3.905205967821683000e-02
5.040000000000000000e+02 1.000000000000000000e+00 9.992371773678778712e-01 0.000000000000000000e+00 3.905205967823207475e-02
5.050000000000000000e+02 1.000000000000000000e+00 9.992371773681802960e-01 0.000000000000000000e+00 3.905205967824440516e-02
5.060000000000000000e+02 1.000000000000000000e+00 9.992371773676569369e-01 0.000000000000000000e+00 3.905205967822364399e-02
5.070000000000000000e+02 1.000000000000000000e+00 9.992371773679480373e-01 0.000000000000000000e+00 3.905205967823538460e-02
5.080000000000000000e+02 1.000000000000000000e+00 9.992371773682041658e-01 0.000000000000000000e+00 3.905205967824519619e-02
5.090000000000000000e+02 1.000000000000000000e+00 9.992371773679178393e-01 0.000000000000000000e+00 3.905205967823413560e-02
5.100000000000000000e+02 1.000000000000000000e+00 9.992371773681000269e-01 0.000000000000000000e+00 3.905205967824071367e-02
5.110000000000000000e+02 1.000000000000000000e+00 9.992371773682204861e-01 0.000000000000000000e+00 3.905205967824577906e-02
