512 4
0.000000000000000000e+00 1.000000000000000000e+00 9.992371773670760682e-01 0.000000000000000000e+00 3.905205967820281343e-02
1.000000000000000000e+00 1.000000000000000000e+00 9.992371773682280356e-01 0.000000000000000000e+00 3.905205967824826319e-02
2.000000000000000000e+00 1.000000000000000000e+00 9.992371773682078295e-01 0.000000000000000000e+00 3.905205967824711133e-02
3.000000000000000000e+00 1.000000000000000000e+00 9.992371773682520164e-01 0.000000000000000000e+00 3.905205967824994240e-02
4.000000000000000000e+00 1.000000000000000000e+00 9.992371773682491298e-01 0.000000000000000000e+00 3.905205967824922075e-02
5.000000000000000000e+00 1.000000000000000000e+00 9.992371773682209302e-01 0.000000000000000000e+00 3.905205967824831870e-02
6.000000000000000000e+00 1.000000000000000000e+00 9.992371773682459102e-01 0.000000000000000000e+00 3.905205967824921381e-02
7.000000000000000000e+00 1.000000000000000000e+00 9.992371773682351410e-01 0.000000000000000000e+00 3.905205967824904034e-02
8.000000000000000000e+00 1.000000000000000000e+00 9.992371773682464653e-01 0.000000000000000000e+00 3.905205967824915830e-02
9.000000000000000000e+00 1.000000000000000000e+00 9.992371773672676927e-01 0.000000000000000000e+00 3.905205967821096663e-02
1.000000000000000000e+01 1.000000000000000000e+00 9.992371773682207081e-01 0.000000000000000000e+00 3.905205967824840890e-02
1.100000000000000000e+01 1.000000000000000000e+00 9.992371773682177105e-01 0.000000000000000000e+00 3.905205967824829094e-02
1.200000000000000000e+01 1.000000000000000000e+00 9.992371773681860692e-01 0.000000000000000000e+00 3.905205967824582070e-02
1.300000000000000000e+01 1.000000000000000000e+00 9.992371773682489078e-01 0.000000000000000000e+00 3.905205967824932484e-02
1.400000000000000000e+01 1.000000000000000000e+00 9.992371773682160452e-01 0.000000000000000000e+00 3.905205967824774971e-02
1.500000000000000000e+01 1.000000000000000000e+00 9.992371773681909541e-01 0.000000000000000000e+00 3.905205967824557783e-02
1.600000000000000000e+01 1.000000000000000000e+00 9.992371773682227065e-01 0.000000000000000000e+00 3.905205967824862401e-02
1.700000000000000000e+01 1.000000000000000000e+00 9.992371773682451330e-01 0.000000000000000000e+00 3.905205967824906810e-02
1.800000000000000000e+01 1.000000000000000000e+00 9.992371773682404701e-01 0.000000000000000000e+00 3.905205967824888769e-02
1.900000000000000000e+01 1.000000000000000000e+00 9.992371773677162228e-01 0.000000000000000000e+00 3.905205967822811264e-02
2.000000000000000000e+01 1.000000000000000000e+00 9.992371773682249270e-01 0.000000000000000000e+00 3.905205967824869340e-02
2.100000000000000000e+01 1.000000000000000000e+00 9.992371773682491298e-01 0.000000000000000000e+00 3.905205967824949831e-02
2.200000000000000000e+01 1.000000000000000000e+00 9.992371773682320324e-01 0.000000000000000000e+00 3.905205967824851299e-02
2.300000000000000000e+01 1.000000000000000000e+00 9.992371773682355851e-01 0.000000000000000000e+00 3.905205967824861013e-02
2.400000000000000000e+01 1.000000000000000000e+00 9.992371773682391378e-01 0.000000000000000000e+00 3.905205967824861707e-02
2.500000000000000000e+01 1.000000000000000000e+00 9.992371773682039438e-01 0.000000000000000000e+00 3.905205967824754154e-02
2.600000000000000000e+01 1.000000000000000000e+00 9.992371773682452440e-01 0.000000000000000000e+00 3.905205967824879054e-02
2.700000000000000000e+01 1.000000000000000000e+00 9.992371773682517944e-01 0.000000000000000000e+00 3.905205967824927626e-02
2.800000000000000000e+01 1.000000000000000000e+00 9.992371773682320324e-01 0.000000000000000000e+00 3.905205967824836033e-02
2.900000000000000000e+01 1.000000000000000000e+00 9.992371773682021674e-01 0.000000000000000000e+00 3.905205967824577906e-02
3.000000000000000000e+01 1.000000000000000000e+00 9.992371773682469094e-01 0.000000000000000000e+00 3.905205967824972035e-02
3.100000000000000000e+01 1.000000000000000000e+00 9.992371773681727465e-01 0.000000000000000000e+00 3.905205967824484925e-02
3.200000000000000000e+01 1.000000000000000000e+00 9.992371773682091618e-01 0.000000000000000000e+00 3.905205967824802726e-02
3.300000000000000000e+01 1.000000000000000000e+00 9.992371773682021674e-01 0.000000000000000000e+00 3.905205967824594560e-02
3.400000000000000000e+01 1.000000000000000000e+00 9.992371773682396929e-01 0.000000000000000000e+00 3.905205967824865176e-02
3.500000000000000000e+01 1.000000000000000000e+00 9.992371773682252600e-01 0.000000000000000000e+00 3.905205967824846441e-02
3.600000000000000000e+01 1.000000000000000000e+00 9.992371773682486857e-01 0.000000000000000000e+00 3.905205967824933871e-02
3.700000000000000000e+01 1.000000000000000000e+00 9.992371773682451330e-01 0.000000000000000000e+00 3.905205967824882524e-02
3.800000000000000000e+01 1.000000000000000000e+00 9.992371773682341418e-01 0.000000000000000000e+00 3.905205967824891544e-02
3.900000000000000000e+01 1.000000000000000000e+00 9.992371773682280356e-01 0.000000000000000000e+00 3.905205967824859625e-02
4.000000000000000000e+01 1.000000000000000000e+00 9.992371773682374725e-01 0.000000000000000000e+00 3.905205967824863095e-02
4.100000000000000000e+01 1.000000000000000000e+00 9.992371773682448000e-01 0.000000000000000000e+00 3.905205967824855462e-02
4.200000000000000000e+01 1.000000000000000000e+00 9.992371773681990588e-01 0.000000000000000000e+00 3.905205967824720847e-02
4.300000000000000000e+01 1.000000000000000000e+00 9.992371773682257041e-01 0.000000000000000000e+00 3.905205967824873503e-02
4.400000000000000000e+01 1.000000000000000000e+00 9.992371773682325875e-01 0.000000000000000000e+00 3.905205967824862401e-02
4.500000000000000000e+01 1.000000000000000000e+00 9.992371773682423575e-01 0.000000000000000000e+00 3.905205967824908198e-02
4.600000000000000000e+01 1.000000000000000000e+00 9.992371773682370284e-01 0.000000000000000000e+00 3.905205967824854074e-02
4.700000000000000000e+01 1.000000000000000000e+00 9.992371773682413583e-01 0.000000000000000000e+00 3.905205967824901953e-02
4.800000000000000000e+01 1.000000000000000000e+00 9.992371773682384717e-01 0.000000000000000000e+00 3.905205967824848523e-02
4.900000000000000000e+01 1.000000000000000000e+00 9.992371773682444669e-01 0.000000000000000000e+00 3.905205967824893626e-02
5.000000000000000000e+01 1.000000000000000000e+00 9.992371773682334757e-01 0.000000000000000000e+00 3.905205967824841584e-02
5.100000000000000000e+01 1.000000000000000000e+00 9.992371773682413583e-01 0.000000000000000000e+00 3.905205967824898483e-02
5.200000000000000000e+01 1.000000000000000000e+00 9.992371773682395819e-01 0.000000000000000000e+00 3.905205967824870034e-02
5.300000000000000000e+01 1.000000000000000000e+00 9.992371773682549030e-01 0.000000000000000000e+00 3.905205967825029628e-02
5.400000000000000000e+01 1.000000000000000000e+00 9.992371773675249313e-01 0.000000000000000000e+00 3.905205967821988311e-02
5.500000000000000000e+01 1.000000000000000000e+00 9.992371773682424685e-01 0.000000000000000000e+00 3.905205967824864483e-02
5.600000000000000000e+01 1.000000000000000000e+00 9.992371773682122704e-01 0.000000000000000000e+00 3.905205967824705582e-02
5.700000000000000000e+01 1.000000000000000000e+00 9.992371773682305891e-01 0.000000000000000000e+00 3.905205967824797175e-02
5.800000000000000000e+01 1.000000000000000000e+00 9.992371773682244829e-01 0.000000000000000000e+00 3.905205967824816604e-02
5.900000000000000000e+01 1.000000000000000000e+00 9.992371773682438008e-01 0.000000000000000000e+00 3.905205967824890850e-02
6.000000000000000000e+01 1.000000000000000000e+00 9.992371773682472424e-01 0.000000000000000000e+00 3.905205967824932484e-02
6.100000000000000000e+01 1.000000000000000000e+00 9.992371773682420244e-01 0.000000000000000000e+00 3.905205967824841584e-02
6.200000000000000000e+01 1.000000000000000000e+00 9.992371773682311442e-01 0.000000000000000000e+00 3.905205967824840196e-02
6.300000000000000000e+01 1.000000000000000000e+00 9.992371773682460212e-01 0.000000000000000000e+00 3.905205967824856850e-02
6.400000000000000000e+01 1.000000000000000000e+00 9.992371773682070524e-01 0.000000000000000000e+00 3.905205967824712521e-02
6.500000000000000000e+01 1.000000000000000000e+00 9.992371773681849589e-01 0.000000000000000000e+00 3.905205967824550845e-02
6.600000000000000000e+01 1.000000000000000000e+00 9.992371773681770764e-01 0.000000000000000000e+00 3.905205967824491170e-02
6.700000000000000000e+01 1.000000000000000000e+00 9.992371773682280356e-01 0.000000000000000000e+00 3.905205967824894320e-02
6.800000000000000000e+01 1.000000000000000000e+00 9.992371773681933966e-01 0.000000000000000000e+00 3.905205967824612601e-02
6.900000000000000000e+01 1.000000000000000000e+00 9.992371773682122704e-01 0.000000000000000000e+00 3.905205967824795787e-02
7.000000000000000000e+01 1.000000000000000000e+00 9.992371773682193759e-01 0.000000000000000000e+00 3.905205967824815216e-02
7.100000000000000000e+01 1.000000000000000000e+00 9.992371773682351410e-01 0.000000000000000000e+00 3.905205967824893626e-02
7.200000000000000000e+01 1.000000000000000000e+00 9.992371773682343639e-01 0.000000000000000000e+00 3.905205967824830482e-02
7.300000000000000000e+01 1.000000000000000000e+00 9.992371773681874014e-01 0.000000000000000000e+00 3.905205967824557090e-02
7.400000000000000000e+01 1.000000000000000000e+00 9.992371773682324765e-01 0.000000000000000000e+00 3.905205967824855462e-02
7.500000000000000000e+01 1.000000000000000000e+00 9.992371773682020564e-01 0.000000000000000000e+00 3.905205967824695867e-02
7.600000000000000000e+01 1.000000000000000000e+00 9.992371773682281466e-01 0.000000000000000000e+00 3.905205967824869340e-02
7.700000000000000000e+01 1.000000000000000000e+00 9.992371773682247049e-01 0.000000000000000000e+00 3.905205967824817298e-02
7.800000000000000000e+01 1.000000000000000000e+00 9.992371773682304781e-01 0.000000000000000000e+00 3.905205967824845747e-02
7.900000000000000000e+01 1.000000000000000000e+00 9.992371773682422464e-01 0.000000000000000000e+00 3.905205967824822155e-02
8.000000000000000000e+01 1.000000000000000000e+00 9.992371773682343639e-01 0.000000000000000000e+00 3.905205967824816604e-02
8.100000000000000000e+01 1.000000000000000000e+00 9.992371773682540148e-01 0.000000000000000000e+00 3.905205967824921381e-02
8.200000000000000000e+01 1.000000000000000000e+00 9.992371773682462432e-01 0.000000000000000000e+00 3.905205967824883218e-02
8.300000000000000000e+01 1.000000000000000000e+00 9.992371773682244829e-01 0.000000000000000000e+00 3.905205967824847829e-02
8.400000000000000000e+01 1.000000000000000000e+00 9.992371773682440228e-01 0.000000000000000000e+00 3.905205967824935953e-02
8.500000000000000000e+01 1.000000000000000000e+00 9.992371773681358871e-01 0.000000000000000000e+00 3.905205967824373903e-02
8.600000000000000000e+01 1.000000000000000000e+00 9.992371773682431346e-01 0.000000000000000000e+00 3.905205967824865176e-02
8.700000000000000000e+01 1.000000000000000000e+00 9.992371773682258151e-01 0.000000000000000000e+00 3.905205967824809665e-02
8.800000000000000000e+01 1.000000000000000000e+00 9.992371773682313663e-01 0.000000000000000000e+00 3.905205967824875585e-02
8.900000000000000000e+01 1.000000000000000000e+00 9.992371773682512393e-01 0.000000000000000000e+00 3.905205967824489088e-02
9.000000000000000000e+01 1.000000000000000000e+00 9.992371773682384717e-01 0.000000000000000000e+00 3.905205967824820767e-02
9.100000000000000000e+01 1.000000000000000000e+00 9.992371773682486857e-01 0.000000000000000000e+00 3.905205967824891544e-02
9.200000000000000000e+01 1.000000000000000000e+00 9.992371773682455771e-01 0.000000000000000000e+00 3.905205967824879054e-02
9.300000000000000000e+01 1.000000000000000000e+00 9.992371773680586156e-01 0.000000000000000000e+00 3.905205967824138674e-02
9.400000000000000000e+01 1.000000000000000000e+00 9.992371773682153790e-01 0.000000000000000000e+00 3.905205967824781910e-02
9.500000000000000000e+01 1.000000000000000000e+00 9.992371773682465763e-01 0.000000000000000000e+00 3.905205967824874891e-02
9.600000000000000000e+01 1.000000000000000000e+00 9.992371773681493208e-01 0.000000000000000000e+00 3.905205967824464108e-02
9.700000000000000000e+01 1.000000000000000000e+00 9.992371773682477976e-01 0.000000000000000000e+00 3.905205967824915136e-02
9.800000000000000000e+01 1.000000000000000000e+00 9.992371773681402169e-01 0.000000000000000000e+00 3.905205967824409985e-02
9.900000000000000000e+01 1.000000000000000000e+00 9.992371773681190117e-01 0.000000000000000000e+00 3.905205967824422475e-02
1.000000000000000000e+02 1.000000000000000000e+00 9.992371773682444669e-01 0.000000000000000000e+00 3.905205967824904728e-02
1.010000000000000000e+02 1.000000000000000000e+00 9.992371773682345859e-01 0.000000000000000000e+00 3.905205967824832564e-02
1.020000000000000000e+02 1.000000000000000000e+00 9.992371773682007241e-01 0.000000000000000000e+00 3.905205967824717378e-02
1.030000000000000000e+02 1.000000000000000000e+00 9.992371773682453551e-01 0.000000000000000000e+00 3.905205967824873503e-02
1.040000000000000000e+02 1.000000000000000000e+00 9.992371773682477976e-01 0.000000000000000000e+00 3.905205967824874197e-02
1.050000000000000000e+02 1.000000000000000000e+00 9.992371773682398040e-01 0.000000000000000000e+00 3.905205967824866564e-02
1.060000000000000000e+02 1.000000000000000000e+00 9.992371773681976155e-01 0.000000000000000000e+00 3.905205967824573049e-02
1.070000000000000000e+02 1.000000000000000000e+00 9.992371773681961722e-01 0.000000000000000000e+00 3.905205967824584845e-02
1.080000000000000000e+02 1.000000000000000000e+00 9.992371773682129366e-01 0.000000000000000000e+00 3.905205967824762481e-02
1.090000000000000000e+02 1.000000000000000000e+00 9.992371773681805180e-01 0.000000000000000000e+00 3.905205967824575131e-02
1.100000000000000000e+02 1.000000000000000000e+00 9.992371773681923974e-01 0.000000000000000000e+00 3.905205967824583457e-02
1.110000000000000000e+02 1.000000000000000000e+00 9.992371773682324765e-01 0.000000000000000000e+00 3.905205967824851992e-02
1.120000000000000000e+02 1.000000000000000000e+00 9.992371773682202640e-01 0.000000000000000000e+00 3.905205967824787461e-02
1.130000000000000000e+02 1.000000000000000000e+00 9.992371773681976155e-01 0.000000000000000000e+00 3.905205967824619540e-02
1.140000000000000000e+02 1.000000000000000000e+00 9.992371773682409142e-01 0.000000000000000000e+00 3.905205967824895708e-02
1.150000000000000000e+02 1.000000000000000000e+00 9.992371773682265923e-01 0.000000000000000000e+00 3.905205967824802726e-02
1.160000000000000000e+02 1.000000000000000000e+00 9.992371773682473535e-01 0.000000000000000000e+00 3.905205967824901259e-02
1.170000000000000000e+02 1.000000000000000000e+00 9.992371773682375835e-01 0.000000000000000000e+00 3.905205967824874891e-02
1.180000000000000000e+02 1.000000000000000000e+00 9.992371773682477976e-01 0.000000000000000000e+00 3.905205967824892932e-02
1.190000000000000000e+02 1.000000000000000000e+00 9.992371773682129366e-01 0.000000000000000000e+00 3.905205967824747909e-02
1.200000000000000000e+02 1.000000000000000000e+00 9.992371773682438008e-01 0.000000000000000000e+00 3.905205967824856850e-02
1.210000000000000000e+02 1.000000000000000000e+00 9.992371773682401370e-01 0.000000000000000000e+00 3.905205967824840890e-02
1.220000000000000000e+02 1.000000000000000000e+00 9.992371773682313663e-01 0.000000000000000000e+00 3.905205967824829094e-02
1.230000000000000000e+02 1.000000000000000000e+00 9.992371773682433567e-01 0.000000000000000000e+00 3.905205967824888769e-02
1.240000000000000000e+02 1.000000000000000000e+00 9.992371773681820724e-01 0.000000000000000000e+00 3.905205967824588315e-02
1.250000000000000000e+02 1.000000000000000000e+00 9.992371773682435787e-01 0.000000000000000000e+00 3.905205967824878360e-02
1.260000000000000000e+02 1.000000000000000000e+00 9.992371773682177105e-01 0.000000000000000000e+00 3.905205967824769420e-02
1.270000000000000000e+02 1.000000000000000000e+00 9.992371773682434677e-01 0.000000000000000000e+00 3.905205967824862401e-02
1.280000000000000000e+02 1.000000000000000000e+00 9.992371773682486857e-01 0.000000000000000000e+00 3.905205967824963709e-02
1.290000000000000000e+02 1.000000000000000000e+00 9.992371773682480196e-01 0.000000000000000000e+00 3.905205967824922769e-02
1.300000000000000000e+02 1.000000000000000000e+00 9.992371773681993918e-01 0.000000000000000000e+00 3.905205967824697255e-02
1.310000000000000000e+02 1.000000000000000000e+00 9.992371773682333647e-01 0.000000000000000000e+00 3.905205967824867952e-02
1.320000000000000000e+02 1.000000000000000000e+00 9.992371773681800740e-01 0.000000000000000000e+00 3.905205967824570273e-02
1.330000000000000000e+02 1.000000000000000000e+00 9.992371773682362512e-01 0.000000000000000000e+00 3.905205967824828400e-02
1.340000000000000000e+02 1.000000000000000000e+00 9.992371773682502401e-01 0.000000000000000000e+00 3.905205967824895708e-02
1.350000000000000000e+02 1.000000000000000000e+00 9.992371773682197089e-01 0.000000000000000000e+00 3.905205967824824237e-02
1.360000000000000000e+02 1.000000000000000000e+00 9.992371773682146019e-01 0.000000000000000000e+00 3.905205967824721541e-02
1.370000000000000000e+02 1.000000000000000000e+00 9.992371773682060532e-01 0.000000000000000000e+00 3.905205967824654234e-02
1.380000000000000000e+02 1.000000000000000000e+00 9.992371773682422464e-01 0.000000000000000000e+00 3.905205967824894320e-02
1.390000000000000000e+02 1.000000000000000000e+00 9.992371773682479086e-01 0.000000000000000000e+00 3.905205967824849217e-02
1.400000000000000000e+02 1.000000000000000000e+00 9.992371773682477976e-01 0.000000000000000000e+00 3.905205967824951219e-02
1.410000000000000000e+02 1.000000000000000000e+00 9.992371773681985037e-01 0.000000000000000000e+00 3.905205967824600111e-02
1.420000000000000000e+02 1.000000000000000000e+00 9.992371773682405811e-01 0.000000000000000000e+00 3.905205967824823543e-02
1.430000000000000000e+02 1.000000000000000000e+00 9.992371773682295899e-01 0.000000000000000000e+00 3.905205967824817992e-02
1.440000000000000000e+02 1.000000000000000000e+00 9.992371773681949509e-01 0.000000000000000000e+00 3.905205967824677826e-02
1.450000000000000000e+02 1.000000000000000000e+00 9.992371773682311442e-01 0.000000000000000000e+00 3.905205967824869340e-02
1.460000000000000000e+02 1.000000000000000000e+00 9.992371773682025005e-01 0.000000000000000000e+00 3.905205967824707664e-02
1.470000000000000000e+02 1.000000000000000000e+00 9.992371773682285907e-01 0.000000000000000000e+00 3.905205967824842278e-02
1.480000000000000000e+02 1.000000000000000000e+00 9.992371773682269254e-01 0.000000000000000000e+00 3.905205967824831176e-02
1.490000000000000000e+02 1.000000000000000000e+00 9.992371773682442448e-01 0.000000000000000000e+00 3.905205967824887381e-02
1.500000000000000000e+02 1.000000000000000000e+00 9.992371773682305891e-01 0.000000000000000000e+00 3.905205967824858238e-02
1.510000000000000000e+02 1.000000000000000000e+00 9.992371773682355851e-01 0.000000000000000000e+00 3.905205967824807584e-02
1.520000000000000000e+02 1.000000000000000000e+00 9.992371773682418024e-01 0.000000000000000000e+00 3.905205967824845747e-02
1.530000000000000000e+02 1.000000000000000000e+00 9.992371773682484637e-01 0.000000000000000000e+00 3.905205967824889463e-02
1.540000000000000000e+02 1.000000000000000000e+00 9.992371773682542369e-01 0.000000000000000000e+00 3.905205967824899871e-02
1.550000000000000000e+02 1.000000000000000000e+00 9.992371773682485747e-01 0.000000000000000000e+00 3.905205967824903340e-02
1.560000000000000000e+02 1.000000000000000000e+00 9.992371773682501290e-01 0.000000000000000000e+00 3.905205967824779134e-02
1.570000000000000000e+02 1.000000000000000000e+00 9.992371773682242608e-01 0.000000000000000000e+00 3.905205967824756930e-02
1.580000000000000000e+02 1.000000000000000000e+00 9.992371773682076075e-01 0.000000000000000000e+00 3.905205967824743746e-02
1.590000000000000000e+02 1.000000000000000000e+00 9.992371773682241498e-01 0.000000000000000000e+00 3.905205967824816604e-02
1.600000000000000000e+02 1.000000000000000000e+00 9.992371773682386937e-01 0.000000000000000000e+00 3.905205967824837421e-02
1.610000000000000000e+02 1.000000000000000000e+00 9.992371773682169334e-01 0.000000000000000000e+00 3.905205967824733337e-02
1.620000000000000000e+02 1.000000000000000000e+00 9.992371773682269254e-01 0.000000000000000000e+00 3.905205967824840196e-02
1.630000000000000000e+02 1.000000000000000000e+00 9.992371773682373615e-01 0.000000000000000000e+00 3.905205967824830482e-02
1.640000000000000000e+02 1.000000000000000000e+00 9.992371773681314462e-01 0.000000000000000000e+00 3.905205967824353086e-02
1.650000000000000000e+02 1.000000000000000000e+00 9.992371773682198199e-01 0.000000000000000000e+00 3.905205967824770807e-02
1.660000000000000000e+02 1.000000000000000000e+00 9.992371773682383607e-01 0.000000000000000000e+00 3.905205967824870728e-02
1.670000000000000000e+02 1.000000000000000000e+00 9.992371773682467984e-01 0.000000000000000000e+00 3.905205967824885993e-02
1.680000000000000000e+02 1.000000000000000000e+00 9.992371773682579006e-01 0.000000000000000000e+00 3.905205967824823543e-02
1.690000000000000000e+02 1.000000000000000000e+00 9.992371773682076075e-01 0.000000000000000000e+00 3.905205967824749991e-02
1.700000000000000000e+02 1.000000000000000000e+00 9.992371773681971714e-01 0.000000000000000000e+00 3.905205967824605662e-02
1.710000000000000000e+02 1.000000000000000000e+00 9.992371773681787417e-01 0.000000000000000000e+00 3.905205967824575825e-02
1.720000000000000000e+02 1.000000000000000000e+00 9.992371773681543168e-01 0.000000000000000000e+00 3.905205967824471741e-02
1.730000000000000000e+02 1.000000000000000000e+00 9.992371773681982816e-01 0.000000000000000000e+00 3.905205967824578600e-02
1.740000000000000000e+02 1.000000000000000000e+00 9.992371773682243719e-01 0.000000000000000000e+00 3.905205967824834645e-02
1.750000000000000000e+02 1.000000000000000000e+00 9.992371773682373615e-01 0.000000000000000000e+00 3.905205967824861013e-02
1.760000000000000000e+02 1.000000000000000000e+00 9.992371773681849589e-01 0.000000000000000000e+00 3.905205967824582070e-02
1.770000000000000000e+02 1.000000000000000000e+00 9.992371773682379166e-01 0.000000000000000000e+00 3.905205967824826319e-02
1.780000000000000000e+02 1.000000000000000000e+00 9.992371773679538105e-01 0.000000000000000000e+00 3.905205967823723728e-02
1.790000000000000000e+02 1.000000000000000000e+00 9.992371773682345859e-01 0.000000000000000000e+00 3.905205967824856850e-02
1.800000000000000000e+02 1.000000000000000000e+00 9.992371773682460212e-01 0.000000000000000000e+00 3.905205967824880442e-02
1.810000000000000000e+02 1.000000000000000000e+00 9.992371773682107161e-01 0.000000000000000000e+00 3.905205967824791624e-02
1.820000000000000000e+02 1.000000000000000000e+00 9.992371773682273695e-01 0.000000000000000000e+00 3.905205967824831176e-02
1.830000000000000000e+02 1.000000000000000000e+00 9.992371773682352520e-01 0.000000000000000000e+00 3.905205967824859625e-02
1.840000000000000000e+02 1.000000000000000000e+00 9.992371773682378056e-01 0.000000000000000000e+00 3.905205967824841584e-02
1.850000000000000000e+02 1.000000000000000000e+00 9.992371773682539038e-01 0.000000000000000000e+00 3.905205967824949831e-02
1.860000000000000000e+02 1.000000000000000000e+00 9.992371773682058311e-01 0.000000000000000000e+00 3.905205967824749991e-02
1.870000000000000000e+02 1.000000000000000000e+00 9.992371773682400260e-01 0.000000000000000000e+00 3.905205967824836033e-02
1.880000000000000000e+02 1.000000000000000000e+00 9.992371773682561242e-01 0.000000000000000000e+00 3.905205967824829094e-02
1.890000000000000000e+02 1.000000000000000000e+00 9.992371773682510172e-01 0.000000000000000000e+00 3.905205967824754154e-02
1.900000000000000000e+02 1.000000000000000000e+00 9.992371773680807090e-01 0.000000000000000000e+00 3.905205967824156021e-02
1.910000000000000000e+02 1.000000000000000000e+00 9.992371773682201530e-01 0.000000000000000000e+00 3.905205967824756236e-02
1.920000000000000000e+02 1.000000000000000000e+00 9.992371773681489877e-01 0.000000000000000000e+00 3.905205967824450924e-02
1.930000000000000000e+02 1.000000000000000000e+00 9.992371773682049430e-01 0.000000000000000000e+00 3.905205967824638275e-02
1.940000000000000000e+02 1.000000000000000000e+00 9.992371773682442448e-01 0.000000000000000000e+00 3.905205967824874891e-02
1.950000000000000000e+02 1.000000000000000000e+00 9.992371773682253711e-01 0.000000000000000000e+00 3.905205967824811053e-02
1.960000000000000000e+02 1.000000000000000000e+00 9.992371773681845148e-01 0.000000000000000000e+00 3.905205967824550151e-02
1.970000000000000000e+02 1.000000000000000000e+00 9.992371773681718583e-01 0.000000000000000000e+00 3.905205967824552926e-02
1.980000000000000000e+02 1.000000000000000000e+00 9.992371773682439118e-01 0.000000000000000000e+00 3.905205967824906810e-02
1.990000000000000000e+02 1.000000000000000000e+00 9.992371773682469094e-01 0.000000000000000000e+00 3.905205967824905422e-02
2.000000000000000000e+02 1.000000000000000000e+00 9.992371773681989477e-01 0.000000000000000000e+00 3.905205967824623009e-02
2.010000000000000000e+02 1.000000000000000000e+00 9.992371773682320324e-01 0.000000000000000000e+00 3.905205967824884605e-02
2.020000000000000000e+02 1.000000000000000000e+00 9.992371773682007241e-01 0.000000000000000000e+00 3.905205967824684765e-02
2.030000000000000000e+02 1.000000000000000000e+00 9.992371773681971714e-01 0.000000000000000000e+00 3.905205967824643826e-02
2.040000000000000000e+02 1.000000000000000000e+00 9.992371773682411362e-01 0.000000000000000000e+00 3.905205967824870728e-02
2.050000000000000000e+02 1.000000000000000000e+00 9.992371773681745228e-01 0.000000000000000000e+00 3.905205967824591784e-02
2.060000000000000000e+02 1.000000000000000000e+00 9.992371773682495739e-01 0.000000000000000000e+00 3.905205967824890156e-02
2.070000000000000000e+02 1.000000000000000000e+00 9.992371773682298119e-01 0.000000000000000000e+00 3.905205967824780522e-02
2.080000000000000000e+02 1.000000000000000000e+00 9.992371773682242608e-01 0.000000000000000000e+00 3.905205967824831176e-02
2.090000000000000000e+02 1.000000000000000000e+00 9.992371773682520164e-01 0.000000000000000000e+00 3.905205967824915136e-02
2.100000000000000000e+02 1.000000000000000000e+00 9.992371773682120484e-01 0.000000000000000000e+00 3.905205967824772889e-02
2.110000000000000000e+02 1.000000000000000000e+00 9.992371773682383607e-01 0.000000000000000000e+00 3.905205967824816604e-02
2.120000000000000000e+02 1.000000000000000000e+00 9.992371773682400260e-01 0.000000000000000000e+00 3.905205967824850605e-02
2.130000000000000000e+02 1.000000000000000000e+00 9.992371773681993918e-01 0.000000000000000000e+00 3.905205967824632030e-02
2.140000000000000000e+02 1.000000000000000000e+00 9.992371773682222624e-01 0.000000000000000000e+00 3.905205967824797175e-02
2.150000000000000000e+02 1.000000000000000000e+00 9.992371773682272584e-01 0.000000000000000000e+00 3.905205967824805502e-02
2.160000000000000000e+02 1.000000000000000000e+00 9.992371773682333647e-01 0.000000000000000000e+00 3.905205967824822155e-02
2.170000000000000000e+02 1.000000000000000000e+00 9.992371773682401370e-01 0.000000000000000000e+00 3.905205967824808277e-02
2.180000000000000000e+02 1.000000000000000000e+00 9.992371773682309222e-01 0.000000000000000000e+00 3.905205967824844360e-02
2.190000000000000000e+02 1.000000000000000000e+00 9.992371773682118263e-01 0.000000000000000000e+00 3.905205967824770114e-02
2.200000000000000000e+02 1.000000000000000000e+00 9.992371773680791547e-01 0.000000000000000000e+00 3.905205967824226798e-02
2.210000000000000000e+02 1.000000000000000000e+00 9.992371773682231506e-01 0.000000000000000000e+00 3.905205967824794400e-02
2.220000000000000000e+02 1.000000000000000000e+00 9.992371773682300340e-01 0.000000000000000000e+00 3.905205967824813829e-02
2.230000000000000000e+02 1.000000000000000000e+00 9.992371773681277825e-01 0.000000000000000000e+00 3.905205967824421087e-02
2.240000000000000000e+02 1.000000000000000000e+00 9.992371773682220404e-01 0.000000000000000000e+00 3.905205967824759705e-02
2.250000000000000000e+02 1.000000000000000000e+00 9.992371773682315883e-01 0.000000000000000000e+00 3.905205967824869340e-02
2.260000000000000000e+02 1.000000000000000000e+00 9.992371773682449110e-01 0.000000000000000000e+00 3.905205967824854074e-02
2.270000000000000000e+02 1.000000000000000000e+00 9.992371773681978375e-01 0.000000000000000000e+00 3.905205967824695867e-02
2.280000000000000000e+02 1.000000000000000000e+00 9.992371773682370284e-01 0.000000000000000000e+00 3.905205967824854074e-02
2.290000000000000000e+02 1.000000000000000000e+00 9.992371773682325875e-01 0.000000000000000000e+00 3.905205967824837421e-02
2.300000000000000000e+02 1.000000000000000000e+00 9.992371773682573455e-01 0.000000000000000000e+00 3.905205967824763869e-02
2.310000000000000000e+02 1.000000000000000000e+00 9.992371773682087177e-01 0.000000000000000000e+00 3.905205967824689622e-02
2.320000000000000000e+02 1.000000000000000000e+00 9.992371773681338887e-01 0.000000000000000000e+00 3.905205967824447455e-02
2.330000000000000000e+02 1.000000000000000000e+00 9.992371773682170444e-01 0.000000000000000000e+00 3.905205967824733337e-02
2.340000000000000000e+02 1.000000000000000000e+00 9.992371773682329206e-01 0.000000000000000000e+00 3.905205967824858238e-02
2.350000000000000000e+02 1.000000000000000000e+00 9.992371773682365843e-01 0.000000000000000000e+00 3.905205967824806890e-02
2.360000000000000000e+02 1.000000000000000000e+00 9.992371773682036107e-01 0.000000000000000000e+00 3.905205967824712521e-02
2.370000000000000000e+02 1.000000000000000000e+00 9.992371773681433256e-01 0.000000000000000000e+00 3.905205967824459945e-02
2.380000000000000000e+02 1.000000000000000000e+00 9.992371773681572034e-01 0.000000000000000000e+00 3.905205967824450231e-02
2.390000000000000000e+02 1.000000000000000000e+00 9.992371773682375835e-01 0.000000000000000000e+00 3.905205967824846441e-02
2.400000000000000000e+02 1.000000000000000000e+00 9.992371773682218183e-01 0.000000000000000000e+00 3.905205967824791624e-02
2.410000000000000000e+02 1.000000000000000000e+00 9.992371773682389158e-01 0.000000000000000000e+00 3.905205967824861013e-02
2.420000000000000000e+02 1.000000000000000000e+00 9.992371773682511282e-01 0.000000000000000000e+00 3.905205967824732644e-02
2.430000000000000000e+02 1.000000000000000000e+00 9.992371773682315883e-01 0.000000000000000000e+00 3.905205967824834645e-02
2.440000000000000000e+02 1.000000000000000000e+00 9.992371773682389158e-01 0.000000000000000000e+00 3.905205967824826319e-02
2.450000000000000000e+02 1.000000000000000000e+00 9.992371773682069414e-01 0.000000000000000000e+00 3.905205967824661867e-02
2.460000000000000000e+02 1.000000000000000000e+00 9.992371773681956171e-01 0.000000000000000000e+00 3.905205967824631336e-02
2.470000000000000000e+02 1.000000000000000000e+00 9.992371773682323655e-01 0.000000000000000000e+00 3.905205967824837421e-02
2.480000000000000000e+02 1.000000000000000000e+00 9.992371773682495739e-01 0.000000000000000000e+00 3.905205967824842278e-02
2.490000000000000000e+02 1.000000000000000000e+00 9.992371773682555691e-01 0.000000000000000000e+00 3.905205967824829094e-02
2.500000000000000000e+02 1.000000000000000000e+00 9.992371773682235947e-01 0.000000000000000000e+00 3.905205967824813829e-02
2.510000000000000000e+02 1.000000000000000000e+00 9.992371773682516833e-01 0.000000000000000000e+00 3.905205967824885993e-02
2.520000000000000000e+02 1.000000000000000000e+00 9.992371773682418024e-01 0.000000000000000000e+00 3.905205967824854768e-02
2.530000000000000000e+02 1.000000000000000000e+00 9.992371773682511282e-01 0.000000000000000000e+00 3.905205967824951913e-02
2.540000000000000000e+02 1.000000000000000000e+00 9.992371773681851810e-01 0.000000000000000000e+00 3.905205967824646601e-02
2.550000000000000000e+02 1.000000000000000000e+00 9.992371773682262592e-01 0.000000000000000000e+00 3.905205967824767338e-02
2.560000000000000000e+02 1.000000000000000000e+00 9.992371773681365532e-01 0.000000000000000000e+00 3.905205967824407903e-02
2.570000000000000000e+02 1.000000000000000000e+00 9.992371773682318103e-01 0.000000000000000000e+00 3.905205967824811053e-02
2.580000000000000000e+02 1.000000000000000000e+00 9.992371773679781244e-01 0.000000000000000000e+00 3.905205967823803526e-02
2.590000000000000000e+02 1.000000000000000000e+00 9.992371773682083846e-01 0.000000000000000000e+00 3.905205967824712521e-02
2.600000000000000000e+02 1.000000000000000000e+00 9.992371773681814062e-01 0.000000000000000000e+00 3.905205967824576518e-02
2.610000000000000000e+02 1.000000000000000000e+00 9.992371773682473535e-01 0.000000000000000000e+00 3.905205967824875585e-02
2.620000000000000000e+02 1.000000000000000000e+00 9.992371773681927305e-01 0.000000000000000000e+00 3.905205967824641744e-02
2.630000000000000000e+02 1.000000000000000000e+00 9.992371773682410252e-01 0.000000000000000000e+00 3.905205967824856850e-02
2.640000000000000000e+02 1.000000000000000000e+00 9.992371773682339198e-01 0.000000000000000000e+00 3.905205967824852686e-02
2.650000000000000000e+02 1.000000000000000000e+00 9.992371773682457992e-01 0.000000000000000000e+00 3.905205967824865176e-02
2.660000000000000000e+02 1.000000000000000000e+00 9.992371773681321123e-01 0.000000000000000000e+00 3.905205967824387780e-02
2.670000000000000000e+02 1.000000000000000000e+00 9.992371773682460212e-01 0.000000000000000000e+00 3.905205967824851299e-02
2.680000000000000000e+02 1.000000000000000000e+00 9.992371773682052760e-01 0.000000000000000000e+00 3.905205967824686153e-02
2.690000000000000000e+02 1.000000000000000000e+00 9.992371773682313663e-01 0.000000000000000000e+00 3.905205967824824931e-02
2.700000000000000000e+02 1.000000000000000000e+00 9.992371773682302560e-01 0.000000000000000000e+00 3.905205967824811053e-02
2.710000000000000000e+02 1.000000000000000000e+00 9.992371773682124925e-01 0.000000000000000000e+00 3.905205967824772195e-02
2.720000000000000000e+02 1.000000000000000000e+00 9.992371773681735236e-01 0.000000000000000000e+00 3.905205967824508517e-02
2.730000000000000000e+02 1.000000000000000000e+00 9.992371773681922864e-01 0.000000000000000000e+00 3.905205967824645907e-02
2.740000000000000000e+02 1.000000000000000000e+00 9.992371773681760772e-01 0.000000000000000000e+00 3.905205967824558477e-02
2.750000000000000000e+02 1.000000000000000000e+00 9.992371773682148239e-01 0.000000000000000000e+00 3.905205967824788849e-02
2.760000000000000000e+02 1.000000000000000000e+00 9.992371773682392488e-01 0.000000000000000000e+00 3.905205967824799257e-02
2.770000000000000000e+02 1.000000000000000000e+00 9.992371773682072744e-01 0.000000000000000000e+00 3.905205967824694480e-02
2.780000000000000000e+02 1.000000000000000000e+00 9.992371773682324765e-01 0.000000000000000000e+00 3.905205967824815216e-02
2.790000000000000000e+02 1.000000000000000000e+00 9.992371773682425795e-01 0.000000000000000000e+00 3.905205967824840890e-02
2.800000000000000000e+02 1.000000000000000000e+00 9.992371773682211522e-01 0.000000000000000000e+00 3.905205967824761787e-02
2.810000000000000000e+02 1.000000000000000000e+00 9.992371773682382496e-01 0.000000000000000000e+00 3.905205967824866564e-02
2.820000000000000000e+02 1.000000000000000000e+00 9.992371773681757441e-01 0.000000000000000000e+00 3.905205967824584845e-02
2.830000000000000000e+02 1.000000000000000000e+00 9.992371773682149350e-01 0.000000000000000000e+00 3.905205967824763869e-02
2.840000000000000000e+02 1.000000000000000000e+00 9.992371773681661962e-01 0.000000000000000000e+00 3.905205967824530028e-02
2.850000000000000000e+02 1.000000000000000000e+00 9.992371773682318103e-01 0.000000000000000000e+00 3.905205967824802726e-02
2.860000000000000000e+02 1.000000000000000000e+00 9.992371773682211522e-01 0.000000000000000000e+00 3.905205967824799257e-02
2.870000000000000000e+02 1.000000000000000000e+00 9.992371773682422464e-01 0.000000000000000000e+00 3.905205967824868646e-02
2.880000000000000000e+02 1.000000000000000000e+00 9.992371773682373615e-01 0.000000000000000000e+00 3.905205967824811053e-02
2.890000000000000000e+02 1.000000000000000000e+00 9.992371773682233727e-01 0.000000000000000000e+00 3.905205967824783297e-02
2.900000000000000000e+02 1.000000000000000000e+00 9.992371773682536817e-01 0.000000000000000000e+00 3.905205967824925545e-02
2.910000000000000000e+02 1.000000000000000000e+00 9.992371773682349190e-01 0.000000000000000000e+00 3.905205967824822155e-02
2.920000000000000000e+02 1.000000000000000000e+00 9.992371773682420244e-01 0.000000000000000000e+00 3.905205967824859625e-02
2.930000000000000000e+02 1.000000000000000000e+00 9.992371773681856251e-01 0.000000000000000000e+00 3.905205967824616764e-02
2.940000000000000000e+02 1.000000000000000000e+00 9.992371773682382496e-01 0.000000000000000000e+00 3.905205967824830482e-02
2.950000000000000000e+02 1.000000000000000000e+00 9.992371773681705260e-01 0.000000000000000000e+00 3.905205967824583457e-02
2.960000000000000000e+02 1.000000000000000000e+00 9.992371773682338087e-01 0.000000000000000000e+00 3.905205967824838809e-02
2.970000000000000000e+02 1.000000000000000000e+00 9.992371773682452440e-01 0.000000000000000000e+00 3.905205967824845747e-02
2.980000000000000000e+02 1.000000000000000000e+00 9.992371773682366953e-01 0.000000000000000000e+00 3.905205967824808971e-02
2.990000000000000000e+02 1.000000000000000000e+00 9.992371773682315883e-01 0.000000000000000000e+00 3.905205967824840196e-02
3.000000000000000000e+02 1.000000000000000000e+00 9.992371773681824054e-01 0.000000000000000000e+00 3.905205967824594560e-02
3.010000000000000000e+02 1.000000000000000000e+00 9.992371773682044989e-01 0.000000000000000000e+00 3.905205967824730562e-02
3.020000000000000000e+02 1.000000000000000000e+00 9.992371773682126035e-01 0.000000000000000000e+00 3.905205967824746521e-02
3.030000000000000000e+02 1.000000000000000000e+00 9.992371773681918423e-01 0.000000000000000000e+00 3.905205967824663948e-02
3.040000000000000000e+02 1.000000000000000000e+00 9.992371773681771874e-01 0.000000000000000000e+00 3.905205967824589008e-02
3.050000000000000000e+02 1.000000000000000000e+00 9.992371773682052760e-01 0.000000000000000000e+00 3.905205967824706276e-02
3.060000000000000000e+02 1.000000000000000000e+00 9.992371773682335867e-01 0.000000000000000000e+00 3.905205967824829094e-02
3.070000000000000000e+02 1.000000000000000000e+00 9.992371773681539837e-01 0.000000000000000000e+00 3.905205967824475211e-02
3.080000000000000000e+02 1.000000000000000000e+00 9.992371773682258151e-01 0.000000000000000000e+00 3.905205967824829094e-02
3.090000000000000000e+02 1.000000000000000000e+00 9.992371773681815172e-01 0.000000000000000000e+00 3.905205967824572355e-02
3.100000000000000000e+02 1.000000000000000000e+00 9.992371773682277025e-01 0.000000000000000000e+00 3.905205967824802726e-02
3.110000000000000000e+02 1.000000000000000000e+00 9.992371773681880676e-01 0.000000000000000000e+00 3.905205967824618846e-02
3.120000000000000000e+02 1.000000000000000000e+00 9.992371773682312552e-01 0.000000000000000000e+00 3.905205967824804114e-02
3.130000000000000000e+02 1.000000000000000000e+00 9.992371773682302560e-01 0.000000000000000000e+00 3.905205967824820074e-02
3.140000000000000000e+02 1.000000000000000000e+00 9.992371773682373615e-01 0.000000000000000000e+00 3.905205967824837421e-02
3.150000000000000000e+02 1.000000000000000000e+00 9.992371773682446889e-01 0.000000000000000000e+00 3.905205967824845054e-02
3.160000000000000000e+02 1.000000000000000000e+00 9.992371773681980596e-01 0.000000000000000000e+00 3.905205967824641744e-02
3.170000000000000000e+02 1.000000000000000000e+00 9.992371773682255931e-01 0.000000000000000000e+00 3.905205967824797869e-02
3.180000000000000000e+02 1.000000000000000000e+00 9.992371773681496538e-01 0.000000000000000000e+00 3.905205967824436353e-02
3.190000000000000000e+02 1.000000000000000000e+00 9.992371773682338087e-01 0.000000000000000000e+00 3.905205967824795094e-02
3.200000000000000000e+02 1.000000000000000000e+00 9.992371773682322544e-01 0.000000000000000000e+00 3.905205967824818686e-02
3.210000000000000000e+02 1.000000000000000000e+00 9.992371773682295899e-01 0.000000000000000000e+00 3.905205967824809665e-02
3.220000000000000000e+02 1.000000000000000000e+00 9.992371773682215963e-01 0.000000000000000000e+00 3.905205967824802032e-02
3.230000000000000000e+02 1.000000000000000000e+00 9.992371773682329206e-01 0.000000000000000000e+00 3.905205967824813829e-02
3.240000000000000000e+02 1.000000000000000000e+00 9.992371773681940628e-01 0.000000000000000000e+00 3.905205967824648683e-02
3.250000000000000000e+02 1.000000000000000000e+00 9.992371773682497960e-01 0.000000000000000000e+00 3.905205967824854074e-02
3.260000000000000000e+02 1.000000000000000000e+00 9.992371773682166003e-01 0.000000000000000000e+00 3.905205967824748603e-02
3.270000000000000000e+02 1.000000000000000000e+00 9.992371773682382496e-01 0.000000000000000000e+00 3.905205967824840196e-02
3.280000000000000000e+02 1.000000000000000000e+00 9.992371773682174885e-01 0.000000000000000000e+00 3.905205967824791624e-02
3.290000000000000000e+02 1.000000000000000000e+00 9.992371773682435787e-01 0.000000000000000000e+00 3.905205967824849911e-02
3.300000000000000000e+02 1.000000000000000000e+00 9.992371773680820413e-01 0.000000000000000000e+00 3.905205967824177532e-02
3.310000000000000000e+02 1.000000000000000000e+00 9.992371773682166003e-01 0.000000000000000000e+00 3.905205967824751379e-02
3.320000000000000000e+02 1.000000000000000000e+00 9.992371773682169334e-01 0.000000000000000000e+00 3.905205967824768726e-02
3.330000000000000000e+02 1.000000000000000000e+00 9.992371773682142688e-01 0.000000000000000000e+00 3.905205967824703500e-02
3.340000000000000000e+02 1.000000000000000000e+00 9.992371773679371572e-01 0.000000000000000000e+00 3.905205967823746627e-02
3.350000000000000000e+02 1.000000000000000000e+00 9.992371773682414693e-01 0.000000000000000000e+00 3.905205967824834645e-02
3.360000000000000000e+02 1.000000000000000000e+00 9.992371773682103830e-01 0.000000000000000000e+00 3.905205967824748603e-02
3.370000000000000000e+02 1.000000000000000000e+00 9.992371773682058311e-01 0.000000000000000000e+00 3.905205967824680602e-02
3.380000000000000000e+02 1.000000000000000000e+00 9.992371773681911762e-01 0.000000000000000000e+00 3.905205967824621621e-02
3.390000000000000000e+02 1.000000000000000000e+00 9.992371773682025005e-01 0.000000000000000000e+00 3.905205967824650071e-02
3.400000000000000000e+02 1.000000000000000000e+00 9.992371773682330316e-01 0.000000000000000000e+00 3.905205967824831870e-02
3.410000000000000000e+02 1.000000000000000000e+00 9.992371773682325875e-01 0.000000000000000000e+00 3.905205967824817298e-02
3.420000000000000000e+02 1.000000000000000000e+00 9.992371773682321434e-01 0.000000000000000000e+00 3.905205967824787461e-02
3.430000000000000000e+02 1.000000000000000000e+00 9.992371773681578695e-01 0.000000000000000000e+00 3.905205967824509905e-02
3.440000000000000000e+02 1.000000000000000000e+00 9.992371773680923663e-01 0.000000000000000000e+00 3.905205967824239288e-02
3.450000000000000000e+02 1.000000000000000000e+00 9.992371773681996139e-01 0.000000000000000000e+00 3.905205967824655622e-02
3.460000000000000000e+02 1.000000000000000000e+00 9.992371773682351410e-01 0.000000000000000000e+00 3.905205967824797175e-02
3.470000000000000000e+02 1.000000000000000000e+00 9.992371773682309222e-01 0.000000000000000000e+00 3.905205967824785379e-02
3.480000000000000000e+02 1.000000000000000000e+00 9.992371773682249270e-01 0.000000000000000000e+00 3.905205967824776359e-02
3.490000000000000000e+02 1.000000000000000000e+00 9.992371773682302560e-01 0.000000000000000000e+00 3.905205967824814522e-02
3.500000000000000000e+02 1.000000000000000000e+00 9.992371773682436897e-01 0.000000000000000000e+00 3.905205967824849911e-02
3.510000000000000000e+02 1.000000000000000000e+00 9.992371773682253711e-01 0.000000000000000000e+00 3.905205967824758317e-02
3.520000000000000000e+02 1.000000000000000000e+00 9.992371773682280356e-01 0.000000000000000000e+00 3.905205967824776359e-02
3.530000000000000000e+02 1.000000000000000000e+00 9.992371773681891778e-01 0.000000000000000000e+00 3.905205967824601498e-02
3.540000000000000000e+02 1.000000000000000000e+00 9.992371773682457992e-01 0.000000000000000000e+00 3.905205967824861013e-02
3.550000000000000000e+02 1.000000000000000000e+00 9.992371773682530156e-01 0.000000000000000000e+00 3.905205967824902646e-02
3.560000000000000000e+02 1.000000000000000000e+00 9.992371773682481306e-01 0.000000000000000000e+00 3.905205967824876973e-02
3.570000000000000000e+02 1.000000000000000000e+00 9.992371773681142377e-01 0.000000000000000000e+00 3.905205967824362107e-02
3.580000000000000000e+02 1.000000000000000000e+00 9.992371773682177105e-01 0.000000000000000000e+00 3.905205967824747909e-02
3.590000000000000000e+02 1.000000000000000000e+00 9.992371773682173774e-01 0.000000000000000000e+00 3.905205967824740276e-02
3.600000000000000000e+02 1.000000000000000000e+00 9.992371773682231506e-01 0.000000000000000000e+00 3.905205967824802032e-02
3.610000000000000000e+02 1.000000000000000000e+00 9.992371773682220404e-01 0.000000000000000000e+00 3.905205967824768032e-02
3.620000000000000000e+02 1.000000000000000000e+00 9.992371773682229286e-01 0.000000000000000000e+00 3.905205967824761787e-02
3.630000000000000000e+02 1.000000000000000000e+00 9.992371773682440228e-01 0.000000000000000000e+00 3.905205967824848523e-02
3.640000000000000000e+02 1.000000000000000000e+00 9.992371773682149350e-01 0.000000000000000000e+00 3.905205967824700725e-02
3.650000000000000000e+02 1.000000000000000000e+00 9.992371773682020564e-01 0.000000000000000000e+00 3.905205967824681990e-02
3.660000000000000000e+02 1.000000000000000000e+00 9.992371773681700819e-01 0.000000000000000000e+00 3.905205967824574437e-02
3.670000000000000000e+02 1.000000000000000000e+00 9.992371773682212632e-01 0.000000000000000000e+00 3.905205967824754154e-02
3.680000000000000000e+02 1.000000000000000000e+00 9.992371773681945069e-01 0.000000000000000000e+00 3.905205967824650071e-02
3.690000000000000000e+02 1.000000000000000000e+00 9.992371773681674174e-01 0.000000000000000000e+00 3.905205967824552926e-02
3.700000000000000000e+02 1.000000000000000000e+00 9.992371773682001690e-01 0.000000000000000000e+00 3.905205967824727786e-02
3.710000000000000000e+02 1.000000000000000000e+00 9.992371773682400260e-01 0.000000000000000000e+00 3.905205967824859625e-02
3.720000000000000000e+02 1.000000000000000000e+00 9.992371773681374414e-01 0.000000000000000000e+00 3.905205967824472435e-02
3.730000000000000000e+02 1.000000000000000000e+00 9.992371773681703040e-01 0.000000000000000000e+00 3.905205967824536273e-02
3.740000000000000000e+02 1.000000000000000000e+00 9.992371773681774094e-01 0.000000000000000000e+00 3.905205967824581376e-02
3.750000000000000000e+02 1.000000000000000000e+00 9.992371773682358072e-01 0.000000000000000000e+00 3.905205967824830482e-02
3.760000000000000000e+02 1.000000000000000000e+00 9.992371773682182656e-01 0.000000000000000000e+00 3.905205967824734725e-02
3.770000000000000000e+02 1.000000000000000000e+00 9.992371773682305891e-01 0.000000000000000000e+00 3.905205967824795787e-02
3.780000000000000000e+02 1.000000000000000000e+00 9.992371773681908431e-01 0.000000000000000000e+00 3.905205967824649377e-02
3.790000000000000000e+02 1.000000000000000000e+00 9.992371773682278135e-01 0.000000000000000000e+00 3.905205967824811053e-02
3.800000000000000000e+02 1.000000000000000000e+00 9.992371773682284797e-01 0.000000000000000000e+00 3.905205967824795787e-02
3.810000000000000000e+02 1.000000000000000000e+00 9.992371773682258151e-01 0.000000000000000000e+00 3.905205967824808277e-02
3.820000000000000000e+02 1.000000000000000000e+00 9.992371773682403591e-01 0.000000000000000000e+00 3.905205967824871421e-02
3.830000000000000000e+02 1.000000000000000000e+00 9.992371773682213743e-01 0.000000000000000000e+00 3.905205967824784685e-02
3.840000000000000000e+02 1.000000000000000000e+00 9.992371773682136027e-01 0.000000000000000000e+00 3.905205967824734725e-02
3.850000000000000000e+02 1.000000000000000000e+00 9.992371773682422464e-01 0.000000000000000000e+00 3.905205967824831176e-02
3.860000000000000000e+02 1.000000000000000000e+00 9.992371773681456570e-01 0.000000000000000000e+00 3.905205967824450924e-02
3.870000000000000000e+02 1.000000000000000000e+00 9.992371773682449110e-01 0.000000000000000000e+00 3.905205967824873503e-02
3.880000000000000000e+02 1.000000000000000000e+00 9.992371773682151570e-01 0.000000000000000000e+00 3.905205967824700031e-02
3.890000000000000000e+02 1.000000000000000000e+00 9.992371773682472424e-01 0.000000000000000000e+00 3.905205967824862401e-02
3.900000000000000000e+02 1.000000000000000000e+00 9.992371773682390268e-01 0.000000000000000000e+00 3.905205967824855462e-02
3.910000000000000000e+02 1.000000000000000000e+00 9.992371773682315883e-01 0.000000000000000000e+00 3.905205967824802726e-02
3.920000000000000000e+02 1.000000000000000000e+00 9.992371773682017233e-01 0.000000000000000000e+00 3.905205967824723623e-02
3.930000000000000000e+02 1.000000000000000000e+00 9.992371773679369351e-01 0.000000000000000000e+00 3.905205967823683483e-02
3.940000000000000000e+02 1.000000000000000000e+00 9.992371773681516522e-01 0.000000000000000000e+00 3.905205967824523783e-02
3.950000000000000000e+02 1.000000000000000000e+00 9.992371773682250380e-01 0.000000000000000000e+00 3.905205967824751379e-02
3.960000000000000000e+02 1.000000000000000000e+00 9.992371773682112712e-01 0.000000000000000000e+00 3.905205967824723623e-02
3.970000000000000000e+02 1.000000000000000000e+00 9.992371773681807401e-01 0.000000000000000000e+00 3.905205967824618846e-02
3.980000000000000000e+02 1.000000000000000000e+00 9.992371773681796299e-01 0.000000000000000000e+00 3.905205967824625091e-02
3.990000000000000000e+02 1.000000000000000000e+00 9.992371773682029445e-01 0.000000000000000000e+00 3.905205967824702806e-02
4.000000000000000000e+02 1.000000000000000000e+00 9.992371773681848479e-01 0.000000000000000000e+00 3.905205967824601498e-02
4.010000000000000000e+02 1.000000000000000000e+00 9.992371773681993918e-01 0.000000000000000000e+00 3.905205967824673663e-02
4.020000000000000000e+02 1.000000000000000000e+00 9.992371773682369174e-01 0.000000000000000000e+00 3.905205967824817992e-02
4.030000000000000000e+02 1.000000000000000000e+00 9.992371773682168223e-01 0.000000000000000000e+00 3.905205967824779134e-02
4.040000000000000000e+02 1.000000000000000000e+00 9.992371773682344749e-01 0.000000000000000000e+00 3.905205967824819380e-02
4.050000000000000000e+02 1.000000000000000000e+00 9.992371773682190428e-01 0.000000000000000000e+00 3.905205967824786767e-02
4.060000000000000000e+02 1.000000000000000000e+00 9.992371773682113822e-01 0.000000000000000000e+00 3.905205967824747215e-02
4.070000000000000000e+02 1.000000000000000000e+00 9.992371773681978375e-01 0.000000000000000000e+00 3.905205967824661867e-02
4.080000000000000000e+02 1.000000000000000000e+00 9.992371773681634206e-01 0.000000000000000000e+00 3.905205967824516150e-02
4.090000000000000000e+02 1.000000000000000000e+00 9.992371773682113822e-01 0.000000000000000000e+00 3.905205967824663948e-02
4.100000000000000000e+02 1.000000000000000000e+00 9.992371773682231506e-01 0.000000000000000000e+00 3.905205967824798563e-02
4.110000000000000000e+02 1.000000000000000000e+00 9.992371773682076075e-01 0.000000000000000000e+00 3.905205967824719460e-02
4.120000000000000000e+02 1.000000000000000000e+00 9.992371773681874014e-01 0.000000000000000000e+00 3.905205967824626478e-02
4.130000000000000000e+02 1.000000000000000000e+00 9.992371773681130165e-01 0.000000000000000000e+00 3.905205967824373209e-02
4.140000000000000000e+02 1.000000000000000000e+00 9.992371773682374725e-01 0.000000000000000000e+00 3.905205967824776359e-02
4.150000000000000000e+02 1.000000000000000000e+00 9.992371773682193759e-01 0.000000000000000000e+00 3.905205967824756930e-02
4.160000000000000000e+02 1.000000000000000000e+00 9.992371773682149350e-01 0.000000000000000000e+00 3.905205967824724317e-02
4.170000000000000000e+02 1.000000000000000000e+00 9.992371773682089398e-01 0.000000000000000000e+00 3.905205967824734031e-02
4.180000000000000000e+02 1.000000000000000000e+00 9.992371773681893998e-01 0.000000000000000000e+00 3.905205967824643826e-02
4.190000000000000000e+02 1.000000000000000000e+00 9.992371773682404701e-01 0.000000000000000000e+00 3.905205967824852686e-02
4.200000000000000000e+02 1.000000000000000000e+00 9.992371773681614222e-01 0.000000000000000000e+00 3.905205967824522395e-02
4.210000000000000000e+02 1.000000000000000000e+00 9.992371773682298119e-01 0.000000000000000000e+00 3.905205967824797175e-02
4.220000000000000000e+02 1.000000000000000000e+00 9.992371773682514613e-01 0.000000000000000000e+00 3.905205967824879054e-02
4.230000000000000000e+02 1.000000000000000000e+00 9.992371773681627545e-01 0.000000000000000000e+00 3.905205967824545987e-02
4.240000000000000000e+02 1.000000000000000000e+00 9.992371773682076075e-01 0.000000000000000000e+00 3.905205967824690316e-02
4.250000000000000000e+02 1.000000000000000000e+00 9.992371773682107161e-01 0.000000000000000000e+00 3.905205967824742358e-02
4.260000000000000000e+02 1.000000000000000000e+00 9.992371773682109382e-01 0.000000000000000000e+00 3.905205967824738889e-02
4.270000000000000000e+02 1.000000000000000000e+00 9.992371773682159342e-01 0.000000000000000000e+00 3.905205967824785379e-02
4.280000000000000000e+02 1.000000000000000000e+00 9.992371773682346969e-01 0.000000000000000000e+00 3.905205967824812441e-02
4.290000000000000000e+02 1.000000000000000000e+00 9.992371773682313663e-01 0.000000000000000000e+00 3.905205967824829094e-02
4.300000000000000000e+02 1.000000000000000000e+00 9.992371773681690827e-01 0.000000000000000000e+00 3.905205967824557090e-02
4.310000000000000000e+02 1.000000000000000000e+00 9.992371773682353631e-01 0.000000000000000000e+00 3.905205967824828400e-02
4.320000000000000000e+02 1.000000000000000000e+00 9.992371773682119374e-01 0.000000000000000000e+00 3.905205967824722235e-02
4.330000000000000000e+02 1.000000000000000000e+00 9.992371773682395819e-01 0.000000000000000000e+00 3.905205967824840196e-02
4.340000000000000000e+02 1.000000000000000000e+00 9.992371773681462122e-01 0.000000000000000000e+00 3.905205967824485619e-02
4.350000000000000000e+02 1.000000000000000000e+00 9.992371773682335867e-01 0.000000000000000000e+00 3.905205967824788849e-02
4.360000000000000000e+02 1.000000000000000000e+00 9.992371773682271474e-01 0.000000000000000000e+00 3.905205967824734725e-02
4.370000000000000000e+02 1.000000000000000000e+00 9.992371773681834046e-01 0.000000000000000000e+00 3.905205967824608437e-02
4.380000000000000000e+02 1.000000000000000000e+00 9.992371773682331426e-01 0.000000000000000000e+00 3.905205967824844360e-02
4.390000000000000000e+02 1.000000000000000000e+00 9.992371773682406921e-01 0.000000000000000000e+00 3.905205967824827706e-02
4.400000000000000000e+02 1.000000000000000000e+00 9.992371773682229286e-01 0.000000000000000000e+00 3.905205967824781216e-02
4.410000000000000000e+02 1.000000000000000000e+00 9.992371773682442448e-01 0.000000000000000000e+00 3.905205967824829094e-02
4.420000000000000000e+02 1.000000000000000000e+00 9.992371773682320324e-01 0.000000000000000000e+00 3.905205967824822155e-02
4.430000000000000000e+02 1.000000000000000000e+00 9.992371773682010572e-01 0.000000000000000000e+00 3.905205967824688928e-02
4.440000000000000000e+02 1.000000000000000000e+00 9.992371773682353631e-01 0.000000000000000000e+00 3.905205967824809665e-02
4.450000000000000000e+02 1.000000000000000000e+00 9.992371773681756331e-01 0.000000000000000000e+00 3.905205967824567498e-02
4.460000000000000000e+02 1.000000000000000000e+00 9.992371773682086067e-01 0.000000000000000000e+00 3.905205967824729174e-02
4.470000000000000000e+02 1.000000000000000000e+00 9.992371773682378056e-01 0.000000000000000000e+00 3.905205967824836033e-02
4.480000000000000000e+02 1.000000000000000000e+00 9.992371773682040548e-01 0.000000000000000000e+00 3.905205967824712521e-02
4.490000000000000000e+02 1.000000000000000000e+00 9.992371773681656411e-01 0.000000000000000000e+00 3.905205967824564028e-02
4.500000000000000000e+02 1.000000000000000000e+00 9.992371773682187097e-01 0.000000000000000000e+00 3.905205967824763175e-02
4.510000000000000000e+02 1.000000000000000000e+00 9.992371773681557601e-01 0.000000000000000000e+00 3.905205967824532109e-02
4.520000000000000000e+02 1.000000000000000000e+00 9.992371773681856251e-01 0.000000000000000000e+00 3.905205967824634805e-02
4.530000000000000000e+02 1.000000000000000000e+00 9.992371773681021363e-01 0.000000000000000000e+00 3.905205967824298963e-02
4.540000000000000000e+02 1.000000000000000000e+00 9.992371773682240388e-01 0.000000000000000000e+00 3.905205967824780522e-02
4.550000000000000000e+02 1.000000000000000000e+00 9.992371773682189318e-01 0.000000000000000000e+00 3.905205967824783297e-02
4.560000000000000000e+02 1.000000000000000000e+00 9.992371773681747449e-01 0.000000000000000000e+00 3.905205967824568192e-02
4.570000000000000000e+02 1.000000000000000000e+00 9.992371773681638647e-01 0.000000000000000000e+00 3.905205967824552926e-02
4.580000000000000000e+02 1.000000000000000000e+00 9.992371773682257041e-01 0.000000000000000000e+00 3.905205967824806890e-02
4.590000000000000000e+02 1.000000000000000000e+00 9.992371773681931746e-01 0.000000000000000000e+00 3.905205967824681296e-02
4.600000000000000000e+02 1.000000000000000000e+00 9.992371773682188207e-01 0.000000000000000000e+00 3.905205967824782604e-02
4.610000000000000000e+02 1.000000000000000000e+00 9.992371773682132696e-01 0.000000000000000000e+00 3.905205967824744440e-02
4.620000000000000000e+02 1.000000000000000000e+00 9.992371773681768543e-01 0.000000000000000000e+00 3.905205967824580682e-02
4.630000000000000000e+02 1.000000000000000000e+00 9.992371773680788216e-01 0.000000000000000000e+00 3.905205967824230268e-02
4.640000000000000000e+02 1.000000000000000000e+00 9.992371773682033886e-01 0.000000000000000000e+00 3.905205967824705582e-02
4.650000000000000000e+02 1.000000000000000000e+00 9.992371773682240388e-01 0.000000000000000000e+00 3.905205967824806890e-02
4.660000000000000000e+02 1.000000000000000000e+00 9.992371773681935077e-01 0.000000000000000000e+00 3.905205967824618152e-02
4.670000000000000000e+02 1.000000000000000000e+00 9.992371773681821834e-01 0.000000000000000000e+00 3.905205967824601498e-02
4.680000000000000000e+02 1.000000000000000000e+00 9.992371773682143798e-01 0.000000000000000000e+00 3.905205967824725705e-02
4.690000000000000000e+02 1.000000000000000000e+00 9.992371773682322544e-01 0.000000000000000000e+00 3.905205967824763175e-02
4.700000000000000000e+02 1.000000000000000000e+00 9.992371773682279246e-01 0.000000000000000000e+00 3.905205967824791624e-02
4.710000000000000000e+02 1.000000000000000000e+00 9.992371773681953950e-01 0.000000000000000000e+00 3.905205967824673663e-02
4.720000000000000000e+02 1.000000000000000000e+00 9.992371773681824054e-01 0.000000000000000000e+00 3.905205967824637581e-02
4.730000000000000000e+02 1.000000000000000000e+00 9.992371773681514302e-01 0.000000000000000000e+00 3.905205967824498109e-02
4.740000000000000000e+02 1.000000000000000000e+00 9.992371773679578073e-01 0.000000000000000000e+00 3.905205967823766056e-02
4.750000000000000000e+02 1.000000000000000000e+00 9.992371773682131586e-01 0.000000000000000000e+00 3.905205967824708357e-02
4.760000000000000000e+02 1.000000000000000000e+00 9.992371773682170444e-01 0.000000000000000000e+00 3.905205967824737501e-02
4.770000000000000000e+02 1.000000000000000000e+00 9.992371773680027713e-01 0.000000000000000000e+00 3.905205967823954100e-02
4.780000000000000000e+02 1.000000000000000000e+00 9.992371773682069414e-01 0.000000000000000000e+00 3.905205967824697255e-02
4.790000000000000000e+02 1.000000000000000000e+00 9.992371773681825164e-01 0.000000000000000000e+00 3.905205967824612601e-02
4.800000000000000000e+02 1.000000000000000000e+00 9.992371773681785196e-01 0.000000000000000000e+00 3.905205967824630642e-02
4.810000000000000000e+02 1.000000000000000000e+00 9.992371773681925085e-01 0.000000000000000000e+00 3.905205967824627866e-02
4.820000000000000000e+02 1.000000000000000000e+00 9.992371773682111602e-01 0.000000000000000000e+00 3.905205967824698643e-02
4.830000000000000000e+02 1.000000000000000000e+00 9.992371773682167113e-01 0.000000000000000000e+00 3.905205967824712521e-02
4.840000000000000000e+02 1.000000000000000000e+00 9.992371773682373615e-01 0.000000000000000000e+00 3.905205967824876973e-02
4.850000000000000000e+02 1.000000000000000000e+00 9.992371773681307801e-01 0.000000000000000000e+00 3.905205967824473823e-02
4.860000000000000000e+02 1.000000000000000000e+00 9.992371773682198199e-01 0.000000000000000000e+00 3.905205967824758317e-02
4.870000000000000000e+02 1.000000000000000000e+00 9.992371773681846259e-01 0.000000000000000000e+00 3.905205967824636193e-02
4.880000000000000000e+02 1.000000000000000000e+00 9.992371773682385827e-01 0.000000000000000000e+00 3.905205967824831870e-02
4.890000000000000000e+02 1.000000000000000000e+00 9.992371773682298119e-01 0.000000000000000000e+00 3.905205967824795787e-02
4.900000000000000000e+02 1.000000000000000000e+00 9.992371773682028335e-01 0.000000000000000000e+00 3.905205967824720847e-02
4.910000000000000000e+02 1.000000000000000000e+00 9.992371773681587577e-01 0.000000000000000000e+00 3.905205967824557090e-02
4.920000000000000000e+02 1.000000000000000000e+00 9.992371773681910652e-01 0.000000000000000000e+00 3.905205967824605662e-02
4.930000000000000000e+02 1.000000000000000000e+00 9.992371773681454350e-01 0.000000000000000000e+00 3.905205967824456476e-02
4.940000000000000000e+02 1.000000000000000000e+00 9.992371773682359182e-01 0.000000000000000000e+00 3.905205967824815216e-02
4.950000000000000000e+02 1.000000000000000000e+00 9.992371773681936187e-01 0.000000000000000000e+00 3.905205967824652846e-02
4.960000000000000000e+02 1.000000000000000000e+00 9.992371773680479574e-01 0.000000000000000000e+00 3.905205967824111613e-02
4.970000000000000000e+02 1.000000000000000000e+00 9.992371773681252289e-01 0.000000000000000000e+00 3.905205967824379454e-02
4.980000000000000000e+02 1.000000000000000000e+00 9.992371773681469893e-01 0.000000000000000000e+00 3.905205967824468272e-02
4.990000000000000000e+02 1.000000000000000000e+00 9.992371773681940628e-01 0.000000000000000000e+00 3.905205967824661173e-02
5.000000000000000000e+02 1.000000000000000000e+00 9.992371773682333647e-01 0.000000000000000000e+00 3.905205967824795787e-02
5.010000000000000000e+02 1.000000000000000000e+00 9.992371773681336666e-01 0.000000000000000000e+00 3.905205967824437741e-02
5.020000000000000000e+02 1.000000000000000000e+00 9.992371773681913982e-01 0.000000000000000000e+00 3.905205967824671581e-02
5.030000000000000000e+02 1.000000000000000000e+00 9.992371773682211522e-01 0.000000000000000000e+00 3.905205967824723623e-02
5.040000000000000000e+02 1.000000000000000000e+00 9.992371773682253711e-01 0.000000000000000000e+00 3.905205967824749991e-02
5.050000000000000000e+02 1.000000000000000000e+00 9.992371773681965053e-01 0.000000000000000000e+00 3.905205967824674357e-02
5.060000000000000000e+02 1.000000000000000000e+00 9.992371773682018343e-01 0.000000000000000000e+00 3.905205967824650071e-02
5.070000000000000000e+02 1.000000000000000000e+00 9.992371773682108271e-01 0.000000000000000000e+00 3.905205967824745827e-02
5.080000000000000000e+02 1.000000000000000000e+00 9.992371773681767433e-01 0.000000000000000000e+00 3.905205967824612601e-02
5.090000000000000000e+02 1.000000000000000000e+00 9.992371773681721914e-01 0.000000000000000000e+00 3.905205967824568192e-02
5.100000000000000000e+02 1.000000000000000000e+00 9.992371773681726355e-01 0.000000000000000000e+00 3.905205967824627172e-02
5.110000000000000000e+02 1.000000000000000000e+00 9.992371773680156499e-01 0.000000000000000000e+00 3.905205967823971447e-02
