512 4
0.000000000000000000e+00 1.000000000000000000e+00 9.992371773682572345e-01 0.000000000000000000e+00 3.905205967825101099e-02
1.000000000000000000e+00 1.000000000000000000e+00 9.992371773682571234e-01 0.000000000000000000e+00 3.905205967825013669e-02
2.000000000000000000e+00 1.000000000000000000e+00 9.992371773682529046e-01 0.000000000000000000e+00 3.905205967824962321e-02
3.000000000000000000e+00 1.000000000000000000e+00 9.992371773682529046e-01 0.000000000000000000e+00 3.905205967824906810e-02
4.000000000000000000e+00 1.000000000000000000e+00 9.992371773682529046e-01 0.000000000000000000e+00 3.905205967824992852e-02
5.000000000000000000e+00 1.000000000000000000e+00 9.992371773682460212e-01 0.000000000000000000e+00 3.905205967824869340e-02
6.000000000000000000e+00 1.000000000000000000e+00 9.992371773682485747e-01 0.000000000000000000e+00 3.905205967824913749e-02
7.000000000000000000e+00 1.000000000000000000e+00 9.992371773682551250e-01 0.000000000000000000e+00 3.905205967825146895e-02
8.000000000000000000e+00 1.000000000000000000e+00 9.992371773682526825e-01 0.000000000000000000e+00 3.905205967825016444e-02
9.000000000000000000e+00 1.000000000000000000e+00 9.992371773682212632e-01 0.000000000000000000e+00 3.905205967824769420e-02
1.000000000000000000e+01 1.000000000000000000e+00 9.992371773682332536e-01 0.000000000000000000e+00 3.905205967824808277e-02
1.100000000000000000e+01 1.000000000000000000e+00 9.992371773682373615e-01 0.000000000000000000e+00 3.905205967824856850e-02
1.200000000000000000e+01 1.000000000000000000e+00 9.992371773682438008e-01 0.000000000000000000e+00 3.905205967824904034e-02
1.300000000000000000e+01 1.000000000000000000e+00 9.992371773682420244e-01 0.000000000000000000e+00 3.905205967824873503e-02
1.400000000000000000e+01 1.000000000000000000e+00 9.992371773682375835e-01 0.000000000000000000e+00 3.905205967824844360e-02
1.500000000000000000e+01 1.000000000000000000e+00 9.992371773682393599e-01 0.000000000000000000e+00 3.905205967824865176e-02
1.600000000000000000e+01 1.000000000000000000e+00 9.992371773682522385e-01 0.000000000000000000e+00 3.905205967824995628e-02
1.700000000000000000e+01 1.000000000000000000e+00 9.992371773682422464e-01 0.000000000000000000e+00 3.905205967824892932e-02
1.800000000000000000e+01 1.000000000000000000e+00 9.992371773682424685e-01 0.000000000000000000e+00 3.905205967824910973e-02
1.900000000000000000e+01 1.000000000000000000e+00 9.992371773682313663e-01 0.000000000000000000e+00 3.905205967824797175e-02
2.000000000000000000e+01 1.000000000000000000e+00 9.992371773682409142e-01 0.000000000000000000e+00 3.905205967824906810e-02
2.100000000000000000e+01 1.000000000000000000e+00 9.992371773682293679e-01 0.000000000000000000e+00 3.905205967824805502e-02
2.200000000000000000e+01 1.000000000000000000e+00 9.992371773682485747e-01 0.000000000000000000e+00 3.905205967824888769e-02
2.300000000000000000e+01 1.000000000000000000e+00 9.992371773681847369e-01 0.000000000000000000e+00 3.905205967824694480e-02
2.400000000000000000e+01 1.000000000000000000e+00 9.992371773682112712e-01 0.000000000000000000e+00 3.905205967824786073e-02
2.500000000000000000e+01 1.000000000000000000e+00 9.992371773682537928e-01 0.000000000000000000e+00 3.905205967824909585e-02
2.600000000000000000e+01 1.000000000000000000e+00 9.992371773682477976e-01 0.000000000000000000e+00 3.905205967824901259e-02
2.700000000000000000e+01 1.000000000000000000e+00 9.992371773682497960e-01 0.000000000000000000e+00 3.905205967824892932e-02
2.800000000000000000e+01 1.000000000000000000e+00 9.992371773682262592e-01 0.000000000000000000e+00 3.905205967824790236e-02
2.900000000000000000e+01 1.000000000000000000e+00 9.992371773682282576e-01 0.000000000000000000e+00 3.905205967824804808e-02
3.000000000000000000e+01 1.000000000000000000e+00 9.992371773681996139e-01 0.000000000000000000e+00 3.905205967824725011e-02
3.100000000000000000e+01 1.000000000000000000e+00 9.992371773682140468e-01 0.000000000000000000e+00 3.905205967824785379e-02
3.200000000000000000e+01 1.000000000000000000e+00 9.992371773682342528e-01 0.000000000000000000e+00 3.905205967824872115e-02
3.300000000000000000e+01 1.000000000000000000e+00 9.992371773682050540e-01 0.000000000000000000e+00 3.905205967824711133e-02
3.400000000000000000e+01 1.000000000000000000e+00 9.992371773681966163e-01 0.000000000000000000e+00 3.905205967824758317e-02
3.500000000000000000e+01 1.000000000000000000e+00 9.992371773682529046e-01 0.000000000000000000e+00 3.905205967825041424e-02
3.600000000000000000e+01 1.000000000000000000e+00 9.992371773682178215e-01 0.000000000000000000e+00 3.905205967824808277e-02
3.700000000000000000e+01 1.000000000000000000e+00 9.992371773682300340e-01 0.000000000000000000e+00 3.905205967824781216e-02
3.800000000000000000e+01 1.000000000000000000e+00 9.992371773682258151e-01 0.000000000000000000e+00 3.905205967824777746e-02
3.900000000000000000e+01 1.000000000000000000e+00 9.992371773682395819e-01 0.000000000000000000e+00 3.905205967824876973e-02
4.000000000000000000e+01 1.000000000000000000e+00 9.992371773682215963e-01 0.000000000000000000e+00 3.905205967824772195e-02
4.100000000000000000e+01 1.000000000000000000e+00 9.992371773682082736e-01 0.000000000000000000e+00 3.905205967824738195e-02
4.200000000000000000e+01 1.000000000000000000e+00 9.992371773682394709e-01 0.000000000000000000e+00 3.905205967824863789e-02
4.300000000000000000e+01 1.000000000000000000e+00 9.992371773682315883e-01 0.000000000000000000e+00 3.905205967824781216e-02
4.400000000000000000e+01 1.000000000000000000e+00 9.992371773681910652e-01 0.000000000000000000e+00 3.905205967824714602e-02
4.500000000000000000e+01 1.000000000000000000e+00 9.992371773682418024e-01 0.000000000000000000e+00 3.905205967824879054e-02
4.600000000000000000e+01 1.000000000000000000e+00 9.992371773682446889e-01 0.000000000000000000e+00 3.905205967824908891e-02
4.700000000000000000e+01 1.000000000000000000e+00 9.992371773682328095e-01 0.000000000000000000e+00 3.905205967824859625e-02
4.800000000000000000e+01 1.000000000000000000e+00 9.992371773682268143e-01 0.000000000000000000e+00 3.905205967824815216e-02
4.900000000000000000e+01 1.000000000000000000e+00 9.992371773681781866e-01 0.000000000000000000e+00 3.905205967824634805e-02
5.000000000000000000e+01 1.000000000000000000e+00 9.992371773682388048e-01 0.000000000000000000e+00 3.905205967824855462e-02
5.100000000000000000e+01 1.000000000000000000e+00 9.992371773682517944e-01 0.000000000000000000e+00 3.905205967824957464e-02
5.200000000000000000e+01 1.000000000000000000e+00 9.992371773682366953e-01 0.000000000000000000e+00 3.905205967824849911e-02
5.300000000000000000e+01 1.000000000000000000e+00 9.992371773682411362e-01 0.000000000000000000e+00 3.905205967824866564e-02
5.400000000000000000e+01 1.000000000000000000e+00 9.992371773682207081e-01 0.000000000000000000e+00 3.905205967824810359e-02
5.500000000000000000e+01 1.000000000000000000e+00 9.992371773682526825e-01 0.000000000000000000e+00 3.905205967824956770e-02
5.600000000000000000e+01 1.000000000000000000e+00 9.992371773682472424e-01 0.000000000000000000e+00 3.905205967824824931e-02
5.700000000000000000e+01 1.000000000000000000e+00 9.992371773682182656e-01 0.000000000000000000e+00 3.905205967824774971e-02
5.800000000000000000e+01 1.000000000000000000e+00 9.992371773681427705e-01 0.000000000000000000e+00 3.905205967824480762e-02
5.900000000000000000e+01 1.000000000000000000e+00 9.992371773682364733e-01 0.000000000000000000e+00 3.905205967824869340e-02
6.000000000000000000e+01 1.000000000000000000e+00 9.992371773682270364e-01 0.000000000000000000e+00 3.905205967824802726e-02
6.100000000000000000e+01 1.000000000000000000e+00 9.992371773681989477e-01 0.000000000000000000e+00 3.905205967824741664e-02
6.200000000000000000e+01 1.000000000000000000e+00 9.992371773682363623e-01 0.000000000000000000e+00 3.905205967824877666e-02
6.300000000000000000e+01 1.000000000000000000e+00 9.992371773682072744e-01 0.000000000000000000e+00 3.905205967824682683e-02
6.400000000000000000e+01 1.000000000000000000e+00 9.992371773682326985e-01 0.000000000000000000e+00 3.905205967824816604e-02
6.500000000000000000e+01 1.000000000000000000e+00 9.992371773681828495e-01 0.000000000000000000e+00 3.905205967824661173e-02
6.600000000000000000e+01 1.000000000000000000e+00 9.992371773682404701e-01 0.000000000000000000e+00 3.905205967824902646e-02
6.700000000000000000e+01 1.000000000000000000e+00 9.992371773682063862e-01 0.000000000000000000e+00 3.905205967824703500e-02
6.800000000000000000e+01 1.000000000000000000e+00 9.992371773682429126e-01 0.000000000000000000e+00 3.905205967824880442e-02
6.900000000000000000e+01 1.000000000000000000e+00 9.992371773681354430e-01 0.000000000000000000e+00 3.905205967824439822e-02
7.000000000000000000e+01 1.000000000000000000e+00 9.992371773682376945e-01 0.000000000000000000e+00 3.905205967824861013e-02
7.100000000000000000e+01 1.000000000000000000e+00 9.992371773681962832e-01 0.000000000000000000e+00 3.905205967824704194e-02
7.200000000000000000e+01 1.000000000000000000e+00 9.992371773682302560e-01 0.000000000000000000e+00 3.905205967824797175e-02
7.300000000000000000e+01 1.000000000000000000e+00 9.992371773682416913e-01 0.000000000000000000e+00 3.905205967824880442e-02
7.400000000000000000e+01 1.000000000000000000e+00 9.992371773682378056e-01 0.000000000000000000e+00 3.905205967824852686e-02
7.500000000000000000e+01 1.000000000000000000e+00 9.992371773682211522e-01 0.000000000000000000e+00 3.905205967824739582e-02
7.600000000000000000e+01 1.000000000000000000e+00 9.992371773682220404e-01 0.000000000000000000e+00 3.905205967824797869e-02
7.700000000000000000e+01 1.000000000000000000e+00 9.992371773681985037e-01 0.000000000000000000e+00 3.905205967824740276e-02
7.800000000000000000e+01 1.000000000000000000e+00 9.992371773682253711e-01 0.000000000000000000e+00 3.905205967824781910e-02
7.900000000000000000e+01 1.000000000000000000e+00 9.992371773682326985e-01 0.000000000000000000e+00 3.905205967824830482e-02
8.000000000000000000e+01 1.000000000000000000e+00 9.992371773682108271e-01 0.000000000000000000e+00 3.905205967824729868e-02
8.100000000000000000e+01 1.000000000000000000e+00 9.992371773682383607e-01 0.000000000000000000e+00 3.905205967824891544e-02
8.200000000000000000e+01 1.000000000000000000e+00 9.992371773682307001e-01 0.000000000000000000e+00 3.905205967824815216e-02
8.300000000000000000e+01 1.000000000000000000e+00 9.992371773682369174e-01 0.000000000000000000e+00 3.905205967824874197e-02
8.400000000000000000e+01 1.000000000000000000e+00 9.992371773681966163e-01 0.000000000000000000e+00 3.905205967824731950e-02
8.500000000000000000e+01 1.000000000000000000e+00 9.992371773681543168e-01 0.000000000000000000e+00 3.905205967824595947e-02
8.600000000000000000e+01 1.000000000000000000e+00 9.992371773682439118e-01 0.000000000000000000e+00 3.905205967824898483e-02
8.700000000000000000e+01 1.000000000000000000e+00 9.992371773682477976e-01 0.000000000000000000e+00 3.905205967824858238e-02
8.800000000000000000e+01 1.000000000000000000e+00 9.992371773682229286e-01 0.000000000000000000e+00 3.905205967824768726e-02
8.900000000000000000e+01 1.000000000000000000e+00 9.992371773682493519e-01 0.000000000000000000e+00 3.905205967824877666e-02
9.000000000000000000e+01 1.000000000000000000e+00 9.992371773682144909e-01 0.000000000000000000e+00 3.905205967824756930e-02
9.100000000000000000e+01 1.000000000000000000e+00 9.992371773682358072e-01 0.000000000000000000e+00 3.905205967824838115e-02
9.200000000000000000e+01 1.000000000000000000e+00 9.992371773682341418e-01 0.000000000000000000e+00 3.905205967824791624e-02
9.300000000000000000e+01 1.000000000000000000e+00 9.992371773682213743e-01 0.000000000000000000e+00 3.905205967824805502e-02
9.400000000000000000e+01 1.000000000000000000e+00 9.992371773682333647e-01 0.000000000000000000e+00 3.905205967824781910e-02
9.500000000000000000e+01 1.000000000000000000e+00 9.992371773682460212e-01 0.000000000000000000e+00 3.905205967824901259e-02
9.600000000000000000e+01 1.000000000000000000e+00 9.992371773681610891e-01 0.000000000000000000e+00 3.905205967824589008e-02
9.700000000000000000e+01 1.000000000000000000e+00 9.992371773682380276e-01 0.000000000000000000e+00 3.905205967824885993e-02
9.800000000000000000e+01 1.000000000000000000e+00 9.992371773682471314e-01 0.000000000000000000e+00 3.905205967824879054e-02
9.900000000000000000e+01 1.000000000000000000e+00 9.992371773682293679e-01 0.000000000000000000e+00 3.905205967824842972e-02
1.000000000000000000e+02 1.000000000000000000e+00 9.992371773682398040e-01 0.000000000000000000e+00 3.905205967824840196e-02
1.010000000000000000e+02 1.000000000000000000e+00 9.992371773682352520e-01 0.000000000000000000e+00 3.905205967824849911e-02
1.020000000000000000e+02 1.000000000000000000e+00 9.992371773681705260e-01 0.000000000000000000e+00 3.905205967824577212e-02
1.030000000000000000e+02 1.000000000000000000e+00 9.992371773682230396e-01 0.000000000000000000e+00 3.905205967824798563e-02
1.040000000000000000e+02 1.000000000000000000e+00 9.992371773681949509e-01 0.000000000000000000e+00 3.905205967824725011e-02
1.050000000000000000e+02 1.000000000000000000e+00 9.992371773682304781e-01 0.000000000000000000e+00 3.905205967824808971e-02
1.060000000000000000e+02 1.000000000000000000e+00 9.992371773682133806e-01 0.000000000000000000e+00 3.905205967824719460e-02
1.070000000000000000e+02 1.000000000000000000e+00 9.992371773682359182e-01 0.000000000000000000e+00 3.905205967824848523e-02
1.080000000000000000e+02 1.000000000000000000e+00 9.992371773682341418e-01 0.000000000000000000e+00 3.905205967824845747e-02
1.090000000000000000e+02 1.000000000000000000e+00 9.992371773682389158e-01 0.000000000000000000e+00 3.905205967824863789e-02
1.100000000000000000e+02 1.000000000000000000e+00 9.992371773682249270e-01 0.000000000000000000e+00 3.905205967824824237e-02
1.110000000000000000e+02 1.000000000000000000e+00 9.992371773681922864e-01 0.000000000000000000e+00 3.905205967824708357e-02
1.120000000000000000e+02 1.000000000000000000e+00 9.992371773682314773e-01 0.000000000000000000e+00 3.905205967824803420e-02
1.130000000000000000e+02 1.000000000000000000e+00 9.992371773681895109e-01 0.000000000000000000e+00 3.905205967824698643e-02
1.140000000000000000e+02 1.000000000000000000e+00 9.992371773682238167e-01 0.000000000000000000e+00 3.905205967824756930e-02
1.150000000000000000e+02 1.000000000000000000e+00 9.992371773682033886e-01 0.000000000000000000e+00 3.905205967824693786e-02
1.160000000000000000e+02 1.000000000000000000e+00 9.992371773682235947e-01 0.000000000000000000e+00 3.905205967824773583e-02
1.170000000000000000e+02 1.000000000000000000e+00 9.992371773682211522e-01 0.000000000000000000e+00 3.905205967824758317e-02
1.180000000000000000e+02 1.000000000000000000e+00 9.992371773682482416e-01 0.000000000000000000e+00 3.905205967824889463e-02
1.190000000000000000e+02 1.000000000000000000e+00 9.992371773682454661e-01 0.000000000000000000e+00 3.905205967824888769e-02
1.200000000000000000e+02 1.000000000000000000e+00 9.992371773682272584e-01 0.000000000000000000e+00 3.905205967824791624e-02
1.210000000000000000e+02 1.000000000000000000e+00 9.992371773682242608e-01 0.000000000000000000e+00 3.905205967824809665e-02
1.220000000000000000e+02 1.000000000000000000e+00 9.992371773682025005e-01 0.000000000000000000e+00 3.905205967824672969e-02
1.230000000000000000e+02 1.000000000000000000e+00 9.992371773681021363e-01 0.000000000000000000e+00 3.905205967824317004e-02
1.240000000000000000e+02 1.000000000000000000e+00 9.992371773682300340e-01 0.000000000000000000e+00 3.905205967824808277e-02
1.250000000000000000e+02 1.000000000000000000e+00 9.992371773682224845e-01 0.000000000000000000e+00 3.905205967824779134e-02
1.260000000000000000e+02 1.000000000000000000e+00 9.992371773682136027e-01 0.000000000000000000e+00 3.905205967824715296e-02
1.270000000000000000e+02 1.000000000000000000e+00 9.992371773682151570e-01 0.000000000000000000e+00 3.905205967824741664e-02
1.280000000000000000e+02 1.000000000000000000e+00 9.992371773682195979e-01 0.000000000000000000e+00 3.905205967824779134e-02
1.290000000000000000e+02 1.000000000000000000e+00 9.992371773681977265e-01 0.000000000000000000e+00 3.905205967824739582e-02
1.300000000000000000e+02 1.000000000000000000e+00 9.992371773682368064e-01 0.000000000000000000e+00 3.905205967824824931e-02
1.310000000000000000e+02 1.000000000000000000e+00 9.992371773681354430e-01 0.000000000000000000e+00 3.905205967824498803e-02
1.320000000000000000e+02 1.000000000000000000e+00 9.992371773682501290e-01 0.000000000000000000e+00 3.905205967824874891e-02
1.330000000000000000e+02 1.000000000000000000e+00 9.992371773682410252e-01 0.000000000000000000e+00 3.905205967824841584e-02
1.340000000000000000e+02 1.000000000000000000e+00 9.992371773682373615e-01 0.000000000000000000e+00 3.905205967824858238e-02
1.350000000000000000e+02 1.000000000000000000e+00 9.992371773682251490e-01 0.000000000000000000e+00 3.905205967824790236e-02
1.360000000000000000e+02 1.000000000000000000e+00 9.992371773681695268e-01 0.000000000000000000e+00 3.905205967824607050e-02
1.370000000000000000e+02 1.000000000000000000e+00 9.992371773681922864e-01 0.000000000000000000e+00 3.905205967824706970e-02
1.380000000000000000e+02 1.000000000000000000e+00 9.992371773679434854e-01 0.000000000000000000e+00 3.905205967823712626e-02
1.390000000000000000e+02 1.000000000000000000e+00 9.992371773680965852e-01 0.000000000000000000e+00 3.905205967824328106e-02
1.400000000000000000e+02 1.000000000000000000e+00 9.992371773682213743e-01 0.000000000000000000e+00 3.905205967824792318e-02
1.410000000000000000e+02 1.000000000000000000e+00 9.992371773682282576e-01 0.000000000000000000e+00 3.905205967824805502e-02
1.420000000000000000e+02 1.000000000000000000e+00 9.992371773682339198e-01 0.000000000000000000e+00 3.905205967824858238e-02
1.430000000000000000e+02 1.000000000000000000e+00 9.992371773682120484e-01 0.000000000000000000e+00 3.905205967824711133e-02
1.440000000000000000e+02 1.000000000000000000e+00 9.992371773682444669e-01 0.000000000000000000e+00 3.905205967824824237e-02
1.450000000000000000e+02 1.000000000000000000e+00 9.992371773682471314e-01 0.000000000000000000e+00 3.905205967824856156e-02
1.460000000000000000e+02 1.000000000000000000e+00 9.992371773682504621e-01 0.000000000000000000e+00 3.905205967824955382e-02
1.470000000000000000e+02 1.000000000000000000e+00 9.992371773682169334e-01 0.000000000000000000e+00 3.905205967824747909e-02
1.480000000000000000e+02 1.000000000000000000e+00 9.992371773682099390e-01 0.000000000000000000e+00 3.905205967824745827e-02
1.490000000000000000e+02 1.000000000000000000e+00 9.992371773681811842e-01 0.000000000000000000e+00 3.905205967824637581e-02
1.500000000000000000e+02 1.000000000000000000e+00 9.992371773682418024e-01 0.000000000000000000e+00 3.905205967824894320e-02
1.510000000000000000e+02 1.000000000000000000e+00 9.992371773682156011e-01 0.000000000000000000e+00 3.905205967824752766e-02
1.520000000000000000e+02 1.000000000000000000e+00 9.992371773682389158e-01 0.000000000000000000e+00 3.905205967824840196e-02
1.530000000000000000e+02 1.000000000000000000e+00 9.992371773682520164e-01 0.000000000000000000e+00 3.905205967824960933e-02
1.540000000000000000e+02 1.000000000000000000e+00 9.992371773682323655e-01 0.000000000000000000e+00 3.905205967824768726e-02
1.550000000000000000e+02 1.000000000000000000e+00 9.992371773682469094e-01 0.000000000000000000e+00 3.905205967824893626e-02
1.560000000000000000e+02 1.000000000000000000e+00 9.992371773682361402e-01 0.000000000000000000e+00 3.905205967824827706e-02
1.570000000000000000e+02 1.000000000000000000e+00 9.992371773682353631e-01 0.000000000000000000e+00 3.905205967824829788e-02
1.580000000000000000e+02 1.000000000000000000e+00 9.992371773682476865e-01 0.000000000000000000e+00 3.905205967824893626e-02
1.590000000000000000e+02 1.000000000000000000e+00 9.992371773682325875e-01 0.000000000000000000e+00 3.905205967824829094e-02
1.600000000000000000e+02 1.000000000000000000e+00 9.992371773681840708e-01 0.000000000000000000e+00 3.905205967824687541e-02
1.610000000000000000e+02 1.000000000000000000e+00 9.992371773681580915e-01 0.000000000000000000e+00 3.905205967824549457e-02
1.620000000000000000e+02 1.000000000000000000e+00 9.992371773680792657e-01 0.000000000000000000e+00 3.905205967824237206e-02
1.630000000000000000e+02 1.000000000000000000e+00 9.992371773682227065e-01 0.000000000000000000e+00 3.905205967824709745e-02
1.640000000000000000e+02 1.000000000000000000e+00 9.992371773682044989e-01 0.000000000000000000e+00 3.905205967824754154e-02
1.650000000000000000e+02 1.000000000000000000e+00 9.992371773682467984e-01 0.000000000000000000e+00 3.905205967824863095e-02
1.660000000000000000e+02 1.000000000000000000e+00 9.992371773682369174e-01 0.000000000000000000e+00 3.905205967824835339e-02
1.670000000000000000e+02 1.000000000000000000e+00 9.992371773682513503e-01 0.000000000000000000e+00 3.905205967824862401e-02
1.680000000000000000e+02 1.000000000000000000e+00 9.992371773682288127e-01 0.000000000000000000e+00 3.905205967824790930e-02
1.690000000000000000e+02 1.000000000000000000e+00 9.992371773682282576e-01 0.000000000000000000e+00 3.905205967824816604e-02
1.700000000000000000e+02 1.000000000000000000e+00 9.992371773682429126e-01 0.000000000000000000e+00 3.905205967824872809e-02
1.710000000000000000e+02 1.000000000000000000e+00 9.992371773681769653e-01 0.000000000000000000e+00 3.905205967824655622e-02
1.720000000000000000e+02 1.000000000000000000e+00 9.992371773681606451e-01 0.000000000000000000e+00 3.905205967824586233e-02
1.730000000000000000e+02 1.000000000000000000e+00 9.992371773681394398e-01 0.000000000000000000e+00 3.905205967824466190e-02
1.740000000000000000e+02 1.000000000000000000e+00 9.992371773682351410e-01 0.000000000000000000e+00 3.905205967824847829e-02
1.750000000000000000e+02 1.000000000000000000e+00 9.992371773682232616e-01 0.000000000000000000e+00 3.905205967824769420e-02
1.760000000000000000e+02 1.000000000000000000e+00 9.992371773682142688e-01 0.000000000000000000e+00 3.905205967824718072e-02
1.770000000000000000e+02 1.000000000000000000e+00 9.992371773682233727e-01 0.000000000000000000e+00 3.905205967824788849e-02
1.780000000000000000e+02 1.000000000000000000e+00 9.992371773682346969e-01 0.000000000000000000e+00 3.905205967824826319e-02
1.790000000000000000e+02 1.000000000000000000e+00 9.992371773682364733e-01 0.000000000000000000e+00 3.905205967824809665e-02
1.800000000000000000e+02 1.000000000000000000e+00 9.992371773681586467e-01 0.000000000000000000e+00 3.905205967824561253e-02
1.810000000000000000e+02 1.000000000000000000e+00 9.992371773682448000e-01 0.000000000000000000e+00 3.905205967824881136e-02
1.820000000000000000e+02 1.000000000000000000e+00 9.992371773682511282e-01 0.000000000000000000e+00 3.905205967824916524e-02
1.830000000000000000e+02 1.000000000000000000e+00 9.992371773682465763e-01 0.000000000000000000e+00 3.905205967824888769e-02
1.840000000000000000e+02 1.000000000000000000e+00 9.992371773682364733e-01 0.000000000000000000e+00 3.905205967824861013e-02
1.850000000000000000e+02 1.000000000000000000e+00 9.992371773682122704e-01 0.000000000000000000e+00 3.905205967824748603e-02
1.860000000000000000e+02 1.000000000000000000e+00 9.992371773682038327e-01 0.000000000000000000e+00 3.905205967824692398e-02
1.870000000000000000e+02 1.000000000000000000e+00 9.992371773682383607e-01 0.000000000000000000e+00 3.905205967824890156e-02
1.880000000000000000e+02 1.000000000000000000e+00 9.992371773682036107e-01 0.000000000000000000e+00 3.905205967824718072e-02
1.890000000000000000e+02 1.000000000000000000e+00 9.992371773682334757e-01 0.000000000000000000e+00 3.905205967824798563e-02
1.900000000000000000e+02 1.000000000000000000e+00 9.992371773682051650e-01 0.000000000000000000e+00 3.905205967824697949e-02
1.910000000000000000e+02 1.000000000000000000e+00 9.992371773682374725e-01 0.000000000000000000e+00 3.905205967824845747e-02
1.920000000000000000e+02 1.000000000000000000e+00 9.992371773682329206e-01 0.000000000000000000e+00 3.905205967824854074e-02
1.930000000000000000e+02 1.000000000000000000e+00 9.992371773681301139e-01 0.000000000000000000e+00 3.905205967824404434e-02
1.940000000000000000e+02 1.000000000000000000e+00 9.992371773681996139e-01 0.000000000000000000e+00 3.905205967824716684e-02
1.950000000000000000e+02 1.000000000000000000e+00 9.992371773681409941e-01 0.000000000000000000e+00 3.905205967824459251e-02
1.960000000000000000e+02 1.000000000000000000e+00 9.992371773682131586e-01 0.000000000000000000e+00 3.905205967824716684e-02
1.970000000000000000e+02 1.000000000000000000e+00 9.992371773682402480e-01 0.000000000000000000e+00 3.905205967824849911e-02
1.980000000000000000e+02 1.000000000000000000e+00 9.992371773681913982e-01 0.000000000000000000e+00 3.905205967824690316e-02
1.990000000000000000e+02 1.000000000000000000e+00 9.992371773682338087e-01 0.000000000000000000e+00 3.905205967824845747e-02
2.000000000000000000e+02 1.000000000000000000e+00 9.992371773682129366e-01 0.000000000000000000e+00 3.905205967824740970e-02
2.010000000000000000e+02 1.000000000000000000e+00 9.992371773682023894e-01 0.000000000000000000e+00 3.905205967824731950e-02
2.020000000000000000e+02 1.000000000000000000e+00 9.992371773682136027e-01 0.000000000000000000e+00 3.905205967824735419e-02
2.030000000000000000e+02 1.000000000000000000e+00 9.992371773682179326e-01 0.000000000000000000e+00 3.905205967824756930e-02
2.040000000000000000e+02 1.000000000000000000e+00 9.992371773682421354e-01 0.000000000000000000e+00 3.905205967824861707e-02
2.050000000000000000e+02 1.000000000000000000e+00 9.992371773682053870e-01 0.000000000000000000e+00 3.905205967824716684e-02
2.060000000000000000e+02 1.000000000000000000e+00 9.992371773682243719e-01 0.000000000000000000e+00 3.905205967824811053e-02
2.070000000000000000e+02 1.000000000000000000e+00 9.992371773681886227e-01 0.000000000000000000e+00 3.905205967824684765e-02
2.080000000000000000e+02 1.000000000000000000e+00 9.992371773678534463e-01 0.000000000000000000e+00 3.905205967823334456e-02
2.090000000000000000e+02 1.000000000000000000e+00 9.992371773681503200e-01 0.000000000000000000e+00 3.905205967824509905e-02
2.100000000000000000e+02 1.000000000000000000e+00 9.992371773682440228e-01 0.000000000000000000e+00 3.905205967824915136e-02
2.110000000000000000e+02 1.000000000000000000e+00 9.992371773682072744e-01 0.000000000000000000e+00 3.905205967824756930e-02
2.120000000000000000e+02 1.000000000000000000e+00 9.992371773682298119e-01 0.000000000000000000e+00 3.905205967824812441e-02
2.130000000000000000e+02 1.000000000000000000e+00 9.992371773682492408e-01 0.000000000000000000e+00 3.905205967824884605e-02
2.140000000000000000e+02 1.000000000000000000e+00 9.992371773682128255e-01 0.000000000000000000e+00 3.905205967824720847e-02
2.150000000000000000e+02 1.000000000000000000e+00 9.992371773681911762e-01 0.000000000000000000e+00 3.905205967824685459e-02
2.160000000000000000e+02 1.000000000000000000e+00 9.992371773682519054e-01 0.000000000000000000e+00 3.905205967824901259e-02
2.170000000000000000e+02 1.000000000000000000e+00 9.992371773682225955e-01 0.000000000000000000e+00 3.905205967824788849e-02
2.180000000000000000e+02 1.000000000000000000e+00 9.992371773681807401e-01 0.000000000000000000e+00 3.905205967824643132e-02
2.190000000000000000e+02 1.000000000000000000e+00 9.992371773681750780e-01 0.000000000000000000e+00 3.905205967824603580e-02
2.200000000000000000e+02 1.000000000000000000e+00 9.992371773682229286e-01 0.000000000000000000e+00 3.905205967824798563e-02
2.210000000000000000e+02 1.000000000000000000e+00 9.992371773681791858e-01 0.000000000000000000e+00 3.905205967824652846e-02
2.220000000000000000e+02 1.000000000000000000e+00 9.992371773682143798e-01 0.000000000000000000e+00 3.905205967824770807e-02
2.230000000000000000e+02 1.000000000000000000e+00 9.992371773681862912e-01 0.000000000000000000e+00 3.905205967824691704e-02
2.240000000000000000e+02 1.000000000000000000e+00 9.992371773681832936e-01 0.000000000000000000e+00 3.905205967824662561e-02
2.250000000000000000e+02 1.000000000000000000e+00 9.992371773682112712e-01 0.000000000000000000e+00 3.905205967824723623e-02
2.260000000000000000e+02 1.000000000000000000e+00 9.992371773682358072e-01 0.000000000000000000e+00 3.905205967824810359e-02
2.270000000000000000e+02 1.000000000000000000e+00 9.992371773682101610e-01 0.000000000000000000e+00 3.905205967824704194e-02
2.280000000000000000e+02 1.000000000000000000e+00 9.992371773682235947e-01 0.000000000000000000e+00 3.905205967824769420e-02
2.290000000000000000e+02 1.000000000000000000e+00 9.992371773681882896e-01 0.000000000000000000e+00 3.905205967824679214e-02
2.300000000000000000e+02 1.000000000000000000e+00 9.992371773681831826e-01 0.000000000000000000e+00 3.905205967824637581e-02
2.310000000000000000e+02 1.000000000000000000e+00 9.992371773682432456e-01 0.000000000000000000e+00 3.905205967824872809e-02
2.320000000000000000e+02 1.000000000000000000e+00 9.992371773682433567e-01 0.000000000000000000e+00 3.905205967824857544e-02
2.330000000000000000e+02 1.000000000000000000e+00 9.992371773682520164e-01 0.000000000000000000e+00 3.905205967824922769e-02
2.340000000000000000e+02 1.000000000000000000e+00 9.992371773681902880e-01 0.000000000000000000e+00 3.905205967824701419e-02
2.350000000000000000e+02 1.000000000000000000e+00 9.992371773682466873e-01 0.000000000000000000e+00 3.905205967824901259e-02
2.360000000000000000e+02 1.000000000000000000e+00 9.992371773682373615e-01 0.000000000000000000e+00 3.905205967824842972e-02
2.370000000000000000e+02 1.000000000000000000e+00 9.992371773682231506e-01 0.000000000000000000e+00 3.905205967824794400e-02
2.380000000000000000e+02 1.000000000000000000e+00 9.992371773682372504e-01 0.000000000000000000e+00 3.905205967824866564e-02
2.390000000000000000e+02 1.000000000000000000e+00 9.992371773681896219e-01 0.000000000000000000e+00 3.905205967824669500e-02
2.400000000000000000e+02 1.000000000000000000e+00 9.992371773681871794e-01 0.000000000000000000e+00 3.905205967824660479e-02
2.410000000000000000e+02 1.000000000000000000e+00 9.992371773680492897e-01 0.000000000000000000e+00 3.905205967824144225e-02
2.420000000000000000e+02 1.000000000000000000e+00 9.992371773682459102e-01 0.000000000000000000e+00 3.905205967824863095e-02
2.430000000000000000e+02 1.000000000000000000e+00 9.992371773682302560e-01 0.000000000000000000e+00 3.905205967824777746e-02
2.440000000000000000e+02 1.000000000000000000e+00 9.992371773682291458e-01 0.000000000000000000e+00 3.905205967824816604e-02
2.450000000000000000e+02 1.000000000000000000e+00 9.992371773682251490e-01 0.000000000000000000e+00 3.905205967824820767e-02
2.460000000000000000e+02 1.000000000000000000e+00 9.992371773682233727e-01 0.000000000000000000e+00 3.905205967824788849e-02
2.470000000000000000e+02 1.000000000000000000e+00 9.992371773682138247e-01 0.000000000000000000e+00 3.905205967824758317e-02
2.480000000000000000e+02 1.000000000000000000e+00 9.992371773682342528e-01 0.000000000000000000e+00 3.905205967824813135e-02
2.490000000000000000e+02 1.000000000000000000e+00 9.992371773681449909e-01 0.000000000000000000e+00 3.905205967824458557e-02
2.500000000000000000e+02 1.000000000000000000e+00 9.992371773681602010e-01 0.000000000000000000e+00 3.905205967824551538e-02
2.510000000000000000e+02 1.000000000000000000e+00 9.992371773681987257e-01 0.000000000000000000e+00 3.905205967824733337e-02
2.520000000000000000e+02 1.000000000000000000e+00 9.992371773681318903e-01 0.000000000000000000e+00 3.905205967824484925e-02
2.530000000000000000e+02 1.000000000000000000e+00 9.992371773682484637e-01 0.000000000000000000e+00 3.905205967824853380e-02
2.540000000000000000e+02 1.000000000000000000e+00 9.992371773681804070e-01 0.000000000000000000e+00 3.905205967824618846e-02
2.550000000000000000e+02 1.000000000000000000e+00 9.992371773681753000e-01 0.000000000000000000e+00 3.905205967824636193e-02
2.560000000000000000e+02 1.000000000000000000e+00 9.992371773682129366e-01 0.000000000000000000e+00 3.905205967824706970e-02
2.570000000000000000e+02 1.000000000000000000e+00 9.992371773681484326e-01 0.000000000000000000e+00 3.905205967824507129e-02
2.580000000000000000e+02 1.000000000000000000e+00 9.992371773682365843e-01 0.000000000000000000e+00 3.905205967824838115e-02
2.590000000000000000e+02 1.000000000000000000e+00 9.992371773682416913e-01 0.000000000000000000e+00 3.905205967824865176e-02
2.600000000000000000e+02 1.000000000000000000e+00 9.992371773682365843e-01 0.000000000000000000e+00 3.905205967824812441e-02
2.610000000000000000e+02 1.000000000000000000e+00 9.992371773682382496e-01 0.000000000000000000e+00 3.905205967824833257e-02
2.620000000000000000e+02 1.000000000000000000e+00 9.992371773681933966e-01 0.000000000000000000e+00 3.905205967824651458e-02
2.630000000000000000e+02 1.000000000000000000e+00 9.992371773680943647e-01 0.000000000000000000e+00 3.905205967824285085e-02
2.640000000000000000e+02 1.000000000000000000e+00 9.992371773682242608e-01 0.000000000000000000e+00 3.905205967824773583e-02
2.650000000000000000e+02 1.000000000000000000e+00 9.992371773680741587e-01 0.000000000000000000e+00 3.905205967824199736e-02
2.660000000000000000e+02 1.000000000000000000e+00 9.992371773681931746e-01 0.000000000000000000e+00 3.905205967824690316e-02
2.670000000000000000e+02 1.000000000000000000e+00 9.992371773681927305e-01 0.000000000000000000e+00 3.905205967824711133e-02
2.680000000000000000e+02 1.000000000000000000e+00 9.992371773680217562e-01 0.000000000000000000e+00 3.905205967824011692e-02
2.690000000000000000e+02 1.000000000000000000e+00 9.992371773682415803e-01 0.000000000000000000e+00 3.905205967824847135e-02
2.700000000000000000e+02 1.000000000000000000e+00 9.992371773682173774e-01 0.000000000000000000e+00 3.905205967824758317e-02
2.710000000000000000e+02 1.000000000000000000e+00 9.992371773682244829e-01 0.000000000000000000e+00 3.905205967824759011e-02
2.720000000000000000e+02 1.000000000000000000e+00 9.992371773682210412e-01 0.000000000000000000e+00 3.905205967824778440e-02
2.730000000000000000e+02 1.000000000000000000e+00 9.992371773682013902e-01 0.000000000000000000e+00 3.905205967824733337e-02
2.740000000000000000e+02 1.000000000000000000e+00 9.992371773682182656e-01 0.000000000000000000e+00 3.905205967824781910e-02
2.750000000000000000e+02 1.000000000000000000e+00 9.992371773681385516e-01 0.000000000000000000e+00 3.905205967824469659e-02
2.760000000000000000e+02 1.000000000000000000e+00 9.992371773682311442e-01 0.000000000000000000e+00 3.905205967824805502e-02
2.770000000000000000e+02 1.000000000000000000e+00 9.992371773682076075e-01 0.000000000000000000e+00 3.905205967824712521e-02
2.780000000000000000e+02 1.000000000000000000e+00 9.992371773682379166e-01 0.000000000000000000e+00 3.905205967824845747e-02
2.790000000000000000e+02 1.000000000000000000e+00 9.992371773682022784e-01 0.000000000000000000e+00 3.905205967824705582e-02
2.800000000000000000e+02 1.000000000000000000e+00 9.992371773682213743e-01 0.000000000000000000e+00 3.905205967824779828e-02
2.810000000000000000e+02 1.000000000000000000e+00 9.992371773681582026e-01 0.000000000000000000e+00 3.905205967824537661e-02
2.820000000000000000e+02 1.000000000000000000e+00 9.992371773679568081e-01 0.000000000000000000e+00 3.905205967823734137e-02
2.830000000000000000e+02 1.000000000000000000e+00 9.992371773681660851e-01 0.000000000000000000e+00 3.905205967824568192e-02
2.840000000000000000e+02 1.000000000000000000e+00 9.992371773681882896e-01 0.000000000000000000e+00 3.905205967824697255e-02
2.850000000000000000e+02 1.000000000000000000e+00 9.992371773682326985e-01 0.000000000000000000e+00 3.905205967824815216e-02
2.860000000000000000e+02 1.000000000000000000e+00 9.992371773681928415e-01 0.000000000000000000e+00 3.905205967824670887e-02
2.870000000000000000e+02 1.000000000000000000e+00 9.992371773682153790e-01 0.000000000000000000e+00 3.905205967824751379e-02
2.880000000000000000e+02 1.000000000000000000e+00 9.992371773682362512e-01 0.000000000000000000e+00 3.905205967824784685e-02
2.890000000000000000e+02 1.000000000000000000e+00 9.992371773682143798e-01 0.000000000000000000e+00 3.905205967824760399e-02
2.900000000000000000e+02 1.000000000000000000e+00 9.992371773681774094e-01 0.000000000000000000e+00 3.905205967824622315e-02
2.910000000000000000e+02 1.000000000000000000e+00 9.992371773681892888e-01 0.000000000000000000e+00 3.905205967824657010e-02
2.920000000000000000e+02 1.000000000000000000e+00 9.992371773682242608e-01 0.000000000000000000e+00 3.905205967824797869e-02
2.930000000000000000e+02 1.000000000000000000e+00 9.992371773682413583e-01 0.000000000000000000e+00 3.905205967824855462e-02
2.940000000000000000e+02 1.000000000000000000e+00 9.992371773679381564e-01 0.000000000000000000e+00 3.905205967823680013e-02
2.950000000000000000e+02 1.000000000000000000e+00 9.992371773681985037e-01 0.000000000000000000e+00 3.905205967824672275e-02
2.960000000000000000e+02 1.000000000000000000e+00 9.992371773681543168e-01 0.000000000000000000e+00 3.905205967824548763e-02
2.970000000000000000e+02 1.000000000000000000e+00 9.992371773682326985e-01 0.000000000000000000e+00 3.905205967824776359e-02
2.980000000000000000e+02 1.000000000000000000e+00 9.992371773682404701e-01 0.000000000000000000e+00 3.905205967824865176e-02
2.990000000000000000e+02 1.000000000000000000e+00 9.992371773681454350e-01 0.000000000000000000e+00 3.905205967824490476e-02
3.000000000000000000e+02 1.000000000000000000e+00 9.992371773682109382e-01 0.000000000000000000e+00 3.905205967824757624e-02
3.010000000000000000e+02 1.000000000000000000e+00 9.992371773680455149e-01 0.000000000000000000e+00 3.905205967824107449e-02
3.020000000000000000e+02 1.000000000000000000e+00 9.992371773681603120e-01 0.000000000000000000e+00 3.905205967824539742e-02
3.030000000000000000e+02 1.000000000000000000e+00 9.992371773682063862e-01 0.000000000000000000e+00 3.905205967824729174e-02
3.040000000000000000e+02 1.000000000000000000e+00 9.992371773681008040e-01 0.000000000000000000e+00 3.905205967824296187e-02
3.050000000000000000e+02 1.000000000000000000e+00 9.992371773681829605e-01 0.000000000000000000e+00 3.905205967824634111e-02
3.060000000000000000e+02 1.000000000000000000e+00 9.992371773681847369e-01 0.000000000000000000e+00 3.905205967824641744e-02
3.070000000000000000e+02 1.000000000000000000e+00 9.992371773682262592e-01 0.000000000000000000e+00 3.905205967824782604e-02
3.080000000000000000e+02 1.000000000000000000e+00 9.992371773681829605e-01 0.000000000000000000e+00 3.905205967824687541e-02
3.090000000000000000e+02 1.000000000000000000e+00 9.992371773682235947e-01 0.000000000000000000e+00 3.905205967824786073e-02
3.100000000000000000e+02 1.000000000000000000e+00 9.992371773682251490e-01 0.000000000000000000e+00 3.905205967824766644e-02
3.110000000000000000e+02 1.000000000000000000e+00 9.992371773682210412e-01 0.000000000000000000e+00 3.905205967824768726e-02
3.120000000000000000e+02 1.000000000000000000e+00 9.992371773682362512e-01 0.000000000000000000e+00 3.905205967824827706e-02
3.130000000000000000e+02 1.000000000000000000e+00 9.992371773681755220e-01 0.000000000000000000e+00 3.905205967824622315e-02
3.140000000000000000e+02 1.000000000000000000e+00 9.992371773682093838e-01 0.000000000000000000e+00 3.905205967824736113e-02
3.150000000000000000e+02 1.000000000000000000e+00 9.992371773681838487e-01 0.000000000000000000e+00 3.905205967824632723e-02
3.160000000000000000e+02 1.000000000000000000e+00 9.992371773682362512e-01 0.000000000000000000e+00 3.905205967824845747e-02
3.170000000000000000e+02 1.000000000000000000e+00 9.992371773682191538e-01 0.000000000000000000e+00 3.905205967824771501e-02
3.180000000000000000e+02 1.000000000000000000e+00 9.992371773682398040e-01 0.000000000000000000e+00 3.905205967824822155e-02
3.190000000000000000e+02 1.000000000000000000e+00 9.992371773682464653e-01 0.000000000000000000e+00 3.905205967824909585e-02
3.200000000000000000e+02 1.000000000000000000e+00 9.992371773682373615e-01 0.000000000000000000e+00 3.905205967824831176e-02
3.210000000000000000e+02 1.000000000000000000e+00 9.992371773682258151e-01 0.000000000000000000e+00 3.905205967824788849e-02
3.220000000000000000e+02 1.000000000000000000e+00 9.992371773681381075e-01 0.000000000000000000e+00 3.905205967824450924e-02
3.230000000000000000e+02 1.000000000000000000e+00 9.992371773682339198e-01 0.000000000000000000e+00 3.905205967824823543e-02
3.240000000000000000e+02 1.000000000000000000e+00 9.992371773682224845e-01 0.000000000000000000e+00 3.905205967824788849e-02
3.250000000000000000e+02 1.000000000000000000e+00 9.992371773682205971e-01 0.000000000000000000e+00 3.905205967824765256e-02
3.260000000000000000e+02 1.000000000000000000e+00 9.992371773676910207e-01 0.000000000000000000e+00 3.905205967822691915e-02
3.270000000000000000e+02 1.000000000000000000e+00 9.992371773682395819e-01 0.000000000000000000e+00 3.905205967824851299e-02
3.280000000000000000e+02 1.000000000000000000e+00 9.992371773682173774e-01 0.000000000000000000e+00 3.905205967824745827e-02
3.290000000000000000e+02 1.000000000000000000e+00 9.992371773682019453e-01 0.000000000000000000e+00 3.905205967824717378e-02
3.300000000000000000e+02 1.000000000000000000e+00 9.992371773682344749e-01 0.000000000000000000e+00 3.905205967824818686e-02
3.310000000000000000e+02 1.000000000000000000e+00 9.992371773682307001e-01 0.000000000000000000e+00 3.905205967824802726e-02
3.320000000000000000e+02 1.000000000000000000e+00 9.992371773682486857e-01 0.000000000000000000e+00 3.905205967824860319e-02
3.330000000000000000e+02 1.000000000000000000e+00 9.992371773682324765e-01 0.000000000000000000e+00 3.905205967824827706e-02
3.340000000000000000e+02 1.000000000000000000e+00 9.992371773681147928e-01 0.000000000000000000e+00 3.905205967824384311e-02
3.350000000000000000e+02 1.000000000000000000e+00 9.992371773681663072e-01 0.000000000000000000e+00 3.905205967824586233e-02
3.360000000000000000e+02 1.000000000000000000e+00 9.992371773680832625e-01 0.000000000000000000e+00 3.905205967824266350e-02
3.370000000000000000e+02 1.000000000000000000e+00 9.992371773680008840e-01 0.000000000000000000e+00 3.905205967823961039e-02
3.380000000000000000e+02 1.000000000000000000e+00 9.992371773681514302e-01 0.000000000000000000e+00 3.905205967824541824e-02
3.390000000000000000e+02 1.000000000000000000e+00 9.992371773682127145e-01 0.000000000000000000e+00 3.905205967824765256e-02
3.400000000000000000e+02 1.000000000000000000e+00 9.992371773682269254e-01 0.000000000000000000e+00 3.905205967824768032e-02
3.410000000000000000e+02 1.000000000000000000e+00 9.992371773682433567e-01 0.000000000000000000e+00 3.905205967824870728e-02
3.420000000000000000e+02 1.000000000000000000e+00 9.992371773681634206e-01 0.000000000000000000e+00 3.905205967824601498e-02
3.430000000000000000e+02 1.000000000000000000e+00 9.992371773681182345e-01 0.000000000000000000e+00 3.905205967824369739e-02
3.440000000000000000e+02 1.000000000000000000e+00 9.992371773682233727e-01 0.000000000000000000e+00 3.905205967824763175e-02
3.450000000000000000e+02 1.000000000000000000e+00 9.992371773682255931e-01 0.000000000000000000e+00 3.905205967824768726e-02
3.460000000000000000e+02 1.000000000000000000e+00 9.992371773679982194e-01 0.000000000000000000e+00 3.905205967823915936e-02
3.470000000000000000e+02 1.000000000000000000e+00 9.992371773682368064e-01 0.000000000000000000e+00 3.905205967824837421e-02
3.480000000000000000e+02 1.000000000000000000e+00 9.992371773682110492e-01 0.000000000000000000e+00 3.905205967824805502e-02
3.490000000000000000e+02 1.000000000000000000e+00 9.992371773682136027e-01 0.000000000000000000e+00 3.905205967824781910e-02
3.500000000000000000e+02 1.000000000000000000e+00 9.992371773681043567e-01 0.000000000000000000e+00 3.905205967824323943e-02
3.510000000000000000e+02 1.000000000000000000e+00 9.992371773681409941e-01 0.000000000000000000e+00 3.905205967824462721e-02
3.520000000000000000e+02 1.000000000000000000e+00 9.992371773682142688e-01 0.000000000000000000e+00 3.905205967824731256e-02
3.530000000000000000e+02 1.000000000000000000e+00 9.992371773682438008e-01 0.000000000000000000e+00 3.905205967824849911e-02
3.540000000000000000e+02 1.000000000000000000e+00 9.992371773681880676e-01 0.000000000000000000e+00 3.905205967824670887e-02
3.550000000000000000e+02 1.000000000000000000e+00 9.992371773682316993e-01 0.000000000000000000e+00 3.905205967824797175e-02
3.560000000000000000e+02 1.000000000000000000e+00 9.992371773682298119e-01 0.000000000000000000e+00 3.905205967824781216e-02
3.570000000000000000e+02 1.000000000000000000e+00 9.992371773681435476e-01 0.000000000000000000e+00 3.905205967824453700e-02
3.580000000000000000e+02 1.000000000000000000e+00 9.992371773682278135e-01 0.000000000000000000e+00 3.905205967824793706e-02
3.590000000000000000e+02 1.000000000000000000e+00 9.992371773680914782e-01 0.000000000000000000e+00 3.905205967824296187e-02
3.600000000000000000e+02 1.000000000000000000e+00 9.992371773682078295e-01 0.000000000000000000e+00 3.905205967824725011e-02
3.610000000000000000e+02 1.000000000000000000e+00 9.992371773679303848e-01 0.000000000000000000e+00 3.905205967823666136e-02
3.620000000000000000e+02 1.000000000000000000e+00 9.992371773681876235e-01 0.000000000000000000e+00 3.905205967824652846e-02
3.630000000000000000e+02 1.000000000000000000e+00 9.992371773678684344e-01 0.000000000000000000e+00 3.905205967823452418e-02
3.640000000000000000e+02 1.000000000000000000e+00 9.992371773680438496e-01 0.000000000000000000e+00 3.905205967824128266e-02
3.650000000000000000e+02 1.000000000000000000e+00 9.992371773682253711e-01 0.000000000000000000e+00 3.905205967824760399e-02
3.660000000000000000e+02 1.000000000000000000e+00 9.992371773682171554e-01 0.000000000000000000e+00 3.905205967824736113e-02
3.670000000000000000e+02 1.000000000000000000e+00 9.992371773682287017e-01 0.000000000000000000e+00 3.905205967824806890e-02
3.680000000000000000e+02 1.000000000000000000e+00 9.992371773681719693e-01 0.000000000000000000e+00 3.905205967824586233e-02
3.690000000000000000e+02 1.000000000000000000e+00 9.992371773682335867e-01 0.000000000000000000e+00 3.905205967824809665e-02
3.700000000000000000e+02 1.000000000000000000e+00 9.992371773681310021e-01 0.000000000000000000e+00 3.905205967824446067e-02
3.710000000000000000e+02 1.000000000000000000e+00 9.992371773681685276e-01 0.000000000000000000e+00 3.905205967824609131e-02
3.720000000000000000e+02 1.000000000000000000e+00 9.992371773682171554e-01 0.000000000000000000e+00 3.905205967824754154e-02
3.730000000000000000e+02 1.000000000000000000e+00 9.992371773681283376e-01 0.000000000000000000e+00 3.905205967824412761e-02
3.740000000000000000e+02 1.000000000000000000e+00 9.992371773681921754e-01 0.000000000000000000e+00 3.905205967824658397e-02
3.750000000000000000e+02 1.000000000000000000e+00 9.992371773681665292e-01 0.000000000000000000e+00 3.905205967824587621e-02
3.760000000000000000e+02 1.000000000000000000e+00 9.992371773682255931e-01 0.000000000000000000e+00 3.905205967824767338e-02
3.770000000000000000e+02 1.000000000000000000e+00 9.992371773682436897e-01 0.000000000000000000e+00 3.905205967824864483e-02
3.780000000000000000e+02 1.000000000000000000e+00 9.992371773682200420e-01 0.000000000000000000e+00 3.905205967824791624e-02
3.790000000000000000e+02 1.000000000000000000e+00 9.992371773682200420e-01 0.000000000000000000e+00 3.905205967824731950e-02
3.800000000000000000e+02 1.000000000000000000e+00 9.992371773681376634e-01 0.000000000000000000e+00 3.905205967824455782e-02
3.810000000000000000e+02 1.000000000000000000e+00 9.992371773681623104e-01 0.000000000000000000e+00 3.905205967824573743e-02
3.820000000000000000e+02 1.000000000000000000e+00 9.992371773682118263e-01 0.000000000000000000e+00 3.905205967824756930e-02
3.830000000000000000e+02 1.000000000000000000e+00 9.992371773682059422e-01 0.000000000000000000e+00 3.905205967824700725e-02
3.840000000000000000e+02 1.000000000000000000e+00 9.992371773681791858e-01 0.000000000000000000e+00 3.905205967824628560e-02
3.850000000000000000e+02 1.000000000000000000e+00 9.992371773679166180e-01 0.000000000000000000e+00 3.905205967823639074e-02
3.860000000000000000e+02 1.000000000000000000e+00 9.992371773681788527e-01 0.000000000000000000e+00 3.905205967824665336e-02
3.870000000000000000e+02 1.000000000000000000e+00 9.992371773682061642e-01 0.000000000000000000e+00 3.905205967824736807e-02
3.880000000000000000e+02 1.000000000000000000e+00 9.992371773681639757e-01 0.000000000000000000e+00 3.905205967824573743e-02
3.890000000000000000e+02 1.000000000000000000e+00 9.992371773682204861e-01 0.000000000000000000e+00 3.905205967824770807e-02
3.900000000000000000e+02 1.000000000000000000e+00 9.992371773682034997e-01 0.000000000000000000e+00 3.905205967824695867e-02
3.910000000000000000e+02 1.000000000000000000e+00 9.992371773682156011e-01 0.000000000000000000e+00 3.905205967824726399e-02
3.920000000000000000e+02 1.000000000000000000e+00 9.992371773682238167e-01 0.000000000000000000e+00 3.905205967824755542e-02
3.930000000000000000e+02 1.000000000000000000e+00 9.992371773682259262e-01 0.000000000000000000e+00 3.905205967824761093e-02
3.940000000000000000e+02 1.000000000000000000e+00 9.992371773682213743e-01 0.000000000000000000e+00 3.905205967824754154e-02
3.950000000000000000e+02 1.000000000000000000e+00 9.992371773682231506e-01 0.000000000000000000e+00 3.905205967824777052e-02
3.960000000000000000e+02 1.000000000000000000e+00 9.992371773682418024e-01 0.000000000000000000e+00 3.905205967824861013e-02
3.970000000000000000e+02 1.000000000000000000e+00 9.992371773681641978e-01 0.000000000000000000e+00 3.905205967824562641e-02
3.980000000000000000e+02 1.000000000000000000e+00 9.992371773681604230e-01 0.000000000000000000e+00 3.905205967824596641e-02
3.990000000000000000e+02 1.000000000000000000e+00 9.992371773682090508e-01 0.000000000000000000e+00 3.905205967824758317e-02
4.000000000000000000e+02 1.000000000000000000e+00 9.992371773682270364e-01 0.000000000000000000e+00 3.905205967824776359e-02
4.010000000000000000e+02 1.000000000000000000e+00 9.992371773682211522e-01 0.000000000000000000e+00 3.905205967824790930e-02
4.020000000000000000e+02 1.000000000000000000e+00 9.992371773678377922e-01 0.000000000000000000e+00 3.905205967823332375e-02
4.030000000000000000e+02 1.000000000000000000e+00 9.992371773682182656e-01 0.000000000000000000e+00 3.905205967824758317e-02
4.040000000000000000e+02 1.000000000000000000e+00 9.992371773682044989e-01 0.000000000000000000e+00 3.905205967824702806e-02
4.050000000000000000e+02 1.000000000000000000e+00 9.992371773681175684e-01 0.000000000000000000e+00 3.905205967824387780e-02
4.060000000000000000e+02 1.000000000000000000e+00 9.992371773682069414e-01 0.000000000000000000e+00 3.905205967824751379e-02
4.070000000000000000e+02 1.000000000000000000e+00 9.992371773681983926e-01 0.000000000000000000e+00 3.905205967824673663e-02
4.080000000000000000e+02 1.000000000000000000e+00 9.992371773664244783e-01 0.000000000000000000e+00 3.905205967817765300e-02
4.090000000000000000e+02 1.000000000000000000e+00 9.992371773682221514e-01 0.000000000000000000e+00 3.905205967824750685e-02
4.100000000000000000e+02 1.000000000000000000e+00 9.992371773682358072e-01 0.000000000000000000e+00 3.905205967824833257e-02
4.110000000000000000e+02 1.000000000000000000e+00 9.992371773681962832e-01 0.000000000000000000e+00 3.905205967824655622e-02
4.120000000000000000e+02 1.000000000000000000e+00 9.992371773681902880e-01 0.000000000000000000e+00 3.905205967824665336e-02
4.130000000000000000e+02 1.000000000000000000e+00 9.992371773681170133e-01 0.000000000000000000e+00 3.905205967824350310e-02
4.140000000000000000e+02 1.000000000000000000e+00 9.992371773682298119e-01 0.000000000000000000e+00 3.905205967824836727e-02
4.150000000000000000e+02 1.000000000000000000e+00 9.992371773680909230e-01 0.000000000000000000e+00 3.905205967824289248e-02
4.160000000000000000e+02 1.000000000000000000e+00 9.992371773681887337e-01 0.000000000000000000e+00 3.905205967824659091e-02
4.170000000000000000e+02 1.000000000000000000e+00 9.992371773681936187e-01 0.000000000000000000e+00 3.905205967824673663e-02
4.180000000000000000e+02 1.000000000000000000e+00 9.992371773681683056e-01 0.000000000000000000e+00 3.905205967824570967e-02
4.190000000000000000e+02 1.000000000000000000e+00 9.992371773680721603e-01 0.000000000000000000e+00 3.905205967824196961e-02
4.200000000000000000e+02 1.000000000000000000e+00 9.992371773681114622e-01 0.000000000000000000e+00 3.905205967824355168e-02
4.210000000000000000e+02 1.000000000000000000e+00 9.992371773681243408e-01 0.000000000000000000e+00 3.905205967824407209e-02
4.220000000000000000e+02 1.000000000000000000e+00 9.992371773681987257e-01 0.000000000000000000e+00 3.905205967824715296e-02
4.230000000000000000e+02 1.000000000000000000e+00 9.992371773681993918e-01 0.000000000000000000e+00 3.905205967824677826e-02
4.240000000000000000e+02 1.000000000000000000e+00 9.992371773681696379e-01 0.000000000000000000e+00 3.905205967824598723e-02
4.250000000000000000e+02 1.000000000000000000e+00 9.992371773682069414e-01 0.000000000000000000e+00 3.905205967824727092e-02
4.260000000000000000e+02 1.000000000000000000e+00 9.992371773682078295e-01 0.000000000000000000e+00 3.905205967824733337e-02
4.270000000000000000e+02 1.000000000000000000e+00 9.992371773682389158e-01 0.000000000000000000e+00 3.905205967824838809e-02
4.280000000000000000e+02 1.000000000000000000e+00 9.992371773682046099e-01 0.000000000000000000e+00 3.905205967824721541e-02
4.290000000000000000e+02 1.000000000000000000e+00 9.992371773682410252e-01 0.000000000000000000e+00 3.905205967824815216e-02
4.300000000000000000e+02 1.000000000000000000e+00 9.992371773679304958e-01 0.000000000000000000e+00 3.905205967823652258e-02
4.310000000000000000e+02 1.000000000000000000e+00 9.992371773682262592e-01 0.000000000000000000e+00 3.905205967824826319e-02
4.320000000000000000e+02 1.000000000000000000e+00 9.992371773681723024e-01 0.000000000000000000e+00 3.905205967824601498e-02
4.330000000000000000e+02 1.000000000000000000e+00 9.992371773680952529e-01 0.000000000000000000e+00 3.905205967824307289e-02
4.340000000000000000e+02 1.000000000000000000e+00 9.992371773682353631e-01 0.000000000000000000e+00 3.905205967824818686e-02
4.350000000000000000e+02 1.000000000000000000e+00 9.992371773682291458e-01 0.000000000000000000e+00 3.905205967824802726e-02
4.360000000000000000e+02 1.000000000000000000e+00 9.992371773681805180e-01 0.000000000000000000e+00 3.905205967824616764e-02
4.370000000000000000e+02 1.000000000000000000e+00 9.992371773682143798e-01 0.000000000000000000e+00 3.905205967824740276e-02
4.380000000000000000e+02 1.000000000000000000e+00 9.992371773680998048e-01 0.000000000000000000e+00 3.905205967824328106e-02
4.390000000000000000e+02 1.000000000000000000e+00 9.992371773681449909e-01 0.000000000000000000e+00 3.905205967824469659e-02
4.400000000000000000e+02 1.000000000000000000e+00 9.992371773681106850e-01 0.000000000000000000e+00 3.905205967824329494e-02
4.410000000000000000e+02 1.000000000000000000e+00 9.992371773682088287e-01 0.000000000000000000e+00 3.905205967824763869e-02
4.420000000000000000e+02 1.000000000000000000e+00 9.992371773681560931e-01 0.000000000000000000e+00 3.905205967824550151e-02
4.430000000000000000e+02 1.000000000000000000e+00 9.992371773681884006e-01 0.000000000000000000e+00 3.905205967824671581e-02
4.440000000000000000e+02 1.000000000000000000e+00 9.992371773681244518e-01 0.000000000000000000e+00 3.905205967824380842e-02
4.450000000000000000e+02 1.000000000000000000e+00 9.992371773681705260e-01 0.000000000000000000e+00 3.905205967824638968e-02
4.460000000000000000e+02 1.000000000000000000e+00 9.992371773681387737e-01 0.000000000000000000e+00 3.905205967824421087e-02
4.470000000000000000e+02 1.000000000000000000e+00 9.992371773681802960e-01 0.000000000000000000e+00 3.905205967824640356e-02
4.480000000000000000e+02 1.000000000000000000e+00 9.992371773681444358e-01 0.000000000000000000e+00 3.905205967824489088e-02
4.490000000000000000e+02 1.000000000000000000e+00 9.992371773681554270e-01 0.000000000000000000e+00 3.905205967824530722e-02
4.500000000000000000e+02 1.000000000000000000e+00 9.992371773681254510e-01 0.000000000000000000e+00 3.905205967824400271e-02
4.510000000000000000e+02 1.000000000000000000e+00 9.992371773682032776e-01 0.000000000000000000e+00 3.905205967824699337e-02
4.520000000000000000e+02 1.000000000000000000e+00 9.992371773681273384e-01 0.000000000000000000e+00 3.905205967824430108e-02
4.530000000000000000e+02 1.000000000000000000e+00 9.992371773682120484e-01 0.000000000000000000e+00 3.905205967824747215e-02
4.540000000000000000e+02 1.000000000000000000e+00 9.992371773681194558e-01 0.000000000000000000e+00 3.905205967824401658e-02
4.550000000000000000e+02 1.000000000000000000e+00 9.992371773681851810e-01 0.000000000000000000e+00 3.905205967824647295e-02
4.560000000000000000e+02 1.000000000000000000e+00 9.992371773681657521e-01 0.000000000000000000e+00 3.905205967824562641e-02
4.570000000000000000e+02 1.000000000000000000e+00 9.992371773682126035e-01 0.000000000000000000e+00 3.905205967824747215e-02
4.580000000000000000e+02 1.000000000000000000e+00 9.992371773678532243e-01 0.000000000000000000e+00 3.905205967823366375e-02
4.590000000000000000e+02 1.000000000000000000e+00 9.992371773680766012e-01 0.000000000000000000e+00 3.905205967824233043e-02
4.600000000000000000e+02 1.000000000000000000e+00 9.992371773681699709e-01 0.000000000000000000e+00 3.905205967824579294e-02
4.610000000000000000e+02 1.000000000000000000e+00 9.992371773681693048e-01 0.000000000000000000e+00 3.905205967824609131e-02
4.620000000000000000e+02 1.000000000000000000e+00 9.992371773681619773e-01 0.000000000000000000e+00 3.905205967824582763e-02
4.630000000000000000e+02 1.000000000000000000e+00 9.992371773680860381e-01 0.000000000000000000e+00 3.905205967824289942e-02
4.640000000000000000e+02 1.000000000000000000e+00 9.992371773681960612e-01 0.000000000000000000e+00 3.905205967824695867e-02
4.650000000000000000e+02 1.000000000000000000e+00 9.992371773681982816e-01 0.000000000000000000e+00 3.905205967824656316e-02
4.660000000000000000e+02 1.000000000000000000e+00 9.992371773682363623e-01 0.000000000000000000e+00 3.905205967824822155e-02
4.670000000000000000e+02 1.000000000000000000e+00 9.992371773682030556e-01 0.000000000000000000e+00 3.905205967824731256e-02
4.680000000000000000e+02 1.000000000000000000e+00 9.992371773681858471e-01 0.000000000000000000e+00 3.905205967824640356e-02
4.690000000000000000e+02 1.000000000000000000e+00 9.992371773680275293e-01 0.000000000000000000e+00 3.905205967824031121e-02
4.700000000000000000e+02 1.000000000000000000e+00 9.992371773681114622e-01 0.000000000000000000e+00 3.905205967824366964e-02
4.710000000000000000e+02 1.000000000000000000e+00 9.992371773682120484e-01 0.000000000000000000e+00 3.905205967824780522e-02
4.720000000000000000e+02 1.000000000000000000e+00 9.992371773681637537e-01 0.000000000000000000e+00 3.905205967824574437e-02
4.730000000000000000e+02 1.000000000000000000e+00 9.992371773682122704e-01 0.000000000000000000e+00 3.905205967824738195e-02
4.740000000000000000e+02 1.000000000000000000e+00 9.992371773682322544e-01 0.000000000000000000e+00 3.905205967824820767e-02
4.750000000000000000e+02 1.000000000000000000e+00 9.992371773682353631e-01 0.000000000000000000e+00 3.905205967824809665e-02
4.760000000000000000e+02 1.000000000000000000e+00 9.992371773681112401e-01 0.000000000000000000e+00 3.905205967824396107e-02
4.770000000000000000e+02 1.000000000000000000e+00 9.992371773681216762e-01 0.000000000000000000e+00 3.905205967824385005e-02
4.780000000000000000e+02 1.000000000000000000e+00 9.992371773682227065e-01 0.000000000000000000e+00 3.905205967824772195e-02
4.790000000000000000e+02 1.000000000000000000e+00 9.992371773682240388e-01 0.000000000000000000e+00 3.905205967824795787e-02
4.800000000000000000e+02 1.000000000000000000e+00 9.992371773680379654e-01 0.000000000000000000e+00 3.905205967824085245e-02
4.810000000000000000e+02 1.000000000000000000e+00 9.992371773681805180e-01 0.000000000000000000e+00 3.905205967824667418e-02
4.820000000000000000e+02 1.000000000000000000e+00 9.992371773682044989e-01 0.000000000000000000e+00 3.905205967824693092e-02
4.830000000000000000e+02 1.000000000000000000e+00 9.992371773681549829e-01 0.000000000000000000e+00 3.905205967824529334e-02
4.840000000000000000e+02 1.000000000000000000e+00 9.992371773681802960e-01 0.000000000000000000e+00 3.905205967824623009e-02
4.850000000000000000e+02 1.000000000000000000e+00 9.992371773682123814e-01 0.000000000000000000e+00 3.905205967824719460e-02
4.860000000000000000e+02 1.000000000000000000e+00 9.992371773682147129e-01 0.000000000000000000e+00 3.905205967824736113e-02
4.870000000000000000e+02 1.000000000000000000e+00 9.992371773682287017e-01 0.000000000000000000e+00 3.905205967824793012e-02
4.880000000000000000e+02 1.000000000000000000e+00 9.992371773664339152e-01 0.000000000000000000e+00 3.905205967817826362e-02
4.890000000000000000e+02 1.000000000000000000e+00 9.992371773679733504e-01 0.000000000000000000e+00 3.905205967823835445e-02
4.900000000000000000e+02 1.000000000000000000e+00 9.992371773680500668e-01 0.000000000000000000e+00 3.905205967824140756e-02
4.910000000000000000e+02 1.000000000000000000e+00 9.992371773679276092e-01 0.000000000000000000e+00 3.905205967823634217e-02
4.920000000000000000e+02 1.000000000000000000e+00 9.992371773680728264e-01 0.000000000000000000e+00 3.905205967824212920e-02
4.930000000000000000e+02 1.000000000000000000e+00 9.992371773681580915e-01 0.000000000000000000e+00 3.905205967824518926e-02
4.940000000000000000e+02 1.000000000000000000e+00 9.992371773679555869e-01 0.000000000000000000e+00 3.905205967823766056e-02
4.950000000000000000e+02 1.000000000000000000e+00 9.992371773681165692e-01 0.000000000000000000e+00 3.905205967824373903e-02
4.960000000000000000e+02 1.000000000000000000e+00 9.992371773682104941e-01 0.000000000000000000e+00 3.905205967824710439e-02
4.970000000000000000e+02 1.000000000000000000e+00 9.992371773681902880e-01 0.000000000000000000e+00 3.905205967824674357e-02
4.980000000000000000e+02 1.000000000000000000e+00 9.992371773680202018e-01 0.000000000000000000e+00 3.905205967824057489e-02
4.990000000000000000e+02 1.000000000000000000e+00 9.992371773682067193e-01 0.000000000000000000e+00 3.905205967824713909e-02
5.000000000000000000e+02 1.000000000000000000e+00 9.992371773678544455e-01 0.000000000000000000e+00 3.905205967823358049e-02
5.010000000000000000e+02 1.000000000000000000e+00 9.992371773680126523e-01 0.000000000000000000e+00 3.905205967823978386e-02
5.020000000000000000e+02 1.000000000000000000e+00 9.992371773681832936e-01 0.000000000000000000e+00 3.905205967824651458e-02
5.030000000000000000e+02 1.000000000000000000e+00 9.992371773681555380e-01 0.000000000000000000e+00 3.905205967824498803e-02
5.040000000000000000e+02 1.000000000000000000e+00 9.992371773680059910e-01 0.000000000000000000e+00 3.905205967823949242e-02
5.050000000000000000e+02 1.000000000000000000e+00 9.992371773680758240e-01 0.000000000000000000e+00 3.905205967824237900e-02
5.060000000000000000e+02 1.000000000000000000e+00 9.992371773679262770e-01 0.000000000000000000e+00 3.905205967823636992e-02
5.070000000000000000e+02 1.000000000000000000e+00 9.992371773681582026e-01 0.000000000000000000e+00 3.905205967824514068e-02
5.080000000000000000e+02 1.000000000000000000e+00 9.992371773680549518e-01 0.000000000000000000e+00 3.905205967824162960e-02
5.090000000000000000e+02 1.000000000000000000e+00 9.992371773681723024e-01 0.000000000000000000e+00 3.905205967824618152e-02
5.100000000000000000e+02 1.000000000000000000e+00 9.992371773681835156e-01 0.000000000000000000e+00 3.905205967824639662e-02
5.110000000000000000e+02 1.000000000000000000e+00 9.992371773675345903e-01 0.000000000000000000e+00 3.905205967822104884e-02
