512 4
0.000000000000000000e+00 1.000000000000000000e+00 9.992371773682575675e-01 0.000000000000000000e+00 3.905205967824598723e-02
1.000000000000000000e+00 1.000000000000000000e+00 9.992371773682527936e-01 0.000000000000000000e+00 3.905205967824994240e-02
2.000000000000000000e+00 1.000000000000000000e+00 9.992371773682403591e-01 0.000000000000000000e+00 3.905205967824957464e-02
3.000000000000000000e+00 1.000000000000000000e+00 9.992371773682469094e-01 0.000000000000000000e+00 3.905205967824977586e-02
4.000000000000000000e+00 1.000000000000000000e+00 9.992371773682400260e-01 0.000000000000000000e+00 3.905205967824958158e-02
5.000000000000000000e+00 1.000000000000000000e+00 9.992371773682484637e-01 0.000000000000000000e+00 3.905205967824995628e-02
6.000000000000000000e+00 1.000000000000000000e+00 9.992371773682487968e-01 0.000000000000000000e+00 3.905205967824992852e-02
7.000000000000000000e+00 1.000000000000000000e+00 9.992371773682510172e-01 0.000000000000000000e+00 3.905205967824972035e-02
8.000000000000000000e+00 1.000000000000000000e+00 9.992371773682304781e-01 0.000000000000000000e+00 3.905205967824953994e-02
9.000000000000000000e+00 1.000000000000000000e+00 9.992371773682212632e-01 0.000000000000000000e+00 3.905205967824861013e-02
1.000000000000000000e+01 1.000000000000000000e+00 9.992371773682164893e-01 0.000000000000000000e+00 3.905205967824856850e-02
1.100000000000000000e+01 1.000000000000000000e+00 9.992371773682311442e-01 0.000000000000000000e+00 3.905205967824950525e-02
1.200000000000000000e+01 1.000000000000000000e+00 9.992371773682231506e-01 0.000000000000000000e+00 3.905205967824921381e-02
1.300000000000000000e+01 1.000000000000000000e+00 9.992371773682515723e-01 0.000000000000000000e+00 3.905205967825012281e-02
1.400000000000000000e+01 1.000000000000000000e+00 9.992371773682419134e-01 0.000000000000000000e+00 3.905205967824971341e-02
1.500000000000000000e+01 1.000000000000000000e+00 9.992371773682018343e-01 0.000000000000000000e+00 3.905205967824747215e-02
1.600000000000000000e+01 1.000000000000000000e+00 9.992371773682154901e-01 0.000000000000000000e+00 3.905205967824838809e-02
1.700000000000000000e+01 1.000000000000000000e+00 9.992371773682336977e-01 0.000000000000000000e+00 3.905205967824958851e-02
1.800000000000000000e+01 1.000000000000000000e+00 9.992371773682480196e-01 0.000000000000000000e+00 3.905205967825021995e-02
1.900000000000000000e+01 1.000000000000000000e+00 9.992371773682233727e-01 0.000000000000000000e+00 3.905205967824881830e-02
2.000000000000000000e+01 1.000000000000000000e+00 9.992371773682480196e-01 0.000000000000000000e+00 3.905205967824930402e-02
2.100000000000000000e+01 1.000000000000000000e+00 9.992371773682436897e-01 0.000000000000000000e+00 3.905205967824955382e-02
2.200000000000000000e+01 1.000000000000000000e+00 9.992371773682393599e-01 0.000000000000000000e+00 3.905205967824991464e-02
2.300000000000000000e+01 1.000000000000000000e+00 9.992371773681879565e-01 0.000000000000000000e+00 3.905205967824737501e-02
2.400000000000000000e+01 1.000000000000000000e+00 9.992371773682383607e-01 0.000000000000000000e+00 3.905205967824978974e-02
2.500000000000000000e+01 1.000000000000000000e+00 9.992371773681930636e-01 0.000000000000000000e+00 3.905205967824743052e-02
2.600000000000000000e+01 1.000000000000000000e+00 9.992371773682096059e-01 0.000000000000000000e+00 3.905205967824777746e-02
2.700000000000000000e+01 1.000000000000000000e+00 9.992371773682195979e-01 0.000000000000000000e+00 3.905205967824854074e-02
2.800000000000000000e+01 1.000000000000000000e+00 9.992371773682333647e-01 0.000000000000000000e+00 3.905205967824917912e-02
2.900000000000000000e+01 1.000000000000000000e+00 9.992371773682151570e-01 0.000000000000000000e+00 3.905205967824823543e-02
3.000000000000000000e+01 1.000000000000000000e+00 9.992371773682338087e-01 0.000000000000000000e+00 3.905205967824955382e-02
3.100000000000000000e+01 1.000000000000000000e+00 9.992371773682273695e-01 0.000000000000000000e+00 3.905205967824897095e-02
3.200000000000000000e+01 1.000000000000000000e+00 9.992371773682449110e-01 0.000000000000000000e+00 3.905205967824998403e-02
3.300000000000000000e+01 1.000000000000000000e+00 9.992371773682169334e-01 0.000000000000000000e+00 3.905205967824836727e-02
3.400000000000000000e+01 1.000000000000000000e+00 9.992371773682217073e-01 0.000000000000000000e+00 3.905205967824862401e-02
3.500000000000000000e+01 1.000000000000000000e+00 9.992371773682481306e-01 0.000000000000000000e+00 3.905205967824830482e-02
3.600000000000000000e+01 1.000000000000000000e+00 9.992371773682489078e-01 0.000000000000000000e+00 3.905205967824988689e-02
3.700000000000000000e+01 1.000000000000000000e+00 9.992371773682029445e-01 0.000000000000000000e+00 3.905205967824747909e-02
3.800000000000000000e+01 1.000000000000000000e+00 9.992371773682254821e-01 0.000000000000000000e+00 3.905205967824910973e-02
3.900000000000000000e+01 1.000000000000000000e+00 9.992371773682044989e-01 0.000000000000000000e+00 3.905205967824790930e-02
4.000000000000000000e+01 1.000000000000000000e+00 9.992371773682280356e-01 0.000000000000000000e+00 3.905205967824913055e-02
4.100000000000000000e+01 1.000000000000000000e+00 9.992371773681689717e-01 0.000000000000000000e+00 3.905205967824678520e-02
4.200000000000000000e+01 1.000000000000000000e+00 9.992371773682251490e-01 0.000000000000000000e+00 3.905205967824906810e-02
4.300000000000000000e+01 1.000000000000000000e+00 9.992371773682320324e-01 0.000000000000000000e+00 3.905205967824952606e-02
4.400000000000000000e+01 1.000000000000000000e+00 9.992371773682178215e-01 0.000000000000000000e+00 3.905205967824825625e-02
4.500000000000000000e+01 1.000000000000000000e+00 9.992371773682282576e-01 0.000000000000000000e+00 3.905205967824899871e-02
4.600000000000000000e+01 1.000000000000000000e+00 9.992371773681580915e-01 0.000000000000000000e+00 3.905205967824625091e-02
4.700000000000000000e+01 1.000000000000000000e+00 9.992371773682224845e-01 0.000000000000000000e+00 3.905205967824858238e-02
4.800000000000000000e+01 1.000000000000000000e+00 9.992371773682121594e-01 0.000000000000000000e+00 3.905205967824803420e-02
4.900000000000000000e+01 1.000000000000000000e+00 9.992371773680858160e-01 0.000000000000000000e+00 3.905205967824311453e-02
5.000000000000000000e+01 1.000000000000000000e+00 9.992371773682064973e-01 0.000000000000000000e+00 3.905205967824773583e-02
5.100000000000000000e+01 1.000000000000000000e+00 9.992371773682231506e-01 0.000000000000000000e+00 3.905205967824842278e-02
5.200000000000000000e+01 1.000000000000000000e+00 9.992371773681243408e-01 0.000000000000000000e+00 3.905205967824514068e-02
5.300000000000000000e+01 1.000000000000000000e+00 9.992371773681959501e-01 0.000000000000000000e+00 3.905205967824769420e-02
5.400000000000000000e+01 1.000000000000000000e+00 9.992371773681808511e-01 0.000000000000000000e+00 3.905205967824732644e-02
5.500000000000000000e+01 1.000000000000000000e+00 9.992371773682096059e-01 0.000000000000000000e+00 3.905205967824817992e-02
5.600000000000000000e+01 1.000000000000000000e+00 9.992371773680728264e-01 0.000000000000000000e+00 3.905205967824219859e-02
5.700000000000000000e+01 1.000000000000000000e+00 9.992371773681112401e-01 0.000000000000000000e+00 3.905205967824422475e-02
5.800000000000000000e+01 1.000000000000000000e+00 9.992371773678894176e-01 0.000000000000000000e+00 3.905205967823502378e-02
5.900000000000000000e+01 1.000000000000000000e+00 9.992371773681826275e-01 0.000000000000000000e+00 3.905205967824708357e-02
6.000000000000000000e+01 1.000000000000000000e+00 9.992371773682477976e-01 0.000000000000000000e+00 3.905205967824966484e-02
6.100000000000000000e+01 1.000000000000000000e+00 9.992371773682431346e-01 0.000000000000000000e+00 3.905205967824951913e-02
6.200000000000000000e+01 1.000000000000000000e+00 9.992371773682393599e-01 0.000000000000000000e+00 3.905205967824956770e-02
6.300000000000000000e+01 1.000000000000000000e+00 9.992371773682386937e-01 0.000000000000000000e+00 3.905205967824931790e-02
6.400000000000000000e+01 1.000000000000000000e+00 9.992371773682198199e-01 0.000000000000000000e+00 3.905205967824887381e-02
6.500000000000000000e+01 1.000000000000000000e+00 9.992371773682231506e-01 0.000000000000000000e+00 3.905205967824925545e-02
6.600000000000000000e+01 1.000000000000000000e+00 9.992371773682144909e-01 0.000000000000000000e+00 3.905205967824809665e-02
6.700000000000000000e+01 1.000000000000000000e+00 9.992371773681502090e-01 0.000000000000000000e+00 3.905205967824587621e-02
6.800000000000000000e+01 1.000000000000000000e+00 9.992371773682404701e-01 0.000000000000000000e+00 3.905205967824970648e-02
6.900000000000000000e+01 1.000000000000000000e+00 9.992371773682151570e-01 0.000000000000000000e+00 3.905205967824780522e-02
7.000000000000000000e+01 1.000000000000000000e+00 9.992371773682364733e-01 0.000000000000000000e+00 3.905205967824959545e-02
7.100000000000000000e+01 1.000000000000000000e+00 9.992371773682330316e-01 0.000000000000000000e+00 3.905205967824892932e-02
7.200000000000000000e+01 1.000000000000000000e+00 9.992371773681604230e-01 0.000000000000000000e+00 3.905205967824652846e-02
7.300000000000000000e+01 1.000000000000000000e+00 9.992371773682316993e-01 0.000000000000000000e+00 3.905205967824926239e-02
7.400000000000000000e+01 1.000000000000000000e+00 9.992371773682278135e-01 0.000000000000000000e+00 3.905205967824908198e-02
7.500000000000000000e+01 1.000000000000000000e+00 9.992371773682053870e-01 0.000000000000000000e+00 3.905205967824777052e-02
7.600000000000000000e+01 1.000000000000000000e+00 9.992371773682271474e-01 0.000000000000000000e+00 3.905205967824915830e-02
7.700000000000000000e+01 1.000000000000000000e+00 9.992371773682269254e-01 0.000000000000000000e+00 3.905205967824903340e-02
7.800000000000000000e+01 1.000000000000000000e+00 9.992371773682225955e-01 0.000000000000000000e+00 3.905205967824866564e-02
7.900000000000000000e+01 1.000000000000000000e+00 9.992371773681909541e-01 0.000000000000000000e+00 3.905205967824765950e-02
8.000000000000000000e+01 1.000000000000000000e+00 9.992371773682494629e-01 0.000000000000000000e+00 3.905205967824913749e-02
8.100000000000000000e+01 1.000000000000000000e+00 9.992371773682122704e-01 0.000000000000000000e+00 3.905205967824838809e-02
8.200000000000000000e+01 1.000000000000000000e+00 9.992371773680615021e-01 0.000000000000000000e+00 3.905205967824190716e-02
8.300000000000000000e+01 1.000000000000000000e+00 9.992371773681577585e-01 0.000000000000000000e+00 3.905205967824572355e-02
8.400000000000000000e+01 1.000000000000000000e+00 9.992371773682148239e-01 0.000000000000000000e+00 3.905205967824816604e-02
8.500000000000000000e+01 1.000000000000000000e+00 9.992371773682158231e-01 0.000000000000000000e+00 3.905205967824781910e-02
8.600000000000000000e+01 1.000000000000000000e+00 9.992371773682219294e-01 0.000000000000000000e+00 3.905205967824844360e-02
8.700000000000000000e+01 1.000000000000000000e+00 9.992371773682054981e-01 0.000000000000000000e+00 3.905205967824760399e-02
8.800000000000000000e+01 1.000000000000000000e+00 9.992371773682351410e-01 0.000000000000000000e+00 3.905205967824901259e-02
8.900000000000000000e+01 1.000000000000000000e+00 9.992371773680526204e-01 0.000000000000000000e+00 3.905205967824166430e-02
9.000000000000000000e+01 1.000000000000000000e+00 9.992371773680861491e-01 0.000000000000000000e+00 3.905205967824301738e-02
9.100000000000000000e+01 1.000000000000000000e+00 9.992371773681935077e-01 0.000000000000000000e+00 3.905205967824755542e-02
9.200000000000000000e+01 1.000000000000000000e+00 9.992371773682144909e-01 0.000000000000000000e+00 3.905205967824791624e-02
9.300000000000000000e+01 1.000000000000000000e+00 9.992371773681879565e-01 0.000000000000000000e+00 3.905205967824749991e-02
9.400000000000000000e+01 1.000000000000000000e+00 9.992371773682439118e-01 0.000000000000000000e+00 3.905205967824988689e-02
9.500000000000000000e+01 1.000000000000000000e+00 9.992371773682096059e-01 0.000000000000000000e+00 3.905205967824802726e-02
9.600000000000000000e+01 1.000000000000000000e+00 9.992371773682493519e-01 0.000000000000000000e+00 3.905205967824888769e-02
9.700000000000000000e+01 1.000000000000000000e+00 9.992371773682356961e-01 0.000000000000000000e+00 3.905205967824935953e-02
9.800000000000000000e+01 1.000000000000000000e+00 9.992371773682018343e-01 0.000000000000000000e+00 3.905205967824763869e-02
9.900000000000000000e+01 1.000000000000000000e+00 9.992371773682315883e-01 0.000000000000000000e+00 3.905205967824901259e-02
1.000000000000000000e+02 1.000000000000000000e+00 9.992371773682167113e-01 0.000000000000000000e+00 3.905205967824824931e-02
1.010000000000000000e+02 1.000000000000000000e+00 9.992371773680529534e-01 0.000000000000000000e+00 3.905205967824219859e-02
1.020000000000000000e+02 1.000000000000000000e+00 9.992371773682218183e-01 0.000000000000000000e+00 3.905205967824831870e-02
1.030000000000000000e+02 1.000000000000000000e+00 9.992371773681913982e-01 0.000000000000000000e+00 3.905205967824744440e-02
1.040000000000000000e+02 1.000000000000000000e+00 9.992371773682420244e-01 0.000000000000000000e+00 3.905205967824983138e-02
1.050000000000000000e+02 1.000000000000000000e+00 9.992371773682393599e-01 0.000000000000000000e+00 3.905205967824963709e-02
1.060000000000000000e+02 1.000000000000000000e+00 9.992371773681903990e-01 0.000000000000000000e+00 3.905205967824769420e-02
1.070000000000000000e+02 1.000000000000000000e+00 9.992371773681798519e-01 0.000000000000000000e+00 3.905205967824683377e-02
1.080000000000000000e+02 1.000000000000000000e+00 9.992371773682455771e-01 0.000000000000000000e+00 3.905205967824977586e-02
1.090000000000000000e+02 1.000000000000000000e+00 9.992371773682278135e-01 0.000000000000000000e+00 3.905205967824873503e-02
1.100000000000000000e+02 1.000000000000000000e+00 9.992371773682002800e-01 0.000000000000000000e+00 3.905205967824754848e-02
1.110000000000000000e+02 1.000000000000000000e+00 9.992371773682413583e-01 0.000000000000000000e+00 3.905205967824974811e-02
1.120000000000000000e+02 1.000000000000000000e+00 9.992371773681805180e-01 0.000000000000000000e+00 3.905205967824715990e-02
1.130000000000000000e+02 1.000000000000000000e+00 9.992371773681613112e-01 0.000000000000000000e+00 3.905205967824647989e-02
1.140000000000000000e+02 1.000000000000000000e+00 9.992371773681418823e-01 0.000000000000000000e+00 3.905205967824551538e-02
1.150000000000000000e+02 1.000000000000000000e+00 9.992371773682153790e-01 0.000000000000000000e+00 3.905205967824844360e-02
1.160000000000000000e+02 1.000000000000000000e+00 9.992371773681142377e-01 0.000000000000000000e+00 3.905205967824437047e-02
1.170000000000000000e+02 1.000000000000000000e+00 9.992371773682007241e-01 0.000000000000000000e+00 3.905205967824771501e-02
1.180000000000000000e+02 1.000000000000000000e+00 9.992371773681639757e-01 0.000000000000000000e+00 3.905205967824588315e-02
1.190000000000000000e+02 1.000000000000000000e+00 9.992371773681437697e-01 0.000000000000000000e+00 3.905205967824586233e-02
1.200000000000000000e+02 1.000000000000000000e+00 9.992371773682096059e-01 0.000000000000000000e+00 3.905205967824793012e-02
1.210000000000000000e+02 1.000000000000000000e+00 9.992371773680734925e-01 0.000000000000000000e+00 3.905205967824224716e-02
1.220000000000000000e+02 1.000000000000000000e+00 9.992371773682310332e-01 0.000000000000000000e+00 3.905205967824933871e-02
1.230000000000000000e+02 1.000000000000000000e+00 9.992371773682376945e-01 0.000000000000000000e+00 3.905205967824948443e-02
1.240000000000000000e+02 1.000000000000000000e+00 9.992371773682304781e-01 0.000000000000000000e+00 3.905205967824908198e-02
1.250000000000000000e+02 1.000000000000000000e+00 9.992371773682400260e-01 0.000000000000000000e+00 3.905205967824974811e-02
1.260000000000000000e+02 1.000000000000000000e+00 9.992371773682293679e-01 0.000000000000000000e+00 3.905205967824887381e-02
1.270000000000000000e+02 1.000000000000000000e+00 9.992371773682311442e-01 0.000000000000000000e+00 3.905205967824944974e-02
1.280000000000000000e+02 1.000000000000000000e+00 9.992371773682002800e-01 0.000000000000000000e+00 3.905205967824791624e-02
1.290000000000000000e+02 1.000000000000000000e+00 9.992371773681607561e-01 0.000000000000000000e+00 3.905205967824617458e-02
1.300000000000000000e+02 1.000000000000000000e+00 9.992371773682298119e-01 0.000000000000000000e+00 3.905205967824876279e-02
1.310000000000000000e+02 1.000000000000000000e+00 9.992371773681902880e-01 0.000000000000000000e+00 3.905205967824791624e-02
1.320000000000000000e+02 1.000000000000000000e+00 9.992371773681902880e-01 0.000000000000000000e+00 3.905205967824740276e-02
1.330000000000000000e+02 1.000000000000000000e+00 9.992371773682171554e-01 0.000000000000000000e+00 3.905205967824812441e-02
1.340000000000000000e+02 1.000000000000000000e+00 9.992371773682366953e-01 0.000000000000000000e+00 3.905205967824908198e-02
1.350000000000000000e+02 1.000000000000000000e+00 9.992371773682408032e-01 0.000000000000000000e+00 3.905205967824967872e-02
1.360000000000000000e+02 1.000000000000000000e+00 9.992371773682324765e-01 0.000000000000000000e+00 3.905205967824921381e-02
1.370000000000000000e+02 1.000000000000000000e+00 9.992371773681903990e-01 0.000000000000000000e+00 3.905205967824719460e-02
1.380000000000000000e+02 1.000000000000000000e+00 9.992371773681661962e-01 0.000000000000000000e+00 3.905205967824650071e-02
1.390000000000000000e+02 1.000000000000000000e+00 9.992371773681048008e-01 0.000000000000000000e+00 3.905205967824414148e-02
1.400000000000000000e+02 1.000000000000000000e+00 9.992371773681780756e-01 0.000000000000000000e+00 3.905205967824707664e-02
1.410000000000000000e+02 1.000000000000000000e+00 9.992371773681969493e-01 0.000000000000000000e+00 3.905205967824777746e-02
1.420000000000000000e+02 1.000000000000000000e+00 9.992371773682240388e-01 0.000000000000000000e+00 3.905205967824908891e-02
1.430000000000000000e+02 1.000000000000000000e+00 9.992371773682384717e-01 0.000000000000000000e+00 3.905205967824963709e-02
1.440000000000000000e+02 1.000000000000000000e+00 9.992371773682480196e-01 0.000000000000000000e+00 3.905205967824987995e-02
1.450000000000000000e+02 1.000000000000000000e+00 9.992371773682151570e-01 0.000000000000000000e+00 3.905205967824819380e-02
1.460000000000000000e+02 1.000000000000000000e+00 9.992371773682346969e-01 0.000000000000000000e+00 3.905205967824938729e-02
1.470000000000000000e+02 1.000000000000000000e+00 9.992371773681396618e-01 0.000000000000000000e+00 3.905205967824545987e-02
1.480000000000000000e+02 1.000000000000000000e+00 9.992371773682041658e-01 0.000000000000000000e+00 3.905205967824769420e-02
1.490000000000000000e+02 1.000000000000000000e+00 9.992371773680568392e-01 0.000000000000000000e+00 3.905205967824200430e-02
1.500000000000000000e+02 1.000000000000000000e+00 9.992371773682146019e-01 0.000000000000000000e+00 3.905205967824820074e-02
1.510000000000000000e+02 1.000000000000000000e+00 9.992371773682291458e-01 0.000000000000000000e+00 3.905205967824916524e-02
1.520000000000000000e+02 1.000000000000000000e+00 9.992371773681207880e-01 0.000000000000000000e+00 3.905205967824441210e-02
1.530000000000000000e+02 1.000000000000000000e+00 9.992371773682148239e-01 0.000000000000000000e+00 3.905205967824796481e-02
1.540000000000000000e+02 1.000000000000000000e+00 9.992371773681432146e-01 0.000000000000000000e+00 3.905205967824556396e-02
1.550000000000000000e+02 1.000000000000000000e+00 9.992371773682036107e-01 0.000000000000000000e+00 3.905205967824792318e-02
1.560000000000000000e+02 1.000000000000000000e+00 9.992371773681585356e-01 0.000000000000000000e+00 3.905205967824638275e-02
1.570000000000000000e+02 1.000000000000000000e+00 9.992371773682040548e-01 0.000000000000000000e+00 3.905205967824754848e-02
1.580000000000000000e+02 1.000000000000000000e+00 9.992371773681836267e-01 0.000000000000000000e+00 3.905205967824735419e-02
1.590000000000000000e+02 1.000000000000000000e+00 9.992371773681892888e-01 0.000000000000000000e+00 3.905205967824751379e-02
1.600000000000000000e+02 1.000000000000000000e+00 9.992371773681323344e-01 0.000000000000000000e+00 3.905205967824543212e-02
1.610000000000000000e+02 1.000000000000000000e+00 9.992371773681205660e-01 0.000000000000000000e+00 3.905205967824443292e-02
1.620000000000000000e+02 1.000000000000000000e+00 9.992371773681170133e-01 0.000000000000000000e+00 3.905205967824491170e-02
1.630000000000000000e+02 1.000000000000000000e+00 9.992371773679380453e-01 0.000000000000000000e+00 3.905205967823729973e-02
1.640000000000000000e+02 1.000000000000000000e+00 9.992371773681339997e-01 0.000000000000000000e+00 3.905205967824525171e-02
1.650000000000000000e+02 1.000000000000000000e+00 9.992371773682158231e-01 0.000000000000000000e+00 3.905205967824800645e-02
1.660000000000000000e+02 1.000000000000000000e+00 9.992371773682344749e-01 0.000000000000000000e+00 3.905205967824927626e-02
1.670000000000000000e+02 1.000000000000000000e+00 9.992371773682465763e-01 0.000000000000000000e+00 3.905205967824990770e-02
1.680000000000000000e+02 1.000000000000000000e+00 9.992371773681645308e-01 0.000000000000000000e+00 3.905205967824716684e-02
1.690000000000000000e+02 1.000000000000000000e+00 9.992371773681869573e-01 0.000000000000000000e+00 3.905205967824713215e-02
1.700000000000000000e+02 1.000000000000000000e+00 9.992371773681819613e-01 0.000000000000000000e+00 3.905205967824747215e-02
1.710000000000000000e+02 1.000000000000000000e+00 9.992371773681435476e-01 0.000000000000000000e+00 3.905205967824571661e-02
1.720000000000000000e+02 1.000000000000000000e+00 9.992371773681948399e-01 0.000000000000000000e+00 3.905205967824761787e-02
1.730000000000000000e+02 1.000000000000000000e+00 9.992371773682509062e-01 0.000000000000000000e+00 3.905205967824994240e-02
1.740000000000000000e+02 1.000000000000000000e+00 9.992371773681612002e-01 0.000000000000000000e+00 3.905205967824594560e-02
1.750000000000000000e+02 1.000000000000000000e+00 9.992371773682240388e-01 0.000000000000000000e+00 3.905205967824908198e-02
1.760000000000000000e+02 1.000000000000000000e+00 9.992371773681929525e-01 0.000000000000000000e+00 3.905205967824758317e-02
1.770000000000000000e+02 1.000000000000000000e+00 9.992371773680556180e-01 0.000000000000000000e+00 3.905205967824183777e-02
1.780000000000000000e+02 1.000000000000000000e+00 9.992371773682274805e-01 0.000000000000000000e+00 3.905205967824900565e-02
1.790000000000000000e+02 1.000000000000000000e+00 9.992371773681948399e-01 0.000000000000000000e+00 3.905205967824756930e-02
1.800000000000000000e+02 1.000000000000000000e+00 9.992371773682111602e-01 0.000000000000000000e+00 3.905205967824793706e-02
1.810000000000000000e+02 1.000000000000000000e+00 9.992371773682211522e-01 0.000000000000000000e+00 3.905205967824837421e-02
1.820000000000000000e+02 1.000000000000000000e+00 9.992371773681241187e-01 0.000000000000000000e+00 3.905205967824494639e-02
1.830000000000000000e+02 1.000000000000000000e+00 9.992371773682264813e-01 0.000000000000000000e+00 3.905205967824881830e-02
1.840000000000000000e+02 1.000000000000000000e+00 9.992371773681969493e-01 0.000000000000000000e+00 3.905205967824761093e-02
1.850000000000000000e+02 1.000000000000000000e+00 9.992371773681801850e-01 0.000000000000000000e+00 3.905205967824650071e-02
1.860000000000000000e+02 1.000000000000000000e+00 9.992371773681292257e-01 0.000000000000000000e+00 3.905205967824489088e-02
1.870000000000000000e+02 1.000000000000000000e+00 9.992371773682434677e-01 0.000000000000000000e+00 3.905205967824947055e-02
1.880000000000000000e+02 1.000000000000000000e+00 9.992371773682324765e-01 0.000000000000000000e+00 3.905205967824926239e-02
1.890000000000000000e+02 1.000000000000000000e+00 9.992371773682364733e-01 0.000000000000000000e+00 3.905205967824941504e-02
1.900000000000000000e+02 1.000000000000000000e+00 9.992371773681854030e-01 0.000000000000000000e+00 3.905205967824693786e-02
1.910000000000000000e+02 1.000000000000000000e+00 9.992371773682333647e-01 0.000000000000000000e+00 3.905205967824943586e-02
1.920000000000000000e+02 1.000000000000000000e+00 9.992371773682261482e-01 0.000000000000000000e+00 3.905205967824892238e-02
1.930000000000000000e+02 1.000000000000000000e+00 9.992371773681868463e-01 0.000000000000000000e+00 3.905205967824775665e-02
1.940000000000000000e+02 1.000000000000000000e+00 9.992371773679962210e-01 0.000000000000000000e+00 3.905205967823952018e-02
1.950000000000000000e+02 1.000000000000000000e+00 9.992371773682318103e-01 0.000000000000000000e+00 3.905205967824899177e-02
1.960000000000000000e+02 1.000000000000000000e+00 9.992371773681104630e-01 0.000000000000000000e+00 3.905205967824349617e-02
1.970000000000000000e+02 1.000000000000000000e+00 9.992371773681213432e-01 0.000000000000000000e+00 3.905205967824443292e-02
1.980000000000000000e+02 1.000000000000000000e+00 9.992371773681701930e-01 0.000000000000000000e+00 3.905205967824683377e-02
1.990000000000000000e+02 1.000000000000000000e+00 9.992371773682187097e-01 0.000000000000000000e+00 3.905205967824861013e-02
2.000000000000000000e+02 1.000000000000000000e+00 9.992371773681245628e-01 0.000000000000000000e+00 3.905205967824472435e-02
2.010000000000000000e+02 1.000000000000000000e+00 9.992371773682280356e-01 0.000000000000000000e+00 3.905205967824912361e-02
2.020000000000000000e+02 1.000000000000000000e+00 9.992371773682284797e-01 0.000000000000000000e+00 3.905205967824885299e-02
2.030000000000000000e+02 1.000000000000000000e+00 9.992371773681784086e-01 0.000000000000000000e+00 3.905205967824738889e-02
2.040000000000000000e+02 1.000000000000000000e+00 9.992371773681871794e-01 0.000000000000000000e+00 3.905205967824704194e-02
2.050000000000000000e+02 1.000000000000000000e+00 9.992371773681771874e-01 0.000000000000000000e+00 3.905205967824697255e-02
2.060000000000000000e+02 1.000000000000000000e+00 9.992371773682231506e-01 0.000000000000000000e+00 3.905205967824900565e-02
2.070000000000000000e+02 1.000000000000000000e+00 9.992371773682244829e-01 0.000000000000000000e+00 3.905205967824869340e-02
2.080000000000000000e+02 1.000000000000000000e+00 9.992371773681890668e-01 0.000000000000000000e+00 3.905205967824720847e-02
2.090000000000000000e+02 1.000000000000000000e+00 9.992371773682267033e-01 0.000000000000000000e+00 3.905205967824865176e-02
2.100000000000000000e+02 1.000000000000000000e+00 9.992371773681432146e-01 0.000000000000000000e+00 3.905205967824564028e-02
2.110000000000000000e+02 1.000000000000000000e+00 9.992371773682271474e-01 0.000000000000000000e+00 3.905205967824880442e-02
2.120000000000000000e+02 1.000000000000000000e+00 9.992371773682309222e-01 0.000000000000000000e+00 3.905205967824908198e-02
2.130000000000000000e+02 1.000000000000000000e+00 9.992371773682352520e-01 0.000000000000000000e+00 3.905205967824900565e-02
2.140000000000000000e+02 1.000000000000000000e+00 9.992371773682381386e-01 0.000000000000000000e+00 3.905205967824942892e-02
2.150000000000000000e+02 1.000000000000000000e+00 9.992371773682415803e-01 0.000000000000000000e+00 3.905205967824980362e-02
2.160000000000000000e+02 1.000000000000000000e+00 9.992371773682404701e-01 0.000000000000000000e+00 3.905205967824954688e-02
2.170000000000000000e+02 1.000000000000000000e+00 9.992371773682443559e-01 0.000000000000000000e+00 3.905205967824952606e-02
2.180000000000000000e+02 1.000000000000000000e+00 9.992371773682515723e-01 0.000000000000000000e+00 3.905205967824959545e-02
2.190000000000000000e+02 1.000000000000000000e+00 9.992371773681315572e-01 0.000000000000000000e+00 3.905205967824489088e-02
2.200000000000000000e+02 1.000000000000000000e+00 9.992371773682170444e-01 0.000000000000000000e+00 3.905205967824847135e-02
2.210000000000000000e+02 1.000000000000000000e+00 9.992371773682078295e-01 0.000000000000000000e+00 3.905205967824787461e-02
2.220000000000000000e+02 1.000000000000000000e+00 9.992371773680500668e-01 0.000000000000000000e+00 3.905205967824199043e-02
2.230000000000000000e+02 1.000000000000000000e+00 9.992371773682431346e-01 0.000000000000000000e+00 3.905205967824963015e-02
2.240000000000000000e+02 1.000000000000000000e+00 9.992371773682394709e-01 0.000000000000000000e+00 3.905205967824952606e-02
2.250000000000000000e+02 1.000000000000000000e+00 9.992371773681707481e-01 0.000000000000000000e+00 3.905205967824681990e-02
2.260000000000000000e+02 1.000000000000000000e+00 9.992371773682114933e-01 0.000000000000000000e+00 3.905205967824834645e-02
2.270000000000000000e+02 1.000000000000000000e+00 9.992371773682142688e-01 0.000000000000000000e+00 3.905205967824860319e-02
2.280000000000000000e+02 1.000000000000000000e+00 9.992371773682452440e-01 0.000000000000000000e+00 3.905205967824980362e-02
2.290000000000000000e+02 1.000000000000000000e+00 9.992371773681858471e-01 0.000000000000000000e+00 3.905205967824736113e-02
2.300000000000000000e+02 1.000000000000000000e+00 9.992371773682291458e-01 0.000000000000000000e+00 3.905205967824936647e-02
2.310000000000000000e+02 1.000000000000000000e+00 9.992371773682312552e-01 0.000000000000000000e+00 3.905205967824904728e-02
2.320000000000000000e+02 1.000000000000000000e+00 9.992371773682159342e-01 0.000000000000000000e+00 3.905205967824830482e-02
2.330000000000000000e+02 1.000000000000000000e+00 9.992371773682254821e-01 0.000000000000000000e+00 3.905205967824899871e-02
2.340000000000000000e+02 1.000000000000000000e+00 9.992371773681236746e-01 0.000000000000000000e+00 3.905205967824496027e-02
2.350000000000000000e+02 1.000000000000000000e+00 9.992371773681631986e-01 0.000000000000000000e+00 3.905205967824626478e-02
2.360000000000000000e+02 1.000000000000000000e+00 9.992371773681545388e-01 0.000000000000000000e+00 3.905205967824593172e-02
2.370000000000000000e+02 1.000000000000000000e+00 9.992371773682366953e-01 0.000000000000000000e+00 3.905205967824933871e-02
2.380000000000000000e+02 1.000000000000000000e+00 9.992371773682259262e-01 0.000000000000000000e+00 3.905205967824867952e-02
2.390000000000000000e+02 1.000000000000000000e+00 9.992371773682116043e-01 0.000000000000000000e+00 3.905205967824871421e-02
2.400000000000000000e+02 1.000000000000000000e+00 9.992371773682154901e-01 0.000000000000000000e+00 3.905205967824816604e-02
2.410000000000000000e+02 1.000000000000000000e+00 9.992371773682322544e-01 0.000000000000000000e+00 3.905205967824901259e-02
2.420000000000000000e+02 1.000000000000000000e+00 9.992371773682208191e-01 0.000000000000000000e+00 3.905205967824845747e-02
2.430000000000000000e+02 1.000000000000000000e+00 9.992371773681451019e-01 0.000000000000000000e+00 3.905205967824549457e-02
2.440000000000000000e+02 1.000000000000000000e+00 9.992371773681614222e-01 0.000000000000000000e+00 3.905205967824619540e-02
2.450000000000000000e+02 1.000000000000000000e+00 9.992371773680610580e-01 0.000000000000000000e+00 3.905205967824199043e-02
2.460000000000000000e+02 1.000000000000000000e+00 9.992371773682280356e-01 0.000000000000000000e+00 3.905205967824911667e-02
2.470000000000000000e+02 1.000000000000000000e+00 9.992371773682326985e-01 0.000000000000000000e+00 3.905205967824903340e-02
2.480000000000000000e+02 1.000000000000000000e+00 9.992371773681607561e-01 0.000000000000000000e+00 3.905205967824627866e-02
2.490000000000000000e+02 1.000000000000000000e+00 9.992371773681751890e-01 0.000000000000000000e+00 3.905205967824672275e-02
2.500000000000000000e+02 1.000000000000000000e+00 9.992371773681133496e-01 0.000000000000000000e+00 3.905205967824425251e-02
2.510000000000000000e+02 1.000000000000000000e+00 9.992371773681327785e-01 0.000000000000000000e+00 3.905205967824469659e-02
2.520000000000000000e+02 1.000000000000000000e+00 9.992371773682471314e-01 0.000000000000000000e+00 3.905205967824985913e-02
2.530000000000000000e+02 1.000000000000000000e+00 9.992371773682235947e-01 0.000000000000000000e+00 3.905205967824833951e-02
2.540000000000000000e+02 1.000000000000000000e+00 9.992371773682290348e-01 0.000000000000000000e+00 3.905205967824896401e-02
2.550000000000000000e+02 1.000000000000000000e+00 9.992371773681756331e-01 0.000000000000000000e+00 3.905205967824670887e-02
2.560000000000000000e+02 1.000000000000000000e+00 9.992371773681912872e-01 0.000000000000000000e+00 3.905205967824729174e-02
2.570000000000000000e+02 1.000000000000000000e+00 9.992371773681616443e-01 0.000000000000000000e+00 3.905205967824611213e-02
2.580000000000000000e+02 1.000000000000000000e+00 9.992371773682293679e-01 0.000000000000000000e+00 3.905205967824909585e-02
2.590000000000000000e+02 1.000000000000000000e+00 9.992371773682116043e-01 0.000000000000000000e+00 3.905205967824791624e-02
2.600000000000000000e+02 1.000000000000000000e+00 9.992371773681687497e-01 0.000000000000000000e+00 3.905205967824675745e-02
2.610000000000000000e+02 1.000000000000000000e+00 9.992371773681567593e-01 0.000000000000000000e+00 3.905205967824590396e-02
2.620000000000000000e+02 1.000000000000000000e+00 9.992371773682062752e-01 0.000000000000000000e+00 3.905205967824795787e-02
2.630000000000000000e+02 1.000000000000000000e+00 9.992371773682036107e-01 0.000000000000000000e+00 3.905205967824776359e-02
2.640000000000000000e+02 1.000000000000000000e+00 9.992371773681785196e-01 0.000000000000000000e+00 3.905205967824693786e-02
2.650000000000000000e+02 1.000000000000000000e+00 9.992371773681695268e-01 0.000000000000000000e+00 3.905205967824638968e-02
2.660000000000000000e+02 1.000000000000000000e+00 9.992371773681958391e-01 0.000000000000000000e+00 3.905205967824743746e-02
2.670000000000000000e+02 1.000000000000000000e+00 9.992371773682192648e-01 0.000000000000000000e+00 3.905205967824793012e-02
2.680000000000000000e+02 1.000000000000000000e+00 9.992371773681441027e-01 0.000000000000000000e+00 3.905205967824573743e-02
2.690000000000000000e+02 1.000000000000000000e+00 9.992371773681889557e-01 0.000000000000000000e+00 3.905205967824734725e-02
2.700000000000000000e+02 1.000000000000000000e+00 9.992371773681216762e-01 0.000000000000000000e+00 3.905205967824479374e-02
2.710000000000000000e+02 1.000000000000000000e+00 9.992371773681651970e-01 0.000000000000000000e+00 3.905205967824681296e-02
2.720000000000000000e+02 1.000000000000000000e+00 9.992371773680003288e-01 0.000000000000000000e+00 3.905205967823987406e-02
2.730000000000000000e+02 1.000000000000000000e+00 9.992371773681790748e-01 0.000000000000000000e+00 3.905205967824683377e-02
2.740000000000000000e+02 1.000000000000000000e+00 9.992371773680964742e-01 0.000000000000000000e+00 3.905205967824377372e-02
2.750000000000000000e+02 1.000000000000000000e+00 9.992371773677978242e-01 0.000000000000000000e+00 3.905205967823213026e-02
2.760000000000000000e+02 1.000000000000000000e+00 9.992371773681280045e-01 0.000000000000000000e+00 3.905205967824494639e-02
2.770000000000000000e+02 1.000000000000000000e+00 9.992371773682333647e-01 0.000000000000000000e+00 3.905205967824904034e-02
2.780000000000000000e+02 1.000000000000000000e+00 9.992371773681143488e-01 0.000000000000000000e+00 3.905205967824410679e-02
2.790000000000000000e+02 1.000000000000000000e+00 9.992371773682475755e-01 0.000000000000000000e+00 3.905205967824949831e-02
2.800000000000000000e+02 1.000000000000000000e+00 9.992371773682293679e-01 0.000000000000000000e+00 3.905205967824922075e-02
2.810000000000000000e+02 1.000000000000000000e+00 9.992371773682032776e-01 0.000000000000000000e+00 3.905205967824756236e-02
2.820000000000000000e+02 1.000000000000000000e+00 9.992371773682339198e-01 0.000000000000000000e+00 3.905205967824926239e-02
2.830000000000000000e+02 1.000000000000000000e+00 9.992371773682241498e-01 0.000000000000000000e+00 3.905205967824856850e-02
2.840000000000000000e+02 1.000000000000000000e+00 9.992371773681949509e-01 0.000000000000000000e+00 3.905205967824747909e-02
2.850000000000000000e+02 1.000000000000000000e+00 9.992371773681928415e-01 0.000000000000000000e+00 3.905205967824780522e-02
2.860000000000000000e+02 1.000000000000000000e+00 9.992371773681492098e-01 0.000000000000000000e+00 3.905205967824514068e-02
2.870000000000000000e+02 1.000000000000000000e+00 9.992371773681687497e-01 0.000000000000000000e+00 3.905205967824697255e-02
2.880000000000000000e+02 1.000000000000000000e+00 9.992371773682335867e-01 0.000000000000000000e+00 3.905205967824928320e-02
2.890000000000000000e+02 1.000000000000000000e+00 9.992371773682290348e-01 0.000000000000000000e+00 3.905205967824907504e-02
2.900000000000000000e+02 1.000000000000000000e+00 9.992371773681769653e-01 0.000000000000000000e+00 3.905205967824645907e-02
2.910000000000000000e+02 1.000000000000000000e+00 9.992371773681082425e-01 0.000000000000000000e+00 3.905205967824389168e-02
2.920000000000000000e+02 1.000000000000000000e+00 9.992371773682258151e-01 0.000000000000000000e+00 3.905205967824862401e-02
2.930000000000000000e+02 1.000000000000000000e+00 9.992371773681829605e-01 0.000000000000000000e+00 3.905205967824742358e-02
2.940000000000000000e+02 1.000000000000000000e+00 9.992371773682376945e-01 0.000000000000000000e+00 3.905205967824964403e-02
2.950000000000000000e+02 1.000000000000000000e+00 9.992371773681342217e-01 0.000000000000000000e+00 3.905205967824495333e-02
2.960000000000000000e+02 1.000000000000000000e+00 9.992371773681932856e-01 0.000000000000000000e+00 3.905205967824749297e-02
2.970000000000000000e+02 1.000000000000000000e+00 9.992371773682453551e-01 0.000000000000000000e+00 3.905205967824991464e-02
2.980000000000000000e+02 1.000000000000000000e+00 9.992371773681039127e-01 0.000000000000000000e+00 3.905205967824391944e-02
2.990000000000000000e+02 1.000000000000000000e+00 9.992371773681785196e-01 0.000000000000000000e+00 3.905205967824697949e-02
3.000000000000000000e+02 1.000000000000000000e+00 9.992371773682237057e-01 0.000000000000000000e+00 3.905205967824847135e-02
3.010000000000000000e+02 1.000000000000000000e+00 9.992371773682183766e-01 0.000000000000000000e+00 3.905205967824836727e-02
3.020000000000000000e+02 1.000000000000000000e+00 9.992371773682000580e-01 0.000000000000000000e+00 3.905205967824740970e-02
3.030000000000000000e+02 1.000000000000000000e+00 9.992371773682384717e-01 0.000000000000000000e+00 3.905205967824895708e-02
3.040000000000000000e+02 1.000000000000000000e+00 9.992371773679391556e-01 0.000000000000000000e+00 3.905205967823685564e-02
3.050000000000000000e+02 1.000000000000000000e+00 9.992371773682017233e-01 0.000000000000000000e+00 3.905205967824763869e-02
3.060000000000000000e+02 1.000000000000000000e+00 9.992371773682131586e-01 0.000000000000000000e+00 3.905205967824808277e-02
3.070000000000000000e+02 1.000000000000000000e+00 9.992371773681729685e-01 0.000000000000000000e+00 3.905205967824658397e-02
3.080000000000000000e+02 1.000000000000000000e+00 9.992371773681139047e-01 0.000000000000000000e+00 3.905205967824444679e-02
3.090000000000000000e+02 1.000000000000000000e+00 9.992371773682098279e-01 0.000000000000000000e+00 3.905205967824800645e-02
3.100000000000000000e+02 1.000000000000000000e+00 9.992371773679815661e-01 0.000000000000000000e+00 3.905205967823889568e-02
3.110000000000000000e+02 1.000000000000000000e+00 9.992371773680996938e-01 0.000000000000000000e+00 3.905205967824332269e-02
3.120000000000000000e+02 1.000000000000000000e+00 9.992371773682152680e-01 0.000000000000000000e+00 3.905205967824817298e-02
3.130000000000000000e+02 1.000000000000000000e+00 9.992371773679288305e-01 0.000000000000000000e+00 3.905205967823723034e-02
3.140000000000000000e+02 1.000000000000000000e+00 9.992371773682011682e-01 0.000000000000000000e+00 3.905205967824783297e-02
3.150000000000000000e+02 1.000000000000000000e+00 9.992371773681515412e-01 0.000000000000000000e+00 3.905205967824605662e-02
3.160000000000000000e+02 1.000000000000000000e+00 9.992371773682184877e-01 0.000000000000000000e+00 3.905205967824866564e-02
3.170000000000000000e+02 1.000000000000000000e+00 9.992371773682310332e-01 0.000000000000000000e+00 3.905205967824924851e-02
3.180000000000000000e+02 1.000000000000000000e+00 9.992371773680510660e-01 0.000000000000000000e+00 3.905205967824144225e-02
3.190000000000000000e+02 1.000000000000000000e+00 9.992371773682460212e-01 0.000000000000000000e+00 3.905205967824974811e-02
3.200000000000000000e+02 1.000000000000000000e+00 9.992371773681523184e-01 0.000000000000000000e+00 3.905205967824564722e-02
3.210000000000000000e+02 1.000000000000000000e+00 9.992371773681827385e-01 0.000000000000000000e+00 3.905205967824682683e-02
3.220000000000000000e+02 1.000000000000000000e+00 9.992371773680756020e-01 0.000000000000000000e+00 3.905205967824267738e-02
3.230000000000000000e+02 1.000000000000000000e+00 9.992371773682177105e-01 0.000000000000000000e+00 3.905205967824849911e-02
3.240000000000000000e+02 1.000000000000000000e+00 9.992371773682139358e-01 0.000000000000000000e+00 3.905205967824826319e-02
3.250000000000000000e+02 1.000000000000000000e+00 9.992371773682234837e-01 0.000000000000000000e+00 3.905205967824874891e-02
3.260000000000000000e+02 1.000000000000000000e+00 9.992371773673887070e-01 0.000000000000000000e+00 3.905205967821591406e-02
3.270000000000000000e+02 1.000000000000000000e+00 9.992371773682060532e-01 0.000000000000000000e+00 3.905205967824804114e-02
3.280000000000000000e+02 1.000000000000000000e+00 9.992371773681334446e-01 0.000000000000000000e+00 3.905205967824542518e-02
3.290000000000000000e+02 1.000000000000000000e+00 9.992371773682284797e-01 0.000000000000000000e+00 3.905205967824892238e-02
3.300000000000000000e+02 1.000000000000000000e+00 9.992371773681683056e-01 0.000000000000000000e+00 3.905205967824684765e-02
3.310000000000000000e+02 1.000000000000000000e+00 9.992371773680706060e-01 0.000000000000000000e+00 3.905205967824271207e-02
3.320000000000000000e+02 1.000000000000000000e+00 9.992371773682274805e-01 0.000000000000000000e+00 3.905205967824888769e-02
3.330000000000000000e+02 1.000000000000000000e+00 9.992371773682273695e-01 0.000000000000000000e+00 3.905205967824891544e-02
3.340000000000000000e+02 1.000000000000000000e+00 9.992371773682344749e-01 0.000000000000000000e+00 3.905205967824930402e-02
3.350000000000000000e+02 1.000000000000000000e+00 9.992371773681643088e-01 0.000000000000000000e+00 3.905205967824637581e-02
3.360000000000000000e+02 1.000000000000000000e+00 9.992371773682129366e-01 0.000000000000000000e+00 3.905205967824781910e-02
3.370000000000000000e+02 1.000000000000000000e+00 9.992371773680908120e-01 0.000000000000000000e+00 3.905205967824344759e-02
3.380000000000000000e+02 1.000000000000000000e+00 9.992371773681092417e-01 0.000000000000000000e+00 3.905205967824428720e-02
3.390000000000000000e+02 1.000000000000000000e+00 9.992371773681476554e-01 0.000000000000000000e+00 3.905205967824578600e-02
3.400000000000000000e+02 1.000000000000000000e+00 9.992371773681962832e-01 0.000000000000000000e+00 3.905205967824752766e-02
3.410000000000000000e+02 1.000000000000000000e+00 9.992371773680861491e-01 0.000000000000000000e+00 3.905205967824336433e-02
3.420000000000000000e+02 1.000000000000000000e+00 9.992371773680903679e-01 0.000000000000000000e+00 3.905205967824301738e-02
3.430000000000000000e+02 1.000000000000000000e+00 9.992371773680174263e-01 0.000000000000000000e+00 3.905205967824031815e-02
3.440000000000000000e+02 1.000000000000000000e+00 9.992371773682231506e-01 0.000000000000000000e+00 3.905205967824874197e-02
3.450000000000000000e+02 1.000000000000000000e+00 9.992371773682291458e-01 0.000000000000000000e+00 3.905205967824913055e-02
3.460000000000000000e+02 1.000000000000000000e+00 9.992371773682148239e-01 0.000000000000000000e+00 3.905205967824856156e-02
3.470000000000000000e+02 1.000000000000000000e+00 9.992371773681930636e-01 0.000000000000000000e+00 3.905205967824759705e-02
3.480000000000000000e+02 1.000000000000000000e+00 9.992371773681562042e-01 0.000000000000000000e+00 3.905205967824570273e-02
3.490000000000000000e+02 1.000000000000000000e+00 9.992371773680994718e-01 0.000000000000000000e+00 3.905205967824395413e-02
3.500000000000000000e+02 1.000000000000000000e+00 9.992371773681931746e-01 0.000000000000000000e+00 3.905205967824731950e-02
3.510000000000000000e+02 1.000000000000000000e+00 9.992371773682042768e-01 0.000000000000000000e+00 3.905205967824804808e-02
3.520000000000000000e+02 1.000000000000000000e+00 9.992371773681640867e-01 0.000000000000000000e+00 3.905205967824633417e-02
3.530000000000000000e+02 1.000000000000000000e+00 9.992371773681847369e-01 0.000000000000000000e+00 3.905205967824700031e-02
3.540000000000000000e+02 1.000000000000000000e+00 9.992371773681891778e-01 0.000000000000000000e+00 3.905205967824715296e-02
3.550000000000000000e+02 1.000000000000000000e+00 9.992371773682334757e-01 0.000000000000000000e+00 3.905205967824893626e-02
3.560000000000000000e+02 1.000000000000000000e+00 9.992371773682121594e-01 0.000000000000000000e+00 3.905205967824840890e-02
3.570000000000000000e+02 1.000000000000000000e+00 9.992371773682081626e-01 0.000000000000000000e+00 3.905205967824786073e-02
3.580000000000000000e+02 1.000000000000000000e+00 9.992371773679249447e-01 0.000000000000000000e+00 3.905205967823656421e-02
3.590000000000000000e+02 1.000000000000000000e+00 9.992371773681716363e-01 0.000000000000000000e+00 3.905205967824636887e-02
3.600000000000000000e+02 1.000000000000000000e+00 9.992371773680743807e-01 0.000000000000000000e+00 3.905205967824264268e-02
3.610000000000000000e+02 1.000000000000000000e+00 9.992371773682222624e-01 0.000000000000000000e+00 3.905205967824872115e-02
3.620000000000000000e+02 1.000000000000000000e+00 9.992371773681578695e-01 0.000000000000000000e+00 3.905205967824613988e-02
3.630000000000000000e+02 1.000000000000000000e+00 9.992371773682058311e-01 0.000000000000000000e+00 3.905205967824827706e-02
3.640000000000000000e+02 1.000000000000000000e+00 9.992371773681649749e-01 0.000000000000000000e+00 3.905205967824630642e-02
3.650000000000000000e+02 1.000000000000000000e+00 9.992371773682494629e-01 0.000000000000000000e+00 3.905205967824963709e-02
3.660000000000000000e+02 1.000000000000000000e+00 9.992371773681851810e-01 0.000000000000000000e+00 3.905205967824709051e-02
3.670000000000000000e+02 1.000000000000000000e+00 9.992371773681323344e-01 0.000000000000000000e+00 3.905205967824505048e-02
3.680000000000000000e+02 1.000000000000000000e+00 9.992371773682049430e-01 0.000000000000000000e+00 3.905205967824758317e-02
3.690000000000000000e+02 1.000000000000000000e+00 9.992371773681445468e-01 0.000000000000000000e+00 3.905205967824599417e-02
3.700000000000000000e+02 1.000000000000000000e+00 9.992371773681745228e-01 0.000000000000000000e+00 3.905205967824683377e-02
3.710000000000000000e+02 1.000000000000000000e+00 9.992371773681071323e-01 0.000000000000000000e+00 3.905205967824392638e-02
3.720000000000000000e+02 1.000000000000000000e+00 9.992371773682322544e-01 0.000000000000000000e+00 3.905205967824879054e-02
3.730000000000000000e+02 1.000000000000000000e+00 9.992371773681371083e-01 0.000000000000000000e+00 3.905205967824530722e-02
3.740000000000000000e+02 1.000000000000000000e+00 9.992371773681820724e-01 0.000000000000000000e+00 3.905205967824715990e-02
3.750000000000000000e+02 1.000000000000000000e+00 9.992371773682257041e-01 0.000000000000000000e+00 3.905205967824867258e-02
3.760000000000000000e+02 1.000000000000000000e+00 9.992371773682054981e-01 0.000000000000000000e+00 3.905205967824792318e-02
3.770000000000000000e+02 1.000000000000000000e+00 9.992371773681703040e-01 0.000000000000000000e+00 3.905205967824645907e-02
3.780000000000000000e+02 1.000000000000000000e+00 9.992371773681445468e-01 0.000000000000000000e+00 3.905205967824573743e-02
3.790000000000000000e+02 1.000000000000000000e+00 9.992371773682280356e-01 0.000000000000000000e+00 3.905205967824881830e-02
3.800000000000000000e+02 1.000000000000000000e+00 9.992371773681258951e-01 0.000000000000000000e+00 3.905205967824512681e-02
3.810000000000000000e+02 1.000000000000000000e+00 9.992371773682260372e-01 0.000000000000000000e+00 3.905205967824874891e-02
3.820000000000000000e+02 1.000000000000000000e+00 9.992371773679382674e-01 0.000000000000000000e+00 3.905205967823719565e-02
3.830000000000000000e+02 1.000000000000000000e+00 9.992371773681354430e-01 0.000000000000000000e+00 3.905205967824539742e-02
3.840000000000000000e+02 1.000000000000000000e+00 9.992371773682009461e-01 0.000000000000000000e+00 3.905205967824782604e-02
3.850000000000000000e+02 1.000000000000000000e+00 9.992371773681740788e-01 0.000000000000000000e+00 3.905205967824684765e-02
3.860000000000000000e+02 1.000000000000000000e+00 9.992371773682289238e-01 0.000000000000000000e+00 3.905205967824904034e-02
3.870000000000000000e+02 1.000000000000000000e+00 9.992371773681864022e-01 0.000000000000000000e+00 3.905205967824716684e-02
3.880000000000000000e+02 1.000000000000000000e+00 9.992371773681014702e-01 0.000000000000000000e+00 3.905205967824395413e-02
3.890000000000000000e+02 1.000000000000000000e+00 9.992371773682239278e-01 0.000000000000000000e+00 3.905205967824869340e-02
3.900000000000000000e+02 1.000000000000000000e+00 9.992371773676849145e-01 0.000000000000000000e+00 3.905205967822773794e-02
3.910000000000000000e+02 1.000000000000000000e+00 9.992371773681395508e-01 0.000000000000000000e+00 3.905205967824567498e-02
3.920000000000000000e+02 1.000000000000000000e+00 9.992371773682146019e-01 0.000000000000000000e+00 3.905205967824842278e-02
3.930000000000000000e+02 1.000000000000000000e+00 9.992371773681965053e-01 0.000000000000000000e+00 3.905205967824752766e-02
3.940000000000000000e+02 1.000000000000000000e+00 9.992371773682147129e-01 0.000000000000000000e+00 3.905205967824850605e-02
3.950000000000000000e+02 1.000000000000000000e+00 9.992371773679831204e-01 0.000000000000000000e+00 3.905205967823917323e-02
3.960000000000000000e+02 1.000000000000000000e+00 9.992371773682106051e-01 0.000000000000000000e+00 3.905205967824822155e-02
3.970000000000000000e+02 1.000000000000000000e+00 9.992371773681544278e-01 0.000000000000000000e+00 3.905205967824600805e-02
3.980000000000000000e+02 1.000000000000000000e+00 9.992371773681137936e-01 0.000000000000000000e+00 3.905205967824457169e-02
3.990000000000000000e+02 1.000000000000000000e+00 9.992371773679504798e-01 0.000000000000000000e+00 3.905205967823757729e-02
4.000000000000000000e+02 1.000000000000000000e+00 9.992371773668464741e-01 0.000000000000000000e+00 3.905205967819476431e-02
4.010000000000000000e+02 1.000000000000000000e+00 9.992371773682195979e-01 0.000000000000000000e+00 3.905205967824854074e-02
4.020000000000000000e+02 1.000000000000000000e+00 9.992371773681990588e-01 0.000000000000000000e+00 3.905205967824749991e-02
4.030000000000000000e+02 1.000000000000000000e+00 9.992371773677387603e-01 0.000000000000000000e+00 3.905205967823000002e-02
4.040000000000000000e+02 1.000000000000000000e+00 9.992371773682110492e-01 0.000000000000000000e+00 3.905205967824820767e-02
4.050000000000000000e+02 1.000000000000000000e+00 9.992371773682404701e-01 0.000000000000000000e+00 3.905205967824938729e-02
4.060000000000000000e+02 1.000000000000000000e+00 9.992371773681871794e-01 0.000000000000000000e+00 3.905205967824747215e-02
4.070000000000000000e+02 1.000000000000000000e+00 9.992371773681585356e-01 0.000000000000000000e+00 3.905205967824613295e-02
4.080000000000000000e+02 1.000000000000000000e+00 9.992371773682247049e-01 0.000000000000000000e+00 3.905205967824897789e-02
4.090000000000000000e+02 1.000000000000000000e+00 9.992371773682011682e-01 0.000000000000000000e+00 3.905205967824780522e-02
4.100000000000000000e+02 1.000000000000000000e+00 9.992371773681493208e-01 0.000000000000000000e+00 3.905205967824566804e-02
4.110000000000000000e+02 1.000000000000000000e+00 9.992371773681476554e-01 0.000000000000000000e+00 3.905205967824559865e-02
4.120000000000000000e+02 1.000000000000000000e+00 9.992371773679651348e-01 0.000000000000000000e+00 3.905205967823847935e-02
4.130000000000000000e+02 1.000000000000000000e+00 9.992371773681261171e-01 0.000000000000000000e+00 3.905205967824486313e-02
4.140000000000000000e+02 1.000000000000000000e+00 9.992371773681407721e-01 0.000000000000000000e+00 3.905205967824545987e-02
4.150000000000000000e+02 1.000000000000000000e+00 9.992371773682137137e-01 0.000000000000000000e+00 3.905205967824822155e-02
4.160000000000000000e+02 1.000000000000000000e+00 9.992371773682237057e-01 0.000000000000000000e+00 3.905205967824873503e-02
4.170000000000000000e+02 1.000000000000000000e+00 9.992371773681704150e-01 0.000000000000000000e+00 3.905205967824671581e-02
4.180000000000000000e+02 1.000000000000000000e+00 9.992371773678132563e-01 0.000000000000000000e+00 3.905205967823269231e-02
4.190000000000000000e+02 1.000000000000000000e+00 9.992371773681697489e-01 0.000000000000000000e+00 3.905205967824661173e-02
4.200000000000000000e+02 1.000000000000000000e+00 9.992371773681897329e-01 0.000000000000000000e+00 3.905205967824722929e-02
4.210000000000000000e+02 1.000000000000000000e+00 9.992371773682200420e-01 0.000000000000000000e+00 3.905205967824836727e-02
4.220000000000000000e+02 1.000000000000000000e+00 9.992371773681153480e-01 0.000000000000000000e+00 3.905205967824451618e-02
4.230000000000000000e+02 1.000000000000000000e+00 9.992371773681401059e-01 0.000000000000000000e+00 3.905205967824577906e-02
4.240000000000000000e+02 1.000000000000000000e+00 9.992371773681925085e-01 0.000000000000000000e+00 3.905205967824747215e-02
4.250000000000000000e+02 1.000000000000000000e+00 9.992371773680024383e-01 0.000000000000000000e+00 3.905205967823999202e-02
4.260000000000000000e+02 1.000000000000000000e+00 9.992371773682100500e-01 0.000000000000000000e+00 3.905205967824792318e-02
4.270000000000000000e+02 1.000000000000000000e+00 9.992371773682010572e-01 0.000000000000000000e+00 3.905205967824784685e-02
4.280000000000000000e+02 1.000000000000000000e+00 9.992371773681041347e-01 0.000000000000000000e+00 3.905205967824378760e-02
4.290000000000000000e+02 1.000000000000000000e+00 9.992371773681917313e-01 0.000000000000000000e+00 3.905205967824749991e-02
4.300000000000000000e+02 1.000000000000000000e+00 9.992371773682031666e-01 0.000000000000000000e+00 3.905205967824797175e-02
4.310000000000000000e+02 1.000000000000000000e+00 9.992371773681998359e-01 0.000000000000000000e+00 3.905205967824785379e-02
4.320000000000000000e+02 1.000000000000000000e+00 9.992371773680843727e-01 0.000000000000000000e+00 3.905205967824293412e-02
4.330000000000000000e+02 1.000000000000000000e+00 9.992371773680664981e-01 0.000000000000000000e+00 3.905205967824235125e-02
4.340000000000000000e+02 1.000000000000000000e+00 9.992371773681878455e-01 0.000000000000000000e+00 3.905205967824726399e-02
4.350000000000000000e+02 1.000000000000000000e+00 9.992371773681535396e-01 0.000000000000000000e+00 3.905205967824541824e-02
4.360000000000000000e+02 1.000000000000000000e+00 9.992371773680555069e-01 0.000000000000000000e+00 3.905205967824202512e-02
4.370000000000000000e+02 1.000000000000000000e+00 9.992371773678048186e-01 0.000000000000000000e+00 3.905205967823208169e-02
4.380000000000000000e+02 1.000000000000000000e+00 9.992371773681956171e-01 0.000000000000000000e+00 3.905205967824731256e-02
4.390000000000000000e+02 1.000000000000000000e+00 9.992371773682202640e-01 0.000000000000000000e+00 3.905205967824822155e-02
4.400000000000000000e+02 1.000000000000000000e+00 9.992371773681163472e-01 0.000000000000000000e+00 3.905205967824425251e-02
4.410000000000000000e+02 1.000000000000000000e+00 9.992371773681701930e-01 0.000000000000000000e+00 3.905205967824638968e-02
4.420000000000000000e+02 1.000000000000000000e+00 9.992371773679868951e-01 0.000000000000000000e+00 3.905205967823938140e-02
4.430000000000000000e+02 1.000000000000000000e+00 9.992371773681762992e-01 0.000000000000000000e+00 3.905205967824684071e-02
4.440000000000000000e+02 1.000000000000000000e+00 9.992371773682104941e-01 0.000000000000000000e+00 3.905205967824815216e-02
4.450000000000000000e+02 1.000000000000000000e+00 9.992371773681013591e-01 0.000000000000000000e+00 3.905205967824390556e-02
4.460000000000000000e+02 1.000000000000000000e+00 9.992371773681381075e-01 0.000000000000000000e+00 3.905205967824502966e-02
4.470000000000000000e+02 1.000000000000000000e+00 9.992371773681557601e-01 0.000000000000000000e+00 3.905205967824587621e-02
4.480000000000000000e+02 1.000000000000000000e+00 9.992371773681408831e-01 0.000000000000000000e+00 3.905205967824550151e-02
4.490000000000000000e+02 1.000000000000000000e+00 9.992371773674164626e-01 0.000000000000000000e+00 3.905205967821691326e-02
4.500000000000000000e+02 1.000000000000000000e+00 9.992371773682093838e-01 0.000000000000000000e+00 3.905205967824797175e-02
4.510000000000000000e+02 1.000000000000000000e+00 9.992371773681549829e-01 0.000000000000000000e+00 3.905205967824588315e-02
4.520000000000000000e+02 1.000000000000000000e+00 9.992371773682205971e-01 0.000000000000000000e+00 3.905205967824824931e-02
4.530000000000000000e+02 1.000000000000000000e+00 9.992371773682041658e-01 0.000000000000000000e+00 3.905205967824809665e-02
4.540000000000000000e+02 1.000000000000000000e+00 9.992371773681913982e-01 0.000000000000000000e+00 3.905205967824738195e-02
4.550000000000000000e+02 1.000000000000000000e+00 9.992371773682064973e-01 0.000000000000000000e+00 3.905205967824779828e-02
4.560000000000000000e+02 1.000000000000000000e+00 9.992371773681452130e-01 0.000000000000000000e+00 3.905205967824563335e-02
4.570000000000000000e+02 1.000000000000000000e+00 9.992371773674142421e-01 0.000000000000000000e+00 3.905205967821710755e-02
4.580000000000000000e+02 1.000000000000000000e+00 9.992371773681704150e-01 0.000000000000000000e+00 3.905205967824641744e-02
4.590000000000000000e+02 1.000000000000000000e+00 9.992371773673589530e-01 0.000000000000000000e+00 3.905205967821449159e-02
4.600000000000000000e+02 1.000000000000000000e+00 9.992371773680286395e-01 0.000000000000000000e+00 3.905205967824094959e-02
4.610000000000000000e+02 1.000000000000000000e+00 9.992371773681605340e-01 0.000000000000000000e+00 3.905205967824640356e-02
4.620000000000000000e+02 1.000000000000000000e+00 9.992371773680912561e-01 0.000000000000000000e+00 3.905205967824327412e-02
4.630000000000000000e+02 1.000000000000000000e+00 9.992371773681532066e-01 0.000000000000000000e+00 3.905205967824555702e-02
4.640000000000000000e+02 1.000000000000000000e+00 9.992371773681264502e-01 0.000000000000000000e+00 3.905205967824511987e-02
4.650000000000000000e+02 1.000000000000000000e+00 9.992371773678642155e-01 0.000000000000000000e+00 3.905205967823475316e-02
4.660000000000000000e+02 1.000000000000000000e+00 9.992371773681516522e-01 0.000000000000000000e+00 3.905205967824585539e-02
4.670000000000000000e+02 1.000000000000000000e+00 9.992371773682292568e-01 0.000000000000000000e+00 3.905205967824940116e-02
4.680000000000000000e+02 1.000000000000000000e+00 9.992371773681566482e-01 0.000000000000000000e+00 3.905205967824609825e-02
4.690000000000000000e+02 1.000000000000000000e+00 9.992371773681478775e-01 0.000000000000000000e+00 3.905205967824586233e-02
4.700000000000000000e+02 1.000000000000000000e+00 9.992371773681810732e-01 0.000000000000000000e+00 3.905205967824695173e-02
4.710000000000000000e+02 1.000000000000000000e+00 9.992371773681145708e-01 0.000000000000000000e+00 3.905205967824421087e-02
4.720000000000000000e+02 1.000000000000000000e+00 9.992371773681194558e-01 0.000000000000000000e+00 3.905205967824437741e-02
4.730000000000000000e+02 1.000000000000000000e+00 9.992371773676721469e-01 0.000000000000000000e+00 3.905205967822707180e-02
4.740000000000000000e+02 1.000000000000000000e+00 9.992371773681072433e-01 0.000000000000000000e+00 3.905205967824409985e-02
4.750000000000000000e+02 1.000000000000000000e+00 9.992371773681688607e-01 0.000000000000000000e+00 3.905205967824650071e-02
4.760000000000000000e+02 1.000000000000000000e+00 9.992371773681365532e-01 0.000000000000000000e+00 3.905205967824516844e-02
4.770000000000000000e+02 1.000000000000000000e+00 9.992371773681788527e-01 0.000000000000000000e+00 3.905205967824649377e-02
4.780000000000000000e+02 1.000000000000000000e+00 9.992371773680599478e-01 0.000000000000000000e+00 3.905205967824186553e-02
4.790000000000000000e+02 1.000000000000000000e+00 9.992371773681650859e-01 0.000000000000000000e+00 3.905205967824630642e-02
4.800000000000000000e+02 1.000000000000000000e+00 9.992371773680683855e-01 0.000000000000000000e+00 3.905205967824235819e-02
4.810000000000000000e+02 1.000000000000000000e+00 9.992371773682297009e-01 0.000000000000000000e+00 3.905205967824887381e-02
4.820000000000000000e+02 1.000000000000000000e+00 9.992371773679438185e-01 0.000000000000000000e+00 3.905205967823729973e-02
4.830000000000000000e+02 1.000000000000000000e+00 9.992371773680759350e-01 0.000000000000000000e+00 3.905205967824321167e-02
4.840000000000000000e+02 1.000000000000000000e+00 9.992371773668524693e-01 0.000000000000000000e+00 3.905205967819534024e-02
4.850000000000000000e+02 1.000000000000000000e+00 9.992371773681066882e-01 0.000000000000000000e+00 3.905205967824394719e-02
4.860000000000000000e+02 1.000000000000000000e+00 9.992371773681854030e-01 0.000000000000000000e+00 3.905205967824705582e-02
4.870000000000000000e+02 1.000000000000000000e+00 9.992371773681589797e-01 0.000000000000000000e+00 3.905205967824595253e-02
4.880000000000000000e+02 1.000000000000000000e+00 9.992371773682022784e-01 0.000000000000000000e+00 3.905205967824774971e-02
4.890000000000000000e+02 1.000000000000000000e+00 9.992371773681376634e-01 0.000000000000000000e+00 3.905205967824511987e-02
4.900000000000000000e+02 1.000000000000000000e+00 9.992371773681273384e-01 0.000000000000000000e+00 3.905205967824480762e-02
4.910000000000000000e+02 1.000000000000000000e+00 9.992371773678834224e-01 0.000000000000000000e+00 3.905205967823525970e-02
4.920000000000000000e+02 1.000000000000000000e+00 9.992371773680431835e-01 0.000000000000000000e+00 3.905205967824158103e-02
4.930000000000000000e+02 1.000000000000000000e+00 9.992371773679029623e-01 0.000000000000000000e+00 3.905205967823605073e-02
4.940000000000000000e+02 1.000000000000000000e+00 9.992371773681660851e-01 0.000000000000000000e+00 3.905205967824627866e-02
4.950000000000000000e+02 1.000000000000000000e+00 9.992371773679907809e-01 0.000000000000000000e+00 3.905205967823942304e-02
4.960000000000000000e+02 1.000000000000000000e+00 9.992371773681762992e-01 0.000000000000000000e+00 3.905205967824690316e-02
4.970000000000000000e+02 1.000000000000000000e+00 9.992371773681256730e-01 0.000000000000000000e+00 3.905205967824465496e-02
4.980000000000000000e+02 1.000000000000000000e+00 9.992371773681576475e-01 0.000000000000000000e+00 3.905205967824618152e-02
4.990000000000000000e+02 1.000000000000000000e+00 9.992371773681579805e-01 0.000000000000000000e+00 3.905205967824612601e-02
5.000000000000000000e+02 1.000000000000000000e+00 9.992371773680417402e-01 0.000000000000000000e+00 3.905205967824179614e-02
5.010000000000000000e+02 1.000000000000000000e+00 9.992371773676195224e-01 0.000000000000000000e+00 3.905205967822496238e-02
5.020000000000000000e+02 1.000000000000000000e+00 9.992371773678507818e-01 0.000000000000000000e+00 3.905205967823388580e-02
5.030000000000000000e+02 1.000000000000000000e+00 9.992371773678089264e-01 0.000000000000000000e+00 3.905205967823228985e-02
5.040000000000000000e+02 1.000000000000000000e+00 9.992371773681498759e-01 0.000000000000000000e+00 3.905205967824573743e-02
5.050000000000000000e+02 1.000000000000000000e+00 9.992371773681216762e-01 0.000000000000000000e+00 3.905205967824451618e-02
5.060000000000000000e+02 1.000000000000000000e+00 9.992371773681398839e-01 0.000000000000000000e+00 3.905205967824573743e-02
5.070000000000000000e+02 1.000000000000000000e+00 9.992371773681698599e-01 0.000000000000000000e+00 3.905205967824650071e-02
5.080000000000000000e+02 1.000000000000000000e+00 9.992371773680258640e-01 0.000000000000000000e+00 3.905205967824104674e-02
5.090000000000000000e+02 1.000000000000000000e+00 9.992371773681368863e-01 0.000000000000000000e+00 3.905205967824525171e-02
5.100000000000000000e+02 1.000000000000000000e+00 9.992371773672606983e-01 0.000000000000000000e+00 3.905205967821104296e-02
5.110000000000000000e+02 1.000000000000000000e+00 9.992371773680144287e-01 0.000000000000000000e+00 3.905205967824064428e-02
