512 4
0.000000000000000000e+00 1.000000000000000000e+00 9.992371773670536417e-01 0.000000000000000000e+00 3.905205967820281343e-02
1.000000000000000000e+00 1.000000000000000000e+00 9.992371773682413583e-01 0.000000000000000000e+00 3.905205967824953994e-02
2.000000000000000000e+00 1.000000000000000000e+00 9.992371773682460212e-01 0.000000000000000000e+00 3.905205967824962321e-02
3.000000000000000000e+00 1.000000000000000000e+00 9.992371773682473535e-01 0.000000000000000000e+00 3.905205967824999097e-02
4.000000000000000000e+00 1.000000000000000000e+00 9.992371773682356961e-01 0.000000000000000000e+00 3.905205967824940810e-02
5.000000000000000000e+00 1.000000000000000000e+00 9.992371773682389158e-01 0.000000000000000000e+00 3.905205967824926239e-02
6.000000000000000000e+00 1.000000000000000000e+00 9.992371773682485747e-01 0.000000000000000000e+00 3.905205967824980362e-02
7.000000000000000000e+00 1.000000000000000000e+00 9.992371773682436897e-01 0.000000000000000000e+00 3.905205967824947055e-02
8.000000000000000000e+00 1.000000000000000000e+00 9.992371773682504621e-01 0.000000000000000000e+00 3.905205967824999791e-02
9.000000000000000000e+00 1.000000000000000000e+00 9.992371773680895908e-01 0.000000000000000000e+00 3.905205967824210145e-02
1.000000000000000000e+01 1.000000000000000000e+00 9.992371773681955061e-01 0.000000000000000000e+00 3.905205967824702806e-02
1.100000000000000000e+01 1.000000000000000000e+00 9.992371773682484637e-01 0.000000000000000000e+00 3.905205967824985913e-02
1.200000000000000000e+01 1.000000000000000000e+00 9.992371773682469094e-01 0.000000000000000000e+00 3.905205967824919300e-02
1.300000000000000000e+01 1.000000000000000000e+00 9.992371773682104941e-01 0.000000000000000000e+00 3.905205967824836033e-02
1.400000000000000000e+01 1.000000000000000000e+00 9.992371773681943958e-01 0.000000000000000000e+00 3.905205967824787461e-02
1.500000000000000000e+01 1.000000000000000000e+00 9.992371773682429126e-01 0.000000000000000000e+00 3.905205967824969260e-02
1.600000000000000000e+01 1.000000000000000000e+00 9.992371773681973934e-01 0.000000000000000000e+00 3.905205967824666724e-02
1.700000000000000000e+01 1.000000000000000000e+00 9.992371773681130165e-01 0.000000000000000000e+00 3.905205967824326718e-02
1.800000000000000000e+01 1.000000000000000000e+00 9.992371773682244829e-01 0.000000000000000000e+00 3.905205967824888769e-02
1.900000000000000000e+01 1.000000000000000000e+00 9.992371773682424685e-01 0.000000000000000000e+00 3.905205967824960239e-02
2.000000000000000000e+01 1.000000000000000000e+00 9.992371773682448000e-01 0.000000000000000000e+00 3.905205967824935953e-02
2.100000000000000000e+01 1.000000000000000000e+00 9.992371773682329206e-01 0.000000000000000000e+00 3.905205967824938729e-02
2.200000000000000000e+01 1.000000000000000000e+00 9.992371773682253711e-01 0.000000000000000000e+00 3.905205967824917912e-02
2.300000000000000000e+01 1.000000000000000000e+00 9.992371773682346969e-01 0.000000000000000000e+00 3.905205967824935953e-02
2.400000000000000000e+01 1.000000000000000000e+00 9.992371773682534597e-01 0.000000000000000000e+00 3.905205967824595947e-02
2.500000000000000000e+01 1.000000000000000000e+00 9.992371773682457992e-01 0.000000000000000000e+00 3.905205967824949137e-02
2.600000000000000000e+01 1.000000000000000000e+00 9.992371773682197089e-01 0.000000000000000000e+00 3.905205967824891544e-02
2.700000000000000000e+01 1.000000000000000000e+00 9.992371773682442448e-01 0.000000000000000000e+00 3.905205967824923463e-02
2.800000000000000000e+01 1.000000000000000000e+00 9.992371773682473535e-01 0.000000000000000000e+00 3.905205967824956770e-02
2.900000000000000000e+01 1.000000000000000000e+00 9.992371773679333824e-01 0.000000000000000000e+00 3.905205967823724422e-02
3.000000000000000000e+01 1.000000000000000000e+00 9.992371773682160452e-01 0.000000000000000000e+00 3.905205967824942198e-02
3.100000000000000000e+01 1.000000000000000000e+00 9.992371773682269254e-01 0.000000000000000000e+00 3.905205967824911667e-02
3.200000000000000000e+01 1.000000000000000000e+00 9.992371773682051650e-01 0.000000000000000000e+00 3.905205967824699337e-02
3.300000000000000000e+01 1.000000000000000000e+00 9.992371773682331426e-01 0.000000000000000000e+00 3.905205967824958158e-02
3.400000000000000000e+01 1.000000000000000000e+00 9.992371773681807401e-01 0.000000000000000000e+00 3.905205967824679214e-02
3.500000000000000000e+01 1.000000000000000000e+00 9.992371773682529046e-01 0.000000000000000000e+00 3.905205967824947749e-02
3.600000000000000000e+01 1.000000000000000000e+00 9.992371773682500180e-01 0.000000000000000000e+00 3.905205967824615376e-02
3.700000000000000000e+01 1.000000000000000000e+00 9.992371773682304781e-01 0.000000000000000000e+00 3.905205967825017832e-02
3.800000000000000000e+01 1.000000000000000000e+00 9.992371773682322544e-01 0.000000000000000000e+00 3.905205967824942892e-02
3.900000000000000000e+01 1.000000000000000000e+00 9.992371773682504621e-01 0.000000000000000000e+00 3.905205967824952606e-02
4.000000000000000000e+01 1.000000000000000000e+00 9.992371773682131586e-01 0.000000000000000000e+00 3.905205967824838809e-02
4.100000000000000000e+01 1.000000000000000000e+00 9.992371773681857361e-01 0.000000000000000000e+00 3.905205967824668112e-02
4.200000000000000000e+01 1.000000000000000000e+00 9.992371773682191538e-01 0.000000000000000000e+00 3.905205967824901259e-02
4.300000000000000000e+01 1.000000000000000000e+00 9.992371773682320324e-01 0.000000000000000000e+00 3.905205967824958158e-02
4.400000000000000000e+01 1.000000000000000000e+00 9.992371773681301139e-01 0.000000000000000000e+00 3.905205967824482843e-02
4.500000000000000000e+01 1.000000000000000000e+00 9.992371773682419134e-01 0.000000000000000000e+00 3.905205967824930402e-02
4.600000000000000000e+01 1.000000000000000000e+00 9.992371773682282576e-01 0.000000000000000000e+00 3.905205967824898483e-02
4.700000000000000000e+01 1.000000000000000000e+00 9.992371773682396929e-01 0.000000000000000000e+00 3.905205967824947055e-02
4.800000000000000000e+01 1.000000000000000000e+00 9.992371773682389158e-01 0.000000000000000000e+00 3.905205967824915136e-02
4.900000000000000000e+01 1.000000000000000000e+00 9.992371773682169334e-01 0.000000000000000000e+00 3.905205967824885299e-02
5.000000000000000000e+01 1.000000000000000000e+00 9.992371773682406921e-01 0.000000000000000000e+00 3.905205967824924851e-02
5.100000000000000000e+01 1.000000000000000000e+00 9.992371773682299230e-01 0.000000000000000000e+00 3.905205967824956770e-02
5.200000000000000000e+01 1.000000000000000000e+00 9.992371773682429126e-01 0.000000000000000000e+00 3.905205967824951219e-02
5.300000000000000000e+01 1.000000000000000000e+00 9.992371773682445779e-01 0.000000000000000000e+00 3.905205967824939423e-02
5.400000000000000000e+01 1.000000000000000000e+00 9.992371773682409142e-01 0.000000000000000000e+00 3.905205967824926239e-02
5.500000000000000000e+01 1.000000000000000000e+00 9.992371773682436897e-01 0.000000000000000000e+00 3.905205967824974811e-02
5.600000000000000000e+01 1.000000000000000000e+00 9.992371773682489078e-01 0.000000000000000000e+00 3.905205967824944280e-02
5.700000000000000000e+01 1.000000000000000000e+00 9.992371773682491298e-01 0.000000000000000000e+00 3.905205967824991464e-02
5.800000000000000000e+01 1.000000000000000000e+00 9.992371773672661384e-01 0.000000000000000000e+00 3.905205967821100133e-02
5.900000000000000000e+01 1.000000000000000000e+00 9.992371773682421354e-01 0.000000000000000000e+00 3.905205967824935259e-02
6.000000000000000000e+01 1.000000000000000000e+00 9.992371773682178215e-01 0.000000000000000000e+00 3.905205967824828400e-02
6.100000000000000000e+01 1.000000000000000000e+00 9.992371773682486857e-01 0.000000000000000000e+00 3.905205967824963709e-02
6.200000000000000000e+01 1.000000000000000000e+00 9.992371773682436897e-01 0.000000000000000000e+00 3.905205967824950525e-02
6.300000000000000000e+01 1.000000000000000000e+00 9.992371773682159342e-01 0.000000000000000000e+00 3.905205967824924851e-02
6.400000000000000000e+01 1.000000000000000000e+00 9.992371773682449110e-01 0.000000000000000000e+00 3.905205967824978974e-02
6.500000000000000000e+01 1.000000000000000000e+00 9.992371773682400260e-01 0.000000000000000000e+00 3.905205967824958158e-02
6.600000000000000000e+01 1.000000000000000000e+00 9.992371773680808200e-01 0.000000000000000000e+00 3.905205967824300350e-02
6.700000000000000000e+01 1.000000000000000000e+00 9.992371773680883695e-01 0.000000000000000000e+00 3.905205967824324637e-02
6.800000000000000000e+01 1.000000000000000000e+00 9.992371773681436586e-01 0.000000000000000000e+00 3.905205967824449537e-02
6.900000000000000000e+01 1.000000000000000000e+00 9.992371773681854030e-01 0.000000000000000000e+00 3.905205967824704888e-02
7.000000000000000000e+01 1.000000000000000000e+00 9.992371773682167113e-01 0.000000000000000000e+00 3.905205967824897095e-02
7.100000000000000000e+01 1.000000000000000000e+00 9.992371773681660851e-01 0.000000000000000000e+00 3.905205967824598723e-02
7.200000000000000000e+01 1.000000000000000000e+00 9.992371773682482416e-01 0.000000000000000000e+00 3.905205967824986607e-02
7.300000000000000000e+01 1.000000000000000000e+00 9.992371773682183766e-01 0.000000000000000000e+00 3.905205967824910973e-02
7.400000000000000000e+01 1.000000000000000000e+00 9.992371773682449110e-01 0.000000000000000000e+00 3.905205967824935953e-02
7.500000000000000000e+01 1.000000000000000000e+00 9.992371773682364733e-01 0.000000000000000000e+00 3.905205967824924851e-02
7.600000000000000000e+01 1.000000000000000000e+00 9.992371773682288127e-01 0.000000000000000000e+00 3.905205967824898483e-02
7.700000000000000000e+01 1.000000000000000000e+00 9.992371773680687186e-01 0.000000000000000000e+00 3.905205967824235819e-02
7.800000000000000000e+01 1.000000000000000000e+00 9.992371773682360292e-01 0.000000000000000000e+00 3.905205967824926933e-02
7.900000000000000000e+01 1.000000000000000000e+00 9.992371773682378056e-01 0.000000000000000000e+00 3.905205967824945668e-02
8.000000000000000000e+01 1.000000000000000000e+00 9.992371773682133806e-01 0.000000000000000000e+00 3.905205967824822155e-02
8.100000000000000000e+01 1.000000000000000000e+00 9.992371773682358072e-01 0.000000000000000000e+00 3.905205967824956770e-02
8.200000000000000000e+01 1.000000000000000000e+00 9.992371773682403591e-01 0.000000000000000000e+00 3.905205967824942892e-02
8.300000000000000000e+01 1.000000000000000000e+00 9.992371773682431346e-01 0.000000000000000000e+00 3.905205967824945668e-02
8.400000000000000000e+01 1.000000000000000000e+00 9.992371773682288127e-01 0.000000000000000000e+00 3.905205967824929014e-02
8.500000000000000000e+01 1.000000000000000000e+00 9.992371773680935876e-01 0.000000000000000000e+00 3.905205967824321861e-02
8.600000000000000000e+01 1.000000000000000000e+00 9.992371773682134917e-01 0.000000000000000000e+00 3.905205967824832564e-02
8.700000000000000000e+01 1.000000000000000000e+00 9.992371773682346969e-01 0.000000000000000000e+00 3.905205967824950525e-02
8.800000000000000000e+01 1.000000000000000000e+00 9.992371773682171554e-01 0.000000000000000000e+00 3.905205967824879054e-02
8.900000000000000000e+01 1.000000000000000000e+00 9.992371773682364733e-01 0.000000000000000000e+00 3.905205967824885299e-02
9.000000000000000000e+01 1.000000000000000000e+00 9.992371773682215963e-01 0.000000000000000000e+00 3.905205967824872115e-02
9.100000000000000000e+01 1.000000000000000000e+00 9.992371773682307001e-01 0.000000000000000000e+00 3.905205967824905422e-02
9.200000000000000000e+01 1.000000000000000000e+00 9.992371773682314773e-01 0.000000000000000000e+00 3.905205967824942198e-02
9.300000000000000000e+01 1.000000000000000000e+00 9.992371773682138247e-01 0.000000000000000000e+00 3.905205967824811053e-02
9.400000000000000000e+01 1.000000000000000000e+00 9.992371773682378056e-01 0.000000000000000000e+00 3.905205967824960933e-02
9.500000000000000000e+01 1.000000000000000000e+00 9.992371773682421354e-01 0.000000000000000000e+00 3.905205967824932484e-02
9.600000000000000000e+01 1.000000000000000000e+00 9.992371773682409142e-01 0.000000000000000000e+00 3.905205967824949831e-02
9.700000000000000000e+01 1.000000000000000000e+00 9.992371773682491298e-01 0.000000000000000000e+00 3.905205967824981056e-02
9.800000000000000000e+01 1.000000000000000000e+00 9.992371773682275915e-01 0.000000000000000000e+00 3.905205967824915136e-02
9.900000000000000000e+01 1.000000000000000000e+00 9.992371773682451330e-01 0.000000000000000000e+00 3.905205967824960933e-02
1.000000000000000000e+02 1.000000000000000000e+00 9.992371773682446889e-01 0.000000000000000000e+00 3.905205967824891544e-02
1.010000000000000000e+02 1.000000000000000000e+00 9.992371773681709701e-01 0.000000000000000000e+00 3.905205967824580682e-02
1.020000000000000000e+02 1.000000000000000000e+00 9.992371773682229286e-01 0.000000000000000000e+00 3.905205967824885299e-02
1.030000000000000000e+02 1.000000000000000000e+00 9.992371773681076874e-01 0.000000000000000000e+00 3.905205967824386393e-02
1.040000000000000000e+02 1.000000000000000000e+00 9.992371773682231506e-01 0.000000000000000000e+00 3.905205967824874197e-02
1.050000000000000000e+02 1.000000000000000000e+00 9.992371773682471314e-01 0.000000000000000000e+00 3.905205967824945668e-02
1.060000000000000000e+02 1.000000000000000000e+00 9.992371773681001379e-01 0.000000000000000000e+00 3.905205967824292024e-02
1.070000000000000000e+02 1.000000000000000000e+00 9.992371773682217073e-01 0.000000000000000000e+00 3.905205967824910973e-02
1.080000000000000000e+02 1.000000000000000000e+00 9.992371773682422464e-01 0.000000000000000000e+00 3.905205967824949831e-02
1.090000000000000000e+02 1.000000000000000000e+00 9.992371773682453551e-01 0.000000000000000000e+00 3.905205967824899871e-02
1.100000000000000000e+02 1.000000000000000000e+00 9.992371773682454661e-01 0.000000000000000000e+00 3.905205967824932484e-02
1.110000000000000000e+02 1.000000000000000000e+00 9.992371773682466873e-01 0.000000000000000000e+00 3.905205967824949831e-02
1.120000000000000000e+02 1.000000000000000000e+00 9.992371773682379166e-01 0.000000000000000000e+00 3.905205967824933178e-02
1.130000000000000000e+02 1.000000000000000000e+00 9.992371773682489078e-01 0.000000000000000000e+00 3.905205967824919300e-02
1.140000000000000000e+02 1.000000000000000000e+00 9.992371773682111602e-01 0.000000000000000000e+00 3.905205967824862401e-02
1.150000000000000000e+02 1.000000000000000000e+00 9.992371773682395819e-01 0.000000000000000000e+00 3.905205967824938729e-02
1.160000000000000000e+02 1.000000000000000000e+00 9.992371773680099878e-01 0.000000000000000000e+00 3.905205967823995039e-02
1.170000000000000000e+02 1.000000000000000000e+00 9.992371773682340308e-01 0.000000000000000000e+00 3.905205967824963709e-02
1.180000000000000000e+02 1.000000000000000000e+00 9.992371773682369174e-01 0.000000000000000000e+00 3.905205967824964403e-02
1.190000000000000000e+02 1.000000000000000000e+00 9.992371773682355851e-01 0.000000000000000000e+00 3.905205967824933178e-02
1.200000000000000000e+02 1.000000000000000000e+00 9.992371773682342528e-01 0.000000000000000000e+00 3.905205967824919300e-02
1.210000000000000000e+02 1.000000000000000000e+00 9.992371773682127145e-01 0.000000000000000000e+00 3.905205967824872809e-02
1.220000000000000000e+02 1.000000000000000000e+00 9.992371773682466873e-01 0.000000000000000000e+00 3.905205967824922075e-02
1.230000000000000000e+02 1.000000000000000000e+00 9.992371773682477976e-01 0.000000000000000000e+00 3.905205967824922075e-02
1.240000000000000000e+02 1.000000000000000000e+00 9.992371773682484637e-01 0.000000000000000000e+00 3.905205967824957464e-02
1.250000000000000000e+02 1.000000000000000000e+00 9.992371773681931746e-01 0.000000000000000000e+00 3.905205967824688928e-02
1.260000000000000000e+02 1.000000000000000000e+00 9.992371773682352520e-01 0.000000000000000000e+00 3.905205967824924851e-02
1.270000000000000000e+02 1.000000000000000000e+00 9.992371773682160452e-01 0.000000000000000000e+00 3.905205967824872809e-02
1.280000000000000000e+02 1.000000000000000000e+00 9.992371773682017233e-01 0.000000000000000000e+00 3.905205967824833951e-02
1.290000000000000000e+02 1.000000000000000000e+00 9.992371773681538727e-01 0.000000000000000000e+00 3.905205967824507823e-02
1.300000000000000000e+02 1.000000000000000000e+00 9.992371773682493519e-01 0.000000000000000000e+00 3.905205967824983138e-02
1.310000000000000000e+02 1.000000000000000000e+00 9.992371773682260372e-01 0.000000000000000000e+00 3.905205967824866564e-02
1.320000000000000000e+02 1.000000000000000000e+00 9.992371773682462432e-01 0.000000000000000000e+00 3.905205967824905422e-02
1.330000000000000000e+02 1.000000000000000000e+00 9.992371773681670843e-01 0.000000000000000000e+00 3.905205967824721541e-02
1.340000000000000000e+02 1.000000000000000000e+00 9.992371773682284797e-01 0.000000000000000000e+00 3.905205967824923463e-02
1.350000000000000000e+02 1.000000000000000000e+00 9.992371773682305891e-01 0.000000000000000000e+00 3.905205967824894320e-02
1.360000000000000000e+02 1.000000000000000000e+00 9.992371773682026115e-01 0.000000000000000000e+00 3.905205967824797869e-02
1.370000000000000000e+02 1.000000000000000000e+00 9.992371773682406921e-01 0.000000000000000000e+00 3.905205967824919994e-02
1.380000000000000000e+02 1.000000000000000000e+00 9.992371773682413583e-01 0.000000000000000000e+00 3.905205967824932484e-02
1.390000000000000000e+02 1.000000000000000000e+00 9.992371773682365843e-01 0.000000000000000000e+00 3.905205967824902646e-02
1.400000000000000000e+02 1.000000000000000000e+00 9.992371773682414693e-01 0.000000000000000000e+00 3.905205967824956076e-02
1.410000000000000000e+02 1.000000000000000000e+00 9.992371773682371394e-01 0.000000000000000000e+00 3.905205967824919300e-02
1.420000000000000000e+02 1.000000000000000000e+00 9.992371773682402480e-01 0.000000000000000000e+00 3.905205967824910279e-02
1.430000000000000000e+02 1.000000000000000000e+00 9.992371773681817393e-01 0.000000000000000000e+00 3.905205967824645907e-02
1.440000000000000000e+02 1.000000000000000000e+00 9.992371773681572034e-01 0.000000000000000000e+00 3.905205967824537661e-02
1.450000000000000000e+02 1.000000000000000000e+00 9.992371773682013902e-01 0.000000000000000000e+00 3.905205967824725705e-02
1.460000000000000000e+02 1.000000000000000000e+00 9.992371773682178215e-01 0.000000000000000000e+00 3.905205967824854768e-02
1.470000000000000000e+02 1.000000000000000000e+00 9.992371773682424685e-01 0.000000000000000000e+00 3.905205967824930402e-02
1.480000000000000000e+02 1.000000000000000000e+00 9.992371773682442448e-01 0.000000000000000000e+00 3.905205967824952606e-02
1.490000000000000000e+02 1.000000000000000000e+00 9.992371773682432456e-01 0.000000000000000000e+00 3.905205967824933178e-02
1.500000000000000000e+02 1.000000000000000000e+00 9.992371773682265923e-01 0.000000000000000000e+00 3.905205967824865176e-02
1.510000000000000000e+02 1.000000000000000000e+00 9.992371773682290348e-01 0.000000000000000000e+00 3.905205967824874197e-02
1.520000000000000000e+02 1.000000000000000000e+00 9.992371773682582337e-01 0.000000000000000000e+00 3.905205967824795094e-02
1.530000000000000000e+02 1.000000000000000000e+00 9.992371773681381075e-01 0.000000000000000000e+00 3.905205967824593866e-02
1.540000000000000000e+02 1.000000000000000000e+00 9.992371773681807401e-01 0.000000000000000000e+00 3.905205967824687541e-02
1.550000000000000000e+02 1.000000000000000000e+00 9.992371773682147129e-01 0.000000000000000000e+00 3.905205967824844360e-02
1.560000000000000000e+02 1.000000000000000000e+00 9.992371773680530644e-01 0.000000000000000000e+00 3.905205967824160879e-02
1.570000000000000000e+02 1.000000000000000000e+00 9.992371773682298119e-01 0.000000000000000000e+00 3.905205967824874891e-02
1.580000000000000000e+02 1.000000000000000000e+00 9.992371773682116043e-01 0.000000000000000000e+00 3.905205967824861707e-02
1.590000000000000000e+02 1.000000000000000000e+00 9.992371773682271474e-01 0.000000000000000000e+00 3.905205967824888769e-02
1.600000000000000000e+02 1.000000000000000000e+00 9.992371773682463543e-01 0.000000000000000000e+00 3.905205967824954688e-02
1.610000000000000000e+02 1.000000000000000000e+00 9.992371773682171554e-01 0.000000000000000000e+00 3.905205967824895014e-02
1.620000000000000000e+02 1.000000000000000000e+00 9.992371773682364733e-01 0.000000000000000000e+00 3.905205967824960933e-02
1.630000000000000000e+02 1.000000000000000000e+00 9.992371773682124925e-01 0.000000000000000000e+00 3.905205967824842278e-02
1.640000000000000000e+02 1.000000000000000000e+00 9.992371773682341418e-01 0.000000000000000000e+00 3.905205967824953994e-02
1.650000000000000000e+02 1.000000000000000000e+00 9.992371773682251490e-01 0.000000000000000000e+00 3.905205967824908198e-02
1.660000000000000000e+02 1.000000000000000000e+00 9.992371773682444669e-01 0.000000000000000000e+00 3.905205967824931790e-02
1.670000000000000000e+02 1.000000000000000000e+00 9.992371773682051650e-01 0.000000000000000000e+00 3.905205967824676438e-02
1.680000000000000000e+02 1.000000000000000000e+00 9.992371773682187097e-01 0.000000000000000000e+00 3.905205967824905422e-02
1.690000000000000000e+02 1.000000000000000000e+00 9.992371773682433567e-01 0.000000000000000000e+00 3.905205967824927626e-02
1.700000000000000000e+02 1.000000000000000000e+00 9.992371773682312552e-01 0.000000000000000000e+00 3.905205967824942892e-02
1.710000000000000000e+02 1.000000000000000000e+00 9.992371773681929525e-01 0.000000000000000000e+00 3.905205967824718072e-02
1.720000000000000000e+02 1.000000000000000000e+00 9.992371773681949509e-01 0.000000000000000000e+00 3.905205967824751379e-02
1.730000000000000000e+02 1.000000000000000000e+00 9.992371773682352520e-01 0.000000000000000000e+00 3.905205967824964403e-02
1.740000000000000000e+02 1.000000000000000000e+00 9.992371773681950620e-01 0.000000000000000000e+00 3.905205967824741664e-02
1.750000000000000000e+02 1.000000000000000000e+00 9.992371773682235947e-01 0.000000000000000000e+00 3.905205967824879748e-02
1.760000000000000000e+02 1.000000000000000000e+00 9.992371773682431346e-01 0.000000000000000000e+00 3.905205967824901953e-02
1.770000000000000000e+02 1.000000000000000000e+00 9.992371773681871794e-01 0.000000000000000000e+00 3.905205967824681990e-02
1.780000000000000000e+02 1.000000000000000000e+00 9.992371773681285596e-01 0.000000000000000000e+00 3.905205967824459945e-02
1.790000000000000000e+02 1.000000000000000000e+00 9.992371773682231506e-01 0.000000000000000000e+00 3.905205967824880442e-02
1.800000000000000000e+02 1.000000000000000000e+00 9.992371773682404701e-01 0.000000000000000000e+00 3.905205967824933178e-02
1.810000000000000000e+02 1.000000000000000000e+00 9.992371773682257041e-01 0.000000000000000000e+00 3.905205967824895708e-02
1.820000000000000000e+02 1.000000000000000000e+00 9.992371773682362512e-01 0.000000000000000000e+00 3.905205967824935953e-02
1.830000000000000000e+02 1.000000000000000000e+00 9.992371773682446889e-01 0.000000000000000000e+00 3.905205967824940810e-02
1.840000000000000000e+02 1.000000000000000000e+00 9.992371773682217073e-01 0.000000000000000000e+00 3.905205967824915136e-02
1.850000000000000000e+02 1.000000000000000000e+00 9.992371773682398040e-01 0.000000000000000000e+00 3.905205967824929014e-02
1.860000000000000000e+02 1.000000000000000000e+00 9.992371773681917313e-01 0.000000000000000000e+00 3.905205967824669500e-02
1.870000000000000000e+02 1.000000000000000000e+00 9.992371773682250380e-01 0.000000000000000000e+00 3.905205967824872115e-02
1.880000000000000000e+02 1.000000000000000000e+00 9.992371773682307001e-01 0.000000000000000000e+00 3.905205967824938729e-02
1.890000000000000000e+02 1.000000000000000000e+00 9.992371773682255931e-01 0.000000000000000000e+00 3.905205967824870034e-02
1.900000000000000000e+02 1.000000000000000000e+00 9.992371773682466873e-01 0.000000000000000000e+00 3.905205967824981750e-02
1.910000000000000000e+02 1.000000000000000000e+00 9.992371773682238167e-01 0.000000000000000000e+00 3.905205967824887381e-02
1.920000000000000000e+02 1.000000000000000000e+00 9.992371773682264813e-01 0.000000000000000000e+00 3.905205967824897095e-02
1.930000000000000000e+02 1.000000000000000000e+00 9.992371773682338087e-01 0.000000000000000000e+00 3.905205967824864483e-02
1.940000000000000000e+02 1.000000000000000000e+00 9.992371773682382496e-01 0.000000000000000000e+00 3.905205967824915136e-02
1.950000000000000000e+02 1.000000000000000000e+00 9.992371773682049430e-01 0.000000000000000000e+00 3.905205967824772889e-02
1.960000000000000000e+02 1.000000000000000000e+00 9.992371773682406921e-01 0.000000000000000000e+00 3.905205967824961627e-02
1.970000000000000000e+02 1.000000000000000000e+00 9.992371773681247848e-01 0.000000000000000000e+00 3.905205967824455782e-02
1.980000000000000000e+02 1.000000000000000000e+00 9.992371773682460212e-01 0.000000000000000000e+00 3.905205967825004648e-02
1.990000000000000000e+02 1.000000000000000000e+00 9.992371773682340308e-01 0.000000000000000000e+00 3.905205967824916524e-02
2.000000000000000000e+02 1.000000000000000000e+00 9.992371773682298119e-01 0.000000000000000000e+00 3.905205967824858931e-02
2.010000000000000000e+02 1.000000000000000000e+00 9.992371773681929525e-01 0.000000000000000000e+00 3.905205967824720154e-02
2.020000000000000000e+02 1.000000000000000000e+00 9.992371773682091618e-01 0.000000000000000000e+00 3.905205967824855462e-02
2.030000000000000000e+02 1.000000000000000000e+00 9.992371773681072433e-01 0.000000000000000000e+00 3.905205967824416924e-02
2.040000000000000000e+02 1.000000000000000000e+00 9.992371773681937297e-01 0.000000000000000000e+00 3.905205967824694480e-02
2.050000000000000000e+02 1.000000000000000000e+00 9.992371773681808511e-01 0.000000000000000000e+00 3.905205967824694480e-02
2.060000000000000000e+02 1.000000000000000000e+00 9.992371773682460212e-01 0.000000000000000000e+00 3.905205967824937341e-02
2.070000000000000000e+02 1.000000000000000000e+00 9.992371773682077185e-01 0.000000000000000000e+00 3.905205967824848523e-02
2.080000000000000000e+02 1.000000000000000000e+00 9.992371773682382496e-01 0.000000000000000000e+00 3.905205967824936647e-02
2.090000000000000000e+02 1.000000000000000000e+00 9.992371773682291458e-01 0.000000000000000000e+00 3.905205967824912361e-02
2.100000000000000000e+02 1.000000000000000000e+00 9.992371773682260372e-01 0.000000000000000000e+00 3.905205967824906116e-02
2.110000000000000000e+02 1.000000000000000000e+00 9.992371773682358072e-01 0.000000000000000000e+00 3.905205967824915136e-02
2.120000000000000000e+02 1.000000000000000000e+00 9.992371773682133806e-01 0.000000000000000000e+00 3.905205967824833951e-02
2.130000000000000000e+02 1.000000000000000000e+00 9.992371773681771874e-01 0.000000000000000000e+00 3.905205967824620233e-02
2.140000000000000000e+02 1.000000000000000000e+00 9.992371773681560931e-01 0.000000000000000000e+00 3.905205967824577212e-02
2.150000000000000000e+02 1.000000000000000000e+00 9.992371773682077185e-01 0.000000000000000000e+00 3.905205967824804114e-02
2.160000000000000000e+02 1.000000000000000000e+00 9.992371773680865932e-01 0.000000000000000000e+00 3.905205967824246227e-02
2.170000000000000000e+02 1.000000000000000000e+00 9.992371773682436897e-01 0.000000000000000000e+00 3.905205967824958158e-02
2.180000000000000000e+02 1.000000000000000000e+00 9.992371773682322544e-01 0.000000000000000000e+00 3.905205967824947055e-02
2.190000000000000000e+02 1.000000000000000000e+00 9.992371773682434677e-01 0.000000000000000000e+00 3.905205967824933178e-02
2.200000000000000000e+02 1.000000000000000000e+00 9.992371773682396929e-01 0.000000000000000000e+00 3.905205967824943586e-02
2.210000000000000000e+02 1.000000000000000000e+00 9.992371773682436897e-01 0.000000000000000000e+00 3.905205967824938035e-02
2.220000000000000000e+02 1.000000000000000000e+00 9.992371773674945112e-01 0.000000000000000000e+00 3.905205967822011903e-02
2.230000000000000000e+02 1.000000000000000000e+00 9.992371773682270364e-01 0.000000000000000000e+00 3.905205967824941504e-02
2.240000000000000000e+02 1.000000000000000000e+00 9.992371773682136027e-01 0.000000000000000000e+00 3.905205967824840196e-02
2.250000000000000000e+02 1.000000000000000000e+00 9.992371773682409142e-01 0.000000000000000000e+00 3.905205967824955382e-02
2.260000000000000000e+02 1.000000000000000000e+00 9.992371773682271474e-01 0.000000000000000000e+00 3.905205967824901259e-02
2.270000000000000000e+02 1.000000000000000000e+00 9.992371773682415803e-01 0.000000000000000000e+00 3.905205967824949831e-02
2.280000000000000000e+02 1.000000000000000000e+00 9.992371773682153790e-01 0.000000000000000000e+00 3.905205967824874891e-02
2.290000000000000000e+02 1.000000000000000000e+00 9.992371773681466562e-01 0.000000000000000000e+00 3.905205967824527946e-02
2.300000000000000000e+02 1.000000000000000000e+00 9.992371773682141578e-01 0.000000000000000000e+00 3.905205967824828400e-02
2.310000000000000000e+02 1.000000000000000000e+00 9.992371773682344749e-01 0.000000000000000000e+00 3.905205967824925545e-02
2.320000000000000000e+02 1.000000000000000000e+00 9.992371773682274805e-01 0.000000000000000000e+00 3.905205967824947055e-02
2.330000000000000000e+02 1.000000000000000000e+00 9.992371773682373615e-01 0.000000000000000000e+00 3.905205967824930402e-02
2.340000000000000000e+02 1.000000000000000000e+00 9.992371773682128255e-01 0.000000000000000000e+00 3.905205967824852686e-02
2.350000000000000000e+02 1.000000000000000000e+00 9.992371773682402480e-01 0.000000000000000000e+00 3.905205967824959545e-02
2.360000000000000000e+02 1.000000000000000000e+00 9.992371773682434677e-01 0.000000000000000000e+00 3.905205967824908198e-02
2.370000000000000000e+02 1.000000000000000000e+00 9.992371773681962832e-01 0.000000000000000000e+00 3.905205967824719460e-02
2.380000000000000000e+02 1.000000000000000000e+00 9.992371773682283687e-01 0.000000000000000000e+00 3.905205967824922075e-02
2.390000000000000000e+02 1.000000000000000000e+00 9.992371773679471492e-01 0.000000000000000000e+00 3.905205967823845853e-02
2.400000000000000000e+02 1.000000000000000000e+00 9.992371773682435787e-01 0.000000000000000000e+00 3.905205967824918606e-02
2.410000000000000000e+02 1.000000000000000000e+00 9.992371773682359182e-01 0.000000000000000000e+00 3.905205967824927626e-02
2.420000000000000000e+02 1.000000000000000000e+00 9.992371773682304781e-01 0.000000000000000000e+00 3.905205967824926239e-02
2.430000000000000000e+02 1.000000000000000000e+00 9.992371773682471314e-01 0.000000000000000000e+00 3.905205967824925545e-02
2.440000000000000000e+02 1.000000000000000000e+00 9.992371773682314773e-01 0.000000000000000000e+00 3.905205967824927626e-02
2.450000000000000000e+02 1.000000000000000000e+00 9.992371773682080516e-01 0.000000000000000000e+00 3.905205967824789542e-02
2.460000000000000000e+02 1.000000000000000000e+00 9.992371773682386937e-01 0.000000000000000000e+00 3.905205967824956076e-02
2.470000000000000000e+02 1.000000000000000000e+00 9.992371773681778535e-01 0.000000000000000000e+00 3.905205967824626478e-02
2.480000000000000000e+02 1.000000000000000000e+00 9.992371773681869573e-01 0.000000000000000000e+00 3.905205967824684765e-02
2.490000000000000000e+02 1.000000000000000000e+00 9.992371773681252289e-01 0.000000000000000000e+00 3.905205967824498803e-02
2.500000000000000000e+02 1.000000000000000000e+00 9.992371773680803759e-01 0.000000000000000000e+00 3.905205967824288554e-02
2.510000000000000000e+02 1.000000000000000000e+00 9.992371773682469094e-01 0.000000000000000000e+00 3.905205967824953994e-02
2.520000000000000000e+02 1.000000000000000000e+00 9.992371773682111602e-01 0.000000000000000000e+00 3.905205967824829094e-02
2.530000000000000000e+02 1.000000000000000000e+00 9.992371773682179326e-01 0.000000000000000000e+00 3.905205967824898483e-02
2.540000000000000000e+02 1.000000000000000000e+00 9.992371773681139047e-01 0.000000000000000000e+00 3.905205967824462027e-02
2.550000000000000000e+02 1.000000000000000000e+00 9.992371773681967273e-01 0.000000000000000000e+00 3.905205967824732644e-02
2.560000000000000000e+02 1.000000000000000000e+00 9.992371773682422464e-01 0.000000000000000000e+00 3.905205967824946361e-02
2.570000000000000000e+02 1.000000000000000000e+00 9.992371773682134917e-01 0.000000000000000000e+00 3.905205967824870034e-02
2.580000000000000000e+02 1.000000000000000000e+00 9.992371773682338087e-01 0.000000000000000000e+00 3.905205967824906116e-02
2.590000000000000000e+02 1.000000000000000000e+00 9.992371773682320324e-01 0.000000000000000000e+00 3.905205967824899871e-02
2.600000000000000000e+02 1.000000000000000000e+00 9.992371773682438008e-01 0.000000000000000000e+00 3.905205967824953994e-02
2.610000000000000000e+02 1.000000000000000000e+00 9.992371773680288616e-01 0.000000000000000000e+00 3.905205967824090796e-02
2.620000000000000000e+02 1.000000000000000000e+00 9.992371773682219294e-01 0.000000000000000000e+00 3.905205967824890156e-02
2.630000000000000000e+02 1.000000000000000000e+00 9.992371773682535707e-01 0.000000000000000000e+00 3.905205967824749297e-02
2.640000000000000000e+02 1.000000000000000000e+00 9.992371773681888447e-01 0.000000000000000000e+00 3.905205967824672275e-02
2.650000000000000000e+02 1.000000000000000000e+00 9.992371773682238167e-01 0.000000000000000000e+00 3.905205967824877666e-02
2.660000000000000000e+02 1.000000000000000000e+00 9.992371773682426905e-01 0.000000000000000000e+00 3.905205967824930402e-02
2.670000000000000000e+02 1.000000000000000000e+00 9.992371773682147129e-01 0.000000000000000000e+00 3.905205967824813135e-02
2.680000000000000000e+02 1.000000000000000000e+00 9.992371773682429126e-01 0.000000000000000000e+00 3.905205967824936647e-02
2.690000000000000000e+02 1.000000000000000000e+00 9.992371773682344749e-01 0.000000000000000000e+00 3.905205967824888075e-02
2.700000000000000000e+02 1.000000000000000000e+00 9.992371773682229286e-01 0.000000000000000000e+00 3.905205967824856850e-02
2.710000000000000000e+02 1.000000000000000000e+00 9.992371773681858471e-01 0.000000000000000000e+00 3.905205967824695173e-02
2.720000000000000000e+02 1.000000000000000000e+00 9.992371773682324765e-01 0.000000000000000000e+00 3.905205967824930402e-02
2.730000000000000000e+02 1.000000000000000000e+00 9.992371773682426905e-01 0.000000000000000000e+00 3.905205967824909585e-02
2.740000000000000000e+02 1.000000000000000000e+00 9.992371773681949509e-01 0.000000000000000000e+00 3.905205967824758317e-02
2.750000000000000000e+02 1.000000000000000000e+00 9.992371773682252600e-01 0.000000000000000000e+00 3.905205967824931096e-02
2.760000000000000000e+02 1.000000000000000000e+00 9.992371773682102720e-01 0.000000000000000000e+00 3.905205967824815216e-02
2.770000000000000000e+02 1.000000000000000000e+00 9.992371773682295899e-01 0.000000000000000000e+00 3.905205967824927626e-02
2.780000000000000000e+02 1.000000000000000000e+00 9.992371773682200420e-01 0.000000000000000000e+00 3.905205967824844360e-02
2.790000000000000000e+02 1.000000000000000000e+00 9.992371773682371394e-01 0.000000000000000000e+00 3.905205967824917912e-02
2.800000000000000000e+02 1.000000000000000000e+00 9.992371773682078295e-01 0.000000000000000000e+00 3.905205967824845054e-02
2.810000000000000000e+02 1.000000000000000000e+00 9.992371773682312552e-01 0.000000000000000000e+00 3.905205967824915136e-02
2.820000000000000000e+02 1.000000000000000000e+00 9.992371773681871794e-01 0.000000000000000000e+00 3.905205967824720847e-02
2.830000000000000000e+02 1.000000000000000000e+00 9.992371773682184877e-01 0.000000000000000000e+00 3.905205967824845747e-02
2.840000000000000000e+02 1.000000000000000000e+00 9.992371773682104941e-01 0.000000000000000000e+00 3.905205967824892932e-02
2.850000000000000000e+02 1.000000000000000000e+00 9.992371773682304781e-01 0.000000000000000000e+00 3.905205967824932484e-02
2.860000000000000000e+02 1.000000000000000000e+00 9.992371773682346969e-01 0.000000000000000000e+00 3.905205967824943586e-02
2.870000000000000000e+02 1.000000000000000000e+00 9.992371773682109382e-01 0.000000000000000000e+00 3.905205967824808971e-02
2.880000000000000000e+02 1.000000000000000000e+00 9.992371773682471314e-01 0.000000000000000000e+00 3.905205967824866564e-02
2.890000000000000000e+02 1.000000000000000000e+00 9.992371773682303671e-01 0.000000000000000000e+00 3.905205967824922769e-02
2.900000000000000000e+02 1.000000000000000000e+00 9.992371773682329206e-01 0.000000000000000000e+00 3.905205967824880442e-02
2.910000000000000000e+02 1.000000000000000000e+00 9.992371773682249270e-01 0.000000000000000000e+00 3.905205967824909585e-02
2.920000000000000000e+02 1.000000000000000000e+00 9.992371773682027225e-01 0.000000000000000000e+00 3.905205967824787461e-02
2.930000000000000000e+02 1.000000000000000000e+00 9.992371773681949509e-01 0.000000000000000000e+00 3.905205967824691704e-02
2.940000000000000000e+02 1.000000000000000000e+00 9.992371773682251490e-01 0.000000000000000000e+00 3.905205967824883911e-02
2.950000000000000000e+02 1.000000000000000000e+00 9.992371773681920644e-01 0.000000000000000000e+00 3.905205967824670887e-02
2.960000000000000000e+02 1.000000000000000000e+00 9.992371773681821834e-01 0.000000000000000000e+00 3.905205967824698643e-02
2.970000000000000000e+02 1.000000000000000000e+00 9.992371773682233727e-01 0.000000000000000000e+00 3.905205967824892238e-02
2.980000000000000000e+02 1.000000000000000000e+00 9.992371773682469094e-01 0.000000000000000000e+00 3.905205967824959545e-02
2.990000000000000000e+02 1.000000000000000000e+00 9.992371773682449110e-01 0.000000000000000000e+00 3.905205967824963709e-02
3.000000000000000000e+02 1.000000000000000000e+00 9.992371773681655300e-01 0.000000000000000000e+00 3.905205967824636193e-02
3.010000000000000000e+02 1.000000000000000000e+00 9.992371773682261482e-01 0.000000000000000000e+00 3.905205967824924851e-02
3.020000000000000000e+02 1.000000000000000000e+00 9.992371773682171554e-01 0.000000000000000000e+00 3.905205967824820767e-02
3.030000000000000000e+02 1.000000000000000000e+00 9.992371773681598679e-01 0.000000000000000000e+00 3.905205967824573743e-02
3.040000000000000000e+02 1.000000000000000000e+00 9.992371773682359182e-01 0.000000000000000000e+00 3.905205967824897095e-02
3.050000000000000000e+02 1.000000000000000000e+00 9.992371773682323655e-01 0.000000000000000000e+00 3.905205967824885993e-02
3.060000000000000000e+02 1.000000000000000000e+00 9.992371773682411362e-01 0.000000000000000000e+00 3.905205967824915136e-02
3.070000000000000000e+02 1.000000000000000000e+00 9.992371773682429126e-01 0.000000000000000000e+00 3.905205967824972035e-02
3.080000000000000000e+02 1.000000000000000000e+00 9.992371773682089398e-01 0.000000000000000000e+00 3.905205967824862401e-02
3.090000000000000000e+02 1.000000000000000000e+00 9.992371773682440228e-01 0.000000000000000000e+00 3.905205967824936647e-02
3.100000000000000000e+02 1.000000000000000000e+00 9.992371773681805180e-01 0.000000000000000000e+00 3.905205967824649377e-02
3.110000000000000000e+02 1.000000000000000000e+00 9.992371773682059422e-01 0.000000000000000000e+00 3.905205967824762481e-02
3.120000000000000000e+02 1.000000000000000000e+00 9.992371773682316993e-01 0.000000000000000000e+00 3.905205967824913749e-02
3.130000000000000000e+02 1.000000000000000000e+00 9.992371773682036107e-01 0.000000000000000000e+00 3.905205967824813829e-02
3.140000000000000000e+02 1.000000000000000000e+00 9.992371773682040548e-01 0.000000000000000000e+00 3.905205967824847135e-02
3.150000000000000000e+02 1.000000000000000000e+00 9.992371773682167113e-01 0.000000000000000000e+00 3.905205967824854768e-02
3.160000000000000000e+02 1.000000000000000000e+00 9.992371773681696379e-01 0.000000000000000000e+00 3.905205967824583457e-02
3.170000000000000000e+02 1.000000000000000000e+00 9.992371773682385827e-01 0.000000000000000000e+00 3.905205967824953994e-02
3.180000000000000000e+02 1.000000000000000000e+00 9.992371773682388048e-01 0.000000000000000000e+00 3.905205967824935953e-02
3.190000000000000000e+02 1.000000000000000000e+00 9.992371773682113822e-01 0.000000000000000000e+00 3.905205967824815910e-02
3.200000000000000000e+02 1.000000000000000000e+00 9.992371773682002800e-01 0.000000000000000000e+00 3.905205967824805502e-02
3.210000000000000000e+02 1.000000000000000000e+00 9.992371773682323655e-01 0.000000000000000000e+00 3.905205967824910973e-02
3.220000000000000000e+02 1.000000000000000000e+00 9.992371773682168223e-01 0.000000000000000000e+00 3.905205967824888769e-02
3.230000000000000000e+02 1.000000000000000000e+00 9.992371773682344749e-01 0.000000000000000000e+00 3.905205967824940116e-02
3.240000000000000000e+02 1.000000000000000000e+00 9.992371773682181546e-01 0.000000000000000000e+00 3.905205967824877666e-02
3.250000000000000000e+02 1.000000000000000000e+00 9.992371773682283687e-01 0.000000000000000000e+00 3.905205967824901259e-02
3.260000000000000000e+02 1.000000000000000000e+00 9.992371773682193759e-01 0.000000000000000000e+00 3.905205967824829094e-02
3.270000000000000000e+02 1.000000000000000000e+00 9.992371773682158231e-01 0.000000000000000000e+00 3.905205967824858238e-02
3.280000000000000000e+02 1.000000000000000000e+00 9.992371773681896219e-01 0.000000000000000000e+00 3.905205967824709051e-02
3.290000000000000000e+02 1.000000000000000000e+00 9.992371773682242608e-01 0.000000000000000000e+00 3.905205967824901953e-02
3.300000000000000000e+02 1.000000000000000000e+00 9.992371773682363623e-01 0.000000000000000000e+00 3.905205967824929014e-02
3.310000000000000000e+02 1.000000000000000000e+00 9.992371773682384717e-01 0.000000000000000000e+00 3.905205967824937341e-02
3.320000000000000000e+02 1.000000000000000000e+00 9.992371773682151570e-01 0.000000000000000000e+00 3.905205967824845747e-02
3.330000000000000000e+02 1.000000000000000000e+00 9.992371773682402480e-01 0.000000000000000000e+00 3.905205967824935953e-02
3.340000000000000000e+02 1.000000000000000000e+00 9.992371773682541258e-01 0.000000000000000000e+00 3.905205967824938729e-02
3.350000000000000000e+02 1.000000000000000000e+00 9.992371773682067193e-01 0.000000000000000000e+00 3.905205967824776359e-02
3.360000000000000000e+02 1.000000000000000000e+00 9.992371773681714142e-01 0.000000000000000000e+00 3.905205967824657703e-02
3.370000000000000000e+02 1.000000000000000000e+00 9.992371773681939517e-01 0.000000000000000000e+00 3.905205967824729174e-02
3.380000000000000000e+02 1.000000000000000000e+00 9.992371773681696379e-01 0.000000000000000000e+00 3.905205967824634805e-02
3.390000000000000000e+02 1.000000000000000000e+00 9.992371773681769653e-01 0.000000000000000000e+00 3.905205967824636193e-02
3.400000000000000000e+02 1.000000000000000000e+00 9.992371773682130476e-01 0.000000000000000000e+00 3.905205967824829094e-02
3.410000000000000000e+02 1.000000000000000000e+00 9.992371773682523495e-01 0.000000000000000000e+00 3.905205967824940116e-02
3.420000000000000000e+02 1.000000000000000000e+00 9.992371773681896219e-01 0.000000000000000000e+00 3.905205967824763869e-02
3.430000000000000000e+02 1.000000000000000000e+00 9.992371773682210412e-01 0.000000000000000000e+00 3.905205967824927626e-02
3.440000000000000000e+02 1.000000000000000000e+00 9.992371773681656411e-01 0.000000000000000000e+00 3.905205967824626478e-02
3.450000000000000000e+02 1.000000000000000000e+00 9.992371773682426905e-01 0.000000000000000000e+00 3.905205967824962321e-02
3.460000000000000000e+02 1.000000000000000000e+00 9.992371773681669733e-01 0.000000000000000000e+00 3.905205967824634805e-02
3.470000000000000000e+02 1.000000000000000000e+00 9.992371773682344749e-01 0.000000000000000000e+00 3.905205967824888769e-02
3.480000000000000000e+02 1.000000000000000000e+00 9.992371773681890668e-01 0.000000000000000000e+00 3.905205967824745827e-02
3.490000000000000000e+02 1.000000000000000000e+00 9.992371773682231506e-01 0.000000000000000000e+00 3.905205967824863789e-02
3.500000000000000000e+02 1.000000000000000000e+00 9.992371773682255931e-01 0.000000000000000000e+00 3.905205967824904728e-02
3.510000000000000000e+02 1.000000000000000000e+00 9.992371773681798519e-01 0.000000000000000000e+00 3.905205967824676438e-02
3.520000000000000000e+02 1.000000000000000000e+00 9.992371773682191538e-01 0.000000000000000000e+00 3.905205967824858238e-02
3.530000000000000000e+02 1.000000000000000000e+00 9.992371773682380276e-01 0.000000000000000000e+00 3.905205967824957464e-02
3.540000000000000000e+02 1.000000000000000000e+00 9.992371773681731906e-01 0.000000000000000000e+00 3.905205967824672969e-02
3.550000000000000000e+02 1.000000000000000000e+00 9.992371773682093838e-01 0.000000000000000000e+00 3.905205967824799951e-02
3.560000000000000000e+02 1.000000000000000000e+00 9.992371773682321434e-01 0.000000000000000000e+00 3.905205967824885993e-02
3.570000000000000000e+02 1.000000000000000000e+00 9.992371773682180436e-01 0.000000000000000000e+00 3.905205967824865176e-02
3.580000000000000000e+02 1.000000000000000000e+00 9.992371773682123814e-01 0.000000000000000000e+00 3.905205967824813829e-02
3.590000000000000000e+02 1.000000000000000000e+00 9.992371773682320324e-01 0.000000000000000000e+00 3.905205967824920688e-02
3.600000000000000000e+02 1.000000000000000000e+00 9.992371773682215963e-01 0.000000000000000000e+00 3.905205967824881830e-02
3.610000000000000000e+02 1.000000000000000000e+00 9.992371773682059422e-01 0.000000000000000000e+00 3.905205967824806890e-02
3.620000000000000000e+02 1.000000000000000000e+00 9.992371773682416913e-01 0.000000000000000000e+00 3.905205967824947749e-02
3.630000000000000000e+02 1.000000000000000000e+00 9.992371773682284797e-01 0.000000000000000000e+00 3.905205967824919994e-02
3.640000000000000000e+02 1.000000000000000000e+00 9.992371773674662006e-01 0.000000000000000000e+00 3.905205967821852309e-02
3.650000000000000000e+02 1.000000000000000000e+00 9.992371773682233727e-01 0.000000000000000000e+00 3.905205967824854074e-02
3.660000000000000000e+02 1.000000000000000000e+00 9.992371773681940628e-01 0.000000000000000000e+00 3.905205967824773583e-02
3.670000000000000000e+02 1.000000000000000000e+00 9.992371773680761571e-01 0.000000000000000000e+00 3.905205967824300350e-02
3.680000000000000000e+02 1.000000000000000000e+00 9.992371773681969493e-01 0.000000000000000000e+00 3.905205967824779134e-02
3.690000000000000000e+02 1.000000000000000000e+00 9.992371773682413583e-01 0.000000000000000000e+00 3.905205967824948443e-02
3.700000000000000000e+02 1.000000000000000000e+00 9.992371773682404701e-01 0.000000000000000000e+00 3.905205967824895014e-02
3.710000000000000000e+02 1.000000000000000000e+00 9.992371773682402480e-01 0.000000000000000000e+00 3.905205967824927626e-02
3.720000000000000000e+02 1.000000000000000000e+00 9.992371773682198199e-01 0.000000000000000000e+00 3.905205967824856850e-02
3.730000000000000000e+02 1.000000000000000000e+00 9.992371773681405500e-01 0.000000000000000000e+00 3.905205967824565416e-02
3.740000000000000000e+02 1.000000000000000000e+00 9.992371773680839286e-01 0.000000000000000000e+00 3.905205967824267738e-02
3.750000000000000000e+02 1.000000000000000000e+00 9.992371773680857050e-01 0.000000000000000000e+00 3.905205967824303126e-02
3.760000000000000000e+02 1.000000000000000000e+00 9.992371773681767433e-01 0.000000000000000000e+00 3.905205967824702806e-02
3.770000000000000000e+02 1.000000000000000000e+00 9.992371773682272584e-01 0.000000000000000000e+00 3.905205967824886687e-02
3.780000000000000000e+02 1.000000000000000000e+00 9.992371773681931746e-01 0.000000000000000000e+00 3.905205967824749297e-02
3.790000000000000000e+02 1.000000000000000000e+00 9.992371773682560132e-01 0.000000000000000000e+00 3.905205967824960933e-02
3.800000000000000000e+02 1.000000000000000000e+00 9.992371773682418024e-01 0.000000000000000000e+00 3.905205967824922769e-02
3.810000000000000000e+02 1.000000000000000000e+00 9.992371773681827385e-01 0.000000000000000000e+00 3.905205967824702112e-02
3.820000000000000000e+02 1.000000000000000000e+00 9.992371773681929525e-01 0.000000000000000000e+00 3.905205967824806890e-02
3.830000000000000000e+02 1.000000000000000000e+00 9.992371773682098279e-01 0.000000000000000000e+00 3.905205967824840890e-02
3.840000000000000000e+02 1.000000000000000000e+00 9.992371773682376945e-01 0.000000000000000000e+00 3.905205967824938729e-02
3.850000000000000000e+02 1.000000000000000000e+00 9.992371773682238167e-01 0.000000000000000000e+00 3.905205967824881136e-02
3.860000000000000000e+02 1.000000000000000000e+00 9.992371773682238167e-01 0.000000000000000000e+00 3.905205967824890156e-02
3.870000000000000000e+02 1.000000000000000000e+00 9.992371773682255931e-01 0.000000000000000000e+00 3.905205967824863789e-02
3.880000000000000000e+02 1.000000000000000000e+00 9.992371773680791547e-01 0.000000000000000000e+00 3.905205967824280922e-02
3.890000000000000000e+02 1.000000000000000000e+00 9.992371773682358072e-01 0.000000000000000000e+00 3.905205967824908198e-02
3.900000000000000000e+02 1.000000000000000000e+00 9.992371773681911762e-01 0.000000000000000000e+00 3.905205967824765256e-02
3.910000000000000000e+02 1.000000000000000000e+00 9.992371773682350300e-01 0.000000000000000000e+00 3.905205967824899871e-02
3.920000000000000000e+02 1.000000000000000000e+00 9.992371773681409941e-01 0.000000000000000000e+00 3.905205967824541824e-02
3.930000000000000000e+02 1.000000000000000000e+00 9.992371773682204861e-01 0.000000000000000000e+00 3.905205967824804114e-02
3.940000000000000000e+02 1.000000000000000000e+00 9.992371773682064973e-01 0.000000000000000000e+00 3.905205967824798563e-02
3.950000000000000000e+02 1.000000000000000000e+00 9.992371773680602809e-01 0.000000000000000000e+00 3.905205967824225410e-02
3.960000000000000000e+02 1.000000000000000000e+00 9.992371773682168223e-01 0.000000000000000000e+00 3.905205967824879748e-02
3.970000000000000000e+02 1.000000000000000000e+00 9.992371773682326985e-01 0.000000000000000000e+00 3.905205967824899871e-02
3.980000000000000000e+02 1.000000000000000000e+00 9.992371773682384717e-01 0.000000000000000000e+00 3.905205967824922769e-02
3.990000000000000000e+02 1.000000000000000000e+00 9.992371773676244073e-01 0.000000000000000000e+00 3.905205967822499014e-02
4.000000000000000000e+02 1.000000000000000000e+00 9.992371773681658631e-01 0.000000000000000000e+00 3.905205967824668112e-02
4.010000000000000000e+02 1.000000000000000000e+00 9.992371773682102720e-01 0.000000000000000000e+00 3.905205967824824931e-02
4.020000000000000000e+02 1.000000000000000000e+00 9.992371773681965053e-01 0.000000000000000000e+00 3.905205967824730562e-02
4.030000000000000000e+02 1.000000000000000000e+00 9.992371773682319214e-01 0.000000000000000000e+00 3.905205967824916524e-02
4.040000000000000000e+02 1.000000000000000000e+00 9.992371773682084957e-01 0.000000000000000000e+00 3.905205967824831870e-02
4.050000000000000000e+02 1.000000000000000000e+00 9.992371773681386626e-01 0.000000000000000000e+00 3.905205967824526558e-02
4.060000000000000000e+02 1.000000000000000000e+00 9.992371773682314773e-01 0.000000000000000000e+00 3.905205967824899871e-02
4.070000000000000000e+02 1.000000000000000000e+00 9.992371773682067193e-01 0.000000000000000000e+00 3.905205967824840196e-02
4.080000000000000000e+02 1.000000000000000000e+00 9.992371773681956171e-01 0.000000000000000000e+00 3.905205967824775665e-02
4.090000000000000000e+02 1.000000000000000000e+00 9.992371773682344749e-01 0.000000000000000000e+00 3.905205967824920688e-02
4.100000000000000000e+02 1.000000000000000000e+00 9.992371773682138247e-01 0.000000000000000000e+00 3.905205967824798563e-02
4.110000000000000000e+02 1.000000000000000000e+00 9.992371773682235947e-01 0.000000000000000000e+00 3.905205967824873503e-02
4.120000000000000000e+02 1.000000000000000000e+00 9.992371773682158231e-01 0.000000000000000000e+00 3.905205967824799951e-02
4.130000000000000000e+02 1.000000000000000000e+00 9.992371773682173774e-01 0.000000000000000000e+00 3.905205967824863789e-02
4.140000000000000000e+02 1.000000000000000000e+00 9.992371773681865132e-01 0.000000000000000000e+00 3.905205967824706970e-02
4.150000000000000000e+02 1.000000000000000000e+00 9.992371773682315883e-01 0.000000000000000000e+00 3.905205967824912361e-02
4.160000000000000000e+02 1.000000000000000000e+00 9.992371773681378855e-01 0.000000000000000000e+00 3.905205967824526558e-02
4.170000000000000000e+02 1.000000000000000000e+00 9.992371773682167113e-01 0.000000000000000000e+00 3.905205967824844360e-02
4.180000000000000000e+02 1.000000000000000000e+00 9.992371773682308111e-01 0.000000000000000000e+00 3.905205967824938729e-02
4.190000000000000000e+02 1.000000000000000000e+00 9.992371773682429126e-01 0.000000000000000000e+00 3.905205967824985913e-02
4.200000000000000000e+02 1.000000000000000000e+00 9.992371773682102720e-01 0.000000000000000000e+00 3.905205967824772195e-02
4.210000000000000000e+02 1.000000000000000000e+00 9.992371773681447689e-01 0.000000000000000000e+00 3.905205967824573743e-02
4.220000000000000000e+02 1.000000000000000000e+00 9.992371773681569813e-01 0.000000000000000000e+00 3.905205967824619540e-02
4.230000000000000000e+02 1.000000000000000000e+00 9.992371773682482416e-01 0.000000000000000000e+00 3.905205967824976893e-02
4.240000000000000000e+02 1.000000000000000000e+00 9.992371773682078295e-01 0.000000000000000000e+00 3.905205967824822155e-02
4.250000000000000000e+02 1.000000000000000000e+00 9.992371773681920644e-01 0.000000000000000000e+00 3.905205967824773583e-02
4.260000000000000000e+02 1.000000000000000000e+00 9.992371773681902880e-01 0.000000000000000000e+00 3.905205967824745827e-02
4.270000000000000000e+02 1.000000000000000000e+00 9.992371773681861802e-01 0.000000000000000000e+00 3.905205967824720847e-02
4.280000000000000000e+02 1.000000000000000000e+00 9.992371773682198199e-01 0.000000000000000000e+00 3.905205967824828400e-02
4.290000000000000000e+02 1.000000000000000000e+00 9.992371773681596459e-01 0.000000000000000000e+00 3.905205967824616070e-02
4.300000000000000000e+02 1.000000000000000000e+00 9.992371773682249270e-01 0.000000000000000000e+00 3.905205967824862401e-02
4.310000000000000000e+02 1.000000000000000000e+00 9.992371773681927305e-01 0.000000000000000000e+00 3.905205967824730562e-02
4.320000000000000000e+02 1.000000000000000000e+00 9.992371773682070524e-01 0.000000000000000000e+00 3.905205967824796481e-02
4.330000000000000000e+02 1.000000000000000000e+00 9.992371773681902880e-01 0.000000000000000000e+00 3.905205967824766644e-02
4.340000000000000000e+02 1.000000000000000000e+00 9.992371773682416913e-01 0.000000000000000000e+00 3.905205967824925545e-02
4.350000000000000000e+02 1.000000000000000000e+00 9.992371773682040548e-01 0.000000000000000000e+00 3.905205967824800645e-02
4.360000000000000000e+02 1.000000000000000000e+00 9.992371773682133806e-01 0.000000000000000000e+00 3.905205967824808277e-02
4.370000000000000000e+02 1.000000000000000000e+00 9.992371773681929525e-01 0.000000000000000000e+00 3.905205967824771501e-02
4.380000000000000000e+02 1.000000000000000000e+00 9.992371773682382496e-01 0.000000000000000000e+00 3.905205967824924851e-02
4.390000000000000000e+02 1.000000000000000000e+00 9.992371773681809621e-01 0.000000000000000000e+00 3.905205967824730562e-02
4.400000000000000000e+02 1.000000000000000000e+00 9.992371773682279246e-01 0.000000000000000000e+00 3.905205967824910279e-02
4.410000000000000000e+02 1.000000000000000000e+00 9.992371773682038327e-01 0.000000000000000000e+00 3.905205967824817992e-02
4.420000000000000000e+02 1.000000000000000000e+00 9.992371773682495739e-01 0.000000000000000000e+00 3.905205967824927626e-02
4.430000000000000000e+02 1.000000000000000000e+00 9.992371773682446889e-01 0.000000000000000000e+00 3.905205967824931096e-02
4.440000000000000000e+02 1.000000000000000000e+00 9.992371773678541125e-01 0.000000000000000000e+00 3.905205967823417723e-02
4.450000000000000000e+02 1.000000000000000000e+00 9.992371773682229286e-01 0.000000000000000000e+00 3.905205967824888769e-02
4.460000000000000000e+02 1.000000000000000000e+00 9.992371773682018343e-01 0.000000000000000000e+00 3.905205967824790236e-02
4.470000000000000000e+02 1.000000000000000000e+00 9.992371773682278135e-01 0.000000000000000000e+00 3.905205967824898483e-02
4.480000000000000000e+02 1.000000000000000000e+00 9.992371773682360292e-01 0.000000000000000000e+00 3.905205967824894320e-02
4.490000000000000000e+02 1.000000000000000000e+00 9.992371773681549829e-01 0.000000000000000000e+00 3.905205967824607050e-02
4.500000000000000000e+02 1.000000000000000000e+00 9.992371773682277025e-01 0.000000000000000000e+00 3.905205967824889463e-02
4.510000000000000000e+02 1.000000000000000000e+00 9.992371773682137137e-01 0.000000000000000000e+00 3.905205967824831870e-02
4.520000000000000000e+02 1.000000000000000000e+00 9.992371773682218183e-01 0.000000000000000000e+00 3.905205967824898483e-02
4.530000000000000000e+02 1.000000000000000000e+00 9.992371773681737457e-01 0.000000000000000000e+00 3.905205967824685459e-02
4.540000000000000000e+02 1.000000000000000000e+00 9.992371773682009461e-01 0.000000000000000000e+00 3.905205967824747215e-02
4.550000000000000000e+02 1.000000000000000000e+00 9.992371773681966163e-01 0.000000000000000000e+00 3.905205967824760399e-02
4.560000000000000000e+02 1.000000000000000000e+00 9.992371773682240388e-01 0.000000000000000000e+00 3.905205967824863789e-02
4.570000000000000000e+02 1.000000000000000000e+00 9.992371773682284797e-01 0.000000000000000000e+00 3.905205967824924157e-02
4.580000000000000000e+02 1.000000000000000000e+00 9.992371773681725244e-01 0.000000000000000000e+00 3.905205967824654234e-02
4.590000000000000000e+02 1.000000000000000000e+00 9.992371773682235947e-01 0.000000000000000000e+00 3.905205967824883218e-02
4.600000000000000000e+02 1.000000000000000000e+00 9.992371773681534286e-01 0.000000000000000000e+00 3.905205967824582763e-02
4.610000000000000000e+02 1.000000000000000000e+00 9.992371773682235947e-01 0.000000000000000000e+00 3.905205967824882524e-02
4.620000000000000000e+02 1.000000000000000000e+00 9.992371773682312552e-01 0.000000000000000000e+00 3.905205967824905422e-02
4.630000000000000000e+02 1.000000000000000000e+00 9.992371773682219294e-01 0.000000000000000000e+00 3.905205967824873503e-02
4.640000000000000000e+02 1.000000000000000000e+00 9.992371773682310332e-01 0.000000000000000000e+00 3.905205967824902646e-02
4.650000000000000000e+02 1.000000000000000000e+00 9.992371773682318103e-01 0.000000000000000000e+00 3.905205967824910973e-02
4.660000000000000000e+02 1.000000000000000000e+00 9.992371773682143798e-01 0.000000000000000000e+00 3.905205967824820767e-02
4.670000000000000000e+02 1.000000000000000000e+00 9.992371773682171554e-01 0.000000000000000000e+00 3.905205967824888075e-02
4.680000000000000000e+02 1.000000000000000000e+00 9.992371773682112712e-01 0.000000000000000000e+00 3.905205967824816604e-02
4.690000000000000000e+02 1.000000000000000000e+00 9.992371773681985037e-01 0.000000000000000000e+00 3.905205967824797175e-02
4.700000000000000000e+02 1.000000000000000000e+00 9.992371773682077185e-01 0.000000000000000000e+00 3.905205967824829094e-02
4.710000000000000000e+02 1.000000000000000000e+00 9.992371773682007241e-01 0.000000000000000000e+00 3.905205967824813135e-02
4.720000000000000000e+02 1.000000000000000000e+00 9.992371773679379343e-01 0.000000000000000000e+00 3.905205967823764668e-02
4.730000000000000000e+02 1.000000000000000000e+00 9.992371773681624214e-01 0.000000000000000000e+00 3.905205967824618846e-02
4.740000000000000000e+02 1.000000000000000000e+00 9.992371773682051650e-01 0.000000000000000000e+00 3.905205967824828400e-02
4.750000000000000000e+02 1.000000000000000000e+00 9.992371773681913982e-01 0.000000000000000000e+00 3.905205967824772889e-02
4.760000000000000000e+02 1.000000000000000000e+00 9.992371773681572034e-01 0.000000000000000000e+00 3.905205967824622315e-02
4.770000000000000000e+02 1.000000000000000000e+00 9.992371773682089398e-01 0.000000000000000000e+00 3.905205967824805502e-02
4.780000000000000000e+02 1.000000000000000000e+00 9.992371773681931746e-01 0.000000000000000000e+00 3.905205967824749991e-02
4.790000000000000000e+02 1.000000000000000000e+00 9.992371773681398839e-01 0.000000000000000000e+00 3.905205967824552926e-02
4.800000000000000000e+02 1.000000000000000000e+00 9.992371773682099390e-01 0.000000000000000000e+00 3.905205967824817992e-02
4.810000000000000000e+02 1.000000000000000000e+00 9.992371773678960789e-01 0.000000000000000000e+00 3.905205967823586338e-02
4.820000000000000000e+02 1.000000000000000000e+00 9.992371773681307801e-01 0.000000000000000000e+00 3.905205967824523783e-02
4.830000000000000000e+02 1.000000000000000000e+00 9.992371773681909541e-01 0.000000000000000000e+00 3.905205967824720847e-02
4.840000000000000000e+02 1.000000000000000000e+00 9.992371773681764102e-01 0.000000000000000000e+00 3.905205967824680602e-02
4.850000000000000000e+02 1.000000000000000000e+00 9.992371773682313663e-01 0.000000000000000000e+00 3.905205967824898483e-02
4.860000000000000000e+02 1.000000000000000000e+00 9.992371773682036107e-01 0.000000000000000000e+00 3.905205967824831870e-02
4.870000000000000000e+02 1.000000000000000000e+00 9.992371773682042768e-01 0.000000000000000000e+00 3.905205967824790930e-02
4.880000000000000000e+02 1.000000000000000000e+00 9.992371773682047209e-01 0.000000000000000000e+00 3.905205967824830482e-02
4.890000000000000000e+02 1.000000000000000000e+00 9.992371773681946179e-01 0.000000000000000000e+00 3.905205967824822155e-02
4.900000000000000000e+02 1.000000000000000000e+00 9.992371773682178215e-01 0.000000000000000000e+00 3.905205967824862401e-02
4.910000000000000000e+02 1.000000000000000000e+00 9.992371773681923974e-01 0.000000000000000000e+00 3.905205967824725705e-02
4.920000000000000000e+02 1.000000000000000000e+00 9.992371773681962832e-01 0.000000000000000000e+00 3.905205967824762481e-02
4.930000000000000000e+02 1.000000000000000000e+00 9.992371773682281466e-01 0.000000000000000000e+00 3.905205967824881136e-02
4.940000000000000000e+02 1.000000000000000000e+00 9.992371773673414115e-01 0.000000000000000000e+00 3.905205967821416546e-02
4.950000000000000000e+02 1.000000000000000000e+00 9.992371773682419134e-01 0.000000000000000000e+00 3.905205967824954688e-02
4.960000000000000000e+02 1.000000000000000000e+00 9.992371773680892577e-01 0.000000000000000000e+00 3.905205967824343372e-02
4.970000000000000000e+02 1.000000000000000000e+00 9.992371773682018343e-01 0.000000000000000000e+00 3.905205967824795094e-02
4.980000000000000000e+02 1.000000000000000000e+00 9.992371773682168223e-01 0.000000000000000000e+00 3.905205967824852686e-02
4.990000000000000000e+02 1.000000000000000000e+00 9.992371773680079894e-01 0.000000000000000000e+00 3.905205967824041530e-02
5.000000000000000000e+02 1.000000000000000000e+00 9.992371773681462122e-01 0.000000000000000000e+00 3.905205967824577906e-02
5.010000000000000000e+02 1.000000000000000000e+00 9.992371773681134606e-01 0.000000000000000000e+00 3.905205967824441904e-02
5.020000000000000000e+02 1.000000000000000000e+00 9.992371773682046099e-01 0.000000000000000000e+00 3.905205967824831176e-02
5.030000000000000000e+02 1.000000000000000000e+00 9.992371773680748248e-01 0.000000000000000000e+00 3.905205967824318392e-02
5.040000000000000000e+02 1.000000000000000000e+00 9.992371773681530955e-01 0.000000000000000000e+00 3.905205967824578600e-02
5.050000000000000000e+02 1.000000000000000000e+00 9.992371773681920644e-01 0.000000000000000000e+00 3.905205967824736113e-02
5.060000000000000000e+02 1.000000000000000000e+00 9.992371773682278135e-01 0.000000000000000000e+00 3.905205967824913055e-02
5.070000000000000000e+02 1.000000000000000000e+00 9.992371773680943647e-01 0.000000000000000000e+00 3.905205967824374597e-02
5.080000000000000000e+02 1.000000000000000000e+00 9.992371773681157920e-01 0.000000000000000000e+00 3.905205967824428026e-02
5.090000000000000000e+02 1.000000000000000000e+00 9.992371773681211211e-01 0.000000000000000000e+00 3.905205967824459945e-02
5.100000000000000000e+02 1.000000000000000000e+00 9.992371773681683056e-01 0.000000000000000000e+00 3.905205967824681990e-02
5.110000000000000000e+02 1.000000000000000000e+00 9.992371773681968383e-01 0.000000000000000000e+00 3.905205967824771501e-02
