512 4
0.000000000000000000e+00 1.000000000000000000e+00 9.992371773674745272e-01 0.000000000000000000e+00 3.905205967822088925e-02
1.000000000000000000e+00 1.000000000000000000e+00 9.992371773681412161e-01 0.000000000000000000e+00 3.905205967824652846e-02
2.000000000000000000e+00 1.000000000000000000e+00 9.992371773682346969e-01 0.000000000000000000e+00 3.905205967825017832e-02
3.000000000000000000e+00 1.000000000000000000e+00 9.992371773682449110e-01 0.000000000000000000e+00 3.905205967825074731e-02
4.000000000000000000e+00 1.000000000000000000e+00 9.992371773682335867e-01 0.000000000000000000e+00 3.905205967825053220e-02
5.000000000000000000e+00 1.000000000000000000e+00 9.992371773682503511e-01 0.000000000000000000e+00 3.905205967825126773e-02
6.000000000000000000e+00 1.000000000000000000e+00 9.992371773682494629e-01 0.000000000000000000e+00 3.905205967824996321e-02
7.000000000000000000e+00 1.000000000000000000e+00 9.992371773682540148e-01 0.000000000000000000e+00 3.905205967825058078e-02
8.000000000000000000e+00 1.000000000000000000e+00 9.992371773682364733e-01 0.000000000000000000e+00 3.905205967824973423e-02
9.000000000000000000e+00 1.000000000000000000e+00 9.992371773682500180e-01 0.000000000000000000e+00 3.905205967825133018e-02
1.000000000000000000e+01 1.000000000000000000e+00 9.992371773681844038e-01 0.000000000000000000e+00 3.905205967824865870e-02
1.100000000000000000e+01 1.000000000000000000e+00 9.992371773682016123e-01 0.000000000000000000e+00 3.905205967824903340e-02
1.200000000000000000e+01 1.000000000000000000e+00 9.992371773682249270e-01 0.000000000000000000e+00 3.905205967824972729e-02
1.300000000000000000e+01 1.000000000000000000e+00 9.992371773682315883e-01 0.000000000000000000e+00 3.905205967825024771e-02
1.400000000000000000e+01 1.000000000000000000e+00 9.992371773682158231e-01 0.000000000000000000e+00 3.905205967824974811e-02
1.500000000000000000e+01 1.000000000000000000e+00 9.992371773682326985e-01 0.000000000000000000e+00 3.905205967824987995e-02
1.600000000000000000e+01 1.000000000000000000e+00 9.992371773682313663e-01 0.000000000000000000e+00 3.905205967824958158e-02
1.700000000000000000e+01 1.000000000000000000e+00 9.992371773682475755e-01 0.000000000000000000e+00 3.905205967825076119e-02
1.800000000000000000e+01 1.000000000000000000e+00 9.992371773682343639e-01 0.000000000000000000e+00 3.905205967825029628e-02
1.900000000000000000e+01 1.000000000000000000e+00 9.992371773682185987e-01 0.000000000000000000e+00 3.905205967825051139e-02
2.000000000000000000e+01 1.000000000000000000e+00 9.992371773682409142e-01 0.000000000000000000e+00 3.905205967825084445e-02
2.100000000000000000e+01 1.000000000000000000e+00 9.992371773682477976e-01 0.000000000000000000e+00 3.905205967825092772e-02
2.200000000000000000e+01 1.000000000000000000e+00 9.992371773682338087e-01 0.000000000000000000e+00 3.905205967825020608e-02
2.300000000000000000e+01 1.000000000000000000e+00 9.992371773682414693e-01 0.000000000000000000e+00 3.905205967825080976e-02
2.400000000000000000e+01 1.000000000000000000e+00 9.992371773682501290e-01 0.000000000000000000e+00 3.905205967825062935e-02
2.500000000000000000e+01 1.000000000000000000e+00 9.992371773682386937e-01 0.000000000000000000e+00 3.905205967825034485e-02
2.600000000000000000e+01 1.000000000000000000e+00 9.992371773681669733e-01 0.000000000000000000e+00 3.905205967824767338e-02
2.700000000000000000e+01 1.000000000000000000e+00 9.992371773682423575e-01 0.000000000000000000e+00 3.905205967825087915e-02
2.800000000000000000e+01 1.000000000000000000e+00 9.992371773682505731e-01 0.000000000000000000e+00 3.905205967825032404e-02
2.900000000000000000e+01 1.000000000000000000e+00 9.992371773682477976e-01 0.000000000000000000e+00 3.905205967825168406e-02
3.000000000000000000e+01 1.000000000000000000e+00 9.992371773682504621e-01 0.000000000000000000e+00 3.905205967825096935e-02
3.100000000000000000e+01 1.000000000000000000e+00 9.992371773682557912e-01 0.000000000000000000e+00 3.905205967825213509e-02
3.200000000000000000e+01 1.000000000000000000e+00 9.992371773679015190e-01 0.000000000000000000e+00 3.905205967823798668e-02
3.300000000000000000e+01 1.000000000000000000e+00 9.992371773682354741e-01 0.000000000000000000e+00 3.905205967825037261e-02
3.400000000000000000e+01 1.000000000000000000e+00 9.992371773682113822e-01 0.000000000000000000e+00 3.905205967824981750e-02
3.500000000000000000e+01 1.000000000000000000e+00 9.992371773682373615e-01 0.000000000000000000e+00 3.905205967825048363e-02
3.600000000000000000e+01 1.000000000000000000e+00 9.992371773682477976e-01 0.000000000000000000e+00 3.905205967825096242e-02
3.700000000000000000e+01 1.000000000000000000e+00 9.992371773682443559e-01 0.000000000000000000e+00 3.905205967825078200e-02
3.800000000000000000e+01 1.000000000000000000e+00 9.992371773682457992e-01 0.000000000000000000e+00 3.905205967825101099e-02
3.900000000000000000e+01 1.000000000000000000e+00 9.992371773682171554e-01 0.000000000000000000e+00 3.905205967824994934e-02
4.000000000000000000e+01 1.000000000000000000e+00 9.992371773682504621e-01 0.000000000000000000e+00 3.905205967825092772e-02
4.100000000000000000e+01 1.000000000000000000e+00 9.992371773682544589e-01 0.000000000000000000e+00 3.905205967825074037e-02
4.200000000000000000e+01 1.000000000000000000e+00 9.992371773682261482e-01 0.000000000000000000e+00 3.905205967824997015e-02
4.300000000000000000e+01 1.000000000000000000e+00 9.992371773682473535e-01 0.000000000000000000e+00 3.905205967825071955e-02
4.400000000000000000e+01 1.000000000000000000e+00 9.992371773682487968e-01 0.000000000000000000e+00 3.905205967825019220e-02
4.500000000000000000e+01 1.000000000000000000e+00 9.992371773681040237e-01 0.000000000000000000e+00 3.905205967824564028e-02
4.600000000000000000e+01 1.000000000000000000e+00 9.992371773682401370e-01 0.000000000000000000e+00 3.905205967825066404e-02
4.700000000000000000e+01 1.000000000000000000e+00 9.992371773682193759e-01 0.000000000000000000e+00 3.905205967824920688e-02
4.800000000000000000e+01 1.000000000000000000e+00 9.992371773682460212e-01 0.000000000000000000e+00 3.905205967825095548e-02
4.900000000000000000e+01 1.000000000000000000e+00 9.992371773682442448e-01 0.000000000000000000e+00 3.905205967825078894e-02
5.000000000000000000e+01 1.000000000000000000e+00 9.992371773682385827e-01 0.000000000000000000e+00 3.905205967825071955e-02
5.100000000000000000e+01 1.000000000000000000e+00 9.992371773682151570e-01 0.000000000000000000e+00 3.905205967824999097e-02
5.200000000000000000e+01 1.000000000000000000e+00 9.992371773682307001e-01 0.000000000000000000e+00 3.905205967824978974e-02
5.300000000000000000e+01 1.000000000000000000e+00 9.992371773682114933e-01 0.000000000000000000e+00 3.905205967824934565e-02
5.400000000000000000e+01 1.000000000000000000e+00 9.992371773682440228e-01 0.000000000000000000e+00 3.905205967825060853e-02
5.500000000000000000e+01 1.000000000000000000e+00 9.992371773682393599e-01 0.000000000000000000e+00 3.905205967825079588e-02
5.600000000000000000e+01 1.000000000000000000e+00 9.992371773682422464e-01 0.000000000000000000e+00 3.905205967825069874e-02
5.700000000000000000e+01 1.000000000000000000e+00 9.992371773682345859e-01 0.000000000000000000e+00 3.905205967825037261e-02
5.800000000000000000e+01 1.000000000000000000e+00 9.992371773682301450e-01 0.000000000000000000e+00 3.905205967825024077e-02
5.900000000000000000e+01 1.000000000000000000e+00 9.992371773682575675e-01 0.000000000000000000e+00 3.905205967825219060e-02
6.000000000000000000e+01 1.000000000000000000e+00 9.992371773682473535e-01 0.000000000000000000e+00 3.905205967825123303e-02
6.100000000000000000e+01 1.000000000000000000e+00 9.992371773680526204e-01 0.000000000000000000e+00 3.905205967824378066e-02
6.200000000000000000e+01 1.000000000000000000e+00 9.992371773682133806e-01 0.000000000000000000e+00 3.905205967825023383e-02
6.300000000000000000e+01 1.000000000000000000e+00 9.992371773682438008e-01 0.000000000000000000e+00 3.905205967825046975e-02
6.400000000000000000e+01 1.000000000000000000e+00 9.992371773682219294e-01 0.000000000000000000e+00 3.905205967824973423e-02
6.500000000000000000e+01 1.000000000000000000e+00 9.992371773682167113e-01 0.000000000000000000e+00 3.905205967824977586e-02
6.600000000000000000e+01 1.000000000000000000e+00 9.992371773682329206e-01 0.000000000000000000e+00 3.905205967825022689e-02
6.700000000000000000e+01 1.000000000000000000e+00 9.992371773682293679e-01 0.000000000000000000e+00 3.905205967824993546e-02
6.800000000000000000e+01 1.000000000000000000e+00 9.992371773682456881e-01 0.000000000000000000e+00 3.905205967825035873e-02
6.900000000000000000e+01 1.000000000000000000e+00 9.992371773682230396e-01 0.000000000000000000e+00 3.905205967824978974e-02
7.000000000000000000e+01 1.000000000000000000e+00 9.992371773682354741e-01 0.000000000000000000e+00 3.905205967824973423e-02
7.100000000000000000e+01 1.000000000000000000e+00 9.992371773682353631e-01 0.000000000000000000e+00 3.905205967825050445e-02
7.200000000000000000e+01 1.000000000000000000e+00 9.992371773682362512e-01 0.000000000000000000e+00 3.905205967825040730e-02
7.300000000000000000e+01 1.000000000000000000e+00 9.992371773682097169e-01 0.000000000000000000e+00 3.905205967824892932e-02
7.400000000000000000e+01 1.000000000000000000e+00 9.992371773681958391e-01 0.000000000000000000e+00 3.905205967824884605e-02
7.500000000000000000e+01 1.000000000000000000e+00 9.992371773682312552e-01 0.000000000000000000e+00 3.905205967824995628e-02
7.600000000000000000e+01 1.000000000000000000e+00 9.992371773682438008e-01 0.000000000000000000e+00 3.905205967825044200e-02
7.700000000000000000e+01 1.000000000000000000e+00 9.992371773682333647e-01 0.000000000000000000e+00 3.905205967825021995e-02
7.800000000000000000e+01 1.000000000000000000e+00 9.992371773682107161e-01 0.000000000000000000e+00 3.905205967824996321e-02
7.900000000000000000e+01 1.000000000000000000e+00 9.992371773682392488e-01 0.000000000000000000e+00 3.905205967825056690e-02
8.000000000000000000e+01 1.000000000000000000e+00 9.992371773682161562e-01 0.000000000000000000e+00 3.905205967824984525e-02
8.100000000000000000e+01 1.000000000000000000e+00 9.992371773682349190e-01 0.000000000000000000e+00 3.905205967825055302e-02
8.200000000000000000e+01 1.000000000000000000e+00 9.992371773682419134e-01 0.000000000000000000e+00 3.905205967825058772e-02
8.300000000000000000e+01 1.000000000000000000e+00 9.992371773682350300e-01 0.000000000000000000e+00 3.905205967825063629e-02
8.400000000000000000e+01 1.000000000000000000e+00 9.992371773682352520e-01 0.000000000000000000e+00 3.905205967825019914e-02
8.500000000000000000e+01 1.000000000000000000e+00 9.992371773682454661e-01 0.000000000000000000e+00 3.905205967825083058e-02
8.600000000000000000e+01 1.000000000000000000e+00 9.992371773682002800e-01 0.000000000000000000e+00 3.905205967824901259e-02
8.700000000000000000e+01 1.000000000000000000e+00 9.992371773682215963e-01 0.000000000000000000e+00 3.905205967824973423e-02
8.800000000000000000e+01 1.000000000000000000e+00 9.992371773681965053e-01 0.000000000000000000e+00 3.905205967824878360e-02
8.900000000000000000e+01 1.000000000000000000e+00 9.992371773682066083e-01 0.000000000000000000e+00 3.905205967824908891e-02
9.000000000000000000e+01 1.000000000000000000e+00 9.992371773682358072e-01 0.000000000000000000e+00 3.905205967825008118e-02
9.100000000000000000e+01 1.000000000000000000e+00 9.992371773682516833e-01 0.000000000000000000e+00 3.905205967825116364e-02
9.200000000000000000e+01 1.000000000000000000e+00 9.992371773682268143e-01 0.000000000000000000e+00 3.905205967824946361e-02
9.300000000000000000e+01 1.000000000000000000e+00 9.992371773682307001e-01 0.000000000000000000e+00 3.905205967825001179e-02
9.400000000000000000e+01 1.000000000000000000e+00 9.992371773682301450e-01 0.000000000000000000e+00 3.905205967824992158e-02
9.500000000000000000e+01 1.000000000000000000e+00 9.992371773682314773e-01 0.000000000000000000e+00 3.905205967825051139e-02
9.600000000000000000e+01 1.000000000000000000e+00 9.992371773682362512e-01 0.000000000000000000e+00 3.905205967825027547e-02
9.700000000000000000e+01 1.000000000000000000e+00 9.992371773682521274e-01 0.000000000000000000e+00 3.905205967825134405e-02
9.800000000000000000e+01 1.000000000000000000e+00 9.992371773682259262e-01 0.000000000000000000e+00 3.905205967824951219e-02
9.900000000000000000e+01 1.000000000000000000e+00 9.992371773682282576e-01 0.000000000000000000e+00 3.905205967824997015e-02
1.000000000000000000e+02 1.000000000000000000e+00 9.992371773682229286e-01 0.000000000000000000e+00 3.905205967824949137e-02
1.010000000000000000e+02 1.000000000000000000e+00 9.992371773682375835e-01 0.000000000000000000e+00 3.905205967825030322e-02
1.020000000000000000e+02 1.000000000000000000e+00 9.992371773682360292e-01 0.000000000000000000e+00 3.905205967825017832e-02
1.030000000000000000e+02 1.000000000000000000e+00 9.992371773682167113e-01 0.000000000000000000e+00 3.905205967824991464e-02
1.040000000000000000e+02 1.000000000000000000e+00 9.992371773682404701e-01 0.000000000000000000e+00 3.905205967825056690e-02
1.050000000000000000e+02 1.000000000000000000e+00 9.992371773682476865e-01 0.000000000000000000e+00 3.905205967825089997e-02
1.060000000000000000e+02 1.000000000000000000e+00 9.992371773682490188e-01 0.000000000000000000e+00 3.905205967825038649e-02
1.070000000000000000e+02 1.000000000000000000e+00 9.992371773682416913e-01 0.000000000000000000e+00 3.905205967825088609e-02
1.080000000000000000e+02 1.000000000000000000e+00 9.992371773682402480e-01 0.000000000000000000e+00 3.905205967825046975e-02
1.090000000000000000e+02 1.000000000000000000e+00 9.992371773682469094e-01 0.000000000000000000e+00 3.905205967825076119e-02
1.100000000000000000e+02 1.000000000000000000e+00 9.992371773682523495e-01 0.000000000000000000e+00 3.905205967825157304e-02
1.110000000000000000e+02 1.000000000000000000e+00 9.992371773681736347e-01 0.000000000000000000e+00 3.905205967824833257e-02
1.120000000000000000e+02 1.000000000000000000e+00 9.992371773682326985e-01 0.000000000000000000e+00 3.905205967825033098e-02
1.130000000000000000e+02 1.000000000000000000e+00 9.992371773682373615e-01 0.000000000000000000e+00 3.905205967825078894e-02
1.140000000000000000e+02 1.000000000000000000e+00 9.992371773682324765e-01 0.000000000000000000e+00 3.905205967825006730e-02
1.150000000000000000e+02 1.000000000000000000e+00 9.992371773682344749e-01 0.000000000000000000e+00 3.905205967825041424e-02
1.160000000000000000e+02 1.000000000000000000e+00 9.992371773682215963e-01 0.000000000000000000e+00 3.905205967825015750e-02
1.170000000000000000e+02 1.000000000000000000e+00 9.992371773682302560e-01 0.000000000000000000e+00 3.905205967825017138e-02
1.180000000000000000e+02 1.000000000000000000e+00 9.992371773681272273e-01 0.000000000000000000e+00 3.905205967824559865e-02
1.190000000000000000e+02 1.000000000000000000e+00 9.992371773682235947e-01 0.000000000000000000e+00 3.905205967825003260e-02
1.200000000000000000e+02 1.000000000000000000e+00 9.992371773682043878e-01 0.000000000000000000e+00 3.905205967824858238e-02
1.210000000000000000e+02 1.000000000000000000e+00 9.992371773682449110e-01 0.000000000000000000e+00 3.905205967825072649e-02
1.220000000000000000e+02 1.000000000000000000e+00 9.992371773682398040e-01 0.000000000000000000e+00 3.905205967825088609e-02
1.230000000000000000e+02 1.000000000000000000e+00 9.992371773682351410e-01 0.000000000000000000e+00 3.905205967825049751e-02
1.240000000000000000e+02 1.000000000000000000e+00 9.992371773681852920e-01 0.000000000000000000e+00 3.905205967824856156e-02
1.250000000000000000e+02 1.000000000000000000e+00 9.992371773682502401e-01 0.000000000000000000e+00 3.905205967825101099e-02
1.260000000000000000e+02 1.000000000000000000e+00 9.992371773682028335e-01 0.000000000000000000e+00 3.905205967824899871e-02
1.270000000000000000e+02 1.000000000000000000e+00 9.992371773682440228e-01 0.000000000000000000e+00 3.905205967825017832e-02
1.280000000000000000e+02 1.000000000000000000e+00 9.992371773682579006e-01 0.000000000000000000e+00 3.905205967825213509e-02
1.290000000000000000e+02 1.000000000000000000e+00 9.992371773682384717e-01 0.000000000000000000e+00 3.905205967825051139e-02
1.300000000000000000e+02 1.000000000000000000e+00 9.992371773682433567e-01 0.000000000000000000e+00 3.905205967825058078e-02
1.310000000000000000e+02 1.000000000000000000e+00 9.992371773681806291e-01 0.000000000000000000e+00 3.905205967824831870e-02
1.320000000000000000e+02 1.000000000000000000e+00 9.992371773682098279e-01 0.000000000000000000e+00 3.905205967824929708e-02
1.330000000000000000e+02 1.000000000000000000e+00 9.992371773682289238e-01 0.000000000000000000e+00 3.905205967824952606e-02
1.340000000000000000e+02 1.000000000000000000e+00 9.992371773682361402e-01 0.000000000000000000e+00 3.905205967825040037e-02
1.350000000000000000e+02 1.000000000000000000e+00 9.992371773682435787e-01 0.000000000000000000e+00 3.905205967825042812e-02
1.360000000000000000e+02 1.000000000000000000e+00 9.992371773682178215e-01 0.000000000000000000e+00 3.905205967824949831e-02
1.370000000000000000e+02 1.000000000000000000e+00 9.992371773682126035e-01 0.000000000000000000e+00 3.905205967824979668e-02
1.380000000000000000e+02 1.000000000000000000e+00 9.992371773682570124e-01 0.000000000000000000e+00 3.905205967825153834e-02
1.390000000000000000e+02 1.000000000000000000e+00 9.992371773681494318e-01 0.000000000000000000e+00 3.905205967824718766e-02
1.400000000000000000e+02 1.000000000000000000e+00 9.992371773680681635e-01 0.000000000000000000e+00 3.905205967824348229e-02
1.410000000000000000e+02 1.000000000000000000e+00 9.992371773682224845e-01 0.000000000000000000e+00 3.905205967824962321e-02
1.420000000000000000e+02 1.000000000000000000e+00 9.992371773682509062e-01 0.000000000000000000e+00 3.905205967825205182e-02
1.430000000000000000e+02 1.000000000000000000e+00 9.992371773682406921e-01 0.000000000000000000e+00 3.905205967825018526e-02
1.440000000000000000e+02 1.000000000000000000e+00 9.992371773681513192e-01 0.000000000000000000e+00 3.905205967824697255e-02
1.450000000000000000e+02 1.000000000000000000e+00 9.992371773682195979e-01 0.000000000000000000e+00 3.905205967824960933e-02
1.460000000000000000e+02 1.000000000000000000e+00 9.992371773682457992e-01 0.000000000000000000e+00 3.905205967825078894e-02
1.470000000000000000e+02 1.000000000000000000e+00 9.992371773682477976e-01 0.000000000000000000e+00 3.905205967825128854e-02
1.480000000000000000e+02 1.000000000000000000e+00 9.992371773682473535e-01 0.000000000000000000e+00 3.905205967825112895e-02
1.490000000000000000e+02 1.000000000000000000e+00 9.992371773682420244e-01 0.000000000000000000e+00 3.905205967825053220e-02
1.500000000000000000e+02 1.000000000000000000e+00 9.992371773682382496e-01 0.000000000000000000e+00 3.905205967825044200e-02
1.510000000000000000e+02 1.000000000000000000e+00 9.992371773681916203e-01 0.000000000000000000e+00 3.905205967824817992e-02
1.520000000000000000e+02 1.000000000000000000e+00 9.992371773680120972e-01 0.000000000000000000e+00 3.905205967824162960e-02
1.530000000000000000e+02 1.000000000000000000e+00 9.992371773681715252e-01 0.000000000000000000e+00 3.905205967824803420e-02
1.540000000000000000e+02 1.000000000000000000e+00 9.992371773682382496e-01 0.000000000000000000e+00 3.905205967825029628e-02
1.550000000000000000e+02 1.000000000000000000e+00 9.992371773682070524e-01 0.000000000000000000e+00 3.905205967824937341e-02
1.560000000000000000e+02 1.000000000000000000e+00 9.992371773680125413e-01 0.000000000000000000e+00 3.905205967824199043e-02
1.570000000000000000e+02 1.000000000000000000e+00 9.992371773682475755e-01 0.000000000000000000e+00 3.905205967825066404e-02
1.580000000000000000e+02 1.000000000000000000e+00 9.992371773682348080e-01 0.000000000000000000e+00 3.905205967825012281e-02
1.590000000000000000e+02 1.000000000000000000e+00 9.992371773682228175e-01 0.000000000000000000e+00 3.905205967825045588e-02
1.600000000000000000e+02 1.000000000000000000e+00 9.992371773682359182e-01 0.000000000000000000e+00 3.905205967824964403e-02
1.610000000000000000e+02 1.000000000000000000e+00 9.992371773682421354e-01 0.000000000000000000e+00 3.905205967825029628e-02
1.620000000000000000e+02 1.000000000000000000e+00 9.992371773682489078e-01 0.000000000000000000e+00 3.905205967825066404e-02
1.630000000000000000e+02 1.000000000000000000e+00 9.992371773682215963e-01 0.000000000000000000e+00 3.905205967825045588e-02
1.640000000000000000e+02 1.000000000000000000e+00 9.992371773682555691e-01 0.000000000000000000e+00 3.905205967825066404e-02
1.650000000000000000e+02 1.000000000000000000e+00 9.992371773682386937e-01 0.000000000000000000e+00 3.905205967825071955e-02
1.660000000000000000e+02 1.000000000000000000e+00 9.992371773682173774e-01 0.000000000000000000e+00 3.905205967825001873e-02
1.670000000000000000e+02 1.000000000000000000e+00 9.992371773682335867e-01 0.000000000000000000e+00 3.905205967825042118e-02
1.680000000000000000e+02 1.000000000000000000e+00 9.992371773681989477e-01 0.000000000000000000e+00 3.905205967824899871e-02
1.690000000000000000e+02 1.000000000000000000e+00 9.992371773682404701e-01 0.000000000000000000e+00 3.905205967825042812e-02
1.700000000000000000e+02 1.000000000000000000e+00 9.992371773682386937e-01 0.000000000000000000e+00 3.905205967825027547e-02
1.710000000000000000e+02 1.000000000000000000e+00 9.992371773682324765e-01 0.000000000000000000e+00 3.905205967825052527e-02
1.720000000000000000e+02 1.000000000000000000e+00 9.992371773682424685e-01 0.000000000000000000e+00 3.905205967825080282e-02
1.730000000000000000e+02 1.000000000000000000e+00 9.992371773682078295e-01 0.000000000000000000e+00 3.905205967824874891e-02
1.740000000000000000e+02 1.000000000000000000e+00 9.992371773682489078e-01 0.000000000000000000e+00 3.905205967825095548e-02
1.750000000000000000e+02 1.000000000000000000e+00 9.992371773681887337e-01 0.000000000000000000e+00 3.905205967824806890e-02
1.760000000000000000e+02 1.000000000000000000e+00 9.992371773682191538e-01 0.000000000000000000e+00 3.905205967824977586e-02
1.770000000000000000e+02 1.000000000000000000e+00 9.992371773682401370e-01 0.000000000000000000e+00 3.905205967824997015e-02
1.780000000000000000e+02 1.000000000000000000e+00 9.992371773682344749e-01 0.000000000000000000e+00 3.905205967824981750e-02
1.790000000000000000e+02 1.000000000000000000e+00 9.992371773682373615e-01 0.000000000000000000e+00 3.905205967825019220e-02
1.800000000000000000e+02 1.000000000000000000e+00 9.992371773682081626e-01 0.000000000000000000e+00 3.905205967824937341e-02
1.810000000000000000e+02 1.000000000000000000e+00 9.992371773682473535e-01 0.000000000000000000e+00 3.905205967825098323e-02
1.820000000000000000e+02 1.000000000000000000e+00 9.992371773682482416e-01 0.000000000000000000e+00 3.905205967825053914e-02
1.830000000000000000e+02 1.000000000000000000e+00 9.992371773682403591e-01 0.000000000000000000e+00 3.905205967825033098e-02
1.840000000000000000e+02 1.000000000000000000e+00 9.992371773682008351e-01 0.000000000000000000e+00 3.905205967824925545e-02
1.850000000000000000e+02 1.000000000000000000e+00 9.992371773682493519e-01 0.000000000000000000e+00 3.905205967824987995e-02
1.860000000000000000e+02 1.000000000000000000e+00 9.992371773681636427e-01 0.000000000000000000e+00 3.905205967824722235e-02
1.870000000000000000e+02 1.000000000000000000e+00 9.992371773682204861e-01 0.000000000000000000e+00 3.905205967824954688e-02
1.880000000000000000e+02 1.000000000000000000e+00 9.992371773682475755e-01 0.000000000000000000e+00 3.905205967825021302e-02
1.890000000000000000e+02 1.000000000000000000e+00 9.992371773682205971e-01 0.000000000000000000e+00 3.905205967824958158e-02
1.900000000000000000e+02 1.000000000000000000e+00 9.992371773682461322e-01 0.000000000000000000e+00 3.905205967825091384e-02
1.910000000000000000e+02 1.000000000000000000e+00 9.992371773682405811e-01 0.000000000000000000e+00 3.905205967825038649e-02
1.920000000000000000e+02 1.000000000000000000e+00 9.992371773682345859e-01 0.000000000000000000e+00 3.905205967825033098e-02
1.930000000000000000e+02 1.000000000000000000e+00 9.992371773682406921e-01 0.000000000000000000e+00 3.905205967825038649e-02
1.940000000000000000e+02 1.000000000000000000e+00 9.992371773682375835e-01 0.000000000000000000e+00 3.905205967825038649e-02
1.950000000000000000e+02 1.000000000000000000e+00 9.992371773682472424e-01 0.000000000000000000e+00 3.905205967825083058e-02
1.960000000000000000e+02 1.000000000000000000e+00 9.992371773682326985e-01 0.000000000000000000e+00 3.905205967824988689e-02
1.970000000000000000e+02 1.000000000000000000e+00 9.992371773682362512e-01 0.000000000000000000e+00 3.905205967825042812e-02
1.980000000000000000e+02 1.000000000000000000e+00 9.992371773682324765e-01 0.000000000000000000e+00 3.905205967824956770e-02
1.990000000000000000e+02 1.000000000000000000e+00 9.992371773682110492e-01 0.000000000000000000e+00 3.905205967824931790e-02
2.000000000000000000e+02 1.000000000000000000e+00 9.992371773682147129e-01 0.000000000000000000e+00 3.905205967825001179e-02
2.010000000000000000e+02 1.000000000000000000e+00 9.992371773682351410e-01 0.000000000000000000e+00 3.905205967825003260e-02
2.020000000000000000e+02 1.000000000000000000e+00 9.992371773682349190e-01 0.000000000000000000e+00 3.905205967825054608e-02
2.030000000000000000e+02 1.000000000000000000e+00 9.992371773682420244e-01 0.000000000000000000e+00 3.905205967825035179e-02
2.040000000000000000e+02 1.000000000000000000e+00 9.992371773682171554e-01 0.000000000000000000e+00 3.905205967824965096e-02
2.050000000000000000e+02 1.000000000000000000e+00 9.992371773682495739e-01 0.000000000000000000e+00 3.905205967825094160e-02
2.060000000000000000e+02 1.000000000000000000e+00 9.992371773682050540e-01 0.000000000000000000e+00 3.905205967824924157e-02
2.070000000000000000e+02 1.000000000000000000e+00 9.992371773682066083e-01 0.000000000000000000e+00 3.905205967824942892e-02
2.080000000000000000e+02 1.000000000000000000e+00 9.992371773682349190e-01 0.000000000000000000e+00 3.905205967825030322e-02
2.090000000000000000e+02 1.000000000000000000e+00 9.992371773682500180e-01 0.000000000000000000e+00 3.905205967825048363e-02
2.100000000000000000e+02 1.000000000000000000e+00 9.992371773682464653e-01 0.000000000000000000e+00 3.905205967825081670e-02
2.110000000000000000e+02 1.000000000000000000e+00 9.992371773682062752e-01 0.000000000000000000e+00 3.905205967824935259e-02
2.120000000000000000e+02 1.000000000000000000e+00 9.992371773682138247e-01 0.000000000000000000e+00 3.905205967824918606e-02
2.130000000000000000e+02 1.000000000000000000e+00 9.992371773682438008e-01 0.000000000000000000e+00 3.905205967825062241e-02
2.140000000000000000e+02 1.000000000000000000e+00 9.992371773682280356e-01 0.000000000000000000e+00 3.905205967824950525e-02
2.150000000000000000e+02 1.000000000000000000e+00 9.992371773682313663e-01 0.000000000000000000e+00 3.905205967824992852e-02
2.160000000000000000e+02 1.000000000000000000e+00 9.992371773682113822e-01 0.000000000000000000e+00 3.905205967824942892e-02
2.170000000000000000e+02 1.000000000000000000e+00 9.992371773682491298e-01 0.000000000000000000e+00 3.905205967825035873e-02
2.180000000000000000e+02 1.000000000000000000e+00 9.992371773682344749e-01 0.000000000000000000e+00 3.905205967825038649e-02
2.190000000000000000e+02 1.000000000000000000e+00 9.992371773682199310e-01 0.000000000000000000e+00 3.905205967825015057e-02
2.200000000000000000e+02 1.000000000000000000e+00 9.992371773682010572e-01 0.000000000000000000e+00 3.905205967824898483e-02
2.210000000000000000e+02 1.000000000000000000e+00 9.992371773682240388e-01 0.000000000000000000e+00 3.905205967824994934e-02
2.220000000000000000e+02 1.000000000000000000e+00 9.992371773682496849e-01 0.000000000000000000e+00 3.905205967825103180e-02
2.230000000000000000e+02 1.000000000000000000e+00 9.992371773682252600e-01 0.000000000000000000e+00 3.905205967825008118e-02
2.240000000000000000e+02 1.000000000000000000e+00 9.992371773682422464e-01 0.000000000000000000e+00 3.905205967825037261e-02
2.250000000000000000e+02 1.000000000000000000e+00 9.992371773676873570e-01 0.000000000000000000e+00 3.905205967822871632e-02
2.260000000000000000e+02 1.000000000000000000e+00 9.992371773682371394e-01 0.000000000000000000e+00 3.905205967825027547e-02
2.270000000000000000e+02 1.000000000000000000e+00 9.992371773682231506e-01 0.000000000000000000e+00 3.905205967824988689e-02
2.280000000000000000e+02 1.000000000000000000e+00 9.992371773682404701e-01 0.000000000000000000e+00 3.905205967825020608e-02
2.290000000000000000e+02 1.000000000000000000e+00 9.992371773682464653e-01 0.000000000000000000e+00 3.905205967825069874e-02
2.300000000000000000e+02 1.000000000000000000e+00 9.992371773682501290e-01 0.000000000000000000e+00 3.905205967825117058e-02
2.310000000000000000e+02 1.000000000000000000e+00 9.992371773681938407e-01 0.000000000000000000e+00 3.905205967824857544e-02
2.320000000000000000e+02 1.000000000000000000e+00 9.992371773682053870e-01 0.000000000000000000e+00 3.905205967824896401e-02
2.330000000000000000e+02 1.000000000000000000e+00 9.992371773682295899e-01 0.000000000000000000e+00 3.905205967824992852e-02
2.340000000000000000e+02 1.000000000000000000e+00 9.992371773682011682e-01 0.000000000000000000e+00 3.905205967824828400e-02
2.350000000000000000e+02 1.000000000000000000e+00 9.992371773682240388e-01 0.000000000000000000e+00 3.905205967824960239e-02
2.360000000000000000e+02 1.000000000000000000e+00 9.992371773682248159e-01 0.000000000000000000e+00 3.905205967824981056e-02
2.370000000000000000e+02 1.000000000000000000e+00 9.992371773682391378e-01 0.000000000000000000e+00 3.905205967825046975e-02
2.380000000000000000e+02 1.000000000000000000e+00 9.992371773682476865e-01 0.000000000000000000e+00 3.905205967825033098e-02
2.390000000000000000e+02 1.000000000000000000e+00 9.992371773682483527e-01 0.000000000000000000e+00 3.905205967825020608e-02
2.400000000000000000e+02 1.000000000000000000e+00 9.992371773682460212e-01 0.000000000000000000e+00 3.905205967825059465e-02
2.410000000000000000e+02 1.000000000000000000e+00 9.992371773681995029e-01 0.000000000000000000e+00 3.905205967824880442e-02
2.420000000000000000e+02 1.000000000000000000e+00 9.992371773682258151e-01 0.000000000000000000e+00 3.905205967824977586e-02
2.430000000000000000e+02 1.000000000000000000e+00 9.992371773682457992e-01 0.000000000000000000e+00 3.905205967825037261e-02
2.440000000000000000e+02 1.000000000000000000e+00 9.992371773682429126e-01 0.000000000000000000e+00 3.905205967825082364e-02
2.450000000000000000e+02 1.000000000000000000e+00 9.992371773682420244e-01 0.000000000000000000e+00 3.905205967825049751e-02
2.460000000000000000e+02 1.000000000000000000e+00 9.992371773681447689e-01 0.000000000000000000e+00 3.905205967824688235e-02
2.470000000000000000e+02 1.000000000000000000e+00 9.992371773682275915e-01 0.000000000000000000e+00 3.905205967825035873e-02
2.480000000000000000e+02 1.000000000000000000e+00 9.992371773682411362e-01 0.000000000000000000e+00 3.905205967825056690e-02
2.490000000000000000e+02 1.000000000000000000e+00 9.992371773682449110e-01 0.000000000000000000e+00 3.905205967825028240e-02
2.500000000000000000e+02 1.000000000000000000e+00 9.992371773682273695e-01 0.000000000000000000e+00 3.905205967825033098e-02
2.510000000000000000e+02 1.000000000000000000e+00 9.992371773682269254e-01 0.000000000000000000e+00 3.905205967825010893e-02
2.520000000000000000e+02 1.000000000000000000e+00 9.992371773682366953e-01 0.000000000000000000e+00 3.905205967825031710e-02
2.530000000000000000e+02 1.000000000000000000e+00 9.992371773682409142e-01 0.000000000000000000e+00 3.905205967825005342e-02
2.540000000000000000e+02 1.000000000000000000e+00 9.992371773682420244e-01 0.000000000000000000e+00 3.905205967825053914e-02
2.550000000000000000e+02 1.000000000000000000e+00 9.992371773682484637e-01 0.000000000000000000e+00 3.905205967825052527e-02
2.560000000000000000e+02 1.000000000000000000e+00 9.992371773681312241e-01 0.000000000000000000e+00 3.905205967824643826e-02
2.570000000000000000e+02 1.000000000000000000e+00 9.992371773680512881e-01 0.000000000000000000e+00 3.905205967824307289e-02
2.580000000000000000e+02 1.000000000000000000e+00 9.992371773681992808e-01 0.000000000000000000e+00 3.905205967824888075e-02
2.590000000000000000e+02 1.000000000000000000e+00 9.992371773681910652e-01 0.000000000000000000e+00 3.905205967824879054e-02
2.600000000000000000e+02 1.000000000000000000e+00 9.992371773681913982e-01 0.000000000000000000e+00 3.905205967824879054e-02
2.610000000000000000e+02 1.000000000000000000e+00 9.992371773682124925e-01 0.000000000000000000e+00 3.905205967824919300e-02
2.620000000000000000e+02 1.000000000000000000e+00 9.992371773682420244e-01 0.000000000000000000e+00 3.905205967825049751e-02
2.630000000000000000e+02 1.000000000000000000e+00 9.992371773682500180e-01 0.000000000000000000e+00 3.905205967825056690e-02
2.640000000000000000e+02 1.000000000000000000e+00 9.992371773682314773e-01 0.000000000000000000e+00 3.905205967824977586e-02
2.650000000000000000e+02 1.000000000000000000e+00 9.992371773682300340e-01 0.000000000000000000e+00 3.905205967825015057e-02
2.660000000000000000e+02 1.000000000000000000e+00 9.992371773682517944e-01 0.000000000000000000e+00 3.905205967825028934e-02
2.670000000000000000e+02 1.000000000000000000e+00 9.992371773681250069e-01 0.000000000000000000e+00 3.905205967824569580e-02
2.680000000000000000e+02 1.000000000000000000e+00 9.992371773682456881e-01 0.000000000000000000e+00 3.905205967825041424e-02
2.690000000000000000e+02 1.000000000000000000e+00 9.992371773682172664e-01 0.000000000000000000e+00 3.905205967824960933e-02
2.700000000000000000e+02 1.000000000000000000e+00 9.992371773682374725e-01 0.000000000000000000e+00 3.905205967825017832e-02
2.710000000000000000e+02 1.000000000000000000e+00 9.992371773682455771e-01 0.000000000000000000e+00 3.905205967825037261e-02
2.720000000000000000e+02 1.000000000000000000e+00 9.992371773682446889e-01 0.000000000000000000e+00 3.905205967825056690e-02
2.730000000000000000e+02 1.000000000000000000e+00 9.992371773682273695e-01 0.000000000000000000e+00 3.905205967824944280e-02
2.740000000000000000e+02 1.000000000000000000e+00 9.992371773682107161e-01 0.000000000000000000e+00 3.905205967824945668e-02
2.750000000000000000e+02 1.000000000000000000e+00 9.992371773681290037e-01 0.000000000000000000e+00 3.905205967824607050e-02
2.760000000000000000e+02 1.000000000000000000e+00 9.992371773682053870e-01 0.000000000000000000e+00 3.905205967824899871e-02
2.770000000000000000e+02 1.000000000000000000e+00 9.992371773682431346e-01 0.000000000000000000e+00 3.905205967825003954e-02
2.780000000000000000e+02 1.000000000000000000e+00 9.992371773682297009e-01 0.000000000000000000e+00 3.905205967825016444e-02
2.790000000000000000e+02 1.000000000000000000e+00 9.992371773682420244e-01 0.000000000000000000e+00 3.905205967825034485e-02
2.800000000000000000e+02 1.000000000000000000e+00 9.992371773682247049e-01 0.000000000000000000e+00 3.905205967824985913e-02
2.810000000000000000e+02 1.000000000000000000e+00 9.992371773682067193e-01 0.000000000000000000e+00 3.905205967824913055e-02
2.820000000000000000e+02 1.000000000000000000e+00 9.992371773682544589e-01 0.000000000000000000e+00 3.905205967825087221e-02
2.830000000000000000e+02 1.000000000000000000e+00 9.992371773682064973e-01 0.000000000000000000e+00 3.905205967824931790e-02
2.840000000000000000e+02 1.000000000000000000e+00 9.992371773682320324e-01 0.000000000000000000e+00 3.905205967824981750e-02
2.850000000000000000e+02 1.000000000000000000e+00 9.992371773682493519e-01 0.000000000000000000e+00 3.905205967825071262e-02
2.860000000000000000e+02 1.000000000000000000e+00 9.992371773681711922e-01 0.000000000000000000e+00 3.905205967824765256e-02
2.870000000000000000e+02 1.000000000000000000e+00 9.992371773682273695e-01 0.000000000000000000e+00 3.905205967824961627e-02
2.880000000000000000e+02 1.000000000000000000e+00 9.992371773682007241e-01 0.000000000000000000e+00 3.905205967824884605e-02
2.890000000000000000e+02 1.000000000000000000e+00 9.992371773682133806e-01 0.000000000000000000e+00 3.905205967824917912e-02
2.900000000000000000e+02 1.000000000000000000e+00 9.992371773682051650e-01 0.000000000000000000e+00 3.905205967824866564e-02
2.910000000000000000e+02 1.000000000000000000e+00 9.992371773682380276e-01 0.000000000000000000e+00 3.905205967825041424e-02
2.920000000000000000e+02 1.000000000000000000e+00 9.992371773682395819e-01 0.000000000000000000e+00 3.905205967825023383e-02
2.930000000000000000e+02 1.000000000000000000e+00 9.992371773682360292e-01 0.000000000000000000e+00 3.905205967825074731e-02
2.940000000000000000e+02 1.000000000000000000e+00 9.992371773682203751e-01 0.000000000000000000e+00 3.905205967824981056e-02
2.950000000000000000e+02 1.000000000000000000e+00 9.992371773682360292e-01 0.000000000000000000e+00 3.905205967825042812e-02
2.960000000000000000e+02 1.000000000000000000e+00 9.992371773682374725e-01 0.000000000000000000e+00 3.905205967825040037e-02
2.970000000000000000e+02 1.000000000000000000e+00 9.992371773682373615e-01 0.000000000000000000e+00 3.905205967825007424e-02
2.980000000000000000e+02 1.000000000000000000e+00 9.992371773682309222e-01 0.000000000000000000e+00 3.905205967825015057e-02
2.990000000000000000e+02 1.000000000000000000e+00 9.992371773682482416e-01 0.000000000000000000e+00 3.905205967825076119e-02
3.000000000000000000e+02 1.000000000000000000e+00 9.992371773682474645e-01 0.000000000000000000e+00 3.905205967825074731e-02
3.010000000000000000e+02 1.000000000000000000e+00 9.992371773682486857e-01 0.000000000000000000e+00 3.905205967825076119e-02
3.020000000000000000e+02 1.000000000000000000e+00 9.992371773682549030e-01 0.000000000000000000e+00 3.905205967825066404e-02
3.030000000000000000e+02 1.000000000000000000e+00 9.992371773682355851e-01 0.000000000000000000e+00 3.905205967825031016e-02
3.040000000000000000e+02 1.000000000000000000e+00 9.992371773682351410e-01 0.000000000000000000e+00 3.905205967825001179e-02
3.050000000000000000e+02 1.000000000000000000e+00 9.992371773682380276e-01 0.000000000000000000e+00 3.905205967825013669e-02
3.060000000000000000e+02 1.000000000000000000e+00 9.992371773682471314e-01 0.000000000000000000e+00 3.905205967825067098e-02
3.070000000000000000e+02 1.000000000000000000e+00 9.992371773682211522e-01 0.000000000000000000e+00 3.905205967825019220e-02
3.080000000000000000e+02 1.000000000000000000e+00 9.992371773682255931e-01 0.000000000000000000e+00 3.905205967824959545e-02
3.090000000000000000e+02 1.000000000000000000e+00 9.992371773682321434e-01 0.000000000000000000e+00 3.905205967825037261e-02
3.100000000000000000e+02 1.000000000000000000e+00 9.992371773682270364e-01 0.000000000000000000e+00 3.905205967824966484e-02
3.110000000000000000e+02 1.000000000000000000e+00 9.992371773682093838e-01 0.000000000000000000e+00 3.905205967824962321e-02
3.120000000000000000e+02 1.000000000000000000e+00 9.992371773681776315e-01 0.000000000000000000e+00 3.905205967824798563e-02
3.130000000000000000e+02 1.000000000000000000e+00 9.992371773682000580e-01 0.000000000000000000e+00 3.905205967824958158e-02
3.140000000000000000e+02 1.000000000000000000e+00 9.992371773681625324e-01 0.000000000000000000e+00 3.905205967824715296e-02
3.150000000000000000e+02 1.000000000000000000e+00 9.992371773681990588e-01 0.000000000000000000e+00 3.905205967824888075e-02
3.160000000000000000e+02 1.000000000000000000e+00 9.992371773682389158e-01 0.000000000000000000e+00 3.905205967825046975e-02
3.170000000000000000e+02 1.000000000000000000e+00 9.992371773682280356e-01 0.000000000000000000e+00 3.905205967825009505e-02
3.180000000000000000e+02 1.000000000000000000e+00 9.992371773681967273e-01 0.000000000000000000e+00 3.905205967824860319e-02
3.190000000000000000e+02 1.000000000000000000e+00 9.992371773681867353e-01 0.000000000000000000e+00 3.905205967824840196e-02
3.200000000000000000e+02 1.000000000000000000e+00 9.992371773682319214e-01 0.000000000000000000e+00 3.905205967825009505e-02
3.210000000000000000e+02 1.000000000000000000e+00 9.992371773682368064e-01 0.000000000000000000e+00 3.905205967824999791e-02
3.220000000000000000e+02 1.000000000000000000e+00 9.992371773682049430e-01 0.000000000000000000e+00 3.905205967824894320e-02
3.230000000000000000e+02 1.000000000000000000e+00 9.992371773681369973e-01 0.000000000000000000e+00 3.905205967824693092e-02
3.240000000000000000e+02 1.000000000000000000e+00 9.992371773682172664e-01 0.000000000000000000e+00 3.905205967824940810e-02
3.250000000000000000e+02 1.000000000000000000e+00 9.992371773682008351e-01 0.000000000000000000e+00 3.905205967824843666e-02
3.260000000000000000e+02 1.000000000000000000e+00 9.992371773681243408e-01 0.000000000000000000e+00 3.905205967824552232e-02
3.270000000000000000e+02 1.000000000000000000e+00 9.992371773682459102e-01 0.000000000000000000e+00 3.905205967825049751e-02
3.280000000000000000e+02 1.000000000000000000e+00 9.992371773682428016e-01 0.000000000000000000e+00 3.905205967825046975e-02
3.290000000000000000e+02 1.000000000000000000e+00 9.992371773682322544e-01 0.000000000000000000e+00 3.905205967825024771e-02
3.300000000000000000e+02 1.000000000000000000e+00 9.992371773682116043e-01 0.000000000000000000e+00 3.905205967824947749e-02
3.310000000000000000e+02 1.000000000000000000e+00 9.992371773682098279e-01 0.000000000000000000e+00 3.905205967824924851e-02
3.320000000000000000e+02 1.000000000000000000e+00 9.992371773682291458e-01 0.000000000000000000e+00 3.905205967824937341e-02
3.330000000000000000e+02 1.000000000000000000e+00 9.992371773682344749e-01 0.000000000000000000e+00 3.905205967825005342e-02
3.340000000000000000e+02 1.000000000000000000e+00 9.992371773681756331e-01 0.000000000000000000e+00 3.905205967824797175e-02
3.350000000000000000e+02 1.000000000000000000e+00 9.992371773682270364e-01 0.000000000000000000e+00 3.905205967824997015e-02
3.360000000000000000e+02 1.000000000000000000e+00 9.992371773682138247e-01 0.000000000000000000e+00 3.905205967824959545e-02
3.370000000000000000e+02 1.000000000000000000e+00 9.992371773682157121e-01 0.000000000000000000e+00 3.905205967824947055e-02
3.380000000000000000e+02 1.000000000000000000e+00 9.992371773681754110e-01 0.000000000000000000e+00 3.905205967824773583e-02
3.390000000000000000e+02 1.000000000000000000e+00 9.992371773682278135e-01 0.000000000000000000e+00 3.905205967824982444e-02
3.400000000000000000e+02 1.000000000000000000e+00 9.992371773682382496e-01 0.000000000000000000e+00 3.905205967825026159e-02
3.410000000000000000e+02 1.000000000000000000e+00 9.992371773682174885e-01 0.000000000000000000e+00 3.905205967824964403e-02
3.420000000000000000e+02 1.000000000000000000e+00 9.992371773682167113e-01 0.000000000000000000e+00 3.905205967824959545e-02
3.430000000000000000e+02 1.000000000000000000e+00 9.992371773682224845e-01 0.000000000000000000e+00 3.905205967824994240e-02
3.440000000000000000e+02 1.000000000000000000e+00 9.992371773682307001e-01 0.000000000000000000e+00 3.905205967825017832e-02
3.450000000000000000e+02 1.000000000000000000e+00 9.992371773681815172e-01 0.000000000000000000e+00 3.905205967824804114e-02
3.460000000000000000e+02 1.000000000000000000e+00 9.992371773682287017e-01 0.000000000000000000e+00 3.905205967824935953e-02
3.470000000000000000e+02 1.000000000000000000e+00 9.992371773680742697e-01 0.000000000000000000e+00 3.905205967824421087e-02
3.480000000000000000e+02 1.000000000000000000e+00 9.992371773682309222e-01 0.000000000000000000e+00 3.905205967825008118e-02
3.490000000000000000e+02 1.000000000000000000e+00 9.992371773682187097e-01 0.000000000000000000e+00 3.905205967824953994e-02
3.500000000000000000e+02 1.000000000000000000e+00 9.992371773681989477e-01 0.000000000000000000e+00 3.905205967824881830e-02
3.510000000000000000e+02 1.000000000000000000e+00 9.992371773682346969e-01 0.000000000000000000e+00 3.905205967824994240e-02
3.520000000000000000e+02 1.000000000000000000e+00 9.992371773682409142e-01 0.000000000000000000e+00 3.905205967825067792e-02
3.530000000000000000e+02 1.000000000000000000e+00 9.992371773682198199e-01 0.000000000000000000e+00 3.905205967824998403e-02
3.540000000000000000e+02 1.000000000000000000e+00 9.992371773682080516e-01 0.000000000000000000e+00 3.905205967824970648e-02
3.550000000000000000e+02 1.000000000000000000e+00 9.992371773682011682e-01 0.000000000000000000e+00 3.905205967824909585e-02
3.560000000000000000e+02 1.000000000000000000e+00 9.992371773682006131e-01 0.000000000000000000e+00 3.905205967824911667e-02
3.570000000000000000e+02 1.000000000000000000e+00 9.992371773682486857e-01 0.000000000000000000e+00 3.905205967825043506e-02
3.580000000000000000e+02 1.000000000000000000e+00 9.992371773681466562e-01 0.000000000000000000e+00 3.905205967824670887e-02
3.590000000000000000e+02 1.000000000000000000e+00 9.992371773682080516e-01 0.000000000000000000e+00 3.905205967824926239e-02
3.600000000000000000e+02 1.000000000000000000e+00 9.992371773682364733e-01 0.000000000000000000e+00 3.905205967825034485e-02
3.610000000000000000e+02 1.000000000000000000e+00 9.992371773682262592e-01 0.000000000000000000e+00 3.905205967824987301e-02
3.620000000000000000e+02 1.000000000000000000e+00 9.992371773682183766e-01 0.000000000000000000e+00 3.905205967824987995e-02
3.630000000000000000e+02 1.000000000000000000e+00 9.992371773682384717e-01 0.000000000000000000e+00 3.905205967825035873e-02
3.640000000000000000e+02 1.000000000000000000e+00 9.992371773682358072e-01 0.000000000000000000e+00 3.905205967825014363e-02
3.650000000000000000e+02 1.000000000000000000e+00 9.992371773682304781e-01 0.000000000000000000e+00 3.905205967824980362e-02
3.660000000000000000e+02 1.000000000000000000e+00 9.992371773682494629e-01 0.000000000000000000e+00 3.905205967825041424e-02
3.670000000000000000e+02 1.000000000000000000e+00 9.992371773682495739e-01 0.000000000000000000e+00 3.905205967825030322e-02
3.680000000000000000e+02 1.000000000000000000e+00 9.992371773682449110e-01 0.000000000000000000e+00 3.905205967825051139e-02
3.690000000000000000e+02 1.000000000000000000e+00 9.992371773681958391e-01 0.000000000000000000e+00 3.905205967824840196e-02
3.700000000000000000e+02 1.000000000000000000e+00 9.992371773682329206e-01 0.000000000000000000e+00 3.905205967825010893e-02
3.710000000000000000e+02 1.000000000000000000e+00 9.992371773682409142e-01 0.000000000000000000e+00 3.905205967825023383e-02
3.720000000000000000e+02 1.000000000000000000e+00 9.992371773682271474e-01 0.000000000000000000e+00 3.905205967824988689e-02
3.730000000000000000e+02 1.000000000000000000e+00 9.992371773682319214e-01 0.000000000000000000e+00 3.905205967824982444e-02
3.740000000000000000e+02 1.000000000000000000e+00 9.992371773682029445e-01 0.000000000000000000e+00 3.905205967824890850e-02
3.750000000000000000e+02 1.000000000000000000e+00 9.992371773681861802e-01 0.000000000000000000e+00 3.905205967824795787e-02
3.760000000000000000e+02 1.000000000000000000e+00 9.992371773682461322e-01 0.000000000000000000e+00 3.905205967825041424e-02
3.770000000000000000e+02 1.000000000000000000e+00 9.992371773682258151e-01 0.000000000000000000e+00 3.905205967824987301e-02
3.780000000000000000e+02 1.000000000000000000e+00 9.992371773682560132e-01 0.000000000000000000e+00 3.905205967825126773e-02
3.790000000000000000e+02 1.000000000000000000e+00 9.992371773680217562e-01 0.000000000000000000e+00 3.905205967824162960e-02
3.800000000000000000e+02 1.000000000000000000e+00 9.992371773682313663e-01 0.000000000000000000e+00 3.905205967824992852e-02
3.810000000000000000e+02 1.000000000000000000e+00 9.992371773681956171e-01 0.000000000000000000e+00 3.905205967824861707e-02
3.820000000000000000e+02 1.000000000000000000e+00 9.992371773682153790e-01 0.000000000000000000e+00 3.905205967824927626e-02
3.830000000000000000e+02 1.000000000000000000e+00 9.992371773682369174e-01 0.000000000000000000e+00 3.905205967825017832e-02
3.840000000000000000e+02 1.000000000000000000e+00 9.992371773682389158e-01 0.000000000000000000e+00 3.905205967825014363e-02
3.850000000000000000e+02 1.000000000000000000e+00 9.992371773681961722e-01 0.000000000000000000e+00 3.905205967824844360e-02
3.860000000000000000e+02 1.000000000000000000e+00 9.992371773682162672e-01 0.000000000000000000e+00 3.905205967824926933e-02
3.870000000000000000e+02 1.000000000000000000e+00 9.992371773677499736e-01 0.000000000000000000e+00 3.905205967823112412e-02
3.880000000000000000e+02 1.000000000000000000e+00 9.992371773682320324e-01 0.000000000000000000e+00 3.905205967824984525e-02
3.890000000000000000e+02 1.000000000000000000e+00 9.992371773682353631e-01 0.000000000000000000e+00 3.905205967825033098e-02
3.900000000000000000e+02 1.000000000000000000e+00 9.992371773681880676e-01 0.000000000000000000e+00 3.905205967824829094e-02
3.910000000000000000e+02 1.000000000000000000e+00 9.992371773682542369e-01 0.000000000000000000e+00 3.905205967825252367e-02
3.920000000000000000e+02 1.000000000000000000e+00 9.992371773682213743e-01 0.000000000000000000e+00 3.905205967824973423e-02
3.930000000000000000e+02 1.000000000000000000e+00 9.992371773681283376e-01 0.000000000000000000e+00 3.905205967824589702e-02
3.940000000000000000e+02 1.000000000000000000e+00 9.992371773682195979e-01 0.000000000000000000e+00 3.905205967824978974e-02
3.950000000000000000e+02 1.000000000000000000e+00 9.992371773682382496e-01 0.000000000000000000e+00 3.905205967825060853e-02
3.960000000000000000e+02 1.000000000000000000e+00 9.992371773681656411e-01 0.000000000000000000e+00 3.905205967824778440e-02
3.970000000000000000e+02 1.000000000000000000e+00 9.992371773682497960e-01 0.000000000000000000e+00 3.905205967825045588e-02
3.980000000000000000e+02 1.000000000000000000e+00 9.992371773682273695e-01 0.000000000000000000e+00 3.905205967824965096e-02
3.990000000000000000e+02 1.000000000000000000e+00 9.992371773682142688e-01 0.000000000000000000e+00 3.905205967824948443e-02
4.000000000000000000e+02 1.000000000000000000e+00 9.992371773682190428e-01 0.000000000000000000e+00 3.905205967824960933e-02
4.010000000000000000e+02 1.000000000000000000e+00 9.992371773682278135e-01 0.000000000000000000e+00 3.905205967825011587e-02
4.020000000000000000e+02 1.000000000000000000e+00 9.992371773682174885e-01 0.000000000000000000e+00 3.905205967824951219e-02
4.030000000000000000e+02 1.000000000000000000e+00 9.992371773681681946e-01 0.000000000000000000e+00 3.905205967824725011e-02
4.040000000000000000e+02 1.000000000000000000e+00 9.992371773682233727e-01 0.000000000000000000e+00 3.905205967824948443e-02
4.050000000000000000e+02 1.000000000000000000e+00 9.992371773682005021e-01 0.000000000000000000e+00 3.905205967824847135e-02
4.060000000000000000e+02 1.000000000000000000e+00 9.992371773681982816e-01 0.000000000000000000e+00 3.905205967824880442e-02
4.070000000000000000e+02 1.000000000000000000e+00 9.992371773682284797e-01 0.000000000000000000e+00 3.905205967825001179e-02
4.080000000000000000e+02 1.000000000000000000e+00 9.992371773682230396e-01 0.000000000000000000e+00 3.905205967824992852e-02
4.090000000000000000e+02 1.000000000000000000e+00 9.992371773682341418e-01 0.000000000000000000e+00 3.905205967825001873e-02
4.100000000000000000e+02 1.000000000000000000e+00 9.992371773682304781e-01 0.000000000000000000e+00 3.905205967825013669e-02
4.110000000000000000e+02 1.000000000000000000e+00 9.992371773682058311e-01 0.000000000000000000e+00 3.905205967824915136e-02
4.120000000000000000e+02 1.000000000000000000e+00 9.992371773682340308e-01 0.000000000000000000e+00 3.905205967825008118e-02
4.130000000000000000e+02 1.000000000000000000e+00 9.992371773680419622e-01 0.000000000000000000e+00 3.905205967824283697e-02
4.140000000000000000e+02 1.000000000000000000e+00 9.992371773682224845e-01 0.000000000000000000e+00 3.905205967824974811e-02
4.150000000000000000e+02 1.000000000000000000e+00 9.992371773682303671e-01 0.000000000000000000e+00 3.905205967824977586e-02
4.160000000000000000e+02 1.000000000000000000e+00 9.992371773682283687e-01 0.000000000000000000e+00 3.905205967825017138e-02
4.170000000000000000e+02 1.000000000000000000e+00 9.992371773682224845e-01 0.000000000000000000e+00 3.905205967824972035e-02
4.180000000000000000e+02 1.000000000000000000e+00 9.992371773682287017e-01 0.000000000000000000e+00 3.905205967825005342e-02
4.190000000000000000e+02 1.000000000000000000e+00 9.992371773682391378e-01 0.000000000000000000e+00 3.905205967825019220e-02
4.200000000000000000e+02 1.000000000000000000e+00 9.992371773682409142e-01 0.000000000000000000e+00 3.905205967825051833e-02
4.210000000000000000e+02 1.000000000000000000e+00 9.992371773681979485e-01 0.000000000000000000e+00 3.905205967824874891e-02
4.220000000000000000e+02 1.000000000000000000e+00 9.992371773682111602e-01 0.000000000000000000e+00 3.905205967824898483e-02
4.230000000000000000e+02 1.000000000000000000e+00 9.992371773681951730e-01 0.000000000000000000e+00 3.905205967824855462e-02
4.240000000000000000e+02 1.000000000000000000e+00 9.992371773682008351e-01 0.000000000000000000e+00 3.905205967824901953e-02
4.250000000000000000e+02 1.000000000000000000e+00 9.992371773682380276e-01 0.000000000000000000e+00 3.905205967825019914e-02
4.260000000000000000e+02 1.000000000000000000e+00 9.992371773681933966e-01 0.000000000000000000e+00 3.905205967824843666e-02
4.270000000000000000e+02 1.000000000000000000e+00 9.992371773680651659e-01 0.000000000000000000e+00 3.905205967824332269e-02
4.280000000000000000e+02 1.000000000000000000e+00 9.992371773681761882e-01 0.000000000000000000e+00 3.905205967824785379e-02
4.290000000000000000e+02 1.000000000000000000e+00 9.992371773681975045e-01 0.000000000000000000e+00 3.905205967824894320e-02
4.300000000000000000e+02 1.000000000000000000e+00 9.992371773682137137e-01 0.000000000000000000e+00 3.905205967824946361e-02
4.310000000000000000e+02 1.000000000000000000e+00 9.992371773682069414e-01 0.000000000000000000e+00 3.905205967824933178e-02
4.320000000000000000e+02 1.000000000000000000e+00 9.992371773682240388e-01 0.000000000000000000e+00 3.905205967825005342e-02
4.330000000000000000e+02 1.000000000000000000e+00 9.992371773682153790e-01 0.000000000000000000e+00 3.905205967824947055e-02
4.340000000000000000e+02 1.000000000000000000e+00 9.992371773682189318e-01 0.000000000000000000e+00 3.905205967824942892e-02
4.350000000000000000e+02 1.000000000000000000e+00 9.992371773682287017e-01 0.000000000000000000e+00 3.905205967824978974e-02
4.360000000000000000e+02 1.000000000000000000e+00 9.992371773682395819e-01 0.000000000000000000e+00 3.905205967825026159e-02
4.370000000000000000e+02 1.000000000000000000e+00 9.992371773682175995e-01 0.000000000000000000e+00 3.905205967824981750e-02
4.380000000000000000e+02 1.000000000000000000e+00 9.992371773681800740e-01 0.000000000000000000e+00 3.905205967824793706e-02
4.390000000000000000e+02 1.000000000000000000e+00 9.992371773678272451e-01 0.000000000000000000e+00 3.905205967823414948e-02
4.400000000000000000e+02 1.000000000000000000e+00 9.992371773680666092e-01 0.000000000000000000e+00 3.905205967824367658e-02
4.410000000000000000e+02 1.000000000000000000e+00 9.992371773682307001e-01 0.000000000000000000e+00 3.905205967825022689e-02
4.420000000000000000e+02 1.000000000000000000e+00 9.992371773682349190e-01 0.000000000000000000e+00 3.905205967825019220e-02
4.430000000000000000e+02 1.000000000000000000e+00 9.992371773681921754e-01 0.000000000000000000e+00 3.905205967824813829e-02
4.440000000000000000e+02 1.000000000000000000e+00 9.992371773682470204e-01 0.000000000000000000e+00 3.905205967825076119e-02
4.450000000000000000e+02 1.000000000000000000e+00 9.992371773681538727e-01 0.000000000000000000e+00 3.905205967824694480e-02
4.460000000000000000e+02 1.000000000000000000e+00 9.992371773682395819e-01 0.000000000000000000e+00 3.905205967825074731e-02
4.470000000000000000e+02 1.000000000000000000e+00 9.992371773682275915e-01 0.000000000000000000e+00 3.905205967824985913e-02
4.480000000000000000e+02 1.000000000000000000e+00 9.992371773682299230e-01 0.000000000000000000e+00 3.905205967824960933e-02
4.490000000000000000e+02 1.000000000000000000e+00 9.992371773682140468e-01 0.000000000000000000e+00 3.905205967824952606e-02
4.500000000000000000e+02 1.000000000000000000e+00 9.992371773681997249e-01 0.000000000000000000e+00 3.905205967824863095e-02
4.510000000000000000e+02 1.000000000000000000e+00 9.992371773682320324e-01 0.000000000000000000e+00 3.905205967824991464e-02
4.520000000000000000e+02 1.000000000000000000e+00 9.992371773680457370e-01 0.000000000000000000e+00 3.905205967824282309e-02
4.530000000000000000e+02 1.000000000000000000e+00 9.992371773682244829e-01 0.000000000000000000e+00 3.905205967824990076e-02
4.540000000000000000e+02 1.000000000000000000e+00 9.992371773682308111e-01 0.000000000000000000e+00 3.905205967825013669e-02
4.550000000000000000e+02 1.000000000000000000e+00 9.992371773681829605e-01 0.000000000000000000e+00 3.905205967824831870e-02
4.560000000000000000e+02 1.000000000000000000e+00 9.992371773681508751e-01 0.000000000000000000e+00 3.905205967824699337e-02
4.570000000000000000e+02 1.000000000000000000e+00 9.992371773680872593e-01 0.000000000000000000e+00 3.905205967824420393e-02
4.580000000000000000e+02 1.000000000000000000e+00 9.992371773682251490e-01 0.000000000000000000e+00 3.905205967824973423e-02
4.590000000000000000e+02 1.000000000000000000e+00 9.992371773682215963e-01 0.000000000000000000e+00 3.905205967824992852e-02
4.600000000000000000e+02 1.000000000000000000e+00 9.992371773682005021e-01 0.000000000000000000e+00 3.905205967824845747e-02
4.610000000000000000e+02 1.000000000000000000e+00 9.992371773682299230e-01 0.000000000000000000e+00 3.905205967824978974e-02
4.620000000000000000e+02 1.000000000000000000e+00 9.992371773682007241e-01 0.000000000000000000e+00 3.905205967824894320e-02
4.630000000000000000e+02 1.000000000000000000e+00 9.992371773682332536e-01 0.000000000000000000e+00 3.905205967825021995e-02
4.640000000000000000e+02 1.000000000000000000e+00 9.992371773681987257e-01 0.000000000000000000e+00 3.905205967824904034e-02
4.650000000000000000e+02 1.000000000000000000e+00 9.992371773682372504e-01 0.000000000000000000e+00 3.905205967825019220e-02
4.660000000000000000e+02 1.000000000000000000e+00 9.992371773681917313e-01 0.000000000000000000e+00 3.905205967824830482e-02
4.670000000000000000e+02 1.000000000000000000e+00 9.992371773682364733e-01 0.000000000000000000e+00 3.905205967825006730e-02
4.680000000000000000e+02 1.000000000000000000e+00 9.992371773682375835e-01 0.000000000000000000e+00 3.905205967825003954e-02
4.690000000000000000e+02 1.000000000000000000e+00 9.992371773682269254e-01 0.000000000000000000e+00 3.905205967824958851e-02
4.700000000000000000e+02 1.000000000000000000e+00 9.992371773681560931e-01 0.000000000000000000e+00 3.905205967824714602e-02
4.710000000000000000e+02 1.000000000000000000e+00 9.992371773682111602e-01 0.000000000000000000e+00 3.905205967824918606e-02
4.720000000000000000e+02 1.000000000000000000e+00 9.992371773682449110e-01 0.000000000000000000e+00 3.905205967825032404e-02
4.730000000000000000e+02 1.000000000000000000e+00 9.992371773682356961e-01 0.000000000000000000e+00 3.905205967825037261e-02
4.740000000000000000e+02 1.000000000000000000e+00 9.992371773682211522e-01 0.000000000000000000e+00 3.905205967824969260e-02
4.750000000000000000e+02 1.000000000000000000e+00 9.992371773682169334e-01 0.000000000000000000e+00 3.905205967824921381e-02
4.760000000000000000e+02 1.000000000000000000e+00 9.992371773682006131e-01 0.000000000000000000e+00 3.905205967824858238e-02
4.770000000000000000e+02 1.000000000000000000e+00 9.992371773682223735e-01 0.000000000000000000e+00 3.905205967824979668e-02
4.780000000000000000e+02 1.000000000000000000e+00 9.992371773682018343e-01 0.000000000000000000e+00 3.905205967824886687e-02
4.790000000000000000e+02 1.000000000000000000e+00 9.992371773682443559e-01 0.000000000000000000e+00 3.905205967825051139e-02
4.800000000000000000e+02 1.000000000000000000e+00 9.992371773682160452e-01 0.000000000000000000e+00 3.905205967824942892e-02
4.810000000000000000e+02 1.000000000000000000e+00 9.992371773682318103e-01 0.000000000000000000e+00 3.905205967825012281e-02
4.820000000000000000e+02 1.000000000000000000e+00 9.992371773682180436e-01 0.000000000000000000e+00 3.905205967824922769e-02
4.830000000000000000e+02 1.000000000000000000e+00 9.992371773682242608e-01 0.000000000000000000e+00 3.905205967825004648e-02
4.840000000000000000e+02 1.000000000000000000e+00 9.992371773681899549e-01 0.000000000000000000e+00 3.905205967824858238e-02
4.850000000000000000e+02 1.000000000000000000e+00 9.992371773681848479e-01 0.000000000000000000e+00 3.905205967824840196e-02
4.860000000000000000e+02 1.000000000000000000e+00 9.992371773682122704e-01 0.000000000000000000e+00 3.905205967824954688e-02
4.870000000000000000e+02 1.000000000000000000e+00 9.992371773682271474e-01 0.000000000000000000e+00 3.905205967825052527e-02
4.880000000000000000e+02 1.000000000000000000e+00 9.992371773682161562e-01 0.000000000000000000e+00 3.905205967824942198e-02
4.890000000000000000e+02 1.000000000000000000e+00 9.992371773681369973e-01 0.000000000000000000e+00 3.905205967824624397e-02
4.900000000000000000e+02 1.000000000000000000e+00 9.992371773681891778e-01 0.000000000000000000e+00 3.905205967824849911e-02
4.910000000000000000e+02 1.000000000000000000e+00 9.992371773681856251e-01 0.000000000000000000e+00 3.905205967824818686e-02
4.920000000000000000e+02 1.000000000000000000e+00 9.992371773681911762e-01 0.000000000000000000e+00 3.905205967824836727e-02
4.930000000000000000e+02 1.000000000000000000e+00 9.992371773681953950e-01 0.000000000000000000e+00 3.905205967824856156e-02
4.940000000000000000e+02 1.000000000000000000e+00 9.992371773681759661e-01 0.000000000000000000e+00 3.905205967824755542e-02
4.950000000000000000e+02 1.000000000000000000e+00 9.992371773681594238e-01 0.000000000000000000e+00 3.905205967824727786e-02
4.960000000000000000e+02 1.000000000000000000e+00 9.992371773681976155e-01 0.000000000000000000e+00 3.905205967824906810e-02
4.970000000000000000e+02 1.000000000000000000e+00 9.992371773682353631e-01 0.000000000000000000e+00 3.905205967825014363e-02
4.980000000000000000e+02 1.000000000000000000e+00 9.992371773681991698e-01 0.000000000000000000e+00 3.905205967824876973e-02
4.990000000000000000e+02 1.000000000000000000e+00 9.992371773681418823e-01 0.000000000000000000e+00 3.905205967824663948e-02
5.000000000000000000e+02 1.000000000000000000e+00 9.992371773682381386e-01 0.000000000000000000e+00 3.905205967825009505e-02
5.010000000000000000e+02 1.000000000000000000e+00 9.992371773682304781e-01 0.000000000000000000e+00 3.905205967825000485e-02
5.020000000000000000e+02 1.000000000000000000e+00 9.992371773682198199e-01 0.000000000000000000e+00 3.905205967824958158e-02
5.030000000000000000e+02 1.000000000000000000e+00 9.992371773682250380e-01 0.000000000000000000e+00 3.905205967824984525e-02
5.040000000000000000e+02 1.000000000000000000e+00 9.992371773681962832e-01 0.000000000000000000e+00 3.905205967824864483e-02
5.050000000000000000e+02 1.000000000000000000e+00 9.992371773681397729e-01 0.000000000000000000e+00 3.905205967824683377e-02
5.060000000000000000e+02 1.000000000000000000e+00 9.992371773681980596e-01 0.000000000000000000e+00 3.905205967824879054e-02
5.070000000000000000e+02 1.000000000000000000e+00 9.992371773682022784e-01 0.000000000000000000e+00 3.905205967824861707e-02
5.080000000000000000e+02 1.000000000000000000e+00 9.992371773676341773e-01 0.000000000000000000e+00 3.905205967822596852e-02
5.090000000000000000e+02 1.000000000000000000e+00 9.992371773681916203e-01 0.000000000000000000e+00 3.905205967824851299e-02
5.100000000000000000e+02 1.000000000000000000e+00 9.992371773681054670e-01 0.000000000000000000e+00 3.905205967824508517e-02
5.110000000000000000e+02 1.000000000000000000e+00 9.992371773681265612e-01 0.000000000000000000e+00 3.905205967824602192e-02
