512 4
0.000000000000000000e+00 1.000000000000000000e+00 9.992371773682560132e-01 0.000000000000000000e+00 3.905205967824779134e-02
1.000000000000000000e+00 1.000000000000000000e+00 9.992371773682492408e-01 0.000000000000000000e+00 3.905205967825008118e-02
2.000000000000000000e+00 1.000000000000000000e+00 9.992371773682540148e-01 0.000000000000000000e+00 3.905205967824662561e-02
3.000000000000000000e+00 1.000000000000000000e+00 9.992371773682500180e-01 0.000000000000000000e+00 3.905205967824884605e-02
4.000000000000000000e+00 1.000000000000000000e+00 9.992371773682491298e-01 0.000000000000000000e+00 3.905205967824965096e-02
5.000000000000000000e+00 1.000000000000000000e+00 9.992371773682382496e-01 0.000000000000000000e+00 3.905205967824856850e-02
6.000000000000000000e+00 1.000000000000000000e+00 9.992371773682469094e-01 0.000000000000000000e+00 3.905205967824933178e-02
7.000000000000000000e+00 1.000000000000000000e+00 9.992371773682489078e-01 0.000000000000000000e+00 3.905205967824922075e-02
8.000000000000000000e+00 1.000000000000000000e+00 9.992371773682267033e-01 0.000000000000000000e+00 3.905205967824847135e-02
9.000000000000000000e+00 1.000000000000000000e+00 9.992371773682457992e-01 0.000000000000000000e+00 3.905205967824950525e-02
1.000000000000000000e+01 1.000000000000000000e+00 9.992371773682440228e-01 0.000000000000000000e+00 3.905205967824888769e-02
1.100000000000000000e+01 1.000000000000000000e+00 9.992371773682109382e-01 0.000000000000000000e+00 3.905205967824804808e-02
1.200000000000000000e+01 1.000000000000000000e+00 9.992371773682142688e-01 0.000000000000000000e+00 3.905205967824813829e-02
1.300000000000000000e+01 1.000000000000000000e+00 9.992371773682470204e-01 0.000000000000000000e+00 3.905205967824941504e-02
1.400000000000000000e+01 1.000000000000000000e+00 9.992371773682398040e-01 0.000000000000000000e+00 3.905205967824888769e-02
1.500000000000000000e+01 1.000000000000000000e+00 9.992371773682497960e-01 0.000000000000000000e+00 3.905205967825017832e-02
1.600000000000000000e+01 1.000000000000000000e+00 9.992371773682453551e-01 0.000000000000000000e+00 3.905205967824862401e-02
1.700000000000000000e+01 1.000000000000000000e+00 9.992371773682432456e-01 0.000000000000000000e+00 3.905205967824912361e-02
1.800000000000000000e+01 1.000000000000000000e+00 9.992371773682467984e-01 0.000000000000000000e+00 3.905205967824924851e-02
1.900000000000000000e+01 1.000000000000000000e+00 9.992371773682366953e-01 0.000000000000000000e+00 3.905205967824863789e-02
2.000000000000000000e+01 1.000000000000000000e+00 9.992371773682460212e-01 0.000000000000000000e+00 3.905205967824905422e-02
2.100000000000000000e+01 1.000000000000000000e+00 9.992371773682372504e-01 0.000000000000000000e+00 3.905205967824848523e-02
2.200000000000000000e+01 1.000000000000000000e+00 9.992371773682171554e-01 0.000000000000000000e+00 3.905205967824836727e-02
2.300000000000000000e+01 1.000000000000000000e+00 9.992371773682217073e-01 0.000000000000000000e+00 3.905205967824824931e-02
2.400000000000000000e+01 1.000000000000000000e+00 9.992371773682388048e-01 0.000000000000000000e+00 3.905205967824881830e-02
2.500000000000000000e+01 1.000000000000000000e+00 9.992371773682098279e-01 0.000000000000000000e+00 3.905205967824772195e-02
2.600000000000000000e+01 1.000000000000000000e+00 9.992371773682331426e-01 0.000000000000000000e+00 3.905205967824870728e-02
2.700000000000000000e+01 1.000000000000000000e+00 9.992371773682034997e-01 0.000000000000000000e+00 3.905205967824768032e-02
2.800000000000000000e+01 1.000000000000000000e+00 9.992371773682304781e-01 0.000000000000000000e+00 3.905205967824879748e-02
2.900000000000000000e+01 1.000000000000000000e+00 9.992371773682318103e-01 0.000000000000000000e+00 3.905205967824877666e-02
3.000000000000000000e+01 1.000000000000000000e+00 9.992371773682153790e-01 0.000000000000000000e+00 3.905205967824803420e-02
3.100000000000000000e+01 1.000000000000000000e+00 9.992371773677772850e-01 0.000000000000000000e+00 3.905205967823079799e-02
3.200000000000000000e+01 1.000000000000000000e+00 9.992371773682351410e-01 0.000000000000000000e+00 3.905205967824863095e-02
3.300000000000000000e+01 1.000000000000000000e+00 9.992371773682187097e-01 0.000000000000000000e+00 3.905205967824817992e-02
3.400000000000000000e+01 1.000000000000000000e+00 9.992371773682338087e-01 0.000000000000000000e+00 3.905205967824884605e-02
3.500000000000000000e+01 1.000000000000000000e+00 9.992371773682402480e-01 0.000000000000000000e+00 3.905205967824902646e-02
3.600000000000000000e+01 1.000000000000000000e+00 9.992371773682123814e-01 0.000000000000000000e+00 3.905205967824763869e-02
3.700000000000000000e+01 1.000000000000000000e+00 9.992371773682362512e-01 0.000000000000000000e+00 3.905205967824873503e-02
3.800000000000000000e+01 1.000000000000000000e+00 9.992371773682376945e-01 0.000000000000000000e+00 3.905205967824895708e-02
3.900000000000000000e+01 1.000000000000000000e+00 9.992371773682466873e-01 0.000000000000000000e+00 3.905205967824932484e-02
4.000000000000000000e+01 1.000000000000000000e+00 9.992371773682220404e-01 0.000000000000000000e+00 3.905205967824842972e-02
4.100000000000000000e+01 1.000000000000000000e+00 9.992371773682289238e-01 0.000000000000000000e+00 3.905205967824860319e-02
4.200000000000000000e+01 1.000000000000000000e+00 9.992371773682161562e-01 0.000000000000000000e+00 3.905205967824854074e-02
4.300000000000000000e+01 1.000000000000000000e+00 9.992371773681721914e-01 0.000000000000000000e+00 3.905205967824679908e-02
4.400000000000000000e+01 1.000000000000000000e+00 9.992371773682038327e-01 0.000000000000000000e+00 3.905205967824802726e-02
4.500000000000000000e+01 1.000000000000000000e+00 9.992371773682149350e-01 0.000000000000000000e+00 3.905205967824804808e-02
4.600000000000000000e+01 1.000000000000000000e+00 9.992371773682018343e-01 0.000000000000000000e+00 3.905205967824776359e-02
4.700000000000000000e+01 1.000000000000000000e+00 9.992371773681373304e-01 0.000000000000000000e+00 3.905205967824528640e-02
4.800000000000000000e+01 1.000000000000000000e+00 9.992371773682464653e-01 0.000000000000000000e+00 3.905205967824929708e-02
4.900000000000000000e+01 1.000000000000000000e+00 9.992371773682509062e-01 0.000000000000000000e+00 3.905205967825003954e-02
5.000000000000000000e+01 1.000000000000000000e+00 9.992371773682495739e-01 0.000000000000000000e+00 3.905205967824931096e-02
5.100000000000000000e+01 1.000000000000000000e+00 9.992371773682418024e-01 0.000000000000000000e+00 3.905205967824881136e-02
5.200000000000000000e+01 1.000000000000000000e+00 9.992371773681838487e-01 0.000000000000000000e+00 3.905205967824711133e-02
5.300000000000000000e+01 1.000000000000000000e+00 9.992371773682426905e-01 0.000000000000000000e+00 3.905205967824902646e-02
5.400000000000000000e+01 1.000000000000000000e+00 9.992371773682298119e-01 0.000000000000000000e+00 3.905205967824852686e-02
5.500000000000000000e+01 1.000000000000000000e+00 9.992371773682479086e-01 0.000000000000000000e+00 3.905205967824969260e-02
5.600000000000000000e+01 1.000000000000000000e+00 9.992371773682459102e-01 0.000000000000000000e+00 3.905205967824902646e-02
5.700000000000000000e+01 1.000000000000000000e+00 9.992371773682411362e-01 0.000000000000000000e+00 3.905205967824880442e-02
5.800000000000000000e+01 1.000000000000000000e+00 9.992371773682479086e-01 0.000000000000000000e+00 3.905205967824948443e-02
5.900000000000000000e+01 1.000000000000000000e+00 9.992371773682315883e-01 0.000000000000000000e+00 3.905205967824919300e-02
6.000000000000000000e+01 1.000000000000000000e+00 9.992371773681940628e-01 0.000000000000000000e+00 3.905205967824735419e-02
6.100000000000000000e+01 1.000000000000000000e+00 9.992371773682373615e-01 0.000000000000000000e+00 3.905205967824855462e-02
6.200000000000000000e+01 1.000000000000000000e+00 9.992371773682384717e-01 0.000000000000000000e+00 3.905205967824886687e-02
6.300000000000000000e+01 1.000000000000000000e+00 9.992371773682160452e-01 0.000000000000000000e+00 3.905205967824824931e-02
6.400000000000000000e+01 1.000000000000000000e+00 9.992371773682423575e-01 0.000000000000000000e+00 3.905205967824899871e-02
6.500000000000000000e+01 1.000000000000000000e+00 9.992371773682499070e-01 0.000000000000000000e+00 3.905205967824904728e-02
6.600000000000000000e+01 1.000000000000000000e+00 9.992371773682355851e-01 0.000000000000000000e+00 3.905205967824912361e-02
6.700000000000000000e+01 1.000000000000000000e+00 9.992371773682073854e-01 0.000000000000000000e+00 3.905205967824824237e-02
6.800000000000000000e+01 1.000000000000000000e+00 9.992371773682280356e-01 0.000000000000000000e+00 3.905205967824872115e-02
6.900000000000000000e+01 1.000000000000000000e+00 9.992371773682431346e-01 0.000000000000000000e+00 3.905205967824935953e-02
7.000000000000000000e+01 1.000000000000000000e+00 9.992371773682158231e-01 0.000000000000000000e+00 3.905205967824783991e-02
7.100000000000000000e+01 1.000000000000000000e+00 9.992371773682429126e-01 0.000000000000000000e+00 3.905205967824910973e-02
7.200000000000000000e+01 1.000000000000000000e+00 9.992371773682273695e-01 0.000000000000000000e+00 3.905205967824883218e-02
7.300000000000000000e+01 1.000000000000000000e+00 9.992371773681707481e-01 0.000000000000000000e+00 3.905205967824670887e-02
7.400000000000000000e+01 1.000000000000000000e+00 9.992371773682034997e-01 0.000000000000000000e+00 3.905205967824806890e-02
7.500000000000000000e+01 1.000000000000000000e+00 9.992371773681936187e-01 0.000000000000000000e+00 3.905205967824707664e-02
7.600000000000000000e+01 1.000000000000000000e+00 9.992371773681870684e-01 0.000000000000000000e+00 3.905205967824673663e-02
7.700000000000000000e+01 1.000000000000000000e+00 9.992371773682229286e-01 0.000000000000000000e+00 3.905205967824838115e-02
7.800000000000000000e+01 1.000000000000000000e+00 9.992371773681995029e-01 0.000000000000000000e+00 3.905205967824747215e-02
7.900000000000000000e+01 1.000000000000000000e+00 9.992371773681857361e-01 0.000000000000000000e+00 3.905205967824743052e-02
8.000000000000000000e+01 1.000000000000000000e+00 9.992371773680648328e-01 0.000000000000000000e+00 3.905205967824164348e-02
8.100000000000000000e+01 1.000000000000000000e+00 9.992371773682569014e-01 0.000000000000000000e+00 3.905205967824644520e-02
8.200000000000000000e+01 1.000000000000000000e+00 9.992371773682497960e-01 0.000000000000000000e+00 3.905205967824929014e-02
8.300000000000000000e+01 1.000000000000000000e+00 9.992371773682380276e-01 0.000000000000000000e+00 3.905205967824915136e-02
8.400000000000000000e+01 1.000000000000000000e+00 9.992371773682413583e-01 0.000000000000000000e+00 3.905205967824890850e-02
8.500000000000000000e+01 1.000000000000000000e+00 9.992371773681716363e-01 0.000000000000000000e+00 3.905205967824634805e-02
8.600000000000000000e+01 1.000000000000000000e+00 9.992371773682476865e-01 0.000000000000000000e+00 3.905205967825002566e-02
8.700000000000000000e+01 1.000000000000000000e+00 9.992371773682224845e-01 0.000000000000000000e+00 3.905205967824859625e-02
8.800000000000000000e+01 1.000000000000000000e+00 9.992371773682183766e-01 0.000000000000000000e+00 3.905205967824815216e-02
8.900000000000000000e+01 1.000000000000000000e+00 9.992371773682212632e-01 0.000000000000000000e+00 3.905205967824855462e-02
9.000000000000000000e+01 1.000000000000000000e+00 9.992371773682294789e-01 0.000000000000000000e+00 3.905205967824851992e-02
9.100000000000000000e+01 1.000000000000000000e+00 9.992371773682455771e-01 0.000000000000000000e+00 3.905205967824940116e-02
9.200000000000000000e+01 1.000000000000000000e+00 9.992371773682178215e-01 0.000000000000000000e+00 3.905205967824895014e-02
9.300000000000000000e+01 1.000000000000000000e+00 9.992371773682370284e-01 0.000000000000000000e+00 3.905205967824881830e-02
9.400000000000000000e+01 1.000000000000000000e+00 9.992371773681465452e-01 0.000000000000000000e+00 3.905205967824591090e-02
9.500000000000000000e+01 1.000000000000000000e+00 9.992371773681401059e-01 0.000000000000000000e+00 3.905205967824516844e-02
9.600000000000000000e+01 1.000000000000000000e+00 9.992371773681814062e-01 0.000000000000000000e+00 3.905205967824735419e-02
9.700000000000000000e+01 1.000000000000000000e+00 9.992371773682080516e-01 0.000000000000000000e+00 3.905205967824793012e-02
9.800000000000000000e+01 1.000000000000000000e+00 9.992371773682152680e-01 0.000000000000000000e+00 3.905205967824829788e-02
9.900000000000000000e+01 1.000000000000000000e+00 9.992371773682421354e-01 0.000000000000000000e+00 3.905205967824916524e-02
1.000000000000000000e+02 1.000000000000000000e+00 9.992371773682454661e-01 0.000000000000000000e+00 3.905205967824943586e-02
1.010000000000000000e+02 1.000000000000000000e+00 9.992371773682320324e-01 0.000000000000000000e+00 3.905205967824890156e-02
1.020000000000000000e+02 1.000000000000000000e+00 9.992371773682419134e-01 0.000000000000000000e+00 3.905205967824906810e-02
1.030000000000000000e+02 1.000000000000000000e+00 9.992371773681780756e-01 0.000000000000000000e+00 3.905205967824647989e-02
1.040000000000000000e+02 1.000000000000000000e+00 9.992371773682404701e-01 0.000000000000000000e+00 3.905205967824909585e-02
1.050000000000000000e+02 1.000000000000000000e+00 9.992371773682122704e-01 0.000000000000000000e+00 3.905205967824793012e-02
1.060000000000000000e+02 1.000000000000000000e+00 9.992371773681950620e-01 0.000000000000000000e+00 3.905205967824745827e-02
1.070000000000000000e+02 1.000000000000000000e+00 9.992371773682151570e-01 0.000000000000000000e+00 3.905205967824818686e-02
1.080000000000000000e+02 1.000000000000000000e+00 9.992371773682429126e-01 0.000000000000000000e+00 3.905205967824908198e-02
1.090000000000000000e+02 1.000000000000000000e+00 9.992371773682010572e-01 0.000000000000000000e+00 3.905205967824746521e-02
1.100000000000000000e+02 1.000000000000000000e+00 9.992371773682227065e-01 0.000000000000000000e+00 3.905205967824834645e-02
1.110000000000000000e+02 1.000000000000000000e+00 9.992371773681651970e-01 0.000000000000000000e+00 3.905205967824577212e-02
1.120000000000000000e+02 1.000000000000000000e+00 9.992371773682477976e-01 0.000000000000000000e+00 3.905205967824955382e-02
1.130000000000000000e+02 1.000000000000000000e+00 9.992371773682188207e-01 0.000000000000000000e+00 3.905205967824849911e-02
1.140000000000000000e+02 1.000000000000000000e+00 9.992371773682062752e-01 0.000000000000000000e+00 3.905205967824726399e-02
1.150000000000000000e+02 1.000000000000000000e+00 9.992371773682131586e-01 0.000000000000000000e+00 3.905205967824806890e-02
1.160000000000000000e+02 1.000000000000000000e+00 9.992371773681901770e-01 0.000000000000000000e+00 3.905205967824677826e-02
1.170000000000000000e+02 1.000000000000000000e+00 9.992371773681920644e-01 0.000000000000000000e+00 3.905205967824734725e-02
1.180000000000000000e+02 1.000000000000000000e+00 9.992371773682169334e-01 0.000000000000000000e+00 3.905205967824794400e-02
1.190000000000000000e+02 1.000000000000000000e+00 9.992371773681176794e-01 0.000000000000000000e+00 3.905205967824437047e-02
1.200000000000000000e+02 1.000000000000000000e+00 9.992371773682429126e-01 0.000000000000000000e+00 3.905205967824917912e-02
1.210000000000000000e+02 1.000000000000000000e+00 9.992371773682398040e-01 0.000000000000000000e+00 3.905205967824924851e-02
1.220000000000000000e+02 1.000000000000000000e+00 9.992371773682040548e-01 0.000000000000000000e+00 3.905205967824781216e-02
1.230000000000000000e+02 1.000000000000000000e+00 9.992371773682242608e-01 0.000000000000000000e+00 3.905205967824866564e-02
1.240000000000000000e+02 1.000000000000000000e+00 9.992371773682484637e-01 0.000000000000000000e+00 3.905205967824989383e-02
1.250000000000000000e+02 1.000000000000000000e+00 9.992371773682379166e-01 0.000000000000000000e+00 3.905205967824879748e-02
1.260000000000000000e+02 1.000000000000000000e+00 9.992371773682453551e-01 0.000000000000000000e+00 3.905205967824953300e-02
1.270000000000000000e+02 1.000000000000000000e+00 9.992371773681205660e-01 0.000000000000000000e+00 3.905205967824439822e-02
1.280000000000000000e+02 1.000000000000000000e+00 9.992371773682007241e-01 0.000000000000000000e+00 3.905205967824771501e-02
1.290000000000000000e+02 1.000000000000000000e+00 9.992371773682063862e-01 0.000000000000000000e+00 3.905205967824822155e-02
1.300000000000000000e+02 1.000000000000000000e+00 9.992371773681942848e-01 0.000000000000000000e+00 3.905205967824761093e-02
1.310000000000000000e+02 1.000000000000000000e+00 9.992371773682199310e-01 0.000000000000000000e+00 3.905205967824815216e-02
1.320000000000000000e+02 1.000000000000000000e+00 9.992371773681885117e-01 0.000000000000000000e+00 3.905205967824736807e-02
1.330000000000000000e+02 1.000000000000000000e+00 9.992371773682275915e-01 0.000000000000000000e+00 3.905205967824899871e-02
1.340000000000000000e+02 1.000000000000000000e+00 9.992371773682283687e-01 0.000000000000000000e+00 3.905205967824866564e-02
1.350000000000000000e+02 1.000000000000000000e+00 9.992371773682254821e-01 0.000000000000000000e+00 3.905205967824855462e-02
1.360000000000000000e+02 1.000000000000000000e+00 9.992371773680996938e-01 0.000000000000000000e+00 3.905205967824361413e-02
1.370000000000000000e+02 1.000000000000000000e+00 9.992371773682009461e-01 0.000000000000000000e+00 3.905205967824762481e-02
1.380000000000000000e+02 1.000000000000000000e+00 9.992371773682376945e-01 0.000000000000000000e+00 3.905205967824908891e-02
1.390000000000000000e+02 1.000000000000000000e+00 9.992371773681592018e-01 0.000000000000000000e+00 3.905205967824601498e-02
1.400000000000000000e+02 1.000000000000000000e+00 9.992371773680330804e-01 0.000000000000000000e+00 3.905205967824094265e-02
1.410000000000000000e+02 1.000000000000000000e+00 9.992371773682280356e-01 0.000000000000000000e+00 3.905205967824880442e-02
1.420000000000000000e+02 1.000000000000000000e+00 9.992371773682080516e-01 0.000000000000000000e+00 3.905205967824774971e-02
1.430000000000000000e+02 1.000000000000000000e+00 9.992371773682418024e-01 0.000000000000000000e+00 3.905205967824899177e-02
1.440000000000000000e+02 1.000000000000000000e+00 9.992371773682454661e-01 0.000000000000000000e+00 3.905205967824940116e-02
1.450000000000000000e+02 1.000000000000000000e+00 9.992371773682378056e-01 0.000000000000000000e+00 3.905205967824912361e-02
1.460000000000000000e+02 1.000000000000000000e+00 9.992371773682428016e-01 0.000000000000000000e+00 3.905205967824919300e-02
1.470000000000000000e+02 1.000000000000000000e+00 9.992371773682373615e-01 0.000000000000000000e+00 3.905205967824876279e-02
1.480000000000000000e+02 1.000000000000000000e+00 9.992371773682389158e-01 0.000000000000000000e+00 3.905205967824880442e-02
1.490000000000000000e+02 1.000000000000000000e+00 9.992371773682232616e-01 0.000000000000000000e+00 3.905205967824861013e-02
1.500000000000000000e+02 1.000000000000000000e+00 9.992371773680481795e-01 0.000000000000000000e+00 3.905205967824169205e-02
1.510000000000000000e+02 1.000000000000000000e+00 9.992371773681869573e-01 0.000000000000000000e+00 3.905205967824702806e-02
1.520000000000000000e+02 1.000000000000000000e+00 9.992371773679938896e-01 0.000000000000000000e+00 3.905205967823911772e-02
1.530000000000000000e+02 1.000000000000000000e+00 9.992371773682198199e-01 0.000000000000000000e+00 3.905205967824837421e-02
1.540000000000000000e+02 1.000000000000000000e+00 9.992371773682466873e-01 0.000000000000000000e+00 3.905205967824935953e-02
1.550000000000000000e+02 1.000000000000000000e+00 9.992371773682442448e-01 0.000000000000000000e+00 3.905205967824919300e-02
1.560000000000000000e+02 1.000000000000000000e+00 9.992371773682420244e-01 0.000000000000000000e+00 3.905205967824930402e-02
1.570000000000000000e+02 1.000000000000000000e+00 9.992371773682386937e-01 0.000000000000000000e+00 3.905205967824905422e-02
1.580000000000000000e+02 1.000000000000000000e+00 9.992371773682224845e-01 0.000000000000000000e+00 3.905205967824874891e-02
1.590000000000000000e+02 1.000000000000000000e+00 9.992371773682299230e-01 0.000000000000000000e+00 3.905205967824894320e-02
1.600000000000000000e+02 1.000000000000000000e+00 9.992371773681856251e-01 0.000000000000000000e+00 3.905205967824712521e-02
1.610000000000000000e+02 1.000000000000000000e+00 9.992371773681816283e-01 0.000000000000000000e+00 3.905205967824720154e-02
1.620000000000000000e+02 1.000000000000000000e+00 9.992371773682023894e-01 0.000000000000000000e+00 3.905205967824790930e-02
1.630000000000000000e+02 1.000000000000000000e+00 9.992371773680389646e-01 0.000000000000000000e+00 3.905205967824142144e-02
1.640000000000000000e+02 1.000000000000000000e+00 9.992371773682400260e-01 0.000000000000000000e+00 3.905205967824884605e-02
1.650000000000000000e+02 1.000000000000000000e+00 9.992371773682079406e-01 0.000000000000000000e+00 3.905205967824820767e-02
1.660000000000000000e+02 1.000000000000000000e+00 9.992371773681747449e-01 0.000000000000000000e+00 3.905205967824706276e-02
1.670000000000000000e+02 1.000000000000000000e+00 9.992371773681778535e-01 0.000000000000000000e+00 3.905205967824709051e-02
1.680000000000000000e+02 1.000000000000000000e+00 9.992371773682182656e-01 0.000000000000000000e+00 3.905205967824787461e-02
1.690000000000000000e+02 1.000000000000000000e+00 9.992371773682175995e-01 0.000000000000000000e+00 3.905205967824812441e-02
1.700000000000000000e+02 1.000000000000000000e+00 9.992371773682127145e-01 0.000000000000000000e+00 3.905205967824798563e-02
1.710000000000000000e+02 1.000000000000000000e+00 9.992371773681598679e-01 0.000000000000000000e+00 3.905205967824605662e-02
1.720000000000000000e+02 1.000000000000000000e+00 9.992371773681899549e-01 0.000000000000000000e+00 3.905205967824734725e-02
1.730000000000000000e+02 1.000000000000000000e+00 9.992371773682451330e-01 0.000000000000000000e+00 3.905205967824914443e-02
1.740000000000000000e+02 1.000000000000000000e+00 9.992371773682094949e-01 0.000000000000000000e+00 3.905205967824796481e-02
1.750000000000000000e+02 1.000000000000000000e+00 9.992371773682028335e-01 0.000000000000000000e+00 3.905205967824800645e-02
1.760000000000000000e+02 1.000000000000000000e+00 9.992371773681939517e-01 0.000000000000000000e+00 3.905205967824734725e-02
1.770000000000000000e+02 1.000000000000000000e+00 9.992371773682183766e-01 0.000000000000000000e+00 3.905205967824813829e-02
1.780000000000000000e+02 1.000000000000000000e+00 9.992371773682180436e-01 0.000000000000000000e+00 3.905205967824858238e-02
1.790000000000000000e+02 1.000000000000000000e+00 9.992371773682229286e-01 0.000000000000000000e+00 3.905205967824851992e-02
1.800000000000000000e+02 1.000000000000000000e+00 9.992371773681870684e-01 0.000000000000000000e+00 3.905205967824704194e-02
1.810000000000000000e+02 1.000000000000000000e+00 9.992371773682183766e-01 0.000000000000000000e+00 3.905205967824833257e-02
1.820000000000000000e+02 1.000000000000000000e+00 9.992371773682109382e-01 0.000000000000000000e+00 3.905205967824797175e-02
1.830000000000000000e+02 1.000000000000000000e+00 9.992371773681982816e-01 0.000000000000000000e+00 3.905205967824765950e-02
1.840000000000000000e+02 1.000000000000000000e+00 9.992371773681495428e-01 0.000000000000000000e+00 3.905205967824566110e-02
1.850000000000000000e+02 1.000000000000000000e+00 9.992371773682326985e-01 0.000000000000000000e+00 3.905205967824874197e-02
1.860000000000000000e+02 1.000000000000000000e+00 9.992371773682322544e-01 0.000000000000000000e+00 3.905205967824891544e-02
1.870000000000000000e+02 1.000000000000000000e+00 9.992371773682336977e-01 0.000000000000000000e+00 3.905205967824888769e-02
1.880000000000000000e+02 1.000000000000000000e+00 9.992371773682089398e-01 0.000000000000000000e+00 3.905205967824825625e-02
1.890000000000000000e+02 1.000000000000000000e+00 9.992371773682370284e-01 0.000000000000000000e+00 3.905205967824901259e-02
1.900000000000000000e+02 1.000000000000000000e+00 9.992371773682393599e-01 0.000000000000000000e+00 3.905205967824902646e-02
1.910000000000000000e+02 1.000000000000000000e+00 9.992371773682413583e-01 0.000000000000000000e+00 3.905205967824892238e-02
1.920000000000000000e+02 1.000000000000000000e+00 9.992371773682170444e-01 0.000000000000000000e+00 3.905205967824837421e-02
1.930000000000000000e+02 1.000000000000000000e+00 9.992371773682412472e-01 0.000000000000000000e+00 3.905205967824889463e-02
1.940000000000000000e+02 1.000000000000000000e+00 9.992371773682204861e-01 0.000000000000000000e+00 3.905205967824802726e-02
1.950000000000000000e+02 1.000000000000000000e+00 9.992371773682022784e-01 0.000000000000000000e+00 3.905205967824791624e-02
1.960000000000000000e+02 1.000000000000000000e+00 9.992371773681480995e-01 0.000000000000000000e+00 3.905205967824549457e-02
1.970000000000000000e+02 1.000000000000000000e+00 9.992371773682301450e-01 0.000000000000000000e+00 3.905205967824879054e-02
1.980000000000000000e+02 1.000000000000000000e+00 9.992371773682422464e-01 0.000000000000000000e+00 3.905205967824877666e-02
1.990000000000000000e+02 1.000000000000000000e+00 9.992371773681718583e-01 0.000000000000000000e+00 3.905205967824666724e-02
2.000000000000000000e+02 1.000000000000000000e+00 9.992371773682349190e-01 0.000000000000000000e+00 3.905205967824901259e-02
2.010000000000000000e+02 1.000000000000000000e+00 9.992371773682053870e-01 0.000000000000000000e+00 3.905205967824767338e-02
2.020000000000000000e+02 1.000000000000000000e+00 9.992371773682429126e-01 0.000000000000000000e+00 3.905205967824917912e-02
2.030000000000000000e+02 1.000000000000000000e+00 9.992371773681371083e-01 0.000000000000000000e+00 3.905205967824529334e-02
2.040000000000000000e+02 1.000000000000000000e+00 9.992371773682391378e-01 0.000000000000000000e+00 3.905205967824885993e-02
2.050000000000000000e+02 1.000000000000000000e+00 9.992371773682231506e-01 0.000000000000000000e+00 3.905205967824856850e-02
2.060000000000000000e+02 1.000000000000000000e+00 9.992371773681885117e-01 0.000000000000000000e+00 3.905205967824715296e-02
2.070000000000000000e+02 1.000000000000000000e+00 9.992371773682513503e-01 0.000000000000000000e+00 3.905205967824960933e-02
2.080000000000000000e+02 1.000000000000000000e+00 9.992371773682415803e-01 0.000000000000000000e+00 3.905205967824898483e-02
2.090000000000000000e+02 1.000000000000000000e+00 9.992371773682244829e-01 0.000000000000000000e+00 3.905205967824849911e-02
2.100000000000000000e+02 1.000000000000000000e+00 9.992371773682315883e-01 0.000000000000000000e+00 3.905205967824854768e-02
2.110000000000000000e+02 1.000000000000000000e+00 9.992371773682284797e-01 0.000000000000000000e+00 3.905205967824885993e-02
2.120000000000000000e+02 1.000000000000000000e+00 9.992371773681815172e-01 0.000000000000000000e+00 3.905205967824688235e-02
2.130000000000000000e+02 1.000000000000000000e+00 9.992371773682461322e-01 0.000000000000000000e+00 3.905205967824913749e-02
2.140000000000000000e+02 1.000000000000000000e+00 9.992371773682170444e-01 0.000000000000000000e+00 3.905205967824830482e-02
2.150000000000000000e+02 1.000000000000000000e+00 9.992371773682303671e-01 0.000000000000000000e+00 3.905205967824870034e-02
2.160000000000000000e+02 1.000000000000000000e+00 9.992371773682333647e-01 0.000000000000000000e+00 3.905205967824923463e-02
2.170000000000000000e+02 1.000000000000000000e+00 9.992371773681886227e-01 0.000000000000000000e+00 3.905205967824701419e-02
2.180000000000000000e+02 1.000000000000000000e+00 9.992371773682252600e-01 0.000000000000000000e+00 3.905205967824865176e-02
2.190000000000000000e+02 1.000000000000000000e+00 9.992371773681635316e-01 0.000000000000000000e+00 3.905205967824576518e-02
2.200000000000000000e+02 1.000000000000000000e+00 9.992371773681334446e-01 0.000000000000000000e+00 3.905205967824482149e-02
2.210000000000000000e+02 1.000000000000000000e+00 9.992371773681935077e-01 0.000000000000000000e+00 3.905205967824735419e-02
2.220000000000000000e+02 1.000000000000000000e+00 9.992371773682242608e-01 0.000000000000000000e+00 3.905205967824838809e-02
2.230000000000000000e+02 1.000000000000000000e+00 9.992371773682204861e-01 0.000000000000000000e+00 3.905205967824845747e-02
2.240000000000000000e+02 1.000000000000000000e+00 9.992371773682469094e-01 0.000000000000000000e+00 3.905205967824933178e-02
2.250000000000000000e+02 1.000000000000000000e+00 9.992371773681913982e-01 0.000000000000000000e+00 3.905205967824702806e-02
2.260000000000000000e+02 1.000000000000000000e+00 9.992371773682000580e-01 0.000000000000000000e+00 3.905205967824744440e-02
2.270000000000000000e+02 1.000000000000000000e+00 9.992371773682380276e-01 0.000000000000000000e+00 3.905205967824907504e-02
2.280000000000000000e+02 1.000000000000000000e+00 9.992371773682326985e-01 0.000000000000000000e+00 3.905205967824890850e-02
2.290000000000000000e+02 1.000000000000000000e+00 9.992371773682064973e-01 0.000000000000000000e+00 3.905205967824817992e-02
2.300000000000000000e+02 1.000000000000000000e+00 9.992371773682193759e-01 0.000000000000000000e+00 3.905205967824837421e-02
2.310000000000000000e+02 1.000000000000000000e+00 9.992371773681647529e-01 0.000000000000000000e+00 3.905205967824628560e-02
2.320000000000000000e+02 1.000000000000000000e+00 9.992371773681973934e-01 0.000000000000000000e+00 3.905205967824738889e-02
2.330000000000000000e+02 1.000000000000000000e+00 9.992371773682457992e-01 0.000000000000000000e+00 3.905205967824938729e-02
2.340000000000000000e+02 1.000000000000000000e+00 9.992371773682333647e-01 0.000000000000000000e+00 3.905205967824858931e-02
2.350000000000000000e+02 1.000000000000000000e+00 9.992371773682355851e-01 0.000000000000000000e+00 3.905205967824886687e-02
2.360000000000000000e+02 1.000000000000000000e+00 9.992371773682151570e-01 0.000000000000000000e+00 3.905205967824841584e-02
2.370000000000000000e+02 1.000000000000000000e+00 9.992371773681646419e-01 0.000000000000000000e+00 3.905205967824597335e-02
2.380000000000000000e+02 1.000000000000000000e+00 9.992371773681166802e-01 0.000000000000000000e+00 3.905205967824443292e-02
2.390000000000000000e+02 1.000000000000000000e+00 9.992371773681681946e-01 0.000000000000000000e+00 3.905205967824637581e-02
2.400000000000000000e+02 1.000000000000000000e+00 9.992371773681818503e-01 0.000000000000000000e+00 3.905205967824702806e-02
2.410000000000000000e+02 1.000000000000000000e+00 9.992371773681402169e-01 0.000000000000000000e+00 3.905205967824495333e-02
2.420000000000000000e+02 1.000000000000000000e+00 9.992371773679998848e-01 0.000000000000000000e+00 3.905205967823932589e-02
2.430000000000000000e+02 1.000000000000000000e+00 9.992371773682502401e-01 0.000000000000000000e+00 3.905205967824970648e-02
2.440000000000000000e+02 1.000000000000000000e+00 9.992371773682272584e-01 0.000000000000000000e+00 3.905205967824856850e-02
2.450000000000000000e+02 1.000000000000000000e+00 9.992371773682301450e-01 0.000000000000000000e+00 3.905205967824871421e-02
2.460000000000000000e+02 1.000000000000000000e+00 9.992371773682273695e-01 0.000000000000000000e+00 3.905205967824858238e-02
2.470000000000000000e+02 1.000000000000000000e+00 9.992371773682308111e-01 0.000000000000000000e+00 3.905205967824865176e-02
2.480000000000000000e+02 1.000000000000000000e+00 9.992371773680339686e-01 0.000000000000000000e+00 3.905205967824128960e-02
2.490000000000000000e+02 1.000000000000000000e+00 9.992371773682415803e-01 0.000000000000000000e+00 3.905205967824891544e-02
2.500000000000000000e+02 1.000000000000000000e+00 9.992371773682423575e-01 0.000000000000000000e+00 3.905205967824894320e-02
2.510000000000000000e+02 1.000000000000000000e+00 9.992371773682247049e-01 0.000000000000000000e+00 3.905205967824867952e-02
2.520000000000000000e+02 1.000000000000000000e+00 9.992371773682049430e-01 0.000000000000000000e+00 3.905205967824786073e-02
2.530000000000000000e+02 1.000000000000000000e+00 9.992371773682448000e-01 0.000000000000000000e+00 3.905205967824891544e-02
2.540000000000000000e+02 1.000000000000000000e+00 9.992371773681960612e-01 0.000000000000000000e+00 3.905205967824761093e-02
2.550000000000000000e+02 1.000000000000000000e+00 9.992371773681532066e-01 0.000000000000000000e+00 3.905205967824576518e-02
2.560000000000000000e+02 1.000000000000000000e+00 9.992371773681495428e-01 0.000000000000000000e+00 3.905205967824580682e-02
2.570000000000000000e+02 1.000000000000000000e+00 9.992371773681887337e-01 0.000000000000000000e+00 3.905205967824716684e-02
2.580000000000000000e+02 1.000000000000000000e+00 9.992371773679299407e-01 0.000000000000000000e+00 3.905205967823693891e-02
2.590000000000000000e+02 1.000000000000000000e+00 9.992371773682180436e-01 0.000000000000000000e+00 3.905205967824811053e-02
2.600000000000000000e+02 1.000000000000000000e+00 9.992371773682258151e-01 0.000000000000000000e+00 3.905205967824874891e-02
2.610000000000000000e+02 1.000000000000000000e+00 9.992371773682052760e-01 0.000000000000000000e+00 3.905205967824808277e-02
2.620000000000000000e+02 1.000000000000000000e+00 9.992371773682413583e-01 0.000000000000000000e+00 3.905205967824922075e-02
2.630000000000000000e+02 1.000000000000000000e+00 9.992371773681891778e-01 0.000000000000000000e+00 3.905205967824769420e-02
2.640000000000000000e+02 1.000000000000000000e+00 9.992371773682362512e-01 0.000000000000000000e+00 3.905205967824895014e-02
2.650000000000000000e+02 1.000000000000000000e+00 9.992371773682373615e-01 0.000000000000000000e+00 3.905205967824897095e-02
2.660000000000000000e+02 1.000000000000000000e+00 9.992371773682403591e-01 0.000000000000000000e+00 3.905205967824897789e-02
2.670000000000000000e+02 1.000000000000000000e+00 9.992371773682517944e-01 0.000000000000000000e+00 3.905205967824929014e-02
2.680000000000000000e+02 1.000000000000000000e+00 9.992371773681771874e-01 0.000000000000000000e+00 3.905205967824684765e-02
2.690000000000000000e+02 1.000000000000000000e+00 9.992371773682269254e-01 0.000000000000000000e+00 3.905205967824849217e-02
2.700000000000000000e+02 1.000000000000000000e+00 9.992371773681756331e-01 0.000000000000000000e+00 3.905205967824664642e-02
2.710000000000000000e+02 1.000000000000000000e+00 9.992371773682355851e-01 0.000000000000000000e+00 3.905205967824913749e-02
2.720000000000000000e+02 1.000000000000000000e+00 9.992371773682253711e-01 0.000000000000000000e+00 3.905205967824856850e-02
2.730000000000000000e+02 1.000000000000000000e+00 9.992371773682358072e-01 0.000000000000000000e+00 3.905205967824881830e-02
2.740000000000000000e+02 1.000000000000000000e+00 9.992371773682361402e-01 0.000000000000000000e+00 3.905205967824913749e-02
2.750000000000000000e+02 1.000000000000000000e+00 9.992371773682362512e-01 0.000000000000000000e+00 3.905205967824862401e-02
2.760000000000000000e+02 1.000000000000000000e+00 9.992371773681929525e-01 0.000000000000000000e+00 3.905205967824708357e-02
2.770000000000000000e+02 1.000000000000000000e+00 9.992371773682380276e-01 0.000000000000000000e+00 3.905205967824930402e-02
2.780000000000000000e+02 1.000000000000000000e+00 9.992371773682220404e-01 0.000000000000000000e+00 3.905205967824842972e-02
2.790000000000000000e+02 1.000000000000000000e+00 9.992371773681176794e-01 0.000000000000000000e+00 3.905205967824422475e-02
2.800000000000000000e+02 1.000000000000000000e+00 9.992371773682159342e-01 0.000000000000000000e+00 3.905205967824824237e-02
2.810000000000000000e+02 1.000000000000000000e+00 9.992371773682451330e-01 0.000000000000000000e+00 3.905205967824919994e-02
2.820000000000000000e+02 1.000000000000000000e+00 9.992371773682038327e-01 0.000000000000000000e+00 3.905205967824783297e-02
2.830000000000000000e+02 1.000000000000000000e+00 9.992371773681877345e-01 0.000000000000000000e+00 3.905205967824713909e-02
2.840000000000000000e+02 1.000000000000000000e+00 9.992371773682311442e-01 0.000000000000000000e+00 3.905205967824879054e-02
2.850000000000000000e+02 1.000000000000000000e+00 9.992371773681998359e-01 0.000000000000000000e+00 3.905205967824736113e-02
2.860000000000000000e+02 1.000000000000000000e+00 9.992371773682036107e-01 0.000000000000000000e+00 3.905205967824790236e-02
2.870000000000000000e+02 1.000000000000000000e+00 9.992371773682012792e-01 0.000000000000000000e+00 3.905205967824738889e-02
2.880000000000000000e+02 1.000000000000000000e+00 9.992371773682098279e-01 0.000000000000000000e+00 3.905205967824807584e-02
2.890000000000000000e+02 1.000000000000000000e+00 9.992371773682175995e-01 0.000000000000000000e+00 3.905205967824861013e-02
2.900000000000000000e+02 1.000000000000000000e+00 9.992371773677082292e-01 0.000000000000000000e+00 3.905205967822841795e-02
2.910000000000000000e+02 1.000000000000000000e+00 9.992371773681905101e-01 0.000000000000000000e+00 3.905205967824720847e-02
2.920000000000000000e+02 1.000000000000000000e+00 9.992371773682042768e-01 0.000000000000000000e+00 3.905205967824781910e-02
2.930000000000000000e+02 1.000000000000000000e+00 9.992371773682462432e-01 0.000000000000000000e+00 3.905205967824946361e-02
2.940000000000000000e+02 1.000000000000000000e+00 9.992371773682332536e-01 0.000000000000000000e+00 3.905205967824892932e-02
2.950000000000000000e+02 1.000000000000000000e+00 9.992371773682211522e-01 0.000000000000000000e+00 3.905205967824863789e-02
2.960000000000000000e+02 1.000000000000000000e+00 9.992371773682324765e-01 0.000000000000000000e+00 3.905205967824922769e-02
2.970000000000000000e+02 1.000000000000000000e+00 9.992371773681998359e-01 0.000000000000000000e+00 3.905205967824772889e-02
2.980000000000000000e+02 1.000000000000000000e+00 9.992371773680599478e-01 0.000000000000000000e+00 3.905205967824175450e-02
2.990000000000000000e+02 1.000000000000000000e+00 9.992371773682118263e-01 0.000000000000000000e+00 3.905205967824811747e-02
3.000000000000000000e+02 1.000000000000000000e+00 9.992371773682023894e-01 0.000000000000000000e+00 3.905205967824794400e-02
3.010000000000000000e+02 1.000000000000000000e+00 9.992371773681165692e-01 0.000000000000000000e+00 3.905205967824448843e-02
3.020000000000000000e+02 1.000000000000000000e+00 9.992371773682522385e-01 0.000000000000000000e+00 3.905205967824953994e-02
3.030000000000000000e+02 1.000000000000000000e+00 9.992371773682428016e-01 0.000000000000000000e+00 3.905205967824938729e-02
3.040000000000000000e+02 1.000000000000000000e+00 9.992371773681436586e-01 0.000000000000000000e+00 3.905205967824564028e-02
3.050000000000000000e+02 1.000000000000000000e+00 9.992371773682336977e-01 0.000000000000000000e+00 3.905205967824897095e-02
3.060000000000000000e+02 1.000000000000000000e+00 9.992371773682311442e-01 0.000000000000000000e+00 3.905205967824890156e-02
3.070000000000000000e+02 1.000000000000000000e+00 9.992371773682134917e-01 0.000000000000000000e+00 3.905205967824794400e-02
3.080000000000000000e+02 1.000000000000000000e+00 9.992371773682203751e-01 0.000000000000000000e+00 3.905205967824824237e-02
3.090000000000000000e+02 1.000000000000000000e+00 9.992371773682351410e-01 0.000000000000000000e+00 3.905205967824893626e-02
3.100000000000000000e+02 1.000000000000000000e+00 9.992371773682444669e-01 0.000000000000000000e+00 3.905205967824966484e-02
3.110000000000000000e+02 1.000000000000000000e+00 9.992371773682401370e-01 0.000000000000000000e+00 3.905205967824897095e-02
3.120000000000000000e+02 1.000000000000000000e+00 9.992371773680719382e-01 0.000000000000000000e+00 3.905205967824265656e-02
3.130000000000000000e+02 1.000000000000000000e+00 9.992371773681780756e-01 0.000000000000000000e+00 3.905205967824669500e-02
3.140000000000000000e+02 1.000000000000000000e+00 9.992371773682422464e-01 0.000000000000000000e+00 3.905205967824901259e-02
3.150000000000000000e+02 1.000000000000000000e+00 9.992371773681772984e-01 0.000000000000000000e+00 3.905205967824674357e-02
3.160000000000000000e+02 1.000000000000000000e+00 9.992371773682275915e-01 0.000000000000000000e+00 3.905205967824870728e-02
3.170000000000000000e+02 1.000000000000000000e+00 9.992371773681939517e-01 0.000000000000000000e+00 3.905205967824720847e-02
3.180000000000000000e+02 1.000000000000000000e+00 9.992371773682140468e-01 0.000000000000000000e+00 3.905205967824816604e-02
3.190000000000000000e+02 1.000000000000000000e+00 9.992371773682122704e-01 0.000000000000000000e+00 3.905205967824820767e-02
3.200000000000000000e+02 1.000000000000000000e+00 9.992371773682071634e-01 0.000000000000000000e+00 3.905205967824776359e-02
3.210000000000000000e+02 1.000000000000000000e+00 9.992371773682073854e-01 0.000000000000000000e+00 3.905205967824824931e-02
3.220000000000000000e+02 1.000000000000000000e+00 9.992371773682091618e-01 0.000000000000000000e+00 3.905205967824826319e-02
3.230000000000000000e+02 1.000000000000000000e+00 9.992371773682079406e-01 0.000000000000000000e+00 3.905205967824776359e-02
3.240000000000000000e+02 1.000000000000000000e+00 9.992371773682424685e-01 0.000000000000000000e+00 3.905205967824908891e-02
3.250000000000000000e+02 1.000000000000000000e+00 9.992371773682312552e-01 0.000000000000000000e+00 3.905205967824906116e-02
3.260000000000000000e+02 1.000000000000000000e+00 9.992371773681503200e-01 0.000000000000000000e+00 3.905205967824546681e-02
3.270000000000000000e+02 1.000000000000000000e+00 9.992371773682091618e-01 0.000000000000000000e+00 3.905205967824805502e-02
3.280000000000000000e+02 1.000000000000000000e+00 9.992371773682420244e-01 0.000000000000000000e+00 3.905205967824895708e-02
3.290000000000000000e+02 1.000000000000000000e+00 9.992371773682107161e-01 0.000000000000000000e+00 3.905205967824788155e-02
3.300000000000000000e+02 1.000000000000000000e+00 9.992371773682361402e-01 0.000000000000000000e+00 3.905205967824865176e-02
3.310000000000000000e+02 1.000000000000000000e+00 9.992371773682299230e-01 0.000000000000000000e+00 3.905205967824899871e-02
3.320000000000000000e+02 1.000000000000000000e+00 9.992371773682173774e-01 0.000000000000000000e+00 3.905205967824816604e-02
3.330000000000000000e+02 1.000000000000000000e+00 9.992371773682002800e-01 0.000000000000000000e+00 3.905205967824730562e-02
3.340000000000000000e+02 1.000000000000000000e+00 9.992371773681839597e-01 0.000000000000000000e+00 3.905205967824691010e-02
3.350000000000000000e+02 1.000000000000000000e+00 9.992371773682121594e-01 0.000000000000000000e+00 3.905205967824817298e-02
3.360000000000000000e+02 1.000000000000000000e+00 9.992371773682331426e-01 0.000000000000000000e+00 3.905205967824884605e-02
3.370000000000000000e+02 1.000000000000000000e+00 9.992371773682061642e-01 0.000000000000000000e+00 3.905205967824779134e-02
3.380000000000000000e+02 1.000000000000000000e+00 9.992371773682287017e-01 0.000000000000000000e+00 3.905205967824861707e-02
3.390000000000000000e+02 1.000000000000000000e+00 9.992371773681733016e-01 0.000000000000000000e+00 3.905205967824694480e-02
3.400000000000000000e+02 1.000000000000000000e+00 9.992371773681721914e-01 0.000000000000000000e+00 3.905205967824696561e-02
3.410000000000000000e+02 1.000000000000000000e+00 9.992371773682120484e-01 0.000000000000000000e+00 3.905205967824798563e-02
3.420000000000000000e+02 1.000000000000000000e+00 9.992371773682389158e-01 0.000000000000000000e+00 3.905205967824917912e-02
3.430000000000000000e+02 1.000000000000000000e+00 9.992371773681905101e-01 0.000000000000000000e+00 3.905205967824713909e-02
3.440000000000000000e+02 1.000000000000000000e+00 9.992371773681392177e-01 0.000000000000000000e+00 3.905205967824499497e-02
3.450000000000000000e+02 1.000000000000000000e+00 9.992371773682184877e-01 0.000000000000000000e+00 3.905205967824830482e-02
3.460000000000000000e+02 1.000000000000000000e+00 9.992371773679211699e-01 0.000000000000000000e+00 3.905205967823635604e-02
3.470000000000000000e+02 1.000000000000000000e+00 9.992371773681372193e-01 0.000000000000000000e+00 3.905205967824525864e-02
3.480000000000000000e+02 1.000000000000000000e+00 9.992371773682324765e-01 0.000000000000000000e+00 3.905205967824897789e-02
3.490000000000000000e+02 1.000000000000000000e+00 9.992371773681778535e-01 0.000000000000000000e+00 3.905205967824672275e-02
3.500000000000000000e+02 1.000000000000000000e+00 9.992371773682214853e-01 0.000000000000000000e+00 3.905205967824836033e-02
3.510000000000000000e+02 1.000000000000000000e+00 9.992371773682016123e-01 0.000000000000000000e+00 3.905205967824781910e-02
3.520000000000000000e+02 1.000000000000000000e+00 9.992371773682195979e-01 0.000000000000000000e+00 3.905205967824798563e-02
3.530000000000000000e+02 1.000000000000000000e+00 9.992371773682311442e-01 0.000000000000000000e+00 3.905205967824898483e-02
3.540000000000000000e+02 1.000000000000000000e+00 9.992371773682160452e-01 0.000000000000000000e+00 3.905205967824817992e-02
3.550000000000000000e+02 1.000000000000000000e+00 9.992371773682404701e-01 0.000000000000000000e+00 3.905205967824894320e-02
3.560000000000000000e+02 1.000000000000000000e+00 9.992371773681743008e-01 0.000000000000000000e+00 3.905205967824686153e-02
3.570000000000000000e+02 1.000000000000000000e+00 9.992371773681967273e-01 0.000000000000000000e+00 3.905205967824732644e-02
3.580000000000000000e+02 1.000000000000000000e+00 9.992371773681816283e-01 0.000000000000000000e+00 3.905205967824695867e-02
3.590000000000000000e+02 1.000000000000000000e+00 9.992371773682370284e-01 0.000000000000000000e+00 3.905205967824934565e-02
3.600000000000000000e+02 1.000000000000000000e+00 9.992371773680716052e-01 0.000000000000000000e+00 3.905205967824226104e-02
3.610000000000000000e+02 1.000000000000000000e+00 9.992371773681910652e-01 0.000000000000000000e+00 3.905205967824733337e-02
3.620000000000000000e+02 1.000000000000000000e+00 9.992371773681838487e-01 0.000000000000000000e+00 3.905205967824697255e-02
3.630000000000000000e+02 1.000000000000000000e+00 9.992371773680985836e-01 0.000000000000000000e+00 3.905205967824386393e-02
3.640000000000000000e+02 1.000000000000000000e+00 9.992371773681649749e-01 0.000000000000000000e+00 3.905205967824666724e-02
3.650000000000000000e+02 1.000000000000000000e+00 9.992371773682104941e-01 0.000000000000000000e+00 3.905205967824823543e-02
3.660000000000000000e+02 1.000000000000000000e+00 9.992371773681449909e-01 0.000000000000000000e+00 3.905205967824561253e-02
3.670000000000000000e+02 1.000000000000000000e+00 9.992371773681911762e-01 0.000000000000000000e+00 3.905205967824714602e-02
3.680000000000000000e+02 1.000000000000000000e+00 9.992371773681688607e-01 0.000000000000000000e+00 3.905205967824646601e-02
3.690000000000000000e+02 1.000000000000000000e+00 9.992371773682244829e-01 0.000000000000000000e+00 3.905205967824856850e-02
3.700000000000000000e+02 1.000000000000000000e+00 9.992371773682255931e-01 0.000000000000000000e+00 3.905205967824860319e-02
3.710000000000000000e+02 1.000000000000000000e+00 9.992371773682214853e-01 0.000000000000000000e+00 3.905205967824838809e-02
3.720000000000000000e+02 1.000000000000000000e+00 9.992371773681880676e-01 0.000000000000000000e+00 3.905205967824723623e-02
3.730000000000000000e+02 1.000000000000000000e+00 9.992371773680767122e-01 0.000000000000000000e+00 3.905205967824265656e-02
3.740000000000000000e+02 1.000000000000000000e+00 9.992371773680799318e-01 0.000000000000000000e+00 3.905205967824292718e-02
3.750000000000000000e+02 1.000000000000000000e+00 9.992371773682313663e-01 0.000000000000000000e+00 3.905205967824893626e-02
3.760000000000000000e+02 1.000000000000000000e+00 9.992371773681427705e-01 0.000000000000000000e+00 3.905205967824548763e-02
3.770000000000000000e+02 1.000000000000000000e+00 9.992371773682148239e-01 0.000000000000000000e+00 3.905205967824813829e-02
3.780000000000000000e+02 1.000000000000000000e+00 9.992371773681942848e-01 0.000000000000000000e+00 3.905205967824738195e-02
3.790000000000000000e+02 1.000000000000000000e+00 9.992371773682052760e-01 0.000000000000000000e+00 3.905205967824761787e-02
3.800000000000000000e+02 1.000000000000000000e+00 9.992371773681446578e-01 0.000000000000000000e+00 3.905205967824536273e-02
3.810000000000000000e+02 1.000000000000000000e+00 9.992371773681656411e-01 0.000000000000000000e+00 3.905205967824645907e-02
3.820000000000000000e+02 1.000000000000000000e+00 9.992371773682217073e-01 0.000000000000000000e+00 3.905205967824846441e-02
3.830000000000000000e+02 1.000000000000000000e+00 9.992371773682380276e-01 0.000000000000000000e+00 3.905205967824886687e-02
3.840000000000000000e+02 1.000000000000000000e+00 9.992371773676216318e-01 0.000000000000000000e+00 3.905205967822505952e-02
3.850000000000000000e+02 1.000000000000000000e+00 9.992371773681525404e-01 0.000000000000000000e+00 3.905205967824619540e-02
3.860000000000000000e+02 1.000000000000000000e+00 9.992371773681707481e-01 0.000000000000000000e+00 3.905205967824621621e-02
3.870000000000000000e+02 1.000000000000000000e+00 9.992371773682233727e-01 0.000000000000000000e+00 3.905205967824869340e-02
3.880000000000000000e+02 1.000000000000000000e+00 9.992371773680543967e-01 0.000000000000000000e+00 3.905205967824164348e-02
3.890000000000000000e+02 1.000000000000000000e+00 9.992371773682198199e-01 0.000000000000000000e+00 3.905205967824812441e-02
3.900000000000000000e+02 1.000000000000000000e+00 9.992371773682159342e-01 0.000000000000000000e+00 3.905205967824827012e-02
3.910000000000000000e+02 1.000000000000000000e+00 9.992371773681603120e-01 0.000000000000000000e+00 3.905205967824587621e-02
3.920000000000000000e+02 1.000000000000000000e+00 9.992371773681072433e-01 0.000000000000000000e+00 3.905205967824413454e-02
3.930000000000000000e+02 1.000000000000000000e+00 9.992371773682089398e-01 0.000000000000000000e+00 3.905205967824773583e-02
3.940000000000000000e+02 1.000000000000000000e+00 9.992371773681925085e-01 0.000000000000000000e+00 3.905205967824724317e-02
3.950000000000000000e+02 1.000000000000000000e+00 9.992371773682366953e-01 0.000000000000000000e+00 3.905205967824885299e-02
3.960000000000000000e+02 1.000000000000000000e+00 9.992371773681505420e-01 0.000000000000000000e+00 3.905205967824548763e-02
3.970000000000000000e+02 1.000000000000000000e+00 9.992371773682142688e-01 0.000000000000000000e+00 3.905205967824819380e-02
3.980000000000000000e+02 1.000000000000000000e+00 9.992371773682219294e-01 0.000000000000000000e+00 3.905205967824841584e-02
3.990000000000000000e+02 1.000000000000000000e+00 9.992371773682431346e-01 0.000000000000000000e+00 3.905205967824934565e-02
4.000000000000000000e+02 1.000000000000000000e+00 9.992371773682324765e-01 0.000000000000000000e+00 3.905205967824909585e-02
4.010000000000000000e+02 1.000000000000000000e+00 9.992371773682169334e-01 0.000000000000000000e+00 3.905205967824832564e-02
4.020000000000000000e+02 1.000000000000000000e+00 9.992371773681943958e-01 0.000000000000000000e+00 3.905205967824745827e-02
4.030000000000000000e+02 1.000000000000000000e+00 9.992371773681462122e-01 0.000000000000000000e+00 3.905205967824521701e-02
4.040000000000000000e+02 1.000000000000000000e+00 9.992371773682400260e-01 0.000000000000000000e+00 3.905205967824925545e-02
4.050000000000000000e+02 1.000000000000000000e+00 9.992371773682252600e-01 0.000000000000000000e+00 3.905205967824861013e-02
4.060000000000000000e+02 1.000000000000000000e+00 9.992371773681447689e-01 0.000000000000000000e+00 3.905205967824522395e-02
4.070000000000000000e+02 1.000000000000000000e+00 9.992371773681324454e-01 0.000000000000000000e+00 3.905205967824475211e-02
4.080000000000000000e+02 1.000000000000000000e+00 9.992371773681802960e-01 0.000000000000000000e+00 3.905205967824676438e-02
4.090000000000000000e+02 1.000000000000000000e+00 9.992371773681827385e-01 0.000000000000000000e+00 3.905205967824709745e-02
4.100000000000000000e+02 1.000000000000000000e+00 9.992371773682361402e-01 0.000000000000000000e+00 3.905205967824915136e-02
4.110000000000000000e+02 1.000000000000000000e+00 9.992371773682287017e-01 0.000000000000000000e+00 3.905205967824876279e-02
4.120000000000000000e+02 1.000000000000000000e+00 9.992371773681985037e-01 0.000000000000000000e+00 3.905205967824723623e-02
4.130000000000000000e+02 1.000000000000000000e+00 9.992371773682457992e-01 0.000000000000000000e+00 3.905205967824913749e-02
4.140000000000000000e+02 1.000000000000000000e+00 9.992371773673331958e-01 0.000000000000000000e+00 3.905205967821395729e-02
4.150000000000000000e+02 1.000000000000000000e+00 9.992371773682016123e-01 0.000000000000000000e+00 3.905205967824770807e-02
4.160000000000000000e+02 1.000000000000000000e+00 9.992371773682133806e-01 0.000000000000000000e+00 3.905205967824809665e-02
4.170000000000000000e+02 1.000000000000000000e+00 9.992371773682409142e-01 0.000000000000000000e+00 3.905205967824894320e-02
4.180000000000000000e+02 1.000000000000000000e+00 9.992371773680432945e-01 0.000000000000000000e+00 3.905205967824135899e-02
4.190000000000000000e+02 1.000000000000000000e+00 9.992371773680531755e-01 0.000000000000000000e+00 3.905205967824187940e-02
4.200000000000000000e+02 1.000000000000000000e+00 9.992371773682238167e-01 0.000000000000000000e+00 3.905205967824863789e-02
4.210000000000000000e+02 1.000000000000000000e+00 9.992371773681596459e-01 0.000000000000000000e+00 3.905205967824609825e-02
4.220000000000000000e+02 1.000000000000000000e+00 9.992371773681891778e-01 0.000000000000000000e+00 3.905205967824706276e-02
4.230000000000000000e+02 1.000000000000000000e+00 9.992371773682080516e-01 0.000000000000000000e+00 3.905205967824774277e-02
4.240000000000000000e+02 1.000000000000000000e+00 9.992371773681347769e-01 0.000000000000000000e+00 3.905205967824516844e-02
4.250000000000000000e+02 1.000000000000000000e+00 9.992371773682400260e-01 0.000000000000000000e+00 3.905205967824899177e-02
4.260000000000000000e+02 1.000000000000000000e+00 9.992371773681824054e-01 0.000000000000000000e+00 3.905205967824686153e-02
4.270000000000000000e+02 1.000000000000000000e+00 9.992371773681411051e-01 0.000000000000000000e+00 3.905205967824557090e-02
4.280000000000000000e+02 1.000000000000000000e+00 9.992371773681254510e-01 0.000000000000000000e+00 3.905205967824443292e-02
4.290000000000000000e+02 1.000000000000000000e+00 9.992371773682047209e-01 0.000000000000000000e+00 3.905205967824766644e-02
4.300000000000000000e+02 1.000000000000000000e+00 9.992371773681980596e-01 0.000000000000000000e+00 3.905205967824781910e-02
4.310000000000000000e+02 1.000000000000000000e+00 9.992371773681769653e-01 0.000000000000000000e+00 3.905205967824693786e-02
4.320000000000000000e+02 1.000000000000000000e+00 9.992371773682249270e-01 0.000000000000000000e+00 3.905205967824847135e-02
4.330000000000000000e+02 1.000000000000000000e+00 9.992371773681861802e-01 0.000000000000000000e+00 3.905205967824697255e-02
4.340000000000000000e+02 1.000000000000000000e+00 9.992371773682193759e-01 0.000000000000000000e+00 3.905205967824844360e-02
4.350000000000000000e+02 1.000000000000000000e+00 9.992371773681694158e-01 0.000000000000000000e+00 3.905205967824634805e-02
4.360000000000000000e+02 1.000000000000000000e+00 9.992371773681543168e-01 0.000000000000000000e+00 3.905205967824566804e-02
4.370000000000000000e+02 1.000000000000000000e+00 9.992371773682031666e-01 0.000000000000000000e+00 3.905205967824761093e-02
4.380000000000000000e+02 1.000000000000000000e+00 9.992371773682189318e-01 0.000000000000000000e+00 3.905205967824845747e-02
4.390000000000000000e+02 1.000000000000000000e+00 9.992371773682207081e-01 0.000000000000000000e+00 3.905205967824859625e-02
4.400000000000000000e+02 1.000000000000000000e+00 9.992371773681945069e-01 0.000000000000000000e+00 3.905205967824729868e-02
4.410000000000000000e+02 1.000000000000000000e+00 9.992371773682247049e-01 0.000000000000000000e+00 3.905205967824848523e-02
4.420000000000000000e+02 1.000000000000000000e+00 9.992371773681878455e-01 0.000000000000000000e+00 3.905205967824686153e-02
4.430000000000000000e+02 1.000000000000000000e+00 9.992371773680732705e-01 0.000000000000000000e+00 3.905205967824232349e-02
4.440000000000000000e+02 1.000000000000000000e+00 9.992371773682000580e-01 0.000000000000000000e+00 3.905205967824749991e-02
4.450000000000000000e+02 1.000000000000000000e+00 9.992371773681133496e-01 0.000000000000000000e+00 3.905205967824380842e-02
4.460000000000000000e+02 1.000000000000000000e+00 9.992371773682096059e-01 0.000000000000000000e+00 3.905205967824793012e-02
4.470000000000000000e+02 1.000000000000000000e+00 9.992371773682153790e-01 0.000000000000000000e+00 3.905205967824806890e-02
4.480000000000000000e+02 1.000000000000000000e+00 9.992371773682328095e-01 0.000000000000000000e+00 3.905205967824926239e-02
4.490000000000000000e+02 1.000000000000000000e+00 9.992371773678832003e-01 0.000000000000000000e+00 3.905205967823494051e-02
4.500000000000000000e+02 1.000000000000000000e+00 9.992371773681714142e-01 0.000000000000000000e+00 3.905205967824650071e-02
4.510000000000000000e+02 1.000000000000000000e+00 9.992371773681671954e-01 0.000000000000000000e+00 3.905205967824672969e-02
4.520000000000000000e+02 1.000000000000000000e+00 9.992371773682056091e-01 0.000000000000000000e+00 3.905205967824763175e-02
4.530000000000000000e+02 1.000000000000000000e+00 9.992371773681858471e-01 0.000000000000000000e+00 3.905205967824709745e-02
4.540000000000000000e+02 1.000000000000000000e+00 9.992371773681137936e-01 0.000000000000000000e+00 3.905205967824386393e-02
4.550000000000000000e+02 1.000000000000000000e+00 9.992371773677919400e-01 0.000000000000000000e+00 3.905205967823167923e-02
4.560000000000000000e+02 1.000000000000000000e+00 9.992371773681631986e-01 0.000000000000000000e+00 3.905205967824582763e-02
4.570000000000000000e+02 1.000000000000000000e+00 9.992371773682002800e-01 0.000000000000000000e+00 3.905205967824759011e-02
4.580000000000000000e+02 1.000000000000000000e+00 9.992371773679251667e-01 0.000000000000000000e+00 3.905205967823665442e-02
4.590000000000000000e+02 1.000000000000000000e+00 9.992371773681492098e-01 0.000000000000000000e+00 3.905205967824547375e-02
4.600000000000000000e+02 1.000000000000000000e+00 9.992371773680924774e-01 0.000000000000000000e+00 3.905205967824301738e-02
4.610000000000000000e+02 1.000000000000000000e+00 9.992371773681931746e-01 0.000000000000000000e+00 3.905205967824718072e-02
4.620000000000000000e+02 1.000000000000000000e+00 9.992371773681483216e-01 0.000000000000000000e+00 3.905205967824589008e-02
4.630000000000000000e+02 1.000000000000000000e+00 9.992371773681958391e-01 0.000000000000000000e+00 3.905205967824768032e-02
4.640000000000000000e+02 1.000000000000000000e+00 9.992371773681651970e-01 0.000000000000000000e+00 3.905205967824631336e-02
4.650000000000000000e+02 1.000000000000000000e+00 9.992371773681647529e-01 0.000000000000000000e+00 3.905205967824619540e-02
4.660000000000000000e+02 1.000000000000000000e+00 9.992371773681982816e-01 0.000000000000000000e+00 3.905205967824772889e-02
4.670000000000000000e+02 1.000000000000000000e+00 9.992371773681846259e-01 0.000000000000000000e+00 3.905205967824662561e-02
4.680000000000000000e+02 1.000000000000000000e+00 9.992371773682329206e-01 0.000000000000000000e+00 3.905205967824874197e-02
4.690000000000000000e+02 1.000000000000000000e+00 9.992371773681425484e-01 0.000000000000000000e+00 3.905205967824566804e-02
4.700000000000000000e+02 1.000000000000000000e+00 9.992371773680950309e-01 0.000000000000000000e+00 3.905205967824353780e-02
4.710000000000000000e+02 1.000000000000000000e+00 9.992371773682201530e-01 0.000000000000000000e+00 3.905205967824834645e-02
4.720000000000000000e+02 1.000000000000000000e+00 9.992371773680811531e-01 0.000000000000000000e+00 3.905205967824257329e-02
4.730000000000000000e+02 1.000000000000000000e+00 9.992371773681341107e-01 0.000000000000000000e+00 3.905205967824500191e-02
4.740000000000000000e+02 1.000000000000000000e+00 9.992371773682403591e-01 0.000000000000000000e+00 3.905205967824904034e-02
4.750000000000000000e+02 1.000000000000000000e+00 9.992371773681616443e-01 0.000000000000000000e+00 3.905205967824641744e-02
4.760000000000000000e+02 1.000000000000000000e+00 9.992371773681846259e-01 0.000000000000000000e+00 3.905205967824688928e-02
4.770000000000000000e+02 1.000000000000000000e+00 9.992371773681369973e-01 0.000000000000000000e+00 3.905205967824502966e-02
4.780000000000000000e+02 1.000000000000000000e+00 9.992371773680365221e-01 0.000000000000000000e+00 3.905205967824131041e-02
4.790000000000000000e+02 1.000000000000000000e+00 9.992371773682056091e-01 0.000000000000000000e+00 3.905205967824795787e-02
4.800000000000000000e+02 1.000000000000000000e+00 9.992371773681838487e-01 0.000000000000000000e+00 3.905205967824663948e-02
4.810000000000000000e+02 1.000000000000000000e+00 9.992371773681891778e-01 0.000000000000000000e+00 3.905205967824738889e-02
4.820000000000000000e+02 1.000000000000000000e+00 9.992371773681564262e-01 0.000000000000000000e+00 3.905205967824573049e-02
4.830000000000000000e+02 1.000000000000000000e+00 9.992371773681510971e-01 0.000000000000000000e+00 3.905205967824586233e-02
4.840000000000000000e+02 1.000000000000000000e+00 9.992371773681931746e-01 0.000000000000000000e+00 3.905205967824702112e-02
4.850000000000000000e+02 1.000000000000000000e+00 9.992371773666404167e-01 0.000000000000000000e+00 3.905205967818675683e-02
4.860000000000000000e+02 1.000000000000000000e+00 9.992371773682233727e-01 0.000000000000000000e+00 3.905205967824863095e-02
4.870000000000000000e+02 1.000000000000000000e+00 9.992371773681170133e-01 0.000000000000000000e+00 3.905205967824405822e-02
4.880000000000000000e+02 1.000000000000000000e+00 9.992371773681346658e-01 0.000000000000000000e+00 3.905205967824494639e-02
4.890000000000000000e+02 1.000000000000000000e+00 9.992371773682073854e-01 0.000000000000000000e+00 3.905205967824805502e-02
4.900000000000000000e+02 1.000000000000000000e+00 9.992371773680738256e-01 0.000000000000000000e+00 3.905205967824280922e-02
4.910000000000000000e+02 1.000000000000000000e+00 9.992371773681477665e-01 0.000000000000000000e+00 3.905205967824543212e-02
4.920000000000000000e+02 1.000000000000000000e+00 9.992371773681248959e-01 0.000000000000000000e+00 3.905205967824476598e-02
4.930000000000000000e+02 1.000000000000000000e+00 9.992371773680613911e-01 0.000000000000000000e+00 3.905205967824196267e-02
4.940000000000000000e+02 1.000000000000000000e+00 9.992371773681389957e-01 0.000000000000000000e+00 3.905205967824544599e-02
4.950000000000000000e+02 1.000000000000000000e+00 9.992371773681072433e-01 0.000000000000000000e+00 3.905205967824400964e-02
4.960000000000000000e+02 1.000000000000000000e+00 9.992371773678387914e-01 0.000000000000000000e+00 3.905205967823358049e-02
4.970000000000000000e+02 1.000000000000000000e+00 9.992371773680077673e-01 0.000000000000000000e+00 3.905205967823986712e-02
4.980000000000000000e+02 1.000000000000000000e+00 9.992371773682404701e-01 0.000000000000000000e+00 3.905205967824923463e-02
4.990000000000000000e+02 1.000000000000000000e+00 9.992371773681525404e-01 0.000000000000000000e+00 3.905205967824580682e-02
5.000000000000000000e+02 1.000000000000000000e+00 9.992371773664243673e-01 0.000000000000000000e+00 3.905205967817805546e-02
5.010000000000000000e+02 1.000000000000000000e+00 9.992371773666595125e-01 0.000000000000000000e+00 3.905205967818752705e-02
5.020000000000000000e+02 1.000000000000000000e+00 9.992371773681113512e-01 0.000000000000000000e+00 3.905205967824419006e-02
5.030000000000000000e+02 1.000000000000000000e+00 9.992371773681131275e-01 0.000000000000000000e+00 3.905205967824411373e-02
5.040000000000000000e+02 1.000000000000000000e+00 9.992371773678938585e-01 0.000000000000000000e+00 3.905205967823544705e-02
5.050000000000000000e+02 1.000000000000000000e+00 9.992371773681643088e-01 0.000000000000000000e+00 3.905205967824604968e-02
5.060000000000000000e+02 1.000000000000000000e+00 9.992371773677832802e-01 0.000000000000000000e+00 3.905205967823119351e-02
5.070000000000000000e+02 1.000000000000000000e+00 9.992371773678905278e-01 0.000000000000000000e+00 3.905205967823557889e-02
5.080000000000000000e+02 1.000000000000000000e+00 9.992371773648502931e-01 0.000000000000000000e+00 3.905205967811656298e-02
5.090000000000000000e+02 1.000000000000000000e+00 9.992371773679485925e-01 0.000000000000000000e+00 3.905205967823774382e-02
5.100000000000000000e+02 1.000000000000000000e+00 9.992371773671915314e-01 0.000000000000000000e+00 3.905205967820796209e-02
5.110000000000000000e+02 1.000000000000000000e+00 9.992371773681008040e-01 0.000000000000000000e+00 3.905205967824364882e-02
