512 4
0.000000000000000000e+00 1.000000000000000000e+00 9.992371773681922864e-01 0.000000000000000000e+00 3.905205967824602886e-02
1.000000000000000000e+00 1.000000000000000000e+00 9.992371773681982816e-01 0.000000000000000000e+00 3.905205967824715296e-02
2.000000000000000000e+00 1.000000000000000000e+00 9.992371773682261482e-01 0.000000000000000000e+00 3.905205967824809665e-02
3.000000000000000000e+00 1.000000000000000000e+00 9.992371773682093838e-01 0.000000000000000000e+00 3.905205967824772195e-02
4.000000000000000000e+00 1.000000000000000000e+00 9.992371773682477976e-01 0.000000000000000000e+00 3.905205967824906810e-02
5.000000000000000000e+00 1.000000000000000000e+00 9.992371773682326985e-01 0.000000000000000000e+00 3.905205967824830482e-02
6.000000000000000000e+00 1.000000000000000000e+00 9.992371773682429126e-01 0.000000000000000000e+00 3.905205967824866564e-02
7.000000000000000000e+00 1.000000000000000000e+00 9.992371773682213743e-01 0.000000000000000000e+00 3.905205967824783297e-02
8.000000000000000000e+00 1.000000000000000000e+00 9.992371773682519054e-01 0.000000000000000000e+00 3.905205967824931790e-02
9.000000000000000000e+00 1.000000000000000000e+00 9.992371773682448000e-01 0.000000000000000000e+00 3.905205967824873503e-02
1.000000000000000000e+01 1.000000000000000000e+00 9.992371773682514613e-01 0.000000000000000000e+00 3.905205967824848523e-02
1.100000000000000000e+01 1.000000000000000000e+00 9.992371773682184877e-01 0.000000000000000000e+00 3.905205967824846441e-02
1.200000000000000000e+01 1.000000000000000000e+00 9.992371773682223735e-01 0.000000000000000000e+00 3.905205967824713215e-02
1.300000000000000000e+01 1.000000000000000000e+00 9.992371773682209302e-01 0.000000000000000000e+00 3.905205967824733337e-02
1.400000000000000000e+01 1.000000000000000000e+00 9.992371773682402480e-01 0.000000000000000000e+00 3.905205967824876279e-02
1.500000000000000000e+01 1.000000000000000000e+00 9.992371773682173774e-01 0.000000000000000000e+00 3.905205967824732644e-02
1.600000000000000000e+01 1.000000000000000000e+00 9.992371773682473535e-01 0.000000000000000000e+00 3.905205967824895014e-02
1.700000000000000000e+01 1.000000000000000000e+00 9.992371773682542369e-01 0.000000000000000000e+00 3.905205967824909585e-02
1.800000000000000000e+01 1.000000000000000000e+00 9.992371773682485747e-01 0.000000000000000000e+00 3.905205967824888769e-02
1.900000000000000000e+01 1.000000000000000000e+00 9.992371773682302560e-01 0.000000000000000000e+00 3.905205967824770807e-02
2.000000000000000000e+01 1.000000000000000000e+00 9.992371773682375835e-01 0.000000000000000000e+00 3.905205967824816604e-02
2.100000000000000000e+01 1.000000000000000000e+00 9.992371773682405811e-01 0.000000000000000000e+00 3.905205967824859625e-02
2.200000000000000000e+01 1.000000000000000000e+00 9.992371773682473535e-01 0.000000000000000000e+00 3.905205967824922075e-02
2.300000000000000000e+01 1.000000000000000000e+00 9.992371773682480196e-01 0.000000000000000000e+00 3.905205967824953994e-02
2.400000000000000000e+01 1.000000000000000000e+00 9.992371773681019143e-01 0.000000000000000000e+00 3.905205967824295493e-02
2.500000000000000000e+01 1.000000000000000000e+00 9.992371773681396618e-01 0.000000000000000000e+00 3.905205967824481456e-02
2.600000000000000000e+01 1.000000000000000000e+00 9.992371773680983615e-01 0.000000000000000000e+00 3.905205967824372515e-02
2.700000000000000000e+01 1.000000000000000000e+00 9.992371773682264813e-01 0.000000000000000000e+00 3.905205967824762481e-02
2.800000000000000000e+01 1.000000000000000000e+00 9.992371773682069414e-01 0.000000000000000000e+00 3.905205967824640356e-02
2.900000000000000000e+01 1.000000000000000000e+00 9.992371773682209302e-01 0.000000000000000000e+00 3.905205967824754154e-02
3.000000000000000000e+01 1.000000000000000000e+00 9.992371773682460212e-01 0.000000000000000000e+00 3.905205967824849911e-02
3.100000000000000000e+01 1.000000000000000000e+00 9.992371773682415803e-01 0.000000000000000000e+00 3.905205967824819380e-02
3.200000000000000000e+01 1.000000000000000000e+00 9.992371773682501290e-01 0.000000000000000000e+00 3.905205967824951913e-02
3.300000000000000000e+01 1.000000000000000000e+00 9.992371773681503200e-01 0.000000000000000000e+00 3.905205967824555702e-02
3.400000000000000000e+01 1.000000000000000000e+00 9.992371773682422464e-01 0.000000000000000000e+00 3.905205967824875585e-02
3.500000000000000000e+01 1.000000000000000000e+00 9.992371773682398040e-01 0.000000000000000000e+00 3.905205967824827706e-02
3.600000000000000000e+01 1.000000000000000000e+00 9.992371773682509062e-01 0.000000000000000000e+00 3.905205967825094160e-02
3.700000000000000000e+01 1.000000000000000000e+00 9.992371773682312552e-01 0.000000000000000000e+00 3.905205967824822849e-02
3.800000000000000000e+01 1.000000000000000000e+00 9.992371773682485747e-01 0.000000000000000000e+00 3.905205967824920688e-02
3.900000000000000000e+01 1.000000000000000000e+00 9.992371773680971403e-01 0.000000000000000000e+00 3.905205967824351698e-02
4.000000000000000000e+01 1.000000000000000000e+00 9.992371773681062441e-01 0.000000000000000000e+00 3.905205967824375290e-02
4.100000000000000000e+01 1.000000000000000000e+00 9.992371773682121594e-01 0.000000000000000000e+00 3.905205967824752766e-02
4.200000000000000000e+01 1.000000000000000000e+00 9.992371773682335867e-01 0.000000000000000000e+00 3.905205967824852686e-02
4.300000000000000000e+01 1.000000000000000000e+00 9.992371773682315883e-01 0.000000000000000000e+00 3.905205967824759705e-02
4.400000000000000000e+01 1.000000000000000000e+00 9.992371773681777425e-01 0.000000000000000000e+00 3.905205967824673663e-02
4.500000000000000000e+01 1.000000000000000000e+00 9.992371773681940628e-01 0.000000000000000000e+00 3.905205967824763869e-02
4.600000000000000000e+01 1.000000000000000000e+00 9.992371773681829605e-01 0.000000000000000000e+00 3.905205967824675745e-02
4.700000000000000000e+01 1.000000000000000000e+00 9.992371773682474645e-01 0.000000000000000000e+00 3.905205967824863095e-02
4.800000000000000000e+01 1.000000000000000000e+00 9.992371773682431346e-01 0.000000000000000000e+00 3.905205967824874891e-02
4.900000000000000000e+01 1.000000000000000000e+00 9.992371773682444669e-01 0.000000000000000000e+00 3.905205967824846441e-02
5.000000000000000000e+01 1.000000000000000000e+00 9.992371773682421354e-01 0.000000000000000000e+00 3.905205967824884605e-02
5.100000000000000000e+01 1.000000000000000000e+00 9.992371773682371394e-01 0.000000000000000000e+00 3.905205967824813829e-02
5.200000000000000000e+01 1.000000000000000000e+00 9.992371773682373615e-01 0.000000000000000000e+00 3.905205967824800645e-02
5.300000000000000000e+01 1.000000000000000000e+00 9.992371773682517944e-01 0.000000000000000000e+00 3.905205967824889463e-02
5.400000000000000000e+01 1.000000000000000000e+00 9.992371773682511282e-01 0.000000000000000000e+00 3.905205967825076813e-02
5.500000000000000000e+01 1.000000000000000000e+00 9.992371773682486857e-01 0.000000000000000000e+00 3.905205967824905422e-02
5.600000000000000000e+01 1.000000000000000000e+00 9.992371773682389158e-01 0.000000000000000000e+00 3.905205967824878360e-02
5.700000000000000000e+01 1.000000000000000000e+00 9.992371773682424685e-01 0.000000000000000000e+00 3.905205967824881830e-02
5.800000000000000000e+01 1.000000000000000000e+00 9.992371773681432146e-01 0.000000000000000000e+00 3.905205967824492558e-02
5.900000000000000000e+01 1.000000000000000000e+00 9.992371773681185676e-01 0.000000000000000000e+00 3.905205967824358637e-02
6.000000000000000000e+01 1.000000000000000000e+00 9.992371773682144909e-01 0.000000000000000000e+00 3.905205967824701419e-02
6.100000000000000000e+01 1.000000000000000000e+00 9.992371773681283376e-01 0.000000000000000000e+00 3.905205967824498803e-02
6.200000000000000000e+01 1.000000000000000000e+00 9.992371773682142688e-01 0.000000000000000000e+00 3.905205967824684071e-02
6.300000000000000000e+01 1.000000000000000000e+00 9.992371773682453551e-01 0.000000000000000000e+00 3.905205967824890850e-02
6.400000000000000000e+01 1.000000000000000000e+00 9.992371773682400260e-01 0.000000000000000000e+00 3.905205967824865176e-02
6.500000000000000000e+01 1.000000000000000000e+00 9.992371773681978375e-01 0.000000000000000000e+00 3.905205967824704194e-02
6.600000000000000000e+01 1.000000000000000000e+00 9.992371773681728575e-01 0.000000000000000000e+00 3.905205967824678520e-02
6.700000000000000000e+01 1.000000000000000000e+00 9.992371773682421354e-01 0.000000000000000000e+00 3.905205967824866564e-02
6.800000000000000000e+01 1.000000000000000000e+00 9.992371773681385516e-01 0.000000000000000000e+00 3.905205967824570273e-02
6.900000000000000000e+01 1.000000000000000000e+00 9.992371773682313663e-01 0.000000000000000000e+00 3.905205967824807584e-02
7.000000000000000000e+01 1.000000000000000000e+00 9.992371773682484637e-01 0.000000000000000000e+00 3.905205967824895708e-02
7.100000000000000000e+01 1.000000000000000000e+00 9.992371773682129366e-01 0.000000000000000000e+00 3.905205967824663948e-02
7.200000000000000000e+01 1.000000000000000000e+00 9.992371773682475755e-01 0.000000000000000000e+00 3.905205967824939423e-02
7.300000000000000000e+01 1.000000000000000000e+00 9.992371773681125724e-01 0.000000000000000000e+00 3.905205967824357249e-02
7.400000000000000000e+01 1.000000000000000000e+00 9.992371773682190428e-01 0.000000000000000000e+00 3.905205967824752072e-02
7.500000000000000000e+01 1.000000000000000000e+00 9.992371773682348080e-01 0.000000000000000000e+00 3.905205967824817992e-02
7.600000000000000000e+01 1.000000000000000000e+00 9.992371773682433567e-01 0.000000000000000000e+00 3.905205967824837421e-02
7.700000000000000000e+01 1.000000000000000000e+00 9.992371773682533487e-01 0.000000000000000000e+00 3.905205967824966484e-02
7.800000000000000000e+01 1.000000000000000000e+00 9.992371773678524471e-01 0.000000000000000000e+00 3.905205967823329599e-02
7.900000000000000000e+01 1.000000000000000000e+00 9.992371773681811842e-01 0.000000000000000000e+00 3.905205967824641744e-02
8.000000000000000000e+01 1.000000000000000000e+00 9.992371773682278135e-01 0.000000000000000000e+00 3.905205967824791624e-02
8.100000000000000000e+01 1.000000000000000000e+00 9.992371773682425795e-01 0.000000000000000000e+00 3.905205967824804114e-02
8.200000000000000000e+01 1.000000000000000000e+00 9.992371773682371394e-01 0.000000000000000000e+00 3.905205967824842972e-02
8.300000000000000000e+01 1.000000000000000000e+00 9.992371773682233727e-01 0.000000000000000000e+00 3.905205967824763175e-02
8.400000000000000000e+01 1.000000000000000000e+00 9.992371773682261482e-01 0.000000000000000000e+00 3.905205967824756930e-02
8.500000000000000000e+01 1.000000000000000000e+00 9.992371773682322544e-01 0.000000000000000000e+00 3.905205967824849217e-02
8.600000000000000000e+01 1.000000000000000000e+00 9.992371773682288127e-01 0.000000000000000000e+00 3.905205967824751379e-02
8.700000000000000000e+01 1.000000000000000000e+00 9.992371773682244829e-01 0.000000000000000000e+00 3.905205967824749991e-02
8.800000000000000000e+01 1.000000000000000000e+00 9.992371773682178215e-01 0.000000000000000000e+00 3.905205967824729174e-02
8.900000000000000000e+01 1.000000000000000000e+00 9.992371773682426905e-01 0.000000000000000000e+00 3.905205967824854074e-02
9.000000000000000000e+01 1.000000000000000000e+00 9.992371773682526825e-01 0.000000000000000000e+00 3.905205967824942892e-02
9.100000000000000000e+01 1.000000000000000000e+00 9.992371773682491298e-01 0.000000000000000000e+00 3.905205967824879054e-02
9.200000000000000000e+01 1.000000000000000000e+00 9.992371773681695268e-01 0.000000000000000000e+00 3.905205967824611907e-02
9.300000000000000000e+01 1.000000000000000000e+00 9.992371773682260372e-01 0.000000000000000000e+00 3.905205967824753460e-02
9.400000000000000000e+01 1.000000000000000000e+00 9.992371773682400260e-01 0.000000000000000000e+00 3.905205967824836727e-02
9.500000000000000000e+01 1.000000000000000000e+00 9.992371773682209302e-01 0.000000000000000000e+00 3.905205967824750685e-02
9.600000000000000000e+01 1.000000000000000000e+00 9.992371773682372504e-01 0.000000000000000000e+00 3.905205967824792318e-02
9.700000000000000000e+01 1.000000000000000000e+00 9.992371773682264813e-01 0.000000000000000000e+00 3.905205967824777052e-02
9.800000000000000000e+01 1.000000000000000000e+00 9.992371773682455771e-01 0.000000000000000000e+00 3.905205967824889463e-02
9.900000000000000000e+01 1.000000000000000000e+00 9.992371773681986147e-01 0.000000000000000000e+00 3.905205967824708357e-02
1.000000000000000000e+02 1.000000000000000000e+00 9.992371773682157121e-01 0.000000000000000000e+00 3.905205967824711133e-02
1.010000000000000000e+02 1.000000000000000000e+00 9.992371773682345859e-01 0.000000000000000000e+00 3.905205967824804114e-02
1.020000000000000000e+02 1.000000000000000000e+00 9.992371773682329206e-01 0.000000000000000000e+00 3.905205967824805502e-02
1.030000000000000000e+02 1.000000000000000000e+00 9.992371773682249270e-01 0.000000000000000000e+00 3.905205967824740970e-02
1.040000000000000000e+02 1.000000000000000000e+00 9.992371773682304781e-01 0.000000000000000000e+00 3.905205967824762481e-02
1.050000000000000000e+02 1.000000000000000000e+00 9.992371773682335867e-01 0.000000000000000000e+00 3.905205967824790236e-02
1.060000000000000000e+02 1.000000000000000000e+00 9.992371773682111602e-01 0.000000000000000000e+00 3.905205967824743052e-02
1.070000000000000000e+02 1.000000000000000000e+00 9.992371773682228175e-01 0.000000000000000000e+00 3.905205967824715296e-02
1.080000000000000000e+02 1.000000000000000000e+00 9.992371773682259262e-01 0.000000000000000000e+00 3.905205967824742358e-02
1.090000000000000000e+02 1.000000000000000000e+00 9.992371773682471314e-01 0.000000000000000000e+00 3.905205967824863789e-02
1.100000000000000000e+02 1.000000000000000000e+00 9.992371773682382496e-01 0.000000000000000000e+00 3.905205967824857544e-02
1.110000000000000000e+02 1.000000000000000000e+00 9.992371773681764102e-01 0.000000000000000000e+00 3.905205967824536273e-02
1.120000000000000000e+02 1.000000000000000000e+00 9.992371773681985037e-01 0.000000000000000000e+00 3.905205967824719460e-02
1.130000000000000000e+02 1.000000000000000000e+00 9.992371773681578695e-01 0.000000000000000000e+00 3.905205967824552926e-02
1.140000000000000000e+02 1.000000000000000000e+00 9.992371773682044989e-01 0.000000000000000000e+00 3.905205967824765950e-02
1.150000000000000000e+02 1.000000000000000000e+00 9.992371773682326985e-01 0.000000000000000000e+00 3.905205967824738889e-02
1.160000000000000000e+02 1.000000000000000000e+00 9.992371773681589797e-01 0.000000000000000000e+00 3.905205967824548069e-02
1.170000000000000000e+02 1.000000000000000000e+00 9.992371773681294478e-01 0.000000000000000000e+00 3.905205967824466884e-02
1.180000000000000000e+02 1.000000000000000000e+00 9.992371773682326985e-01 0.000000000000000000e+00 3.905205967824774971e-02
1.190000000000000000e+02 1.000000000000000000e+00 9.992371773682449110e-01 0.000000000000000000e+00 3.905205967824899871e-02
1.200000000000000000e+02 1.000000000000000000e+00 9.992371773682451330e-01 0.000000000000000000e+00 3.905205967824859625e-02
1.210000000000000000e+02 1.000000000000000000e+00 9.992371773682146019e-01 0.000000000000000000e+00 3.905205967824659785e-02
1.220000000000000000e+02 1.000000000000000000e+00 9.992371773682483527e-01 0.000000000000000000e+00 3.905205967824861013e-02
1.230000000000000000e+02 1.000000000000000000e+00 9.992371773681919533e-01 0.000000000000000000e+00 3.905205967824720847e-02
1.240000000000000000e+02 1.000000000000000000e+00 9.992371773681949509e-01 0.000000000000000000e+00 3.905205967824682683e-02
1.250000000000000000e+02 1.000000000000000000e+00 9.992371773682440228e-01 0.000000000000000000e+00 3.905205967824824931e-02
1.260000000000000000e+02 1.000000000000000000e+00 9.992371773682268143e-01 0.000000000000000000e+00 3.905205967824773583e-02
1.270000000000000000e+02 1.000000000000000000e+00 9.992371773678085933e-01 0.000000000000000000e+00 3.905205967823237312e-02
1.280000000000000000e+02 1.000000000000000000e+00 9.992371773681274494e-01 0.000000000000000000e+00 3.905205967824455088e-02
1.290000000000000000e+02 1.000000000000000000e+00 9.992371773682460212e-01 0.000000000000000000e+00 3.905205967824888075e-02
1.300000000000000000e+02 1.000000000000000000e+00 9.992371773681912872e-01 0.000000000000000000e+00 3.905205967824666724e-02
1.310000000000000000e+02 1.000000000000000000e+00 9.992371773682395819e-01 0.000000000000000000e+00 3.905205967824834645e-02
1.320000000000000000e+02 1.000000000000000000e+00 9.992371773682275915e-01 0.000000000000000000e+00 3.905205967824808277e-02
1.330000000000000000e+02 1.000000000000000000e+00 9.992371773682189318e-01 0.000000000000000000e+00 3.905205967824702112e-02
1.340000000000000000e+02 1.000000000000000000e+00 9.992371773682107161e-01 0.000000000000000000e+00 3.905205967824747215e-02
1.350000000000000000e+02 1.000000000000000000e+00 9.992371773682340308e-01 0.000000000000000000e+00 3.905205967824809665e-02
1.360000000000000000e+02 1.000000000000000000e+00 9.992371773682229286e-01 0.000000000000000000e+00 3.905205967824747215e-02
1.370000000000000000e+02 1.000000000000000000e+00 9.992371773682477976e-01 0.000000000000000000e+00 3.905205967824863095e-02
1.380000000000000000e+02 1.000000000000000000e+00 9.992371773682388048e-01 0.000000000000000000e+00 3.905205967824827706e-02
1.390000000000000000e+02 1.000000000000000000e+00 9.992371773682311442e-01 0.000000000000000000e+00 3.905205967824813135e-02
1.400000000000000000e+02 1.000000000000000000e+00 9.992371773677704017e-01 0.000000000000000000e+00 3.905205967823058288e-02
1.410000000000000000e+02 1.000000000000000000e+00 9.992371773681748559e-01 0.000000000000000000e+00 3.905205967824645907e-02
1.420000000000000000e+02 1.000000000000000000e+00 9.992371773682409142e-01 0.000000000000000000e+00 3.905205967824845747e-02
1.430000000000000000e+02 1.000000000000000000e+00 9.992371773682227065e-01 0.000000000000000000e+00 3.905205967824729174e-02
1.440000000000000000e+02 1.000000000000000000e+00 9.992371773682081626e-01 0.000000000000000000e+00 3.905205967824643132e-02
1.450000000000000000e+02 1.000000000000000000e+00 9.992371773682444669e-01 0.000000000000000000e+00 3.905205967824838809e-02
1.460000000000000000e+02 1.000000000000000000e+00 9.992371773681398839e-01 0.000000000000000000e+00 3.905205967824508517e-02
1.470000000000000000e+02 1.000000000000000000e+00 9.992371773682215963e-01 0.000000000000000000e+00 3.905205967824725011e-02
1.480000000000000000e+02 1.000000000000000000e+00 9.992371773682166003e-01 0.000000000000000000e+00 3.905205967824735419e-02
1.490000000000000000e+02 1.000000000000000000e+00 9.992371773682392488e-01 0.000000000000000000e+00 3.905205967824872115e-02
1.500000000000000000e+02 1.000000000000000000e+00 9.992371773681448799e-01 0.000000000000000000e+00 3.905205967824494639e-02
1.510000000000000000e+02 1.000000000000000000e+00 9.992371773682150460e-01 0.000000000000000000e+00 3.905205967824695867e-02
1.520000000000000000e+02 1.000000000000000000e+00 9.992371773681912872e-01 0.000000000000000000e+00 3.905205967824670887e-02
1.530000000000000000e+02 1.000000000000000000e+00 9.992371773682237057e-01 0.000000000000000000e+00 3.905205967824787461e-02
1.540000000000000000e+02 1.000000000000000000e+00 9.992371773681885117e-01 0.000000000000000000e+00 3.905205967824613295e-02
1.550000000000000000e+02 1.000000000000000000e+00 9.992371773682284797e-01 0.000000000000000000e+00 3.905205967824759705e-02
1.560000000000000000e+02 1.000000000000000000e+00 9.992371773682463543e-01 0.000000000000000000e+00 3.905205967824873503e-02
1.570000000000000000e+02 1.000000000000000000e+00 9.992371773682009461e-01 0.000000000000000000e+00 3.905205967824635499e-02
1.580000000000000000e+02 1.000000000000000000e+00 9.992371773682169334e-01 0.000000000000000000e+00 3.905205967824693092e-02
1.590000000000000000e+02 1.000000000000000000e+00 9.992371773682300340e-01 0.000000000000000000e+00 3.905205967824763869e-02
1.600000000000000000e+02 1.000000000000000000e+00 9.992371773682355851e-01 0.000000000000000000e+00 3.905205967824831870e-02
1.610000000000000000e+02 1.000000000000000000e+00 9.992371773682351410e-01 0.000000000000000000e+00 3.905205967824838809e-02
1.620000000000000000e+02 1.000000000000000000e+00 9.992371773682581226e-01 0.000000000000000000e+00 3.905205967825216284e-02
1.630000000000000000e+02 1.000000000000000000e+00 9.992371773682151570e-01 0.000000000000000000e+00 3.905205967824690316e-02
1.640000000000000000e+02 1.000000000000000000e+00 9.992371773681886227e-01 0.000000000000000000e+00 3.905205967824663255e-02
1.650000000000000000e+02 1.000000000000000000e+00 9.992371773681842928e-01 0.000000000000000000e+00 3.905205967824629254e-02
1.660000000000000000e+02 1.000000000000000000e+00 9.992371773681985037e-01 0.000000000000000000e+00 3.905205967824680602e-02
1.670000000000000000e+02 1.000000000000000000e+00 9.992371773682209302e-01 0.000000000000000000e+00 3.905205967824697255e-02
1.680000000000000000e+02 1.000000000000000000e+00 9.992371773681041347e-01 0.000000000000000000e+00 3.905205967824255942e-02
1.690000000000000000e+02 1.000000000000000000e+00 9.992371773682048319e-01 0.000000000000000000e+00 3.905205967824749297e-02
1.700000000000000000e+02 1.000000000000000000e+00 9.992371773681927305e-01 0.000000000000000000e+00 3.905205967824686153e-02
1.710000000000000000e+02 1.000000000000000000e+00 9.992371773682194869e-01 0.000000000000000000e+00 3.905205967824747215e-02
1.720000000000000000e+02 1.000000000000000000e+00 9.992371773682453551e-01 0.000000000000000000e+00 3.905205967824829094e-02
1.730000000000000000e+02 1.000000000000000000e+00 9.992371773682398040e-01 0.000000000000000000e+00 3.905205967824824931e-02
1.740000000000000000e+02 1.000000000000000000e+00 9.992371773681734126e-01 0.000000000000000000e+00 3.905205967824648683e-02
1.750000000000000000e+02 1.000000000000000000e+00 9.992371773682235947e-01 0.000000000000000000e+00 3.905205967824756236e-02
1.760000000000000000e+02 1.000000000000000000e+00 9.992371773682320324e-01 0.000000000000000000e+00 3.905205967824780522e-02
1.770000000000000000e+02 1.000000000000000000e+00 9.992371773682325875e-01 0.000000000000000000e+00 3.905205967824790236e-02
1.780000000000000000e+02 1.000000000000000000e+00 9.992371773682440228e-01 0.000000000000000000e+00 3.905205967824836033e-02
1.790000000000000000e+02 1.000000000000000000e+00 9.992371773682535707e-01 0.000000000000000000e+00 3.905205967824915830e-02
1.800000000000000000e+02 1.000000000000000000e+00 9.992371773682505731e-01 0.000000000000000000e+00 3.905205967824891544e-02
1.810000000000000000e+02 1.000000000000000000e+00 9.992371773681371083e-01 0.000000000000000000e+00 3.905205967824437741e-02
1.820000000000000000e+02 1.000000000000000000e+00 9.992371773681085756e-01 0.000000000000000000e+00 3.905205967824346147e-02
1.830000000000000000e+02 1.000000000000000000e+00 9.992371773682117153e-01 0.000000000000000000e+00 3.905205967824729868e-02
1.840000000000000000e+02 1.000000000000000000e+00 9.992371773682386937e-01 0.000000000000000000e+00 3.905205967824832564e-02
1.850000000000000000e+02 1.000000000000000000e+00 9.992371773682267033e-01 0.000000000000000000e+00 3.905205967824790930e-02
1.860000000000000000e+02 1.000000000000000000e+00 9.992371773682181546e-01 0.000000000000000000e+00 3.905205967824684071e-02
1.870000000000000000e+02 1.000000000000000000e+00 9.992371773682127145e-01 0.000000000000000000e+00 3.905205967824743746e-02
1.880000000000000000e+02 1.000000000000000000e+00 9.992371773682398040e-01 0.000000000000000000e+00 3.905205967824814522e-02
1.890000000000000000e+02 1.000000000000000000e+00 9.992371773682445779e-01 0.000000000000000000e+00 3.905205967824851299e-02
1.900000000000000000e+02 1.000000000000000000e+00 9.992371773682382496e-01 0.000000000000000000e+00 3.905205967824845054e-02
1.910000000000000000e+02 1.000000000000000000e+00 9.992371773682334757e-01 0.000000000000000000e+00 3.905205967824774971e-02
1.920000000000000000e+02 1.000000000000000000e+00 9.992371773682446889e-01 0.000000000000000000e+00 3.905205967824890850e-02
1.930000000000000000e+02 1.000000000000000000e+00 9.992371773681447689e-01 0.000000000000000000e+00 3.905205967824498803e-02
1.940000000000000000e+02 1.000000000000000000e+00 9.992371773681666403e-01 0.000000000000000000e+00 3.905205967824553620e-02
1.950000000000000000e+02 1.000000000000000000e+00 9.992371773681332225e-01 0.000000000000000000e+00 3.905205967824433577e-02
1.960000000000000000e+02 1.000000000000000000e+00 9.992371773682264813e-01 0.000000000000000000e+00 3.905205967824774277e-02
1.970000000000000000e+02 1.000000000000000000e+00 9.992371773682202640e-01 0.000000000000000000e+00 3.905205967824723623e-02
1.980000000000000000e+02 1.000000000000000000e+00 9.992371773682466873e-01 0.000000000000000000e+00 3.905205967824879054e-02
1.990000000000000000e+02 1.000000000000000000e+00 9.992371773681989477e-01 0.000000000000000000e+00 3.905205967824652846e-02
2.000000000000000000e+02 1.000000000000000000e+00 9.992371773681831826e-01 0.000000000000000000e+00 3.905205967824588315e-02
2.010000000000000000e+02 1.000000000000000000e+00 9.992371773681714142e-01 0.000000000000000000e+00 3.905205967824584845e-02
2.020000000000000000e+02 1.000000000000000000e+00 9.992371773682298119e-01 0.000000000000000000e+00 3.905205967824779134e-02
2.030000000000000000e+02 1.000000000000000000e+00 9.992371773682273695e-01 0.000000000000000000e+00 3.905205967824772195e-02
2.040000000000000000e+02 1.000000000000000000e+00 9.992371773682396929e-01 0.000000000000000000e+00 3.905205967824890156e-02
2.050000000000000000e+02 1.000000000000000000e+00 9.992371773682227065e-01 0.000000000000000000e+00 3.905205967824706970e-02
2.060000000000000000e+02 1.000000000000000000e+00 9.992371773682199310e-01 0.000000000000000000e+00 3.905205967824706970e-02
2.070000000000000000e+02 1.000000000000000000e+00 9.992371773681214542e-01 0.000000000000000000e+00 3.905205967824453006e-02
2.080000000000000000e+02 1.000000000000000000e+00 9.992371773682313663e-01 0.000000000000000000e+00 3.905205967824734725e-02
2.090000000000000000e+02 1.000000000000000000e+00 9.992371773682423575e-01 0.000000000000000000e+00 3.905205967824837421e-02
2.100000000000000000e+02 1.000000000000000000e+00 9.992371773682484637e-01 0.000000000000000000e+00 3.905205967824770807e-02
2.110000000000000000e+02 1.000000000000000000e+00 9.992371773682202640e-01 0.000000000000000000e+00 3.905205967824723623e-02
2.120000000000000000e+02 1.000000000000000000e+00 9.992371773682102720e-01 0.000000000000000000e+00 3.905205967824741664e-02
2.130000000000000000e+02 1.000000000000000000e+00 9.992371773682278135e-01 0.000000000000000000e+00 3.905205967824815216e-02
2.140000000000000000e+02 1.000000000000000000e+00 9.992371773682378056e-01 0.000000000000000000e+00 3.905205967824831176e-02
2.150000000000000000e+02 1.000000000000000000e+00 9.992371773681932856e-01 0.000000000000000000e+00 3.905205967824611213e-02
2.160000000000000000e+02 1.000000000000000000e+00 9.992371773681869573e-01 0.000000000000000000e+00 3.905205967824688928e-02
2.170000000000000000e+02 1.000000000000000000e+00 9.992371773682182656e-01 0.000000000000000000e+00 3.905205967824732644e-02
2.180000000000000000e+02 1.000000000000000000e+00 9.992371773682057201e-01 0.000000000000000000e+00 3.905205967824651458e-02
2.190000000000000000e+02 1.000000000000000000e+00 9.992371773682315883e-01 0.000000000000000000e+00 3.905205967824759011e-02
2.200000000000000000e+02 1.000000000000000000e+00 9.992371773681847369e-01 0.000000000000000000e+00 3.905205967824632030e-02
2.210000000000000000e+02 1.000000000000000000e+00 9.992371773682062752e-01 0.000000000000000000e+00 3.905205967824629254e-02
2.220000000000000000e+02 1.000000000000000000e+00 9.992371773682520164e-01 0.000000000000000000e+00 3.905205967824847135e-02
2.230000000000000000e+02 1.000000000000000000e+00 9.992371773682084957e-01 0.000000000000000000e+00 3.905205967824670887e-02
2.240000000000000000e+02 1.000000000000000000e+00 9.992371773682471314e-01 0.000000000000000000e+00 3.905205967824869340e-02
2.250000000000000000e+02 1.000000000000000000e+00 9.992371773682335867e-01 0.000000000000000000e+00 3.905205967824815216e-02
2.260000000000000000e+02 1.000000000000000000e+00 9.992371773682360292e-01 0.000000000000000000e+00 3.905205967824802726e-02
2.270000000000000000e+02 1.000000000000000000e+00 9.992371773682352520e-01 0.000000000000000000e+00 3.905205967824822155e-02
2.280000000000000000e+02 1.000000000000000000e+00 9.992371773682502401e-01 0.000000000000000000e+00 3.905205967824915136e-02
2.290000000000000000e+02 1.000000000000000000e+00 9.992371773681734126e-01 0.000000000000000000e+00 3.905205967824598723e-02
2.300000000000000000e+02 1.000000000000000000e+00 9.992371773682335867e-01 0.000000000000000000e+00 3.905205967824780522e-02
2.310000000000000000e+02 1.000000000000000000e+00 9.992371773679833424e-01 0.000000000000000000e+00 3.905205967823821567e-02
2.320000000000000000e+02 1.000000000000000000e+00 9.992371773680075453e-01 0.000000000000000000e+00 3.905205967823999202e-02
2.330000000000000000e+02 1.000000000000000000e+00 9.992371773682333647e-01 0.000000000000000000e+00 3.905205967824776359e-02
2.340000000000000000e+02 1.000000000000000000e+00 9.992371773682099390e-01 0.000000000000000000e+00 3.905205967824741664e-02
2.350000000000000000e+02 1.000000000000000000e+00 9.992371773682262592e-01 0.000000000000000000e+00 3.905205967824759705e-02
2.360000000000000000e+02 1.000000000000000000e+00 9.992371773682289238e-01 0.000000000000000000e+00 3.905205967824828400e-02
2.370000000000000000e+02 1.000000000000000000e+00 9.992371773682245939e-01 0.000000000000000000e+00 3.905205967824740276e-02
2.380000000000000000e+02 1.000000000000000000e+00 9.992371773682484637e-01 0.000000000000000000e+00 3.905205967824862401e-02
2.390000000000000000e+02 1.000000000000000000e+00 9.992371773682395819e-01 0.000000000000000000e+00 3.905205967824840196e-02
2.400000000000000000e+02 1.000000000000000000e+00 9.992371773682200420e-01 0.000000000000000000e+00 3.905205967824765256e-02
2.410000000000000000e+02 1.000000000000000000e+00 9.992371773679056268e-01 0.000000000000000000e+00 3.905205967823557889e-02
2.420000000000000000e+02 1.000000000000000000e+00 9.992371773682378056e-01 0.000000000000000000e+00 3.905205967824830482e-02
2.430000000000000000e+02 1.000000000000000000e+00 9.992371773682457992e-01 0.000000000000000000e+00 3.905205967824849217e-02
2.440000000000000000e+02 1.000000000000000000e+00 9.992371773682517944e-01 0.000000000000000000e+00 3.905205967824848523e-02
2.450000000000000000e+02 1.000000000000000000e+00 9.992371773682469094e-01 0.000000000000000000e+00 3.905205967824875585e-02
2.460000000000000000e+02 1.000000000000000000e+00 9.992371773682513503e-01 0.000000000000000000e+00 3.905205967824958158e-02
2.470000000000000000e+02 1.000000000000000000e+00 9.992371773682404701e-01 0.000000000000000000e+00 3.905205967824834645e-02
2.480000000000000000e+02 1.000000000000000000e+00 9.992371773681647529e-01 0.000000000000000000e+00 3.905205967824589008e-02
2.490000000000000000e+02 1.000000000000000000e+00 9.992371773681895109e-01 0.000000000000000000e+00 3.905205967824673663e-02
2.500000000000000000e+02 1.000000000000000000e+00 9.992371773681851810e-01 0.000000000000000000e+00 3.905205967824632030e-02
2.510000000000000000e+02 1.000000000000000000e+00 9.992371773682278135e-01 0.000000000000000000e+00 3.905205967824746521e-02
2.520000000000000000e+02 1.000000000000000000e+00 9.992371773682159342e-01 0.000000000000000000e+00 3.905205967824718072e-02
2.530000000000000000e+02 1.000000000000000000e+00 9.992371773682034997e-01 0.000000000000000000e+00 3.905205967824659785e-02
2.540000000000000000e+02 1.000000000000000000e+00 9.992371773682098279e-01 0.000000000000000000e+00 3.905205967824659785e-02
2.550000000000000000e+02 1.000000000000000000e+00 9.992371773682209302e-01 0.000000000000000000e+00 3.905205967824727786e-02
2.560000000000000000e+02 1.000000000000000000e+00 9.992371773682140468e-01 0.000000000000000000e+00 3.905205967824749991e-02
2.570000000000000000e+02 1.000000000000000000e+00 9.992371773682152680e-01 0.000000000000000000e+00 3.905205967824715990e-02
2.580000000000000000e+02 1.000000000000000000e+00 9.992371773681980596e-01 0.000000000000000000e+00 3.905205967824568192e-02
2.590000000000000000e+02 1.000000000000000000e+00 9.992371773682124925e-01 0.000000000000000000e+00 3.905205967824683377e-02
2.600000000000000000e+02 1.000000000000000000e+00 9.992371773682267033e-01 0.000000000000000000e+00 3.905205967824773583e-02
2.610000000000000000e+02 1.000000000000000000e+00 9.992371773682294789e-01 0.000000000000000000e+00 3.905205967824727786e-02
2.620000000000000000e+02 1.000000000000000000e+00 9.992371773682034997e-01 0.000000000000000000e+00 3.905205967824697255e-02
2.630000000000000000e+02 1.000000000000000000e+00 9.992371773682122704e-01 0.000000000000000000e+00 3.905205967824700031e-02
2.640000000000000000e+02 1.000000000000000000e+00 9.992371773682380276e-01 0.000000000000000000e+00 3.905205967824851299e-02
2.650000000000000000e+02 1.000000000000000000e+00 9.992371773682402480e-01 0.000000000000000000e+00 3.905205967824846441e-02
2.660000000000000000e+02 1.000000000000000000e+00 9.992371773682144909e-01 0.000000000000000000e+00 3.905205967824747215e-02
2.670000000000000000e+02 1.000000000000000000e+00 9.992371773682293679e-01 0.000000000000000000e+00 3.905205967824747215e-02
2.680000000000000000e+02 1.000000000000000000e+00 9.992371773681791858e-01 0.000000000000000000e+00 3.905205967824615376e-02
2.690000000000000000e+02 1.000000000000000000e+00 9.992371773682046099e-01 0.000000000000000000e+00 3.905205967824611907e-02
2.700000000000000000e+02 1.000000000000000000e+00 9.992371773682440228e-01 0.000000000000000000e+00 3.905205967824829094e-02
2.710000000000000000e+02 1.000000000000000000e+00 9.992371773682370284e-01 0.000000000000000000e+00 3.905205967824814522e-02
2.720000000000000000e+02 1.000000000000000000e+00 9.992371773681703040e-01 0.000000000000000000e+00 3.905205967824593172e-02
2.730000000000000000e+02 1.000000000000000000e+00 9.992371773682375835e-01 0.000000000000000000e+00 3.905205967824807584e-02
2.740000000000000000e+02 1.000000000000000000e+00 9.992371773682375835e-01 0.000000000000000000e+00 3.905205967824843666e-02
2.750000000000000000e+02 1.000000000000000000e+00 9.992371773681849589e-01 0.000000000000000000e+00 3.905205967824643132e-02
2.760000000000000000e+02 1.000000000000000000e+00 9.992371773682433567e-01 0.000000000000000000e+00 3.905205967824856156e-02
2.770000000000000000e+02 1.000000000000000000e+00 9.992371773682462432e-01 0.000000000000000000e+00 3.905205967824858238e-02
2.780000000000000000e+02 1.000000000000000000e+00 9.992371773681854030e-01 0.000000000000000000e+00 3.905205967824653540e-02
2.790000000000000000e+02 1.000000000000000000e+00 9.992371773681705260e-01 0.000000000000000000e+00 3.905205967824566804e-02
2.800000000000000000e+02 1.000000000000000000e+00 9.992371773682033886e-01 0.000000000000000000e+00 3.905205967824664642e-02
2.810000000000000000e+02 1.000000000000000000e+00 9.992371773682422464e-01 0.000000000000000000e+00 3.905205967824845054e-02
2.820000000000000000e+02 1.000000000000000000e+00 9.992371773682098279e-01 0.000000000000000000e+00 3.905205967824684765e-02
2.830000000000000000e+02 1.000000000000000000e+00 9.992371773682329206e-01 0.000000000000000000e+00 3.905205967824802726e-02
2.840000000000000000e+02 1.000000000000000000e+00 9.992371773682422464e-01 0.000000000000000000e+00 3.905205967824863789e-02
2.850000000000000000e+02 1.000000000000000000e+00 9.992371773682289238e-01 0.000000000000000000e+00 3.905205967824807584e-02
2.860000000000000000e+02 1.000000000000000000e+00 9.992371773682008351e-01 0.000000000000000000e+00 3.905205967824702806e-02
2.870000000000000000e+02 1.000000000000000000e+00 9.992371773682159342e-01 0.000000000000000000e+00 3.905205967824722235e-02
2.880000000000000000e+02 1.000000000000000000e+00 9.992371773682242608e-01 0.000000000000000000e+00 3.905205967824734725e-02
2.890000000000000000e+02 1.000000000000000000e+00 9.992371773682396929e-01 0.000000000000000000e+00 3.905205967824820767e-02
2.900000000000000000e+02 1.000000000000000000e+00 9.992371773681871794e-01 0.000000000000000000e+00 3.905205967824582070e-02
2.910000000000000000e+02 1.000000000000000000e+00 9.992371773682109382e-01 0.000000000000000000e+00 3.905205967824726399e-02
2.920000000000000000e+02 1.000000000000000000e+00 9.992371773682101610e-01 0.000000000000000000e+00 3.905205967824686847e-02
2.930000000000000000e+02 1.000000000000000000e+00 9.992371773682207081e-01 0.000000000000000000e+00 3.905205967824681296e-02
2.940000000000000000e+02 1.000000000000000000e+00 9.992371773682096059e-01 0.000000000000000000e+00 3.905205967824668112e-02
2.950000000000000000e+02 1.000000000000000000e+00 9.992371773682022784e-01 0.000000000000000000e+00 3.905205967824704194e-02
2.960000000000000000e+02 1.000000000000000000e+00 9.992371773682457992e-01 0.000000000000000000e+00 3.905205967824829094e-02
2.970000000000000000e+02 1.000000000000000000e+00 9.992371773681862912e-01 0.000000000000000000e+00 3.905205967824595253e-02
2.980000000000000000e+02 1.000000000000000000e+00 9.992371773682167113e-01 0.000000000000000000e+00 3.905205967824761093e-02
2.990000000000000000e+02 1.000000000000000000e+00 9.992371773681103519e-01 0.000000000000000000e+00 3.905205967824298963e-02
3.000000000000000000e+02 1.000000000000000000e+00 9.992371773681922864e-01 0.000000000000000000e+00 3.905205967824636193e-02
3.010000000000000000e+02 1.000000000000000000e+00 9.992371773681923974e-01 0.000000000000000000e+00 3.905205967824607050e-02
3.020000000000000000e+02 1.000000000000000000e+00 9.992371773682087177e-01 0.000000000000000000e+00 3.905205967824679214e-02
3.030000000000000000e+02 1.000000000000000000e+00 9.992371773682268143e-01 0.000000000000000000e+00 3.905205967824756930e-02
3.040000000000000000e+02 1.000000000000000000e+00 9.992371773681545388e-01 0.000000000000000000e+00 3.905205967824482149e-02
3.050000000000000000e+02 1.000000000000000000e+00 9.992371773682005021e-01 0.000000000000000000e+00 3.905205967824738889e-02
3.060000000000000000e+02 1.000000000000000000e+00 9.992371773682389158e-01 0.000000000000000000e+00 3.905205967824831870e-02
3.070000000000000000e+02 1.000000000000000000e+00 9.992371773682242608e-01 0.000000000000000000e+00 3.905205967824718766e-02
3.080000000000000000e+02 1.000000000000000000e+00 9.992371773682093838e-01 0.000000000000000000e+00 3.905205967824733337e-02
3.090000000000000000e+02 1.000000000000000000e+00 9.992371773682265923e-01 0.000000000000000000e+00 3.905205967824740276e-02
3.100000000000000000e+02 1.000000000000000000e+00 9.992371773682403591e-01 0.000000000000000000e+00 3.905205967824806890e-02
3.110000000000000000e+02 1.000000000000000000e+00 9.992371773682092728e-01 0.000000000000000000e+00 3.905205967824689622e-02
3.120000000000000000e+02 1.000000000000000000e+00 9.992371773682163782e-01 0.000000000000000000e+00 3.905205967824763869e-02
3.130000000000000000e+02 1.000000000000000000e+00 9.992371773682329206e-01 0.000000000000000000e+00 3.905205967824797869e-02
3.140000000000000000e+02 1.000000000000000000e+00 9.992371773682262592e-01 0.000000000000000000e+00 3.905205967824774971e-02
3.150000000000000000e+02 1.000000000000000000e+00 9.992371773682170444e-01 0.000000000000000000e+00 3.905205967824729174e-02
3.160000000000000000e+02 1.000000000000000000e+00 9.992371773682316993e-01 0.000000000000000000e+00 3.905205967824765256e-02
3.170000000000000000e+02 1.000000000000000000e+00 9.992371773681860692e-01 0.000000000000000000e+00 3.905205967824663948e-02
3.180000000000000000e+02 1.000000000000000000e+00 9.992371773682486857e-01 0.000000000000000000e+00 3.905205967824852686e-02
3.190000000000000000e+02 1.000000000000000000e+00 9.992371773681620883e-01 0.000000000000000000e+00 3.905205967824550151e-02
3.200000000000000000e+02 1.000000000000000000e+00 9.992371773682198199e-01 0.000000000000000000e+00 3.905205967824729174e-02
3.210000000000000000e+02 1.000000000000000000e+00 9.992371773682331426e-01 0.000000000000000000e+00 3.905205967824762481e-02
3.220000000000000000e+02 1.000000000000000000e+00 9.992371773682284797e-01 0.000000000000000000e+00 3.905205967824748603e-02
3.230000000000000000e+02 1.000000000000000000e+00 9.992371773681982816e-01 0.000000000000000000e+00 3.905205967824636193e-02
3.240000000000000000e+02 1.000000000000000000e+00 9.992371773682180436e-01 0.000000000000000000e+00 3.905205967824768032e-02
3.250000000000000000e+02 1.000000000000000000e+00 9.992371773682231506e-01 0.000000000000000000e+00 3.905205967824700031e-02
3.260000000000000000e+02 1.000000000000000000e+00 9.992371773682352520e-01 0.000000000000000000e+00 3.905205967824794400e-02
3.270000000000000000e+02 1.000000000000000000e+00 9.992371773682200420e-01 0.000000000000000000e+00 3.905205967824670193e-02
3.280000000000000000e+02 1.000000000000000000e+00 9.992371773682189318e-01 0.000000000000000000e+00 3.905205967824734725e-02
3.290000000000000000e+02 1.000000000000000000e+00 9.992371773681884006e-01 0.000000000000000000e+00 3.905205967824613295e-02
3.300000000000000000e+02 1.000000000000000000e+00 9.992371773682200420e-01 0.000000000000000000e+00 3.905205967824743746e-02
3.310000000000000000e+02 1.000000000000000000e+00 9.992371773682315883e-01 0.000000000000000000e+00 3.905205967824802032e-02
3.320000000000000000e+02 1.000000000000000000e+00 9.992371773682076075e-01 0.000000000000000000e+00 3.905205967824697255e-02
3.330000000000000000e+02 1.000000000000000000e+00 9.992371773682460212e-01 0.000000000000000000e+00 3.905205967824832564e-02
3.340000000000000000e+02 1.000000000000000000e+00 9.992371773682164893e-01 0.000000000000000000e+00 3.905205967824711133e-02
3.350000000000000000e+02 1.000000000000000000e+00 9.992371773682303671e-01 0.000000000000000000e+00 3.905205967824779134e-02
3.360000000000000000e+02 1.000000000000000000e+00 9.992371773682090508e-01 0.000000000000000000e+00 3.905205967824672275e-02
3.370000000000000000e+02 1.000000000000000000e+00 9.992371773682375835e-01 0.000000000000000000e+00 3.905205967824783297e-02
3.380000000000000000e+02 1.000000000000000000e+00 9.992371773682069414e-01 0.000000000000000000e+00 3.905205967824667418e-02
3.390000000000000000e+02 1.000000000000000000e+00 9.992371773682258151e-01 0.000000000000000000e+00 3.905205967824779134e-02
3.400000000000000000e+02 1.000000000000000000e+00 9.992371773682009461e-01 0.000000000000000000e+00 3.905205967824686153e-02
3.410000000000000000e+02 1.000000000000000000e+00 9.992371773682480196e-01 0.000000000000000000e+00 3.905205967824834645e-02
3.420000000000000000e+02 1.000000000000000000e+00 9.992371773682321434e-01 0.000000000000000000e+00 3.905205967824763869e-02
3.430000000000000000e+02 1.000000000000000000e+00 9.992371773681641978e-01 0.000000000000000000e+00 3.905205967824561253e-02
3.440000000000000000e+02 1.000000000000000000e+00 9.992371773680492897e-01 0.000000000000000000e+00 3.905205967824103286e-02
3.450000000000000000e+02 1.000000000000000000e+00 9.992371773678183633e-01 0.000000000000000000e+00 3.905205967823176250e-02
3.460000000000000000e+02 1.000000000000000000e+00 9.992371773682164893e-01 0.000000000000000000e+00 3.905205967824683377e-02
3.470000000000000000e+02 1.000000000000000000e+00 9.992371773682331426e-01 0.000000000000000000e+00 3.905205967824777746e-02
3.480000000000000000e+02 1.000000000000000000e+00 9.992371773682446889e-01 0.000000000000000000e+00 3.905205967824811053e-02
3.490000000000000000e+02 1.000000000000000000e+00 9.992371773682318103e-01 0.000000000000000000e+00 3.905205967824786073e-02
3.500000000000000000e+02 1.000000000000000000e+00 9.992371773681778535e-01 0.000000000000000000e+00 3.905205967824625785e-02
3.510000000000000000e+02 1.000000000000000000e+00 9.992371773681858471e-01 0.000000000000000000e+00 3.905205967824616764e-02
3.520000000000000000e+02 1.000000000000000000e+00 9.992371773677836133e-01 0.000000000000000000e+00 3.905205967823061758e-02
3.530000000000000000e+02 1.000000000000000000e+00 9.992371773681898439e-01 0.000000000000000000e+00 3.905205967824601498e-02
3.540000000000000000e+02 1.000000000000000000e+00 9.992371773682133806e-01 0.000000000000000000e+00 3.905205967824719460e-02
3.550000000000000000e+02 1.000000000000000000e+00 9.992371773681900660e-01 0.000000000000000000e+00 3.905205967824626478e-02
3.560000000000000000e+02 1.000000000000000000e+00 9.992371773682389158e-01 0.000000000000000000e+00 3.905205967824788155e-02
3.570000000000000000e+02 1.000000000000000000e+00 9.992371773682313663e-01 0.000000000000000000e+00 3.905205967824768726e-02
3.580000000000000000e+02 1.000000000000000000e+00 9.992371773681965053e-01 0.000000000000000000e+00 3.905205967824669500e-02
3.590000000000000000e+02 1.000000000000000000e+00 9.992371773681822944e-01 0.000000000000000000e+00 3.905205967824626478e-02
3.600000000000000000e+02 1.000000000000000000e+00 9.992371773682270364e-01 0.000000000000000000e+00 3.905205967824754154e-02
3.610000000000000000e+02 1.000000000000000000e+00 9.992371773681860692e-01 0.000000000000000000e+00 3.905205967824665336e-02
3.620000000000000000e+02 1.000000000000000000e+00 9.992371773682267033e-01 0.000000000000000000e+00 3.905205967824738889e-02
3.630000000000000000e+02 1.000000000000000000e+00 9.992371773682031666e-01 0.000000000000000000e+00 3.905205967824730562e-02
3.640000000000000000e+02 1.000000000000000000e+00 9.992371773682250380e-01 0.000000000000000000e+00 3.905205967824736113e-02
3.650000000000000000e+02 1.000000000000000000e+00 9.992371773680754909e-01 0.000000000000000000e+00 3.905205967824199736e-02
3.660000000000000000e+02 1.000000000000000000e+00 9.992371773682473535e-01 0.000000000000000000e+00 3.905205967824820074e-02
3.670000000000000000e+02 1.000000000000000000e+00 9.992371773682267033e-01 0.000000000000000000e+00 3.905205967824738889e-02
3.680000000000000000e+02 1.000000000000000000e+00 9.992371773682469094e-01 0.000000000000000000e+00 3.905205967824841584e-02
3.690000000000000000e+02 1.000000000000000000e+00 9.992371773682293679e-01 0.000000000000000000e+00 3.905205967824777746e-02
3.700000000000000000e+02 1.000000000000000000e+00 9.992371773682455771e-01 0.000000000000000000e+00 3.905205967824819380e-02
3.710000000000000000e+02 1.000000000000000000e+00 9.992371773680907010e-01 0.000000000000000000e+00 3.905205967824264268e-02
3.720000000000000000e+02 1.000000000000000000e+00 9.992371773681829605e-01 0.000000000000000000e+00 3.905205967824570967e-02
3.730000000000000000e+02 1.000000000000000000e+00 9.992371773682147129e-01 0.000000000000000000e+00 3.905205967824720847e-02
3.740000000000000000e+02 1.000000000000000000e+00 9.992371773681394398e-01 0.000000000000000000e+00 3.905205967824430802e-02
3.750000000000000000e+02 1.000000000000000000e+00 9.992371773682324765e-01 0.000000000000000000e+00 3.905205967824785379e-02
3.760000000000000000e+02 1.000000000000000000e+00 9.992371773681938407e-01 0.000000000000000000e+00 3.905205967824655622e-02
3.770000000000000000e+02 1.000000000000000000e+00 9.992371773681125724e-01 0.000000000000000000e+00 3.905205967824380148e-02
3.780000000000000000e+02 1.000000000000000000e+00 9.992371773682515723e-01 0.000000000000000000e+00 3.905205967824850605e-02
3.790000000000000000e+02 1.000000000000000000e+00 9.992371773682446889e-01 0.000000000000000000e+00 3.905205967824863095e-02
3.800000000000000000e+02 1.000000000000000000e+00 9.992371773682211522e-01 0.000000000000000000e+00 3.905205967824775665e-02
3.810000000000000000e+02 1.000000000000000000e+00 9.992371773682222624e-01 0.000000000000000000e+00 3.905205967824738195e-02
3.820000000000000000e+02 1.000000000000000000e+00 9.992371773682021674e-01 0.000000000000000000e+00 3.905205967824698643e-02
3.830000000000000000e+02 1.000000000000000000e+00 9.992371773681985037e-01 0.000000000000000000e+00 3.905205967824678520e-02
3.840000000000000000e+02 1.000000000000000000e+00 9.992371773681135716e-01 0.000000000000000000e+00 3.905205967824337127e-02
3.850000000000000000e+02 1.000000000000000000e+00 9.992371773682300340e-01 0.000000000000000000e+00 3.905205967824741664e-02
3.860000000000000000e+02 1.000000000000000000e+00 9.992371773682368064e-01 0.000000000000000000e+00 3.905205967824773583e-02
3.870000000000000000e+02 1.000000000000000000e+00 9.992371773682254821e-01 0.000000000000000000e+00 3.905205967824783297e-02
3.880000000000000000e+02 1.000000000000000000e+00 9.992371773682183766e-01 0.000000000000000000e+00 3.905205967824765256e-02
3.890000000000000000e+02 1.000000000000000000e+00 9.992371773681807401e-01 0.000000000000000000e+00 3.905205967824562641e-02
3.900000000000000000e+02 1.000000000000000000e+00 9.992371773682354741e-01 0.000000000000000000e+00 3.905205967824752766e-02
3.910000000000000000e+02 1.000000000000000000e+00 9.992371773681174574e-01 0.000000000000000000e+00 3.905205967824360025e-02
3.920000000000000000e+02 1.000000000000000000e+00 9.992371773682174885e-01 0.000000000000000000e+00 3.905205967824762481e-02
3.930000000000000000e+02 1.000000000000000000e+00 9.992371773679700198e-01 0.000000000000000000e+00 3.905205967823821567e-02
3.940000000000000000e+02 1.000000000000000000e+00 9.992371773682395819e-01 0.000000000000000000e+00 3.905205967824801339e-02
3.950000000000000000e+02 1.000000000000000000e+00 9.992371773682391378e-01 0.000000000000000000e+00 3.905205967824806196e-02
3.960000000000000000e+02 1.000000000000000000e+00 9.992371773681666403e-01 0.000000000000000000e+00 3.905205967824547375e-02
3.970000000000000000e+02 1.000000000000000000e+00 9.992371773682109382e-01 0.000000000000000000e+00 3.905205967824694480e-02
3.980000000000000000e+02 1.000000000000000000e+00 9.992371773682422464e-01 0.000000000000000000e+00 3.905205967824818686e-02
3.990000000000000000e+02 1.000000000000000000e+00 9.992371773681693048e-01 0.000000000000000000e+00 3.905205967824545293e-02
4.000000000000000000e+02 1.000000000000000000e+00 9.992371773682067193e-01 0.000000000000000000e+00 3.905205967824718072e-02
4.010000000000000000e+02 1.000000000000000000e+00 9.992371773681951730e-01 0.000000000000000000e+00 3.905205967824641744e-02
4.020000000000000000e+02 1.000000000000000000e+00 9.992371773682209302e-01 0.000000000000000000e+00 3.905205967824718072e-02
4.030000000000000000e+02 1.000000000000000000e+00 9.992371773682438008e-01 0.000000000000000000e+00 3.905205967824841584e-02
4.040000000000000000e+02 1.000000000000000000e+00 9.992371773682051650e-01 0.000000000000000000e+00 3.905205967824613988e-02
4.050000000000000000e+02 1.000000000000000000e+00 9.992371773682151570e-01 0.000000000000000000e+00 3.905205967824776359e-02
4.060000000000000000e+02 1.000000000000000000e+00 9.992371773682264813e-01 0.000000000000000000e+00 3.905205967824734725e-02
4.070000000000000000e+02 1.000000000000000000e+00 9.992371773682293679e-01 0.000000000000000000e+00 3.905205967824768726e-02
4.080000000000000000e+02 1.000000000000000000e+00 9.992371773681122393e-01 0.000000000000000000e+00 3.905205967824367658e-02
4.090000000000000000e+02 1.000000000000000000e+00 9.992371773682060532e-01 0.000000000000000000e+00 3.905205967824697949e-02
4.100000000000000000e+02 1.000000000000000000e+00 9.992371773682355851e-01 0.000000000000000000e+00 3.905205967824785379e-02
4.110000000000000000e+02 1.000000000000000000e+00 9.992371773682222624e-01 0.000000000000000000e+00 3.905205967824724317e-02
4.120000000000000000e+02 1.000000000000000000e+00 9.992371773681929525e-01 0.000000000000000000e+00 3.905205967824643132e-02
4.130000000000000000e+02 1.000000000000000000e+00 9.992371773682384717e-01 0.000000000000000000e+00 3.905205967824806890e-02
4.140000000000000000e+02 1.000000000000000000e+00 9.992371773682304781e-01 0.000000000000000000e+00 3.905205967824743052e-02
4.150000000000000000e+02 1.000000000000000000e+00 9.992371773682087177e-01 0.000000000000000000e+00 3.905205967824720847e-02
4.160000000000000000e+02 1.000000000000000000e+00 9.992371773682204861e-01 0.000000000000000000e+00 3.905205967824750685e-02
4.170000000000000000e+02 1.000000000000000000e+00 9.992371773681890668e-01 0.000000000000000000e+00 3.905205967824613295e-02
4.180000000000000000e+02 1.000000000000000000e+00 9.992371773681854030e-01 0.000000000000000000e+00 3.905205967824573743e-02
4.190000000000000000e+02 1.000000000000000000e+00 9.992371773681965053e-01 0.000000000000000000e+00 3.905205967824643826e-02
4.200000000000000000e+02 1.000000000000000000e+00 9.992371773682241498e-01 0.000000000000000000e+00 3.905205967824736113e-02
4.210000000000000000e+02 1.000000000000000000e+00 9.992371773681874014e-01 0.000000000000000000e+00 3.905205967824619540e-02
4.220000000000000000e+02 1.000000000000000000e+00 9.992371773682081626e-01 0.000000000000000000e+00 3.905205967824707664e-02
4.230000000000000000e+02 1.000000000000000000e+00 9.992371773682160452e-01 0.000000000000000000e+00 3.905205967824744440e-02
4.240000000000000000e+02 1.000000000000000000e+00 9.992371773682134917e-01 0.000000000000000000e+00 3.905205967824696561e-02
4.250000000000000000e+02 1.000000000000000000e+00 9.992371773681807401e-01 0.000000000000000000e+00 3.905205967824585539e-02
4.260000000000000000e+02 1.000000000000000000e+00 9.992371773682144909e-01 0.000000000000000000e+00 3.905205967824709745e-02
4.270000000000000000e+02 1.000000000000000000e+00 9.992371773682011682e-01 0.000000000000000000e+00 3.905205967824682683e-02
4.280000000000000000e+02 1.000000000000000000e+00 9.992371773681614222e-01 0.000000000000000000e+00 3.905205967824550845e-02
4.290000000000000000e+02 1.000000000000000000e+00 9.992371773681920644e-01 0.000000000000000000e+00 3.905205967824627866e-02
4.300000000000000000e+02 1.000000000000000000e+00 9.992371773682073854e-01 0.000000000000000000e+00 3.905205967824709745e-02
4.310000000000000000e+02 1.000000000000000000e+00 9.992371773682227065e-01 0.000000000000000000e+00 3.905205967824758317e-02
4.320000000000000000e+02 1.000000000000000000e+00 9.992371773681198999e-01 0.000000000000000000e+00 3.905205967824321861e-02
4.330000000000000000e+02 1.000000000000000000e+00 9.992371773682280356e-01 0.000000000000000000e+00 3.905205967824760399e-02
4.340000000000000000e+02 1.000000000000000000e+00 9.992371773682188207e-01 0.000000000000000000e+00 3.905205967824693092e-02
4.350000000000000000e+02 1.000000000000000000e+00 9.992371773682191538e-01 0.000000000000000000e+00 3.905205967824726399e-02
4.360000000000000000e+02 1.000000000000000000e+00 9.992371773681125724e-01 0.000000000000000000e+00 3.905205967824337820e-02
4.370000000000000000e+02 1.000000000000000000e+00 9.992371773681949509e-01 0.000000000000000000e+00 3.905205967824647295e-02
4.380000000000000000e+02 1.000000000000000000e+00 9.992371773681747449e-01 0.000000000000000000e+00 3.905205967824618152e-02
4.390000000000000000e+02 1.000000000000000000e+00 9.992371773682091618e-01 0.000000000000000000e+00 3.905205967824681990e-02
4.400000000000000000e+02 1.000000000000000000e+00 9.992371773682191538e-01 0.000000000000000000e+00 3.905205967824711133e-02
4.410000000000000000e+02 1.000000000000000000e+00 9.992371773681206770e-01 0.000000000000000000e+00 3.905205967824383617e-02
4.420000000000000000e+02 1.000000000000000000e+00 9.992371773682344749e-01 0.000000000000000000e+00 3.905205967824777052e-02
4.430000000000000000e+02 1.000000000000000000e+00 9.992371773681278935e-01 0.000000000000000000e+00 3.905205967824354474e-02
4.440000000000000000e+02 1.000000000000000000e+00 9.992371773682043878e-01 0.000000000000000000e+00 3.905205967824683377e-02
4.450000000000000000e+02 1.000000000000000000e+00 9.992371773682416913e-01 0.000000000000000000e+00 3.905205967824799257e-02
4.460000000000000000e+02 1.000000000000000000e+00 9.992371773682324765e-01 0.000000000000000000e+00 3.905205967824788849e-02
4.470000000000000000e+02 1.000000000000000000e+00 9.992371773681940628e-01 0.000000000000000000e+00 3.905205967824649377e-02
4.480000000000000000e+02 1.000000000000000000e+00 9.992371773682169334e-01 0.000000000000000000e+00 3.905205967824733337e-02
4.490000000000000000e+02 1.000000000000000000e+00 9.992371773681583136e-01 0.000000000000000000e+00 3.905205967824498803e-02
4.500000000000000000e+02 1.000000000000000000e+00 9.992371773681727465e-01 0.000000000000000000e+00 3.905205967824583457e-02
4.510000000000000000e+02 1.000000000000000000e+00 9.992371773681953950e-01 0.000000000000000000e+00 3.905205967824587621e-02
4.520000000000000000e+02 1.000000000000000000e+00 9.992371773682335867e-01 0.000000000000000000e+00 3.905205967824787461e-02
4.530000000000000000e+02 1.000000000000000000e+00 9.992371773682003910e-01 0.000000000000000000e+00 3.905205967824670193e-02
4.540000000000000000e+02 1.000000000000000000e+00 9.992371773681902880e-01 0.000000000000000000e+00 3.905205967824625091e-02
4.550000000000000000e+02 1.000000000000000000e+00 9.992371773682143798e-01 0.000000000000000000e+00 3.905205967824705582e-02
4.560000000000000000e+02 1.000000000000000000e+00 9.992371773682231506e-01 0.000000000000000000e+00 3.905205967824733337e-02
4.570000000000000000e+02 1.000000000000000000e+00 9.992371773680827074e-01 0.000000000000000000e+00 3.905205967824212226e-02
4.580000000000000000e+02 1.000000000000000000e+00 9.992371773681207880e-01 0.000000000000000000e+00 3.905205967824371127e-02
4.590000000000000000e+02 1.000000000000000000e+00 9.992371773681996139e-01 0.000000000000000000e+00 3.905205967824666724e-02
4.600000000000000000e+02 1.000000000000000000e+00 9.992371773682398040e-01 0.000000000000000000e+00 3.905205967824758317e-02
4.610000000000000000e+02 1.000000000000000000e+00 9.992371773682100500e-01 0.000000000000000000e+00 3.905205967824720847e-02
4.620000000000000000e+02 1.000000000000000000e+00 9.992371773682240388e-01 0.000000000000000000e+00 3.905205967824768726e-02
4.630000000000000000e+02 1.000000000000000000e+00 9.992371773682087177e-01 0.000000000000000000e+00 3.905205967824712521e-02
4.640000000000000000e+02 1.000000000000000000e+00 9.992371773681689717e-01 0.000000000000000000e+00 3.905205967824541130e-02
4.650000000000000000e+02 1.000000000000000000e+00 9.992371773682144909e-01 0.000000000000000000e+00 3.905205967824717378e-02
4.660000000000000000e+02 1.000000000000000000e+00 9.992371773681727465e-01 0.000000000000000000e+00 3.905205967824597335e-02
4.670000000000000000e+02 1.000000000000000000e+00 9.992371773681478775e-01 0.000000000000000000e+00 3.905205967824489782e-02
4.680000000000000000e+02 1.000000000000000000e+00 9.992371773681474334e-01 0.000000000000000000e+00 3.905205967824487007e-02
4.690000000000000000e+02 1.000000000000000000e+00 9.992371773682195979e-01 0.000000000000000000e+00 3.905205967824712521e-02
4.700000000000000000e+02 1.000000000000000000e+00 9.992371773682408032e-01 0.000000000000000000e+00 3.905205967824848523e-02
4.710000000000000000e+02 1.000000000000000000e+00 9.992371773681929525e-01 0.000000000000000000e+00 3.905205967824651458e-02
4.720000000000000000e+02 1.000000000000000000e+00 9.992371773682191538e-01 0.000000000000000000e+00 3.905205967824726399e-02
4.730000000000000000e+02 1.000000000000000000e+00 9.992371773682333647e-01 0.000000000000000000e+00 3.905205967824816604e-02
4.740000000000000000e+02 1.000000000000000000e+00 9.992371773682304781e-01 0.000000000000000000e+00 3.905205967824823543e-02
4.750000000000000000e+02 1.000000000000000000e+00 9.992371773681840708e-01 0.000000000000000000e+00 3.905205967824608437e-02
4.760000000000000000e+02 1.000000000000000000e+00 9.992371773682273695e-01 0.000000000000000000e+00 3.905205967824727092e-02
4.770000000000000000e+02 1.000000000000000000e+00 9.992371773682018343e-01 0.000000000000000000e+00 3.905205967824713215e-02
4.780000000000000000e+02 1.000000000000000000e+00 9.992371773681962832e-01 0.000000000000000000e+00 3.905205967824714602e-02
4.790000000000000000e+02 1.000000000000000000e+00 9.992371773682022784e-01 0.000000000000000000e+00 3.905205967824666030e-02
4.800000000000000000e+02 1.000000000000000000e+00 9.992371773678028202e-01 0.000000000000000000e+00 3.905205967823129759e-02
4.810000000000000000e+02 1.000000000000000000e+00 9.992371773681865132e-01 0.000000000000000000e+00 3.905205967824603580e-02
4.820000000000000000e+02 1.000000000000000000e+00 9.992371773681734126e-01 0.000000000000000000e+00 3.905205967824573743e-02
4.830000000000000000e+02 1.000000000000000000e+00 9.992371773682322544e-01 0.000000000000000000e+00 3.905205967824791624e-02
4.840000000000000000e+02 1.000000000000000000e+00 9.992371773682153790e-01 0.000000000000000000e+00 3.905205967824718072e-02
4.850000000000000000e+02 1.000000000000000000e+00 9.992371773682173774e-01 0.000000000000000000e+00 3.905205967824715296e-02
4.860000000000000000e+02 1.000000000000000000e+00 9.992371773681945069e-01 0.000000000000000000e+00 3.905205967824647989e-02
4.870000000000000000e+02 1.000000000000000000e+00 9.992371773682025005e-01 0.000000000000000000e+00 3.905205967824659785e-02
4.880000000000000000e+02 1.000000000000000000e+00 9.992371773681985037e-01 0.000000000000000000e+00 3.905205967824662561e-02
4.890000000000000000e+02 1.000000000000000000e+00 9.992371773677817259e-01 0.000000000000000000e+00 3.905205967823055513e-02
4.900000000000000000e+02 1.000000000000000000e+00 9.992371773682159342e-01 0.000000000000000000e+00 3.905205967824719460e-02
4.910000000000000000e+02 1.000000000000000000e+00 9.992371773682224845e-01 0.000000000000000000e+00 3.905205967824743052e-02
4.920000000000000000e+02 1.000000000000000000e+00 9.992371773682118263e-01 0.000000000000000000e+00 3.905205967824725011e-02
4.930000000000000000e+02 1.000000000000000000e+00 9.992371773682228175e-01 0.000000000000000000e+00 3.905205967824706970e-02
4.940000000000000000e+02 1.000000000000000000e+00 9.992371773681504310e-01 0.000000000000000000e+00 3.905205967824473129e-02
4.950000000000000000e+02 1.000000000000000000e+00 9.992371773682188207e-01 0.000000000000000000e+00 3.905205967824704194e-02
4.960000000000000000e+02 1.000000000000000000e+00 9.992371773681726355e-01 0.000000000000000000e+00 3.905205967824583457e-02
4.970000000000000000e+02 1.000000000000000000e+00 9.992371773681958391e-01 0.000000000000000000e+00 3.905205967824670887e-02
4.980000000000000000e+02 1.000000000000000000e+00 9.992371773681779645e-01 0.000000000000000000e+00 3.905205967824584845e-02
4.990000000000000000e+02 1.000000000000000000e+00 9.992371773681275604e-01 0.000000000000000000e+00 3.905205967824400271e-02
5.000000000000000000e+02 1.000000000000000000e+00 9.992371773681817393e-01 0.000000000000000000e+00 3.905205967824602886e-02
5.010000000000000000e+02 1.000000000000000000e+00 9.992371773681727465e-01 0.000000000000000000e+00 3.905205967824541824e-02
5.020000000000000000e+02 1.000000000000000000e+00 9.992371773681898439e-01 0.000000000000000000e+00 3.905205967824633417e-02
5.030000000000000000e+02 1.000000000000000000e+00 9.992371773681719693e-01 0.000000000000000000e+00 3.905205967824600111e-02
5.040000000000000000e+02 1.000000000000000000e+00 9.992371773682344749e-01 0.000000000000000000e+00 3.905205967824790236e-02
5.050000000000000000e+02 1.000000000000000000e+00 9.992371773681869573e-01 0.000000000000000000e+00 3.905205967824598723e-02
5.060000000000000000e+02 1.000000000000000000e+00 9.992371773681923974e-01 0.000000000000000000e+00 3.905205967824633417e-02
5.070000000000000000e+02 1.000000000000000000e+00 9.992371773682127145e-01 0.000000000000000000e+00 3.905205967824773583e-02
5.080000000000000000e+02 1.000000000000000000e+00 9.992371773681454350e-01 0.000000000000000000e+00 3.905205967824475904e-02
5.090000000000000000e+02 1.000000000000000000e+00 9.992371773680599478e-01 0.000000000000000000e+00 3.905205967824134511e-02
5.100000000000000000e+02 1.000000000000000000e+00 9.992371773682104941e-01 0.000000000000000000e+00 3.905205967824740276e-02
5.110000000000000000e+02 1.000000000000000000e+00 9.992371773680021052e-01 0.000000000000000000e+00 3.905205967823897895e-02
