511 4
0.000000000000000000e+00 1.000000000000000000e+00 9.992341892212496246e-01 0.000000000000000000e+00 3.912844350785078806e-02
1.000000000000000000e+00 1.000000000000000000e+00 9.992341892212425192e-01 0.000000000000000000e+00 3.912844350785071174e-02
2.000000000000000000e+00 1.000000000000000000e+00 9.992341892212373011e-01 0.000000000000000000e+00 3.912844350784956682e-02
3.000000000000000000e+00 1.000000000000000000e+00 9.992341892212456278e-01 0.000000000000000000e+00 3.912844350785069092e-02
4.000000000000000000e+00 1.000000000000000000e+00 9.992341892212424082e-01 0.000000000000000000e+00 3.912844350784976111e-02
5.000000000000000000e+00 1.000000000000000000e+00 9.992341892212197596e-01 0.000000000000000000e+00 3.912844350784919906e-02
6.000000000000000000e+00 1.000000000000000000e+00 9.992341892212261989e-01 0.000000000000000000e+00 3.912844350784935865e-02
7.000000000000000000e+00 1.000000000000000000e+00 9.992341892212374121e-01 0.000000000000000000e+00 3.912844350784970560e-02
8.000000000000000000e+00 1.000000000000000000e+00 9.992341892212378562e-01 0.000000000000000000e+00 3.912844350784999009e-02
9.000000000000000000e+00 1.000000000000000000e+00 9.992341892212259769e-01 0.000000000000000000e+00 3.912844350784933090e-02
1.000000000000000000e+01 1.000000000000000000e+00 9.992341892211997756e-01 0.000000000000000000e+00 3.912844350784851211e-02
1.100000000000000000e+01 1.000000000000000000e+00 9.992341892212480703e-01 0.000000000000000000e+00 3.912844350785135705e-02
1.200000000000000000e+01 1.000000000000000000e+00 9.992341892212353027e-01 0.000000000000000000e+00 3.912844350784989295e-02
1.300000000000000000e+01 1.000000000000000000e+00 9.992341892212180943e-01 0.000000000000000000e+00 3.912844350784912273e-02
1.400000000000000000e+01 1.000000000000000000e+00 9.992341892212244225e-01 0.000000000000000000e+00 3.912844350784937253e-02
1.500000000000000000e+01 1.000000000000000000e+00 9.992341892212476262e-01 0.000000000000000000e+00 3.912844350785047581e-02
1.600000000000000000e+01 1.000000000000000000e+00 9.992341892212168730e-01 0.000000000000000000e+00 3.912844350784897007e-02
1.700000000000000000e+01 1.000000000000000000e+00 9.992341892212091015e-01 0.000000000000000000e+00 3.912844350784926845e-02
1.800000000000000000e+01 1.000000000000000000e+00 9.992341892212331933e-01 0.000000000000000000e+00 3.912844350785008030e-02
1.900000000000000000e+01 1.000000000000000000e+00 9.992341892212223131e-01 0.000000000000000000e+00 3.912844350784927538e-02
2.000000000000000000e+01 1.000000000000000000e+00 9.992341892212195376e-01 0.000000000000000000e+00 3.912844350784894232e-02
2.100000000000000000e+01 1.000000000000000000e+00 9.992341892212370791e-01 0.000000000000000000e+00 3.912844350784988601e-02
2.200000000000000000e+01 1.000000000000000000e+00 9.992341892212402987e-01 0.000000000000000000e+00 3.912844350784992764e-02
2.300000000000000000e+01 1.000000000000000000e+00 9.992341892212204257e-01 0.000000000000000000e+00 3.912844350784915742e-02
2.400000000000000000e+01 1.000000000000000000e+00 9.992341892212216470e-01 0.000000000000000000e+00 3.912844350784895620e-02
2.500000000000000000e+01 1.000000000000000000e+00 9.992341892212383003e-01 0.000000000000000000e+00 3.912844350784986519e-02
2.600000000000000000e+01 1.000000000000000000e+00 9.992341892212400767e-01 0.000000000000000000e+00 3.912844350784982356e-02
2.700000000000000000e+01 1.000000000000000000e+00 9.992341892212146526e-01 0.000000000000000000e+00 3.912844350784885905e-02
2.800000000000000000e+01 1.000000000000000000e+00 9.992341892212346366e-01 0.000000000000000000e+00 3.912844350785010111e-02
2.900000000000000000e+01 1.000000000000000000e+00 9.992341892211951127e-01 0.000000000000000000e+00 3.912844350784853292e-02
3.000000000000000000e+01 1.000000000000000000e+00 9.992341892212358578e-01 0.000000000000000000e+00 3.912844350784974029e-02
3.100000000000000000e+01 1.000000000000000000e+00 9.992341892212192045e-01 0.000000000000000000e+00 3.912844350784894232e-02
3.200000000000000000e+01 1.000000000000000000e+00 9.992341892212228682e-01 0.000000000000000000e+00 3.912844350784919212e-02
3.300000000000000000e+01 1.000000000000000000e+00 9.992341892212271981e-01 0.000000000000000000e+00 3.912844350784944192e-02
3.400000000000000000e+01 1.000000000000000000e+00 9.992341892211579202e-01 0.000000000000000000e+00 3.912844350784704800e-02
3.500000000000000000e+01 1.000000000000000000e+00 9.992341892212285304e-01 0.000000000000000000e+00 3.912844350784978886e-02
3.600000000000000000e+01 1.000000000000000000e+00 9.992341892211551446e-01 0.000000000000000000e+00 3.912844350784722841e-02
3.700000000000000000e+01 1.000000000000000000e+00 9.992341892212274201e-01 0.000000000000000000e+00 3.912844350784938641e-02
3.800000000000000000e+01 1.000000000000000000e+00 9.992341892212449617e-01 0.000000000000000000e+00 3.912844350785031622e-02
3.900000000000000000e+01 1.000000000000000000e+00 9.992341892212343035e-01 0.000000000000000000e+00 3.912844350784986519e-02
4.000000000000000000e+01 1.000000000000000000e+00 9.992341892212239784e-01 0.000000000000000000e+00 3.912844350784908110e-02
4.100000000000000000e+01 1.000000000000000000e+00 9.992341892212271981e-01 0.000000000000000000e+00 3.912844350784947661e-02
4.200000000000000000e+01 1.000000000000000000e+00 9.992341892211975551e-01 0.000000000000000000e+00 3.912844350784847047e-02
4.300000000000000000e+01 1.000000000000000000e+00 9.992341892212244225e-01 0.000000000000000000e+00 3.912844350784912273e-02
4.400000000000000000e+01 1.000000000000000000e+00 9.992341892212112109e-01 0.000000000000000000e+00 3.912844350784885905e-02
4.500000000000000000e+01 1.000000000000000000e+00 9.992341892212200927e-01 0.000000000000000000e+00 3.912844350784944192e-02
4.600000000000000000e+01 1.000000000000000000e+00 9.992341892211550336e-01 0.000000000000000000e+00 3.912844350784702718e-02
4.700000000000000000e+01 1.000000000000000000e+00 9.992341892212417420e-01 0.000000000000000000e+00 3.912844350785016356e-02
4.800000000000000000e+01 1.000000000000000000e+00 9.992341892211653587e-01 0.000000000000000000e+00 3.912844350784727004e-02
4.900000000000000000e+01 1.000000000000000000e+00 9.992341892212019960e-01 0.000000000000000000e+00 3.912844350784863007e-02
5.000000000000000000e+01 1.000000000000000000e+00 9.992341892212308618e-01 0.000000000000000000e+00 3.912844350784953212e-02
5.100000000000000000e+01 1.000000000000000000e+00 9.992341892212378562e-01 0.000000000000000000e+00 3.912844350785067704e-02
5.200000000000000000e+01 1.000000000000000000e+00 9.992341892212395216e-01 0.000000000000000000e+00 3.912844350784976111e-02
5.300000000000000000e+01 1.000000000000000000e+00 9.992341892212449617e-01 0.000000000000000000e+00 3.912844350785021214e-02
5.400000000000000000e+01 1.000000000000000000e+00 9.992341892212323051e-01 0.000000000000000000e+00 3.912844350784938641e-02
5.500000000000000000e+01 1.000000000000000000e+00 9.992341892212268650e-01 0.000000000000000000e+00 3.912844350784949743e-02
5.600000000000000000e+01 1.000000000000000000e+00 9.992341892212210919e-01 0.000000000000000000e+00 3.912844350784891456e-02
5.700000000000000000e+01 1.000000000000000000e+00 9.992341892211548116e-01 0.000000000000000000e+00 3.912844350784717290e-02
5.800000000000000000e+01 1.000000000000000000e+00 9.992341892212213139e-01 0.000000000000000000e+00 3.912844350784937947e-02
5.900000000000000000e+01 1.000000000000000000e+00 9.992341892212338594e-01 0.000000000000000000e+00 3.912844350784950437e-02
6.000000000000000000e+01 1.000000000000000000e+00 9.992341892212236454e-01 0.000000000000000000e+00 3.912844350784933783e-02
6.100000000000000000e+01 1.000000000000000000e+00 9.992341892212358578e-01 0.000000000000000000e+00 3.912844350784967090e-02
6.200000000000000000e+01 1.000000000000000000e+00 9.992341892212399657e-01 0.000000000000000000e+00 3.912844350784959457e-02
6.300000000000000000e+01 1.000000000000000000e+00 9.992341892212246446e-01 0.000000000000000000e+00 3.912844350784908110e-02
6.400000000000000000e+01 1.000000000000000000e+00 9.992341892212091015e-01 0.000000000000000000e+00 3.912844350784888681e-02
6.500000000000000000e+01 1.000000000000000000e+00 9.992341892212192045e-01 0.000000000000000000e+00 3.912844350784928926e-02
6.600000000000000000e+01 1.000000000000000000e+00 9.992341892210903076e-01 0.000000000000000000e+00 3.912844350784499409e-02
6.700000000000000000e+01 1.000000000000000000e+00 9.992341892212255328e-01 0.000000000000000000e+00 3.912844350784917824e-02
6.800000000000000000e+01 1.000000000000000000e+00 9.992341892212404098e-01 0.000000000000000000e+00 3.912844350784928232e-02
6.900000000000000000e+01 1.000000000000000000e+00 9.992341892212209808e-01 0.000000000000000000e+00 3.912844350784911579e-02
7.000000000000000000e+01 1.000000000000000000e+00 9.992341892212323051e-01 0.000000000000000000e+00 3.912844350784966396e-02
7.100000000000000000e+01 1.000000000000000000e+00 9.992341892211957788e-01 0.000000000000000000e+00 3.912844350784832476e-02
7.200000000000000000e+01 1.000000000000000000e+00 9.992341892212256438e-01 0.000000000000000000e+00 3.912844350784917824e-02
7.300000000000000000e+01 1.000000000000000000e+00 9.992341892212250887e-01 0.000000000000000000e+00 3.912844350784910885e-02
7.400000000000000000e+01 1.000000000000000000e+00 9.992341892212071031e-01 0.000000000000000000e+00 3.912844350784927538e-02
7.500000000000000000e+01 1.000000000000000000e+00 9.992341892212033283e-01 0.000000000000000000e+00 3.912844350784877578e-02
7.600000000000000000e+01 1.000000000000000000e+00 9.992341892211664689e-01 0.000000000000000000e+00 3.912844350784707576e-02
7.700000000000000000e+01 1.000000000000000000e+00 9.992341892212135424e-01 0.000000000000000000e+00 3.912844350784903252e-02
7.800000000000000000e+01 1.000000000000000000e+00 9.992341892211700216e-01 0.000000000000000000e+00 3.912844350784769332e-02
7.900000000000000000e+01 1.000000000000000000e+00 9.992341892212164289e-01 0.000000000000000000e+00 3.912844350784934477e-02
8.000000000000000000e+01 1.000000000000000000e+00 9.992341892211988874e-01 0.000000000000000000e+00 3.912844350784865088e-02
8.100000000000000000e+01 1.000000000000000000e+00 9.992341892209667398e-01 0.000000000000000000e+00 3.912844350783969277e-02
8.200000000000000000e+01 1.000000000000000000e+00 9.992341892212071031e-01 0.000000000000000000e+00 3.912844350784922681e-02
8.300000000000000000e+01 1.000000000000000000e+00 9.992341892212446286e-01 0.000000000000000000e+00 3.912844350784989989e-02
8.400000000000000000e+01 1.000000000000000000e+00 9.992341892212434074e-01 0.000000000000000000e+00 3.912844350784999703e-02
8.500000000000000000e+01 1.000000000000000000e+00 9.992341892212376342e-01 0.000000000000000000e+00 3.912844350784977498e-02
8.600000000000000000e+01 1.000000000000000000e+00 9.992341892212186494e-01 0.000000000000000000e+00 3.912844350784930314e-02
8.700000000000000000e+01 1.000000000000000000e+00 9.992341892211602516e-01 0.000000000000000000e+00 3.912844350784685371e-02
8.800000000000000000e+01 1.000000000000000000e+00 9.992341892212159848e-01 0.000000000000000000e+00 3.912844350784924763e-02
8.900000000000000000e+01 1.000000000000000000e+00 9.992341892212373011e-01 0.000000000000000000e+00 3.912844350785000397e-02
9.000000000000000000e+01 1.000000000000000000e+00 9.992341892212357468e-01 0.000000000000000000e+00 3.912844350784989295e-02
9.100000000000000000e+01 1.000000000000000000e+00 9.992341892211765719e-01 0.000000000000000000e+00 3.912844350784745046e-02
9.200000000000000000e+01 1.000000000000000000e+00 9.992341892212146526e-01 0.000000000000000000e+00 3.912844350784908110e-02
9.300000000000000000e+01 1.000000000000000000e+00 9.992341892212006638e-01 0.000000000000000000e+00 3.912844350784891456e-02
9.400000000000000000e+01 1.000000000000000000e+00 9.992341892212064369e-01 0.000000000000000000e+00 3.912844350784933090e-02
9.500000000000000000e+01 1.000000000000000000e+00 9.992341892212081023e-01 0.000000000000000000e+00 3.912844350784844272e-02
9.600000000000000000e+01 1.000000000000000000e+00 9.992341892212219800e-01 0.000000000000000000e+00 3.912844350784977498e-02
9.700000000000000000e+01 1.000000000000000000e+00 9.992341892212142085e-01 0.000000000000000000e+00 3.912844350784901171e-02
9.800000000000000000e+01 1.000000000000000000e+00 9.992341892212173171e-01 0.000000000000000000e+00 3.912844350784950437e-02
9.900000000000000000e+01 1.000000000000000000e+00 9.992341892212440735e-01 0.000000000000000000e+00 3.912844350785074643e-02
1.000000000000000000e+02 1.000000000000000000e+00 9.992341892212308618e-01 0.000000000000000000e+00 3.912844350784949743e-02
1.010000000000000000e+02 1.000000000000000000e+00 9.992341892212179832e-01 0.000000000000000000e+00 3.912844350784921987e-02
1.020000000000000000e+02 1.000000000000000000e+00 9.992341892212407428e-01 0.000000000000000000e+00 3.912844350784926151e-02
1.030000000000000000e+02 1.000000000000000000e+00 9.992341892212337484e-01 0.000000000000000000e+00 3.912844350784960151e-02
1.040000000000000000e+02 1.000000000000000000e+00 9.992341892211976662e-01 0.000000000000000000e+00 3.912844350784846353e-02
1.050000000000000000e+02 1.000000000000000000e+00 9.992341892211658028e-01 0.000000000000000000e+00 3.912844350784767250e-02
1.060000000000000000e+02 1.000000000000000000e+00 9.992341892211997756e-01 0.000000000000000000e+00 3.912844350784868558e-02
1.070000000000000000e+02 1.000000000000000000e+00 9.992341892212105448e-01 0.000000000000000000e+00 3.912844350784931008e-02
1.080000000000000000e+02 1.000000000000000000e+00 9.992341892212146526e-01 0.000000000000000000e+00 3.912844350784878966e-02
1.090000000000000000e+02 1.000000000000000000e+00 9.992341892212015519e-01 0.000000000000000000e+00 3.912844350784844272e-02
1.100000000000000000e+02 1.000000000000000000e+00 9.992341892212051047e-01 0.000000000000000000e+00 3.912844350784903252e-02
1.110000000000000000e+02 1.000000000000000000e+00 9.992341892212407428e-01 0.000000000000000000e+00 3.912844350784960845e-02
1.120000000000000000e+02 1.000000000000000000e+00 9.992341892212225352e-01 0.000000000000000000e+00 3.912844350784937253e-02
1.130000000000000000e+02 1.000000000000000000e+00 9.992341892201667131e-01 0.000000000000000000e+00 3.912844350780848163e-02
1.140000000000000000e+02 1.000000000000000000e+00 9.992341892211817900e-01 0.000000000000000000e+00 3.912844350784785291e-02
1.150000000000000000e+02 1.000000000000000000e+00 9.992341892212217580e-01 0.000000000000000000e+00 3.912844350784940028e-02
1.160000000000000000e+02 1.000000000000000000e+00 9.992341892212313059e-01 0.000000000000000000e+00 3.912844350784969172e-02
1.170000000000000000e+02 1.000000000000000000e+00 9.992341892212113219e-01 0.000000000000000000e+00 3.912844350784924763e-02
1.180000000000000000e+02 1.000000000000000000e+00 9.992341892211125121e-01 0.000000000000000000e+00 3.912844350784488306e-02
1.190000000000000000e+02 1.000000000000000000e+00 9.992341892212133203e-01 0.000000000000000000e+00 3.912844350784944192e-02
1.200000000000000000e+02 1.000000000000000000e+00 9.992341892212013299e-01 0.000000000000000000e+00 3.912844350784877578e-02
1.210000000000000000e+02 1.000000000000000000e+00 9.992341892211596965e-01 0.000000000000000000e+00 3.912844350784735331e-02
1.220000000000000000e+02 1.000000000000000000e+00 9.992341892212378562e-01 0.000000000000000000e+00 3.912844350784987213e-02
1.230000000000000000e+02 1.000000000000000000e+00 9.992341892212104337e-01 0.000000000000000000e+00 3.912844350784901171e-02
1.240000000000000000e+02 1.000000000000000000e+00 9.992341892212104337e-01 0.000000000000000000e+00 3.912844350784898395e-02
1.250000000000000000e+02 1.000000000000000000e+00 9.992341892212230903e-01 0.000000000000000000e+00 3.912844350784964315e-02
1.260000000000000000e+02 1.000000000000000000e+00 9.992341892212190935e-01 0.000000000000000000e+00 3.912844350784929620e-02
1.270000000000000000e+02 1.000000000000000000e+00 9.992341892212329713e-01 0.000000000000000000e+00 3.912844350784952518e-02
1.280000000000000000e+02 1.000000000000000000e+00 9.992341892212318610e-01 0.000000000000000000e+00 3.912844350784984437e-02
1.290000000000000000e+02 1.000000000000000000e+00 9.992341892211726861e-01 0.000000000000000000e+00 3.912844350784715902e-02
1.300000000000000000e+02 1.000000000000000000e+00 9.992341892211835663e-01 0.000000000000000000e+00 3.912844350784819986e-02
1.310000000000000000e+02 1.000000000000000000e+00 9.992341892212297516e-01 0.000000000000000000e+00 3.912844350784950437e-02
1.320000000000000000e+02 1.000000000000000000e+00 9.992341892212114329e-01 0.000000000000000000e+00 3.912844350784917824e-02
1.330000000000000000e+02 1.000000000000000000e+00 9.992341892212183163e-01 0.000000000000000000e+00 3.912844350784917824e-02
1.340000000000000000e+02 1.000000000000000000e+00 9.992341892211374921e-01 0.000000000000000000e+00 3.912844350784647901e-02
1.350000000000000000e+02 1.000000000000000000e+00 9.992341892211996646e-01 0.000000000000000000e+00 3.912844350784870640e-02
1.360000000000000000e+02 1.000000000000000000e+00 9.992341892212486254e-01 0.000000000000000000e+00 3.912844350785154440e-02
1.370000000000000000e+02 1.000000000000000000e+00 9.992341892212320831e-01 0.000000000000000000e+00 3.912844350784987213e-02
1.380000000000000000e+02 1.000000000000000000e+00 9.992341892212367460e-01 0.000000000000000000e+00 3.912844350784992764e-02
1.390000000000000000e+02 1.000000000000000000e+00 9.992341892212359689e-01 0.000000000000000000e+00 3.912844350784967784e-02
1.400000000000000000e+02 1.000000000000000000e+00 9.992341892212206478e-01 0.000000000000000000e+00 3.912844350784938641e-02
1.410000000000000000e+02 1.000000000000000000e+00 9.992341892211872301e-01 0.000000000000000000e+00 3.912844350784825537e-02
1.420000000000000000e+02 1.000000000000000000e+00 9.992341892211447085e-01 0.000000000000000000e+00 3.912844350784627084e-02
1.430000000000000000e+02 1.000000000000000000e+00 9.992341892212351917e-01 0.000000000000000000e+00 3.912844350784981662e-02
1.440000000000000000e+02 1.000000000000000000e+00 9.992341892212295296e-01 0.000000000000000000e+00 3.912844350784974723e-02
1.450000000000000000e+02 1.000000000000000000e+00 9.992341892212187604e-01 0.000000000000000000e+00 3.912844350784935865e-02
1.460000000000000000e+02 1.000000000000000000e+00 9.992341892211786814e-01 0.000000000000000000e+00 3.912844350784822761e-02
1.470000000000000000e+02 1.000000000000000000e+00 9.992341892212316390e-01 0.000000000000000000e+00 3.912844350784966396e-02
1.480000000000000000e+02 1.000000000000000000e+00 9.992341892212300847e-01 0.000000000000000000e+00 3.912844350784975417e-02
1.490000000000000000e+02 1.000000000000000000e+00 9.992341892212160959e-01 0.000000000000000000e+00 3.912844350784933783e-02
1.500000000000000000e+02 1.000000000000000000e+00 9.992341892212243115e-01 0.000000000000000000e+00 3.912844350784927538e-02
1.510000000000000000e+02 1.000000000000000000e+00 9.992341892211585863e-01 0.000000000000000000e+00 3.912844350784724229e-02
1.520000000000000000e+02 1.000000000000000000e+00 9.992341892211993315e-01 0.000000000000000000e+00 3.912844350784833169e-02
1.530000000000000000e+02 1.000000000000000000e+00 9.992341892211576981e-01 0.000000000000000000e+00 3.912844350784724229e-02
1.540000000000000000e+02 1.000000000000000000e+00 9.992341892212079912e-01 0.000000000000000000e+00 3.912844350784931008e-02
1.550000000000000000e+02 1.000000000000000000e+00 9.992341892211948906e-01 0.000000000000000000e+00 3.912844350784851905e-02
1.560000000000000000e+02 1.000000000000000000e+00 9.992341892212408538e-01 0.000000000000000000e+00 3.912844350785004560e-02
1.570000000000000000e+02 1.000000000000000000e+00 9.992341892211559218e-01 0.000000000000000000e+00 3.912844350784718678e-02
1.580000000000000000e+02 1.000000000000000000e+00 9.992341892212114329e-01 0.000000000000000000e+00 3.912844350784887987e-02
1.590000000000000000e+02 1.000000000000000000e+00 9.992341892209449794e-01 0.000000000000000000e+00 3.912844350783865194e-02
1.600000000000000000e+02 1.000000000000000000e+00 9.992341892212260879e-01 0.000000000000000000e+00 3.912844350784952518e-02
1.610000000000000000e+02 1.000000000000000000e+00 9.992341892212358578e-01 0.000000000000000000e+00 3.912844350784976111e-02
1.620000000000000000e+02 1.000000000000000000e+00 9.992341892212215360e-01 0.000000000000000000e+00 3.912844350784928232e-02
1.630000000000000000e+02 1.000000000000000000e+00 9.992341892212331933e-01 0.000000000000000000e+00 3.912844350784923375e-02
1.640000000000000000e+02 1.000000000000000000e+00 9.992341892212340815e-01 0.000000000000000000e+00 3.912844350784978886e-02
1.650000000000000000e+02 1.000000000000000000e+00 9.992341892212148746e-01 0.000000000000000000e+00 3.912844350784889375e-02
1.660000000000000000e+02 1.000000000000000000e+00 9.992341892212337484e-01 0.000000000000000000e+00 3.912844350784956682e-02
1.670000000000000000e+02 1.000000000000000000e+00 9.992341892212325272e-01 0.000000000000000000e+00 3.912844350784969172e-02
1.680000000000000000e+02 1.000000000000000000e+00 9.992341892212085463e-01 0.000000000000000000e+00 3.912844350784875497e-02
1.690000000000000000e+02 1.000000000000000000e+00 9.992341892212197596e-01 0.000000000000000000e+00 3.912844350784909497e-02
1.700000000000000000e+02 1.000000000000000000e+00 9.992341892212329713e-01 0.000000000000000000e+00 3.912844350784949049e-02
1.710000000000000000e+02 1.000000000000000000e+00 9.992341892212033283e-01 0.000000000000000000e+00 3.912844350784864395e-02
1.720000000000000000e+02 1.000000000000000000e+00 9.992341892212132093e-01 0.000000000000000000e+00 3.912844350784895620e-02
1.730000000000000000e+02 1.000000000000000000e+00 9.992341892211968890e-01 0.000000000000000000e+00 3.912844350784835945e-02
1.740000000000000000e+02 1.000000000000000000e+00 9.992341892212130983e-01 0.000000000000000000e+00 3.912844350784878966e-02
1.750000000000000000e+02 1.000000000000000000e+00 9.992341892212327492e-01 0.000000000000000000e+00 3.912844350784965008e-02
1.760000000000000000e+02 1.000000000000000000e+00 9.992341892212022181e-01 0.000000000000000000e+00 3.912844350784854680e-02
1.770000000000000000e+02 1.000000000000000000e+00 9.992341892211735743e-01 0.000000000000000000e+00 3.912844350784739494e-02
1.780000000000000000e+02 1.000000000000000000e+00 9.992341892212026622e-01 0.000000000000000000e+00 3.912844350784856762e-02
1.790000000000000000e+02 1.000000000000000000e+00 9.992341892212076582e-01 0.000000000000000000e+00 3.912844350784908803e-02
1.800000000000000000e+02 1.000000000000000000e+00 9.992341892212331933e-01 0.000000000000000000e+00 3.912844350784974723e-02
1.810000000000000000e+02 1.000000000000000000e+00 9.992341892211934473e-01 0.000000000000000000e+00 3.912844350784862313e-02
1.820000000000000000e+02 1.000000000000000000e+00 9.992341892212301957e-01 0.000000000000000000e+00 3.912844350784955294e-02
1.830000000000000000e+02 1.000000000000000000e+00 9.992341892212117660e-01 0.000000000000000000e+00 3.912844350784953906e-02
1.840000000000000000e+02 1.000000000000000000e+00 9.992341892212165400e-01 0.000000000000000000e+00 3.912844350784908110e-02
1.850000000000000000e+02 1.000000000000000000e+00 9.992341892210937493e-01 0.000000000000000000e+00 3.912844350784485531e-02
1.860000000000000000e+02 1.000000000000000000e+00 9.992341892212208698e-01 0.000000000000000000e+00 3.912844350784927538e-02
1.870000000000000000e+02 1.000000000000000000e+00 9.992341892211871190e-01 0.000000000000000000e+00 3.912844350784832476e-02
1.880000000000000000e+02 1.000000000000000000e+00 9.992341892211977772e-01 0.000000000000000000e+00 3.912844350784859537e-02
1.890000000000000000e+02 1.000000000000000000e+00 9.992341892211709098e-01 0.000000000000000000e+00 3.912844350784714514e-02
1.900000000000000000e+02 1.000000000000000000e+00 9.992341892211886734e-01 0.000000000000000000e+00 3.912844350784814434e-02
1.910000000000000000e+02 1.000000000000000000e+00 9.992341892212339705e-01 0.000000000000000000e+00 3.912844350784976111e-02
1.920000000000000000e+02 1.000000000000000000e+00 9.992341892212255328e-01 0.000000000000000000e+00 3.912844350784941416e-02
1.930000000000000000e+02 1.000000000000000000e+00 9.992341892212284193e-01 0.000000000000000000e+00 3.912844350784958070e-02
1.940000000000000000e+02 1.000000000000000000e+00 9.992341892211815679e-01 0.000000000000000000e+00 3.912844350784769332e-02
1.950000000000000000e+02 1.000000000000000000e+00 9.992341892212338594e-01 0.000000000000000000e+00 3.912844350784974723e-02
1.960000000000000000e+02 1.000000000000000000e+00 9.992341892212234233e-01 0.000000000000000000e+00 3.912844350784915048e-02
1.970000000000000000e+02 1.000000000000000000e+00 9.992341892211997756e-01 0.000000000000000000e+00 3.912844350784898395e-02
1.980000000000000000e+02 1.000000000000000000e+00 9.992341892211612508e-01 0.000000000000000000e+00 3.912844350784721453e-02
1.990000000000000000e+02 1.000000000000000000e+00 9.992341892212374121e-01 0.000000000000000000e+00 3.912844350785002479e-02
2.000000000000000000e+02 1.000000000000000000e+00 9.992341892212283083e-01 0.000000000000000000e+00 3.912844350784938641e-02
2.010000000000000000e+02 1.000000000000000000e+00 9.992341892212407428e-01 0.000000000000000000e+00 3.912844350784979580e-02
2.020000000000000000e+02 1.000000000000000000e+00 9.992341892212269761e-01 0.000000000000000000e+00 3.912844350784983743e-02
2.030000000000000000e+02 1.000000000000000000e+00 9.992341892212223131e-01 0.000000000000000000e+00 3.912844350784927538e-02
2.040000000000000000e+02 1.000000000000000000e+00 9.992341892212296406e-01 0.000000000000000000e+00 3.912844350784934477e-02
2.050000000000000000e+02 1.000000000000000000e+00 9.992341892211588084e-01 0.000000000000000000e+00 3.912844350784692310e-02
2.060000000000000000e+02 1.000000000000000000e+00 9.992341892211722421e-01 0.000000000000000000e+00 3.912844350784788067e-02
2.070000000000000000e+02 1.000000000000000000e+00 9.992341892211710208e-01 0.000000000000000000e+00 3.912844350784810271e-02
2.080000000000000000e+02 1.000000000000000000e+00 9.992341892210764298e-01 0.000000000000000000e+00 3.912844350784407815e-02
2.090000000000000000e+02 1.000000000000000000e+00 9.992341892211993315e-01 0.000000000000000000e+00 3.912844350784860925e-02
2.100000000000000000e+02 1.000000000000000000e+00 9.992341892211331622e-01 0.000000000000000000e+00 3.912844350784597941e-02
2.110000000000000000e+02 1.000000000000000000e+00 9.992341892211417109e-01 0.000000000000000000e+00 3.912844350784635411e-02
2.120000000000000000e+02 1.000000000000000000e+00 9.992341892211884513e-01 0.000000000000000000e+00 3.912844350784829006e-02
2.130000000000000000e+02 1.000000000000000000e+00 9.992341892211954457e-01 0.000000000000000000e+00 3.912844350784819986e-02
2.140000000000000000e+02 1.000000000000000000e+00 9.992341892211423771e-01 0.000000000000000000e+00 3.912844350784648595e-02
2.150000000000000000e+02 1.000000000000000000e+00 9.992341892212353027e-01 0.000000000000000000e+00 3.912844350785001091e-02
2.160000000000000000e+02 1.000000000000000000e+00 9.992341892212268650e-01 0.000000000000000000e+00 3.912844350784947661e-02
2.170000000000000000e+02 1.000000000000000000e+00 9.992341892212022181e-01 0.000000000000000000e+00 3.912844350784848435e-02
2.180000000000000000e+02 1.000000000000000000e+00 9.992341892212253107e-01 0.000000000000000000e+00 3.912844350784933090e-02
2.190000000000000000e+02 1.000000000000000000e+00 9.992341892212066590e-01 0.000000000000000000e+00 3.912844350784913661e-02
2.200000000000000000e+02 1.000000000000000000e+00 9.992341892212103227e-01 0.000000000000000000e+00 3.912844350784885905e-02
2.210000000000000000e+02 1.000000000000000000e+00 9.992341892211477061e-01 0.000000000000000000e+00 3.912844350784656922e-02
2.220000000000000000e+02 1.000000000000000000e+00 9.992341892211688004e-01 0.000000000000000000e+00 3.912844350784727004e-02
2.230000000000000000e+02 1.000000000000000000e+00 9.992341892212169840e-01 0.000000000000000000e+00 3.912844350784915742e-02
2.240000000000000000e+02 1.000000000000000000e+00 9.992341892212396326e-01 0.000000000000000000e+00 3.912844350785020520e-02
2.250000000000000000e+02 1.000000000000000000e+00 9.992341892212156518e-01 0.000000000000000000e+00 3.912844350784888681e-02
2.260000000000000000e+02 1.000000000000000000e+00 9.992341892212343035e-01 0.000000000000000000e+00 3.912844350784967784e-02
2.270000000000000000e+02 1.000000000000000000e+00 9.992341892211976662e-01 0.000000000000000000e+00 3.912844350784858150e-02
2.280000000000000000e+02 1.000000000000000000e+00 9.992341892212195376e-01 0.000000000000000000e+00 3.912844350784901865e-02
2.290000000000000000e+02 1.000000000000000000e+00 9.992341892212311949e-01 0.000000000000000000e+00 3.912844350784949049e-02
2.300000000000000000e+02 1.000000000000000000e+00 9.992341892211685783e-01 0.000000000000000000e+00 3.912844350784770026e-02
2.310000000000000000e+02 1.000000000000000000e+00 9.992341892210985232e-01 0.000000000000000000e+00 3.912844350784491776e-02
2.320000000000000000e+02 1.000000000000000000e+00 9.992341892211592524e-01 0.000000000000000000e+00 3.912844350784700637e-02
2.330000000000000000e+02 1.000000000000000000e+00 9.992341892212068810e-01 0.000000000000000000e+00 3.912844350784877578e-02
2.340000000000000000e+02 1.000000000000000000e+00 9.992341892212011079e-01 0.000000000000000000e+00 3.912844350784872027e-02
2.350000000000000000e+02 1.000000000000000000e+00 9.992341892211018539e-01 0.000000000000000000e+00 3.912844350784450143e-02
2.360000000000000000e+02 1.000000000000000000e+00 9.992341892211840104e-01 0.000000000000000000e+00 3.912844350784783903e-02
2.370000000000000000e+02 1.000000000000000000e+00 9.992341892211777932e-01 0.000000000000000000e+00 3.912844350784783903e-02
2.380000000000000000e+02 1.000000000000000000e+00 9.992341892212364129e-01 0.000000000000000000e+00 3.912844350785003866e-02
2.390000000000000000e+02 1.000000000000000000e+00 9.992341892212406318e-01 0.000000000000000000e+00 3.912844350785025377e-02
2.400000000000000000e+02 1.000000000000000000e+00 9.992341892212449617e-01 0.000000000000000000e+00 3.912844350785043418e-02
2.410000000000000000e+02 1.000000000000000000e+00 9.992341892211883403e-01 0.000000000000000000e+00 3.912844350784819292e-02
2.420000000000000000e+02 1.000000000000000000e+00 9.992341892212291965e-01 0.000000000000000000e+00 3.912844350784959457e-02
2.430000000000000000e+02 1.000000000000000000e+00 9.992341892212337484e-01 0.000000000000000000e+00 3.912844350784979580e-02
2.440000000000000000e+02 1.000000000000000000e+00 9.992341892211802357e-01 0.000000000000000000e+00 3.912844350784785985e-02
2.450000000000000000e+02 1.000000000000000000e+00 9.992341892212276422e-01 0.000000000000000000e+00 3.912844350784971253e-02
2.460000000000000000e+02 1.000000000000000000e+00 9.992341892211393795e-01 0.000000000000000000e+00 3.912844350784643044e-02
2.470000000000000000e+02 1.000000000000000000e+00 9.992341892212122101e-01 0.000000000000000000e+00 3.912844350784897007e-02
2.480000000000000000e+02 1.000000000000000000e+00 9.992341892211450416e-01 0.000000000000000000e+00 3.912844350784647901e-02
2.490000000000000000e+02 1.000000000000000000e+00 9.992341892211091814e-01 0.000000000000000000e+00 3.912844350784499409e-02
2.500000000000000000e+02 1.000000000000000000e+00 9.992341892212390775e-01 0.000000000000000000e+00 3.912844350784987213e-02
2.510000000000000000e+02 1.000000000000000000e+00 9.992341892212248666e-01 0.000000000000000000e+00 3.912844350784953906e-02
2.520000000000000000e+02 1.000000000000000000e+00 9.992341892211676901e-01 0.000000000000000000e+00 3.912844350784711739e-02
2.530000000000000000e+02 1.000000000000000000e+00 9.992341892211766829e-01 0.000000000000000000e+00 3.912844350784782516e-02
2.540000000000000000e+02 1.000000000000000000e+00 9.992341892212259769e-01 0.000000000000000000e+00 3.912844350784926845e-02
2.550000000000000000e+02 1.000000000000000000e+00 9.992341892212219800e-01 0.000000000000000000e+00 3.912844350784934477e-02
2.560000000000000000e+02 1.000000000000000000e+00 9.992341892212072141e-01 0.000000000000000000e+00 3.912844350784873415e-02
2.570000000000000000e+02 1.000000000000000000e+00 9.992341892211875631e-01 0.000000000000000000e+00 3.912844350784814434e-02
2.580000000000000000e+02 1.000000000000000000e+00 9.992341892211552556e-01 0.000000000000000000e+00 3.912844350784700637e-02
2.590000000000000000e+02 1.000000000000000000e+00 9.992341892210825360e-01 0.000000000000000000e+00 3.912844350784399489e-02
2.600000000000000000e+02 1.000000000000000000e+00 9.992341892210201415e-01 0.000000000000000000e+00 3.912844350784178138e-02
2.610000000000000000e+02 1.000000000000000000e+00 9.992341892205196530e-01 0.000000000000000000e+00 3.912844350782249125e-02
2.620000000000000000e+02 1.000000000000000000e+00 9.992341892212258658e-01 0.000000000000000000e+00 3.912844350784926845e-02
2.630000000000000000e+02 1.000000000000000000e+00 9.992341892212340815e-01 0.000000000000000000e+00 3.912844350784933783e-02
2.640000000000000000e+02 1.000000000000000000e+00 9.992341892212019960e-01 0.000000000000000000e+00 3.912844350784856762e-02
2.650000000000000000e+02 1.000000000000000000e+00 9.992341892211344945e-01 0.000000000000000000e+00 3.912844350784596553e-02
2.660000000000000000e+02 1.000000000000000000e+00 9.992341892212004417e-01 0.000000000000000000e+00 3.912844350784871333e-02
2.670000000000000000e+02 1.000000000000000000e+00 9.992341892212175392e-01 0.000000000000000000e+00 3.912844350784919212e-02
2.680000000000000000e+02 1.000000000000000000e+00 9.992341892211148435e-01 0.000000000000000000e+00 3.912844350784529940e-02
2.690000000000000000e+02 1.000000000000000000e+00 9.992341892212113219e-01 0.000000000000000000e+00 3.912844350784906722e-02
2.700000000000000000e+02 1.000000000000000000e+00 9.992341892211648036e-01 0.000000000000000000e+00 3.912844350784739494e-02
2.710000000000000000e+02 1.000000000000000000e+00 9.992341892212347476e-01 0.000000000000000000e+00 3.912844350784977498e-02
2.720000000000000000e+02 1.000000000000000000e+00 9.992341892212097676e-01 0.000000000000000000e+00 3.912844350784902558e-02
2.730000000000000000e+02 1.000000000000000000e+00 9.992341892212051047e-01 0.000000000000000000e+00 3.912844350784897701e-02
2.740000000000000000e+02 1.000000000000000000e+00 9.992341892212162069e-01 0.000000000000000000e+00 3.912844350784893538e-02
2.750000000000000000e+02 1.000000000000000000e+00 9.992341892212102117e-01 0.000000000000000000e+00 3.912844350784877578e-02
2.760000000000000000e+02 1.000000000000000000e+00 9.992341892212170951e-01 0.000000000000000000e+00 3.912844350784903946e-02
2.770000000000000000e+02 1.000000000000000000e+00 9.992341892212294185e-01 0.000000000000000000e+00 3.912844350784949743e-02
2.780000000000000000e+02 1.000000000000000000e+00 9.992341892212494026e-01 0.000000000000000000e+00 3.912844350785089215e-02
2.790000000000000000e+02 1.000000000000000000e+00 9.992341892212401877e-01 0.000000000000000000e+00 3.912844350784985825e-02
2.800000000000000000e+02 1.000000000000000000e+00 9.992341892212235344e-01 0.000000000000000000e+00 3.912844350784939335e-02
2.810000000000000000e+02 1.000000000000000000e+00 9.992341892211641374e-01 0.000000000000000000e+00 3.912844350784742270e-02
2.820000000000000000e+02 1.000000000000000000e+00 9.992341892212217580e-01 0.000000000000000000e+00 3.912844350784923375e-02
2.830000000000000000e+02 1.000000000000000000e+00 9.992341892211084042e-01 0.000000000000000000e+00 3.912844350784495245e-02
2.840000000000000000e+02 1.000000000000000000e+00 9.992341892212142085e-01 0.000000000000000000e+00 3.912844350784906722e-02
2.850000000000000000e+02 1.000000000000000000e+00 9.992341892212238674e-01 0.000000000000000000e+00 3.912844350784940028e-02
2.860000000000000000e+02 1.000000000000000000e+00 9.992341892212309729e-01 0.000000000000000000e+00 3.912844350784977498e-02
2.870000000000000000e+02 1.000000000000000000e+00 9.992341892212019960e-01 0.000000000000000000e+00 3.912844350784874803e-02
2.880000000000000000e+02 1.000000000000000000e+00 9.992341892211812349e-01 0.000000000000000000e+00 3.912844350784824149e-02
2.890000000000000000e+02 1.000000000000000000e+00 9.992341892212197596e-01 0.000000000000000000e+00 3.912844350784946273e-02
2.900000000000000000e+02 1.000000000000000000e+00 9.992341892212116550e-01 0.000000000000000000e+00 3.912844350784884517e-02
2.910000000000000000e+02 1.000000000000000000e+00 9.992341892193993269e-01 0.000000000000000000e+00 3.912844350777784641e-02
2.920000000000000000e+02 1.000000000000000000e+00 9.992341892212021071e-01 0.000000000000000000e+00 3.912844350784824149e-02
2.930000000000000000e+02 1.000000000000000000e+00 9.992341892212082133e-01 0.000000000000000000e+00 3.912844350784871333e-02
2.940000000000000000e+02 1.000000000000000000e+00 9.992341892212291965e-01 0.000000000000000000e+00 3.912844350784953906e-02
2.950000000000000000e+02 1.000000000000000000e+00 9.992341892212012189e-01 0.000000000000000000e+00 3.912844350784867864e-02
2.960000000000000000e+02 1.000000000000000000e+00 9.992341892211905607e-01 0.000000000000000000e+00 3.912844350784806108e-02
2.970000000000000000e+02 1.000000000000000000e+00 9.992341892212341925e-01 0.000000000000000000e+00 3.912844350784976111e-02
2.980000000000000000e+02 1.000000000000000000e+00 9.992341892212168730e-01 0.000000000000000000e+00 3.912844350784929620e-02
2.990000000000000000e+02 1.000000000000000000e+00 9.992341892211499266e-01 0.000000000000000000e+00 3.912844350784645125e-02
3.000000000000000000e+02 1.000000000000000000e+00 9.992341892211805687e-01 0.000000000000000000e+00 3.912844350784790842e-02
3.010000000000000000e+02 1.000000000000000000e+00 9.992341892211303866e-01 0.000000000000000000e+00 3.912844350784610431e-02
3.020000000000000000e+02 1.000000000000000000e+00 9.992341892209670728e-01 0.000000000000000000e+00 3.912844350783947073e-02
3.030000000000000000e+02 1.000000000000000000e+00 9.992341892212179832e-01 0.000000000000000000e+00 3.912844350784941416e-02
3.040000000000000000e+02 1.000000000000000000e+00 9.992341892212279753e-01 0.000000000000000000e+00 3.912844350784971947e-02
3.050000000000000000e+02 1.000000000000000000e+00 9.992341892212300847e-01 0.000000000000000000e+00 3.912844350784948355e-02
3.060000000000000000e+02 1.000000000000000000e+00 9.992341892211885623e-01 0.000000000000000000e+00 3.912844350784813047e-02
3.070000000000000000e+02 1.000000000000000000e+00 9.992341892212331933e-01 0.000000000000000000e+00 3.912844350784970560e-02
3.080000000000000000e+02 1.000000000000000000e+00 9.992341892211746845e-01 0.000000000000000000e+00 3.912844350784764474e-02
3.090000000000000000e+02 1.000000000000000000e+00 9.992341892212335264e-01 0.000000000000000000e+00 3.912844350784984437e-02
3.100000000000000000e+02 1.000000000000000000e+00 9.992341892212178722e-01 0.000000000000000000e+00 3.912844350784921987e-02
3.110000000000000000e+02 1.000000000000000000e+00 9.992341892212308618e-01 0.000000000000000000e+00 3.912844350784959457e-02
3.120000000000000000e+02 1.000000000000000000e+00 9.992341892211755727e-01 0.000000000000000000e+00 3.912844350784749209e-02
3.130000000000000000e+02 1.000000000000000000e+00 9.992341892211855647e-01 0.000000000000000000e+00 3.912844350784799169e-02
3.140000000000000000e+02 1.000000000000000000e+00 9.992341892212153187e-01 0.000000000000000000e+00 3.912844350784910191e-02
3.150000000000000000e+02 1.000000000000000000e+00 9.992341892212341925e-01 0.000000000000000000e+00 3.912844350785001091e-02
3.160000000000000000e+02 1.000000000000000000e+00 9.992341892212142085e-01 0.000000000000000000e+00 3.912844350784955294e-02
3.170000000000000000e+02 1.000000000000000000e+00 9.992341892212343035e-01 0.000000000000000000e+00 3.912844350784962233e-02
3.180000000000000000e+02 1.000000000000000000e+00 9.992341892212354137e-01 0.000000000000000000e+00 3.912844350784978886e-02
3.190000000000000000e+02 1.000000000000000000e+00 9.992341892212015519e-01 0.000000000000000000e+00 3.912844350784854680e-02
3.200000000000000000e+02 1.000000000000000000e+00 9.992341892212182053e-01 0.000000000000000000e+00 3.912844350784921987e-02
3.210000000000000000e+02 1.000000000000000000e+00 9.992341892211452636e-01 0.000000000000000000e+00 3.912844350784661779e-02
3.220000000000000000e+02 1.000000000000000000e+00 9.992341892212057708e-01 0.000000000000000000e+00 3.912844350784866476e-02
3.230000000000000000e+02 1.000000000000000000e+00 9.992341892211064058e-01 0.000000000000000000e+00 3.912844350784524389e-02
3.240000000000000000e+02 1.000000000000000000e+00 9.992341892209329890e-01 0.000000000000000000e+00 3.912844350783827724e-02
3.250000000000000000e+02 1.000000000000000000e+00 9.992341892212167620e-01 0.000000000000000000e+00 3.912844350784900477e-02
3.260000000000000000e+02 1.000000000000000000e+00 9.992341892211995535e-01 0.000000000000000000e+00 3.912844350784842884e-02
3.270000000000000000e+02 1.000000000000000000e+00 9.992341892212193155e-01 0.000000000000000000e+00 3.912844350784886599e-02
3.280000000000000000e+02 1.000000000000000000e+00 9.992341892211612508e-01 0.000000000000000000e+00 3.912844350784690228e-02
3.290000000000000000e+02 1.000000000000000000e+00 9.992341892211280552e-01 0.000000000000000000e+00 3.912844350784566716e-02
3.300000000000000000e+02 1.000000000000000000e+00 9.992341892211259458e-01 0.000000000000000000e+00 3.912844350784566022e-02
3.310000000000000000e+02 1.000000000000000000e+00 9.992341892211419330e-01 0.000000000000000000e+00 3.912844350784599329e-02
3.320000000000000000e+02 1.000000000000000000e+00 9.992341892212337484e-01 0.000000000000000000e+00 3.912844350784989295e-02
3.330000000000000000e+02 1.000000000000000000e+00 9.992341892211091814e-01 0.000000000000000000e+00 3.912844350784539654e-02
3.340000000000000000e+02 1.000000000000000000e+00 9.992341892209917198e-01 0.000000000000000000e+00 3.912844350784066422e-02
3.350000000000000000e+02 1.000000000000000000e+00 9.992341892212295296e-01 0.000000000000000000e+00 3.912844350784973335e-02
3.360000000000000000e+02 1.000000000000000000e+00 9.992341892210983012e-01 0.000000000000000000e+00 3.912844350784491082e-02
3.370000000000000000e+02 1.000000000000000000e+00 9.992341892212138754e-01 0.000000000000000000e+00 3.912844350784892844e-02
3.380000000000000000e+02 1.000000000000000000e+00 9.992341892211283882e-01 0.000000000000000000e+00 3.912844350784610431e-02
3.390000000000000000e+02 1.000000000000000000e+00 9.992341892211737964e-01 0.000000000000000000e+00 3.912844350784754760e-02
3.400000000000000000e+02 1.000000000000000000e+00 9.992341892212258658e-01 0.000000000000000000e+00 3.912844350784934477e-02
3.410000000000000000e+02 1.000000000000000000e+00 9.992341892212288634e-01 0.000000000000000000e+00 3.912844350784942804e-02
3.420000000000000000e+02 1.000000000000000000e+00 9.992341892211762389e-01 0.000000000000000000e+00 3.912844350784800557e-02
3.430000000000000000e+02 1.000000000000000000e+00 9.992341892212011079e-01 0.000000000000000000e+00 3.912844350784862313e-02
3.440000000000000000e+02 1.000000000000000000e+00 9.992341892212147636e-01 0.000000000000000000e+00 3.912844350784899783e-02
3.450000000000000000e+02 1.000000000000000000e+00 9.992341892212114329e-01 0.000000000000000000e+00 3.912844350784912967e-02
3.460000000000000000e+02 1.000000000000000000e+00 9.992341892212328602e-01 0.000000000000000000e+00 3.912844350784959457e-02
3.470000000000000000e+02 1.000000000000000000e+00 9.992341892211880072e-01 0.000000000000000000e+00 3.912844350784835945e-02
3.480000000000000000e+02 1.000000000000000000e+00 9.992341892211755727e-01 0.000000000000000000e+00 3.912844350784787373e-02
3.490000000000000000e+02 1.000000000000000000e+00 9.992341892212296406e-01 0.000000000000000000e+00 3.912844350784959457e-02
3.500000000000000000e+02 1.000000000000000000e+00 9.992341892212101007e-01 0.000000000000000000e+00 3.912844350784898395e-02
3.510000000000000000e+02 1.000000000000000000e+00 9.992341892212360799e-01 0.000000000000000000e+00 3.912844350784973335e-02
3.520000000000000000e+02 1.000000000000000000e+00 9.992341892212043275e-01 0.000000000000000000e+00 3.912844350784913661e-02
3.530000000000000000e+02 1.000000000000000000e+00 9.992341892212155408e-01 0.000000000000000000e+00 3.912844350784935865e-02
3.540000000000000000e+02 1.000000000000000000e+00 9.992341892212006638e-01 0.000000000000000000e+00 3.912844350784856762e-02
3.550000000000000000e+02 1.000000000000000000e+00 9.992341892212271981e-01 0.000000000000000000e+00 3.912844350784942804e-02
3.560000000000000000e+02 1.000000000000000000e+00 9.992341892212224241e-01 0.000000000000000000e+00 3.912844350784953906e-02
3.570000000000000000e+02 1.000000000000000000e+00 9.992341892209903875e-01 0.000000000000000000e+00 3.912844350784069197e-02
3.580000000000000000e+02 1.000000000000000000e+00 9.992341892212177612e-01 0.000000000000000000e+00 3.912844350784905334e-02
3.590000000000000000e+02 1.000000000000000000e+00 9.992341892211873411e-01 0.000000000000000000e+00 3.912844350784803332e-02
3.600000000000000000e+02 1.000000000000000000e+00 9.992341892212367460e-01 0.000000000000000000e+00 3.912844350784963621e-02
3.610000000000000000e+02 1.000000000000000000e+00 9.992341892212071031e-01 0.000000000000000000e+00 3.912844350784913661e-02
3.620000000000000000e+02 1.000000000000000000e+00 9.992341892211367149e-01 0.000000000000000000e+00 3.912844350784632635e-02
3.630000000000000000e+02 1.000000000000000000e+00 9.992341892175510276e-01 0.000000000000000000e+00 3.912844350770573049e-02
3.640000000000000000e+02 1.000000000000000000e+00 9.992341892211995535e-01 0.000000000000000000e+00 3.912844350784851211e-02
3.650000000000000000e+02 1.000000000000000000e+00 9.992341892212336374e-01 0.000000000000000000e+00 3.912844350784960845e-02
3.660000000000000000e+02 1.000000000000000000e+00 9.992341892210701015e-01 0.000000000000000000e+00 3.912844350784372427e-02
3.670000000000000000e+02 1.000000000000000000e+00 9.992341892211517029e-01 0.000000000000000000e+00 3.912844350784696473e-02
3.680000000000000000e+02 1.000000000000000000e+00 9.992341892211800136e-01 0.000000000000000000e+00 3.912844350784792924e-02
3.690000000000000000e+02 1.000000000000000000e+00 9.992341892212153187e-01 0.000000000000000000e+00 3.912844350784926151e-02
3.700000000000000000e+02 1.000000000000000000e+00 9.992341892212075471e-01 0.000000000000000000e+00 3.912844350784912967e-02
3.710000000000000000e+02 1.000000000000000000e+00 9.992341892211851206e-01 0.000000000000000000e+00 3.912844350784812353e-02
3.720000000000000000e+02 1.000000000000000000e+00 9.992341892212022181e-01 0.000000000000000000e+00 3.912844350784883823e-02
3.730000000000000000e+02 1.000000000000000000e+00 9.992341892211474841e-01 0.000000000000000000e+00 3.912844350784672881e-02
3.740000000000000000e+02 1.000000000000000000e+00 9.992341892211963339e-01 0.000000000000000000e+00 3.912844350784817210e-02
3.750000000000000000e+02 1.000000000000000000e+00 9.992341892212307508e-01 0.000000000000000000e+00 3.912844350784955294e-02
3.760000000000000000e+02 1.000000000000000000e+00 9.992341892212276422e-01 0.000000000000000000e+00 3.912844350784937947e-02
3.770000000000000000e+02 1.000000000000000000e+00 9.992341892210488963e-01 0.000000000000000000e+00 3.912844350784264180e-02
3.780000000000000000e+02 1.000000000000000000e+00 9.992341892212253107e-01 0.000000000000000000e+00 3.912844350784934477e-02
3.790000000000000000e+02 1.000000000000000000e+00 9.992341892210752086e-01 0.000000000000000000e+00 3.912844350784398101e-02
3.800000000000000000e+02 1.000000000000000000e+00 9.992341892212035503e-01 0.000000000000000000e+00 3.912844350784880354e-02
3.810000000000000000e+02 1.000000000000000000e+00 9.992341892211722421e-01 0.000000000000000000e+00 3.912844350784791536e-02
3.820000000000000000e+02 1.000000000000000000e+00 9.992341892211974441e-01 0.000000000000000000e+00 3.912844350784866476e-02
3.830000000000000000e+02 1.000000000000000000e+00 9.992341892211162868e-01 0.000000000000000000e+00 3.912844350784566022e-02
3.840000000000000000e+02 1.000000000000000000e+00 9.992341892210320209e-01 0.000000000000000000e+00 3.912844350784248221e-02
3.850000000000000000e+02 1.000000000000000000e+00 9.992341892211479282e-01 0.000000000000000000e+00 3.912844350784668718e-02
3.860000000000000000e+02 1.000000000000000000e+00 9.992341892212204257e-01 0.000000000000000000e+00 3.912844350784948355e-02
3.870000000000000000e+02 1.000000000000000000e+00 9.992341892212385224e-01 0.000000000000000000e+00 3.912844350785012887e-02
3.880000000000000000e+02 1.000000000000000000e+00 9.992341892211615839e-01 0.000000000000000000e+00 3.912844350784731168e-02
3.890000000000000000e+02 1.000000000000000000e+00 9.992341892211694665e-01 0.000000000000000000e+00 3.912844350784723535e-02
3.900000000000000000e+02 1.000000000000000000e+00 9.992341892212315280e-01 0.000000000000000000e+00 3.912844350784956682e-02
3.910000000000000000e+02 1.000000000000000000e+00 9.992341892212204257e-01 0.000000000000000000e+00 3.912844350784916436e-02
3.920000000000000000e+02 1.000000000000000000e+00 9.992341892212219800e-01 0.000000000000000000e+00 3.912844350784935865e-02
3.930000000000000000e+02 1.000000000000000000e+00 9.992341892212039944e-01 0.000000000000000000e+00 3.912844350784885905e-02
3.940000000000000000e+02 1.000000000000000000e+00 9.992341892212053267e-01 0.000000000000000000e+00 3.912844350784867864e-02
3.950000000000000000e+02 1.000000000000000000e+00 9.992341892211313858e-01 0.000000000000000000e+00 3.912844350784606962e-02
3.960000000000000000e+02 1.000000000000000000e+00 9.992341892212077692e-01 0.000000000000000000e+00 3.912844350784883130e-02
3.970000000000000000e+02 1.000000000000000000e+00 9.992341892211966670e-01 0.000000000000000000e+00 3.912844350784858150e-02
3.980000000000000000e+02 1.000000000000000000e+00 9.992341892212140975e-01 0.000000000000000000e+00 3.912844350784928926e-02
3.990000000000000000e+02 1.000000000000000000e+00 9.992341892210415688e-01 0.000000000000000000e+00 3.912844350784237812e-02
4.000000000000000000e+02 1.000000000000000000e+00 9.992341892211158427e-01 0.000000000000000000e+00 3.912844350784506348e-02
4.010000000000000000e+02 1.000000000000000000e+00 9.992341892211976662e-01 0.000000000000000000e+00 3.912844350784852598e-02
4.020000000000000000e+02 1.000000000000000000e+00 9.992341892211773491e-01 0.000000000000000000e+00 3.912844350784767250e-02
4.030000000000000000e+02 1.000000000000000000e+00 9.992341892209861687e-01 0.000000000000000000e+00 3.912844350784080300e-02
4.040000000000000000e+02 1.000000000000000000e+00 9.992341892212381893e-01 0.000000000000000000e+00 3.912844350784955294e-02
4.050000000000000000e+02 1.000000000000000000e+00 9.992341892212103227e-01 0.000000000000000000e+00 3.912844350784860925e-02
4.060000000000000000e+02 1.000000000000000000e+00 9.992341892210123699e-01 0.000000000000000000e+00 3.912844350784169117e-02
4.070000000000000000e+02 1.000000000000000000e+00 9.992341892212240895e-01 0.000000000000000000e+00 3.912844350784937253e-02
4.080000000000000000e+02 1.000000000000000000e+00 9.992341892212298626e-01 0.000000000000000000e+00 3.912844350784961539e-02
4.090000000000000000e+02 1.000000000000000000e+00 9.992341892212243115e-01 0.000000000000000000e+00 3.912844350784924763e-02
4.100000000000000000e+02 1.000000000000000000e+00 9.992341892212340815e-01 0.000000000000000000e+00 3.912844350784953906e-02
4.110000000000000000e+02 1.000000000000000000e+00 9.992341892210825360e-01 0.000000000000000000e+00 3.912844350784373815e-02
4.120000000000000000e+02 1.000000000000000000e+00 9.992341892211772381e-01 0.000000000000000000e+00 3.912844350784792230e-02
4.130000000000000000e+02 1.000000000000000000e+00 9.992341892211766829e-01 0.000000000000000000e+00 3.912844350784795699e-02
4.140000000000000000e+02 1.000000000000000000e+00 9.992341892209625209e-01 0.000000000000000000e+00 3.912844350783920705e-02
4.150000000000000000e+02 1.000000000000000000e+00 9.992341892212175392e-01 0.000000000000000000e+00 3.912844350784931702e-02
4.160000000000000000e+02 1.000000000000000000e+00 9.992341892212175392e-01 0.000000000000000000e+00 3.912844350784909497e-02
4.170000000000000000e+02 1.000000000000000000e+00 9.992341892211786814e-01 0.000000000000000000e+00 3.912844350784782516e-02
4.180000000000000000e+02 1.000000000000000000e+00 9.992341892211806798e-01 0.000000000000000000e+00 3.912844350784769332e-02
4.190000000000000000e+02 1.000000000000000000e+00 9.992341892209176679e-01 0.000000000000000000e+00 3.912844350783790948e-02
4.200000000000000000e+02 1.000000000000000000e+00 9.992341892211626941e-01 0.000000000000000000e+00 3.912844350784707576e-02
4.210000000000000000e+02 1.000000000000000000e+00 9.992341892212254217e-01 0.000000000000000000e+00 3.912844350784928926e-02
4.220000000000000000e+02 1.000000000000000000e+00 9.992341892210058196e-01 0.000000000000000000e+00 3.912844350784109443e-02
4.230000000000000000e+02 1.000000000000000000e+00 9.992341892210905296e-01 0.000000000000000000e+00 3.912844350784445285e-02
4.240000000000000000e+02 1.000000000000000000e+00 9.992341892212177612e-01 0.000000000000000000e+00 3.912844350784933090e-02
4.250000000000000000e+02 1.000000000000000000e+00 9.992341892210985232e-01 0.000000000000000000e+00 3.912844350784488306e-02
4.260000000000000000e+02 1.000000000000000000e+00 9.992341892210883092e-01 0.000000000000000000e+00 3.912844350784439040e-02
4.270000000000000000e+02 1.000000000000000000e+00 9.992341892212195376e-01 0.000000000000000000e+00 3.912844350784894232e-02
4.280000000000000000e+02 1.000000000000000000e+00 9.992341892211784593e-01 0.000000000000000000e+00 3.912844350784751984e-02
4.290000000000000000e+02 1.000000000000000000e+00 9.992341892211431542e-01 0.000000000000000000e+00 3.912844350784647901e-02
4.300000000000000000e+02 1.000000000000000000e+00 9.992341892208287391e-01 0.000000000000000000e+00 3.912844350783424574e-02
4.310000000000000000e+02 1.000000000000000000e+00 9.992341892212008858e-01 0.000000000000000000e+00 3.912844350784875497e-02
4.320000000000000000e+02 1.000000000000000000e+00 9.992341892211988874e-01 0.000000000000000000e+00 3.912844350784812353e-02
4.330000000000000000e+02 1.000000000000000000e+00 9.992341892211736853e-01 0.000000000000000000e+00 3.912844350784776964e-02
4.340000000000000000e+02 1.000000000000000000e+00 9.992341892212199816e-01 0.000000000000000000e+00 3.912844350784974029e-02
4.350000000000000000e+02 1.000000000000000000e+00 9.992341892211860088e-01 0.000000000000000000e+00 3.912844350784810271e-02
4.360000000000000000e+02 1.000000000000000000e+00 9.992341892212015519e-01 0.000000000000000000e+00 3.912844350784831782e-02
4.370000000000000000e+02 1.000000000000000000e+00 9.992341892211579202e-01 0.000000000000000000e+00 3.912844350784729780e-02
4.380000000000000000e+02 1.000000000000000000e+00 9.992341892211132892e-01 0.000000000000000000e+00 3.912844350784511899e-02
4.390000000000000000e+02 1.000000000000000000e+00 9.992341892211736853e-01 0.000000000000000000e+00 3.912844350784746433e-02
4.400000000000000000e+02 1.000000000000000000e+00 9.992341892211452636e-01 0.000000000000000000e+00 3.912844350784640962e-02
4.410000000000000000e+02 1.000000000000000000e+00 9.992341892212346366e-01 0.000000000000000000e+00 3.912844350784966396e-02
4.420000000000000000e+02 1.000000000000000000e+00 9.992341892211472620e-01 0.000000000000000000e+00 3.912844350784670799e-02
4.430000000000000000e+02 1.000000000000000000e+00 9.992341892210352405e-01 0.000000000000000000e+00 3.912844350784246833e-02
4.440000000000000000e+02 1.000000000000000000e+00 9.992341892208467247e-01 0.000000000000000000e+00 3.912844350783489800e-02
4.450000000000000000e+02 1.000000000000000000e+00 9.992341892210899745e-01 0.000000000000000000e+00 3.912844350784466796e-02
4.460000000000000000e+02 1.000000000000000000e+00 9.992341892210668819e-01 0.000000000000000000e+00 3.912844350784362712e-02
4.470000000000000000e+02 1.000000000000000000e+00 9.992341892211680232e-01 0.000000000000000000e+00 3.912844350784708963e-02
4.480000000000000000e+02 1.000000000000000000e+00 9.992341892211601406e-01 0.000000000000000000e+00 3.912844350784711045e-02
4.490000000000000000e+02 1.000000000000000000e+00 9.992341892211297205e-01 0.000000000000000000e+00 3.912844350784586839e-02
4.500000000000000000e+02 1.000000000000000000e+00 9.992341892210643284e-01 0.000000000000000000e+00 3.912844350784336345e-02
4.510000000000000000e+02 1.000000000000000000e+00 9.992341892212157628e-01 0.000000000000000000e+00 3.912844350784910191e-02
4.520000000000000000e+02 1.000000000000000000e+00 9.992341892211609178e-01 0.000000000000000000e+00 3.912844350784704800e-02
4.530000000000000000e+02 1.000000000000000000e+00 9.992341892211829002e-01 0.000000000000000000e+00 3.912844350784790148e-02
4.540000000000000000e+02 1.000000000000000000e+00 9.992341892211107357e-01 0.000000000000000000e+00 3.912844350784513286e-02
4.550000000000000000e+02 1.000000000000000000e+00 9.992341892211489274e-01 0.000000000000000000e+00 3.912844350784679126e-02
4.560000000000000000e+02 1.000000000000000000e+00 9.992341892212169840e-01 0.000000000000000000e+00 3.912844350784933783e-02
4.570000000000000000e+02 1.000000000000000000e+00 9.992341892211517029e-01 0.000000000000000000e+00 3.912844350784662473e-02
4.580000000000000000e+02 1.000000000000000000e+00 9.992341892211783483e-01 0.000000000000000000e+00 3.912844350784761005e-02
4.590000000000000000e+02 1.000000000000000000e+00 9.992341892211865639e-01 0.000000000000000000e+00 3.912844350784814434e-02
4.600000000000000000e+02 1.000000000000000000e+00 9.992341892211960008e-01 0.000000000000000000e+00 3.912844350784830394e-02
4.610000000000000000e+02 1.000000000000000000e+00 9.992341892207419196e-01 0.000000000000000000e+00 3.912844350783093589e-02
4.620000000000000000e+02 1.000000000000000000e+00 9.992341892211260568e-01 0.000000000000000000e+00 3.912844350784579900e-02
4.630000000000000000e+02 1.000000000000000000e+00 9.992341892209466447e-01 0.000000000000000000e+00 3.912844350783904052e-02
4.640000000000000000e+02 1.000000000000000000e+00 9.992341892210550025e-01 0.000000000000000000e+00 3.912844350784307895e-02
4.650000000000000000e+02 1.000000000000000000e+00 9.992341892210707677e-01 0.000000000000000000e+00 3.912844350784369651e-02
4.660000000000000000e+02 1.000000000000000000e+00 9.992341892211622500e-01 0.000000000000000000e+00 3.912844350784746433e-02
4.670000000000000000e+02 1.000000000000000000e+00 9.992341892211804577e-01 0.000000000000000000e+00 3.912844350784829700e-02
4.680000000000000000e+02 1.000000000000000000e+00 9.992341892207260434e-01 0.000000000000000000e+00 3.912844350783000608e-02
4.690000000000000000e+02 1.000000000000000000e+00 9.992341892211576981e-01 0.000000000000000000e+00 3.912844350784717290e-02
4.700000000000000000e+02 1.000000000000000000e+00 9.992341892211056287e-01 0.000000000000000000e+00 3.912844350784504960e-02
4.710000000000000000e+02 1.000000000000000000e+00 9.992341892211903387e-01 0.000000000000000000e+00 3.912844350784835945e-02
4.720000000000000000e+02 1.000000000000000000e+00 9.992341892212203147e-01 0.000000000000000000e+00 3.912844350784927538e-02
4.730000000000000000e+02 1.000000000000000000e+00 9.992341892211310528e-01 0.000000000000000000e+00 3.912844350784629860e-02
4.740000000000000000e+02 1.000000000000000000e+00 9.992341892212264209e-01 0.000000000000000000e+00 3.912844350784952518e-02
4.750000000000000000e+02 1.000000000000000000e+00 9.992341892212192045e-01 0.000000000000000000e+00 3.912844350784919212e-02
4.760000000000000000e+02 1.000000000000000000e+00 9.992341892211935583e-01 0.000000000000000000e+00 3.912844350784842884e-02
4.770000000000000000e+02 1.000000000000000000e+00 9.992341892211378251e-01 0.000000000000000000e+00 3.912844350784635411e-02
4.780000000000000000e+02 1.000000000000000000e+00 9.992341892211299426e-01 0.000000000000000000e+00 3.912844350784568798e-02
4.790000000000000000e+02 1.000000000000000000e+00 9.992341892211535903e-01 0.000000000000000000e+00 3.912844350784706188e-02
4.800000000000000000e+02 1.000000000000000000e+00 9.992341892212084353e-01 0.000000000000000000e+00 3.912844350784882436e-02
4.810000000000000000e+02 1.000000000000000000e+00 9.992341892211432652e-01 0.000000000000000000e+00 3.912844350784642350e-02
4.820000000000000000e+02 1.000000000000000000e+00 9.992341892212113219e-01 0.000000000000000000e+00 3.912844350784896313e-02
4.830000000000000000e+02 1.000000000000000000e+00 9.992341892210155896e-01 0.000000000000000000e+00 3.912844350784168423e-02
4.840000000000000000e+02 1.000000000000000000e+00 9.992341892205065523e-01 0.000000000000000000e+00 3.912844350782164471e-02
4.850000000000000000e+02 1.000000000000000000e+00 9.992341892211806798e-01 0.000000000000000000e+00 3.912844350784778352e-02
4.860000000000000000e+02 1.000000000000000000e+00 9.992341892211136223e-01 0.000000000000000000e+00 3.912844350784518838e-02
4.870000000000000000e+02 1.000000000000000000e+00 9.992341892210794274e-01 0.000000000000000000e+00 3.912844350784432101e-02
4.880000000000000000e+02 1.000000000000000000e+00 9.992341892209366527e-01 0.000000000000000000e+00 3.912844350783852704e-02
4.890000000000000000e+02 1.000000000000000000e+00 9.992341892211038523e-01 0.000000000000000000e+00 3.912844350784504266e-02
4.900000000000000000e+02 1.000000000000000000e+00 9.992341892211555887e-01 0.000000000000000000e+00 3.912844350784661779e-02
4.910000000000000000e+02 1.000000000000000000e+00 9.992341892211560328e-01 0.000000000000000000e+00 3.912844350784699249e-02
4.920000000000000000e+02 1.000000000000000000e+00 9.992341892210406806e-01 0.000000000000000000e+00 3.912844350784275282e-02
4.930000000000000000e+02 1.000000000000000000e+00 9.992341892211822341e-01 0.000000000000000000e+00 3.912844350784782516e-02
4.940000000000000000e+02 1.000000000000000000e+00 9.992341892205033327e-01 0.000000000000000000e+00 3.912844350782143654e-02
4.950000000000000000e+02 1.000000000000000000e+00 9.992341892209746224e-01 0.000000000000000000e+00 3.912844350784003972e-02
4.960000000000000000e+02 1.000000000000000000e+00 9.992341892211146215e-01 0.000000000000000000e+00 3.912844350784531328e-02
4.970000000000000000e+02 1.000000000000000000e+00 9.992341892210019338e-01 0.000000000000000000e+00 3.912844350784078912e-02
4.980000000000000000e+02 1.000000000000000000e+00 9.992341892211853427e-01 0.000000000000000000e+00 3.912844350784790842e-02
4.990000000000000000e+02 1.000000000000000000e+00 9.992341892211056287e-01 0.000000000000000000e+00 3.912844350784502184e-02
5.000000000000000000e+02 1.000000000000000000e+00 9.992341892209737342e-01 0.000000000000000000e+00 3.912844350783980379e-02
5.010000000000000000e+02 1.000000000000000000e+00 9.992341892211822341e-01 0.000000000000000000e+00 3.912844350784792230e-02
5.020000000000000000e+02 1.000000000000000000e+00 9.992341892210182541e-01 0.000000000000000000e+00 3.912844350784189240e-02
5.030000000000000000e+02 1.000000000000000000e+00 9.992341892210302445e-01 0.000000000000000000e+00 3.912844350784215608e-02
5.040000000000000000e+02 1.000000000000000000e+00 9.992341892205020004e-01 0.000000000000000000e+00 3.912844350782145736e-02
5.050000000000000000e+02 1.000000000000000000e+00 9.992341892211041854e-01 0.000000000000000000e+00 3.912844350784468184e-02
5.060000000000000000e+02 1.000000000000000000e+00 9.992341892183482788e-01 0.000000000000000000e+00 3.912844350773695551e-02
5.070000000000000000e+02 1.000000000000000000e+00 9.992341892205505172e-01 0.000000000000000000e+00 3.912844350782333086e-02
5.080000000000000000e+02 1.000000000000000000e+00 9.992341892201913600e-01 0.000000000000000000e+00 3.912844350780917552e-02
5.090000000000000000e+02 1.000000000000000000e+00 9.992341892211702437e-01 0.000000000000000000e+00 3.912844350784750597e-02
5.100000000000000000e+02 1.000000000000000000e+00 9.992341892177201146e-01 0.000000000000000000e+00 3.912844350771248897e-02
