512 4
0.000000000000000000e+00 1.000000000000000000e+00 9.992371773679148417e-01 0.000000000000000000e+00 3.905205967823575930e-02
1.000000000000000000e+00 1.000000000000000000e+00 9.992371773682215963e-01 0.000000000000000000e+00 3.905205967824792318e-02
2.000000000000000000e+00 1.000000000000000000e+00 9.992371773682448000e-01 0.000000000000000000e+00 3.905205967824915136e-02
3.000000000000000000e+00 1.000000000000000000e+00 9.992371773682438008e-01 0.000000000000000000e+00 3.905205967824898483e-02
4.000000000000000000e+00 1.000000000000000000e+00 9.992371773682080516e-01 0.000000000000000000e+00 3.905205967824770807e-02
5.000000000000000000e+00 1.000000000000000000e+00 9.992371773682301450e-01 0.000000000000000000e+00 3.905205967824884605e-02
6.000000000000000000e+00 1.000000000000000000e+00 9.992371773682438008e-01 0.000000000000000000e+00 3.905205967824892932e-02
7.000000000000000000e+00 1.000000000000000000e+00 9.992371773682521274e-01 0.000000000000000000e+00 3.905205967825003260e-02
8.000000000000000000e+00 1.000000000000000000e+00 9.992371773682466873e-01 0.000000000000000000e+00 3.905205967824920688e-02
9.000000000000000000e+00 1.000000000000000000e+00 9.992371773682455771e-01 0.000000000000000000e+00 3.905205967824992852e-02
1.000000000000000000e+01 1.000000000000000000e+00 9.992371773682544589e-01 0.000000000000000000e+00 3.905205967824487701e-02
1.100000000000000000e+01 1.000000000000000000e+00 9.992371773681905101e-01 0.000000000000000000e+00 3.905205967824662561e-02
1.200000000000000000e+01 1.000000000000000000e+00 9.992371773682147129e-01 0.000000000000000000e+00 3.905205967824826319e-02
1.300000000000000000e+01 1.000000000000000000e+00 9.992371773682194869e-01 0.000000000000000000e+00 3.905205967824805502e-02
1.400000000000000000e+01 1.000000000000000000e+00 9.992371773682271474e-01 0.000000000000000000e+00 3.905205967824887381e-02
1.500000000000000000e+01 1.000000000000000000e+00 9.992371773682215963e-01 0.000000000000000000e+00 3.905205967824861013e-02
1.600000000000000000e+01 1.000000000000000000e+00 9.992371773682302560e-01 0.000000000000000000e+00 3.905205967824851299e-02
1.700000000000000000e+01 1.000000000000000000e+00 9.992371773682433567e-01 0.000000000000000000e+00 3.905205967824935953e-02
1.800000000000000000e+01 1.000000000000000000e+00 9.992371773682177105e-01 0.000000000000000000e+00 3.905205967824896401e-02
1.900000000000000000e+01 1.000000000000000000e+00 9.992371773682410252e-01 0.000000000000000000e+00 3.905205967824915830e-02
2.000000000000000000e+01 1.000000000000000000e+00 9.992371773682346969e-01 0.000000000000000000e+00 3.905205967824876973e-02
2.100000000000000000e+01 1.000000000000000000e+00 9.992371773682445779e-01 0.000000000000000000e+00 3.905205967824956076e-02
2.200000000000000000e+01 1.000000000000000000e+00 9.992371773682335867e-01 0.000000000000000000e+00 3.905205967824905422e-02
2.300000000000000000e+01 1.000000000000000000e+00 9.992371773682469094e-01 0.000000000000000000e+00 3.905205967824946361e-02
2.400000000000000000e+01 1.000000000000000000e+00 9.992371773682435787e-01 0.000000000000000000e+00 3.905205967824929014e-02
2.500000000000000000e+01 1.000000000000000000e+00 9.992371773682582337e-01 0.000000000000000000e+00 3.905205967824561253e-02
2.600000000000000000e+01 1.000000000000000000e+00 9.992371773682338087e-01 0.000000000000000000e+00 3.905205967824780522e-02
2.700000000000000000e+01 1.000000000000000000e+00 9.992371773682240388e-01 0.000000000000000000e+00 3.905205967824831176e-02
2.800000000000000000e+01 1.000000000000000000e+00 9.992371773681738567e-01 0.000000000000000000e+00 3.905205967824627866e-02
2.900000000000000000e+01 1.000000000000000000e+00 9.992371773682424685e-01 0.000000000000000000e+00 3.905205967824920688e-02
3.000000000000000000e+01 1.000000000000000000e+00 9.992371773682166003e-01 0.000000000000000000e+00 3.905205967824837421e-02
3.100000000000000000e+01 1.000000000000000000e+00 9.992371773682444669e-01 0.000000000000000000e+00 3.905205967824963709e-02
3.200000000000000000e+01 1.000000000000000000e+00 9.992371773682431346e-01 0.000000000000000000e+00 3.905205967824910973e-02
3.300000000000000000e+01 1.000000000000000000e+00 9.992371773682411362e-01 0.000000000000000000e+00 3.905205967824955382e-02
3.400000000000000000e+01 1.000000000000000000e+00 9.992371773682443559e-01 0.000000000000000000e+00 3.905205967824922075e-02
3.500000000000000000e+01 1.000000000000000000e+00 9.992371773681710811e-01 0.000000000000000000e+00 3.905205967824585539e-02
3.600000000000000000e+01 1.000000000000000000e+00 9.992371773682455771e-01 0.000000000000000000e+00 3.905205967824908891e-02
3.700000000000000000e+01 1.000000000000000000e+00 9.992371773682487968e-01 0.000000000000000000e+00 3.905205967824990076e-02
3.800000000000000000e+01 1.000000000000000000e+00 9.992371773681922864e-01 0.000000000000000000e+00 3.905205967824741664e-02
3.900000000000000000e+01 1.000000000000000000e+00 9.992371773681898439e-01 0.000000000000000000e+00 3.905205967824568886e-02
4.000000000000000000e+01 1.000000000000000000e+00 9.992371773682328095e-01 0.000000000000000000e+00 3.905205967824909585e-02
4.100000000000000000e+01 1.000000000000000000e+00 9.992371773681767433e-01 0.000000000000000000e+00 3.905205967824588315e-02
4.200000000000000000e+01 1.000000000000000000e+00 9.992371773682237057e-01 0.000000000000000000e+00 3.905205967824833257e-02
4.300000000000000000e+01 1.000000000000000000e+00 9.992371773682100500e-01 0.000000000000000000e+00 3.905205967824779134e-02
4.400000000000000000e+01 1.000000000000000000e+00 9.992371773682329206e-01 0.000000000000000000e+00 3.905205967824898483e-02
4.500000000000000000e+01 1.000000000000000000e+00 9.992371773682277025e-01 0.000000000000000000e+00 3.905205967824872115e-02
4.600000000000000000e+01 1.000000000000000000e+00 9.992371773682471314e-01 0.000000000000000000e+00 3.905205967824954688e-02
4.700000000000000000e+01 1.000000000000000000e+00 9.992371773682562353e-01 0.000000000000000000e+00 3.905205967824720154e-02
4.800000000000000000e+01 1.000000000000000000e+00 9.992371773682450220e-01 0.000000000000000000e+00 3.905205967824984525e-02
4.900000000000000000e+01 1.000000000000000000e+00 9.992371773681958391e-01 0.000000000000000000e+00 3.905205967824671581e-02
5.000000000000000000e+01 1.000000000000000000e+00 9.992371773682315883e-01 0.000000000000000000e+00 3.905205967824886687e-02
5.100000000000000000e+01 1.000000000000000000e+00 9.992371773681882896e-01 0.000000000000000000e+00 3.905205967824692398e-02
5.200000000000000000e+01 1.000000000000000000e+00 9.992371773681464342e-01 0.000000000000000000e+00 3.905205967824486313e-02
5.300000000000000000e+01 1.000000000000000000e+00 9.992371773682218183e-01 0.000000000000000000e+00 3.905205967824822849e-02
5.400000000000000000e+01 1.000000000000000000e+00 9.992371773682209302e-01 0.000000000000000000e+00 3.905205967824856850e-02
5.500000000000000000e+01 1.000000000000000000e+00 9.992371773682358072e-01 0.000000000000000000e+00 3.905205967824935259e-02
5.600000000000000000e+01 1.000000000000000000e+00 9.992371773682284797e-01 0.000000000000000000e+00 3.905205967824902646e-02
5.700000000000000000e+01 1.000000000000000000e+00 9.992371773682444669e-01 0.000000000000000000e+00 3.905205967824913749e-02
5.800000000000000000e+01 1.000000000000000000e+00 9.992371773682495739e-01 0.000000000000000000e+00 3.905205967824895014e-02
5.900000000000000000e+01 1.000000000000000000e+00 9.992371773682547920e-01 0.000000000000000000e+00 3.905205967824704888e-02
6.000000000000000000e+01 1.000000000000000000e+00 9.992371773682495739e-01 0.000000000000000000e+00 3.905205967824740276e-02
6.100000000000000000e+01 1.000000000000000000e+00 9.992371773681258951e-01 0.000000000000000000e+00 3.905205967824382229e-02
6.200000000000000000e+01 1.000000000000000000e+00 9.992371773681162361e-01 0.000000000000000000e+00 3.905205967824348923e-02
6.300000000000000000e+01 1.000000000000000000e+00 9.992371773681745228e-01 0.000000000000000000e+00 3.905205967824561947e-02
6.400000000000000000e+01 1.000000000000000000e+00 9.992371773682287017e-01 0.000000000000000000e+00 3.905205967824876973e-02
6.500000000000000000e+01 1.000000000000000000e+00 9.992371773681464342e-01 0.000000000000000000e+00 3.905205967824466190e-02
6.600000000000000000e+01 1.000000000000000000e+00 9.992371773682430236e-01 0.000000000000000000e+00 3.905205967824945668e-02
6.700000000000000000e+01 1.000000000000000000e+00 9.992371773682435787e-01 0.000000000000000000e+00 3.905205967824897095e-02
6.800000000000000000e+01 1.000000000000000000e+00 9.992371773682423575e-01 0.000000000000000000e+00 3.905205967824909585e-02
6.900000000000000000e+01 1.000000000000000000e+00 9.992371773682319214e-01 0.000000000000000000e+00 3.905205967824890156e-02
7.000000000000000000e+01 1.000000000000000000e+00 9.992371773681975045e-01 0.000000000000000000e+00 3.905205967824663255e-02
7.100000000000000000e+01 1.000000000000000000e+00 9.992371773682355851e-01 0.000000000000000000e+00 3.905205967824921381e-02
7.200000000000000000e+01 1.000000000000000000e+00 9.992371773682506841e-01 0.000000000000000000e+00 3.905205967824933178e-02
7.300000000000000000e+01 1.000000000000000000e+00 9.992371773682411362e-01 0.000000000000000000e+00 3.905205967824887381e-02
7.400000000000000000e+01 1.000000000000000000e+00 9.992371773682511282e-01 0.000000000000000000e+00 3.905205967824774971e-02
7.500000000000000000e+01 1.000000000000000000e+00 9.992371773682333647e-01 0.000000000000000000e+00 3.905205967824933178e-02
7.600000000000000000e+01 1.000000000000000000e+00 9.992371773682431346e-01 0.000000000000000000e+00 3.905205967824926239e-02
7.700000000000000000e+01 1.000000000000000000e+00 9.992371773682431346e-01 0.000000000000000000e+00 3.905205967824924851e-02
7.800000000000000000e+01 1.000000000000000000e+00 9.992371773681913982e-01 0.000000000000000000e+00 3.905205967824596641e-02
7.900000000000000000e+01 1.000000000000000000e+00 9.992371773680838176e-01 0.000000000000000000e+00 3.905205967824210145e-02
8.000000000000000000e+01 1.000000000000000000e+00 9.992371773682424685e-01 0.000000000000000000e+00 3.905205967824934565e-02
8.100000000000000000e+01 1.000000000000000000e+00 9.992371773682431346e-01 0.000000000000000000e+00 3.905205967824917218e-02
8.200000000000000000e+01 1.000000000000000000e+00 9.992371773682338087e-01 0.000000000000000000e+00 3.905205967824893626e-02
8.300000000000000000e+01 1.000000000000000000e+00 9.992371773682398040e-01 0.000000000000000000e+00 3.905205967824945668e-02
8.400000000000000000e+01 1.000000000000000000e+00 9.992371773680274183e-01 0.000000000000000000e+00 3.905205967824015856e-02
8.500000000000000000e+01 1.000000000000000000e+00 9.992371773682197089e-01 0.000000000000000000e+00 3.905205967824870728e-02
8.600000000000000000e+01 1.000000000000000000e+00 9.992371773682457992e-01 0.000000000000000000e+00 3.905205967824984525e-02
8.700000000000000000e+01 1.000000000000000000e+00 9.992371773682265923e-01 0.000000000000000000e+00 3.905205967824888769e-02
8.800000000000000000e+01 1.000000000000000000e+00 9.992371773682300340e-01 0.000000000000000000e+00 3.905205967824863789e-02
8.900000000000000000e+01 1.000000000000000000e+00 9.992371773682220404e-01 0.000000000000000000e+00 3.905205967824836033e-02
9.000000000000000000e+01 1.000000000000000000e+00 9.992371773682289238e-01 0.000000000000000000e+00 3.905205967824916524e-02
9.100000000000000000e+01 1.000000000000000000e+00 9.992371773682429126e-01 0.000000000000000000e+00 3.905205967824917912e-02
9.200000000000000000e+01 1.000000000000000000e+00 9.992371773682497960e-01 0.000000000000000000e+00 3.905205967824952606e-02
9.300000000000000000e+01 1.000000000000000000e+00 9.992371773682511282e-01 0.000000000000000000e+00 3.905205967824647295e-02
9.400000000000000000e+01 1.000000000000000000e+00 9.992371773682060532e-01 0.000000000000000000e+00 3.905205967824763869e-02
9.500000000000000000e+01 1.000000000000000000e+00 9.992371773682051650e-01 0.000000000000000000e+00 3.905205967824656316e-02
9.600000000000000000e+01 1.000000000000000000e+00 9.992371773681818503e-01 0.000000000000000000e+00 3.905205967824627866e-02
9.700000000000000000e+01 1.000000000000000000e+00 9.992371773682060532e-01 0.000000000000000000e+00 3.905205967824711133e-02
9.800000000000000000e+01 1.000000000000000000e+00 9.992371773682469094e-01 0.000000000000000000e+00 3.905205967824953994e-02
9.900000000000000000e+01 1.000000000000000000e+00 9.992371773682332536e-01 0.000000000000000000e+00 3.905205967824881830e-02
1.000000000000000000e+02 1.000000000000000000e+00 9.992371773682373615e-01 0.000000000000000000e+00 3.905205967824924157e-02
1.010000000000000000e+02 1.000000000000000000e+00 9.992371773682444669e-01 0.000000000000000000e+00 3.905205967824933178e-02
1.020000000000000000e+02 1.000000000000000000e+00 9.992371773682557912e-01 0.000000000000000000e+00 3.905205967824668112e-02
1.030000000000000000e+02 1.000000000000000000e+00 9.992371773682342528e-01 0.000000000000000000e+00 3.905205967824901259e-02
1.040000000000000000e+02 1.000000000000000000e+00 9.992371773682435787e-01 0.000000000000000000e+00 3.905205967824926933e-02
1.050000000000000000e+02 1.000000000000000000e+00 9.992371773682333647e-01 0.000000000000000000e+00 3.905205967824876279e-02
1.060000000000000000e+02 1.000000000000000000e+00 9.992371773682435787e-01 0.000000000000000000e+00 3.905205967824931790e-02
1.070000000000000000e+02 1.000000000000000000e+00 9.992371773682259262e-01 0.000000000000000000e+00 3.905205967824867952e-02
1.080000000000000000e+02 1.000000000000000000e+00 9.992371773682323655e-01 0.000000000000000000e+00 3.905205967824894320e-02
1.090000000000000000e+02 1.000000000000000000e+00 9.992371773682342528e-01 0.000000000000000000e+00 3.905205967824916524e-02
1.100000000000000000e+02 1.000000000000000000e+00 9.992371773682413583e-01 0.000000000000000000e+00 3.905205967824896401e-02
1.110000000000000000e+02 1.000000000000000000e+00 9.992371773682346969e-01 0.000000000000000000e+00 3.905205967824915136e-02
1.120000000000000000e+02 1.000000000000000000e+00 9.992371773682436897e-01 0.000000000000000000e+00 3.905205967824909585e-02
1.130000000000000000e+02 1.000000000000000000e+00 9.992371773682360292e-01 0.000000000000000000e+00 3.905205967824848523e-02
1.140000000000000000e+02 1.000000000000000000e+00 9.992371773682469094e-01 0.000000000000000000e+00 3.905205967824935953e-02
1.150000000000000000e+02 1.000000000000000000e+00 9.992371773682467984e-01 0.000000000000000000e+00 3.905205967824960933e-02
1.160000000000000000e+02 1.000000000000000000e+00 9.992371773682512393e-01 0.000000000000000000e+00 3.905205967825016444e-02
1.170000000000000000e+02 1.000000000000000000e+00 9.992371773681514302e-01 0.000000000000000000e+00 3.905205967824494639e-02
1.180000000000000000e+02 1.000000000000000000e+00 9.992371773681965053e-01 0.000000000000000000e+00 3.905205967824632030e-02
1.190000000000000000e+02 1.000000000000000000e+00 9.992371773682452440e-01 0.000000000000000000e+00 3.905205967824945668e-02
1.200000000000000000e+02 1.000000000000000000e+00 9.992371773682144909e-01 0.000000000000000000e+00 3.905205967824822849e-02
1.210000000000000000e+02 1.000000000000000000e+00 9.992371773682340308e-01 0.000000000000000000e+00 3.905205967824856850e-02
1.220000000000000000e+02 1.000000000000000000e+00 9.992371773682424685e-01 0.000000000000000000e+00 3.905205967824920688e-02
1.230000000000000000e+02 1.000000000000000000e+00 9.992371773682420244e-01 0.000000000000000000e+00 3.905205967824908198e-02
1.240000000000000000e+02 1.000000000000000000e+00 9.992371773682402480e-01 0.000000000000000000e+00 3.905205967824922075e-02
1.250000000000000000e+02 1.000000000000000000e+00 9.992371773682438008e-01 0.000000000000000000e+00 3.905205967824935953e-02
1.260000000000000000e+02 1.000000000000000000e+00 9.992371773681965053e-01 0.000000000000000000e+00 3.905205967824700031e-02
1.270000000000000000e+02 1.000000000000000000e+00 9.992371773682267033e-01 0.000000000000000000e+00 3.905205967824849911e-02
1.280000000000000000e+02 1.000000000000000000e+00 9.992371773682438008e-01 0.000000000000000000e+00 3.905205967824948443e-02
1.290000000000000000e+02 1.000000000000000000e+00 9.992371773679421532e-01 0.000000000000000000e+00 3.905205967823695973e-02
1.300000000000000000e+02 1.000000000000000000e+00 9.992371773681831826e-01 0.000000000000000000e+00 3.905205967824610519e-02
1.310000000000000000e+02 1.000000000000000000e+00 9.992371773682224845e-01 0.000000000000000000e+00 3.905205967824811747e-02
1.320000000000000000e+02 1.000000000000000000e+00 9.992371773682364733e-01 0.000000000000000000e+00 3.905205967824926239e-02
1.330000000000000000e+02 1.000000000000000000e+00 9.992371773682501290e-01 0.000000000000000000e+00 3.905205967824942892e-02
1.340000000000000000e+02 1.000000000000000000e+00 9.992371773682293679e-01 0.000000000000000000e+00 3.905205967824891544e-02
1.350000000000000000e+02 1.000000000000000000e+00 9.992371773682364733e-01 0.000000000000000000e+00 3.905205967824913749e-02
1.360000000000000000e+02 1.000000000000000000e+00 9.992371773682231506e-01 0.000000000000000000e+00 3.905205967824820767e-02
1.370000000000000000e+02 1.000000000000000000e+00 9.992371773682117153e-01 0.000000000000000000e+00 3.905205967824790236e-02
1.380000000000000000e+02 1.000000000000000000e+00 9.992371773682457992e-01 0.000000000000000000e+00 3.905205967824966484e-02
1.390000000000000000e+02 1.000000000000000000e+00 9.992371773682191538e-01 0.000000000000000000e+00 3.905205967824863789e-02
1.400000000000000000e+02 1.000000000000000000e+00 9.992371773682269254e-01 0.000000000000000000e+00 3.905205967824867258e-02
1.410000000000000000e+02 1.000000000000000000e+00 9.992371773682477976e-01 0.000000000000000000e+00 3.905205967824938729e-02
1.420000000000000000e+02 1.000000000000000000e+00 9.992371773682483527e-01 0.000000000000000000e+00 3.905205967824961627e-02
1.430000000000000000e+02 1.000000000000000000e+00 9.992371773682475755e-01 0.000000000000000000e+00 3.905205967824972035e-02
1.440000000000000000e+02 1.000000000000000000e+00 9.992371773682479086e-01 0.000000000000000000e+00 3.905205967824965096e-02
1.450000000000000000e+02 1.000000000000000000e+00 9.992371773682466873e-01 0.000000000000000000e+00 3.905205967824962321e-02
1.460000000000000000e+02 1.000000000000000000e+00 9.992371773682491298e-01 0.000000000000000000e+00 3.905205967824966484e-02
1.470000000000000000e+02 1.000000000000000000e+00 9.992371773681616443e-01 0.000000000000000000e+00 3.905205967824562641e-02
1.480000000000000000e+02 1.000000000000000000e+00 9.992371773682158231e-01 0.000000000000000000e+00 3.905205967824855462e-02
1.490000000000000000e+02 1.000000000000000000e+00 9.992371773682189318e-01 0.000000000000000000e+00 3.905205967824733337e-02
1.500000000000000000e+02 1.000000000000000000e+00 9.992371773682273695e-01 0.000000000000000000e+00 3.905205967824842278e-02
1.510000000000000000e+02 1.000000000000000000e+00 9.992371773681554270e-01 0.000000000000000000e+00 3.905205967824508517e-02
1.520000000000000000e+02 1.000000000000000000e+00 9.992371773682047209e-01 0.000000000000000000e+00 3.905205967824689622e-02
1.530000000000000000e+02 1.000000000000000000e+00 9.992371773682449110e-01 0.000000000000000000e+00 3.905205967824913749e-02
1.540000000000000000e+02 1.000000000000000000e+00 9.992371773682052760e-01 0.000000000000000000e+00 3.905205967824729174e-02
1.550000000000000000e+02 1.000000000000000000e+00 9.992371773682156011e-01 0.000000000000000000e+00 3.905205967824808971e-02
1.560000000000000000e+02 1.000000000000000000e+00 9.992371773682494629e-01 0.000000000000000000e+00 3.905205967824985219e-02
1.570000000000000000e+02 1.000000000000000000e+00 9.992371773682502401e-01 0.000000000000000000e+00 3.905205967824938729e-02
1.580000000000000000e+02 1.000000000000000000e+00 9.992371773682380276e-01 0.000000000000000000e+00 3.905205967824885993e-02
1.590000000000000000e+02 1.000000000000000000e+00 9.992371773682491298e-01 0.000000000000000000e+00 3.905205967824934565e-02
1.600000000000000000e+02 1.000000000000000000e+00 9.992371773682369174e-01 0.000000000000000000e+00 3.905205967824864483e-02
1.610000000000000000e+02 1.000000000000000000e+00 9.992371773681774094e-01 0.000000000000000000e+00 3.905205967824613988e-02
1.620000000000000000e+02 1.000000000000000000e+00 9.992371773681809621e-01 0.000000000000000000e+00 3.905205967824645907e-02
1.630000000000000000e+02 1.000000000000000000e+00 9.992371773682393599e-01 0.000000000000000000e+00 3.905205967824917912e-02
1.640000000000000000e+02 1.000000000000000000e+00 9.992371773682258151e-01 0.000000000000000000e+00 3.905205967824817298e-02
1.650000000000000000e+02 1.000000000000000000e+00 9.992371773682313663e-01 0.000000000000000000e+00 3.905205967824883218e-02
1.660000000000000000e+02 1.000000000000000000e+00 9.992371773682229286e-01 0.000000000000000000e+00 3.905205967824779134e-02
1.670000000000000000e+02 1.000000000000000000e+00 9.992371773682355851e-01 0.000000000000000000e+00 3.905205967824929014e-02
1.680000000000000000e+02 1.000000000000000000e+00 9.992371773682322544e-01 0.000000000000000000e+00 3.905205967824876973e-02
1.690000000000000000e+02 1.000000000000000000e+00 9.992371773682321434e-01 0.000000000000000000e+00 3.905205967824879054e-02
1.700000000000000000e+02 1.000000000000000000e+00 9.992371773682269254e-01 0.000000000000000000e+00 3.905205967824844360e-02
1.710000000000000000e+02 1.000000000000000000e+00 9.992371773682303671e-01 0.000000000000000000e+00 3.905205967824935953e-02
1.720000000000000000e+02 1.000000000000000000e+00 9.992371773682238167e-01 0.000000000000000000e+00 3.905205967824859625e-02
1.730000000000000000e+02 1.000000000000000000e+00 9.992371773682440228e-01 0.000000000000000000e+00 3.905205967824923463e-02
1.740000000000000000e+02 1.000000000000000000e+00 9.992371773682536817e-01 0.000000000000000000e+00 3.905205967824993546e-02
1.750000000000000000e+02 1.000000000000000000e+00 9.992371773681580915e-01 0.000000000000000000e+00 3.905205967824509905e-02
1.760000000000000000e+02 1.000000000000000000e+00 9.992371773682362512e-01 0.000000000000000000e+00 3.905205967824871421e-02
1.770000000000000000e+02 1.000000000000000000e+00 9.992371773682205971e-01 0.000000000000000000e+00 3.905205967824856850e-02
1.780000000000000000e+02 1.000000000000000000e+00 9.992371773682269254e-01 0.000000000000000000e+00 3.905205967824870728e-02
1.790000000000000000e+02 1.000000000000000000e+00 9.992371773682386937e-01 0.000000000000000000e+00 3.905205967824922769e-02
1.800000000000000000e+02 1.000000000000000000e+00 9.992371773682457992e-01 0.000000000000000000e+00 3.905205967824922075e-02
1.810000000000000000e+02 1.000000000000000000e+00 9.992371773682467984e-01 0.000000000000000000e+00 3.905205967824847135e-02
1.820000000000000000e+02 1.000000000000000000e+00 9.992371773682376945e-01 0.000000000000000000e+00 3.905205967824879748e-02
1.830000000000000000e+02 1.000000000000000000e+00 9.992371773682506841e-01 0.000000000000000000e+00 3.905205967825042118e-02
1.840000000000000000e+02 1.000000000000000000e+00 9.992371773682382496e-01 0.000000000000000000e+00 3.905205967824942892e-02
1.850000000000000000e+02 1.000000000000000000e+00 9.992371773682275915e-01 0.000000000000000000e+00 3.905205967824870728e-02
1.860000000000000000e+02 1.000000000000000000e+00 9.992371773682398040e-01 0.000000000000000000e+00 3.905205967824914443e-02
1.870000000000000000e+02 1.000000000000000000e+00 9.992371773682475755e-01 0.000000000000000000e+00 3.905205967824977586e-02
1.880000000000000000e+02 1.000000000000000000e+00 9.992371773682351410e-01 0.000000000000000000e+00 3.905205967824893626e-02
1.890000000000000000e+02 1.000000000000000000e+00 9.992371773682509062e-01 0.000000000000000000e+00 3.905205967824904728e-02
1.900000000000000000e+02 1.000000000000000000e+00 9.992371773681880676e-01 0.000000000000000000e+00 3.905205967824708357e-02
1.910000000000000000e+02 1.000000000000000000e+00 9.992371773682242608e-01 0.000000000000000000e+00 3.905205967824846441e-02
1.920000000000000000e+02 1.000000000000000000e+00 9.992371773682138247e-01 0.000000000000000000e+00 3.905205967824801339e-02
1.930000000000000000e+02 1.000000000000000000e+00 9.992371773682428016e-01 0.000000000000000000e+00 3.905205967824930402e-02
1.940000000000000000e+02 1.000000000000000000e+00 9.992371773681703040e-01 0.000000000000000000e+00 3.905205967824621621e-02
1.950000000000000000e+02 1.000000000000000000e+00 9.992371773682191538e-01 0.000000000000000000e+00 3.905205967824847829e-02
1.960000000000000000e+02 1.000000000000000000e+00 9.992371773682471314e-01 0.000000000000000000e+00 3.905205967824961627e-02
1.970000000000000000e+02 1.000000000000000000e+00 9.992371773682097169e-01 0.000000000000000000e+00 3.905205967824754154e-02
1.980000000000000000e+02 1.000000000000000000e+00 9.992371773682101610e-01 0.000000000000000000e+00 3.905205967824716684e-02
1.990000000000000000e+02 1.000000000000000000e+00 9.992371773682374725e-01 0.000000000000000000e+00 3.905205967824909585e-02
2.000000000000000000e+02 1.000000000000000000e+00 9.992371773682463543e-01 0.000000000000000000e+00 3.905205967824915830e-02
2.010000000000000000e+02 1.000000000000000000e+00 9.992371773682520164e-01 0.000000000000000000e+00 3.905205967825017832e-02
2.020000000000000000e+02 1.000000000000000000e+00 9.992371773681414382e-01 0.000000000000000000e+00 3.905205967824543212e-02
2.030000000000000000e+02 1.000000000000000000e+00 9.992371773682418024e-01 0.000000000000000000e+00 3.905205967824906810e-02
2.040000000000000000e+02 1.000000000000000000e+00 9.992371773682326985e-01 0.000000000000000000e+00 3.905205967824869340e-02
2.050000000000000000e+02 1.000000000000000000e+00 9.992371773682326985e-01 0.000000000000000000e+00 3.905205967824890156e-02
2.060000000000000000e+02 1.000000000000000000e+00 9.992371773682227065e-01 0.000000000000000000e+00 3.905205967824850605e-02
2.070000000000000000e+02 1.000000000000000000e+00 9.992371773682133806e-01 0.000000000000000000e+00 3.905205967824754154e-02
2.080000000000000000e+02 1.000000000000000000e+00 9.992371773679431524e-01 0.000000000000000000e+00 3.905205967823698054e-02
2.090000000000000000e+02 1.000000000000000000e+00 9.992371773682442448e-01 0.000000000000000000e+00 3.905205967824944280e-02
2.100000000000000000e+02 1.000000000000000000e+00 9.992371773682152680e-01 0.000000000000000000e+00 3.905205967824811747e-02
2.110000000000000000e+02 1.000000000000000000e+00 9.992371773682497960e-01 0.000000000000000000e+00 3.905205967824973423e-02
2.120000000000000000e+02 1.000000000000000000e+00 9.992371773682234837e-01 0.000000000000000000e+00 3.905205967824831870e-02
2.130000000000000000e+02 1.000000000000000000e+00 9.992371773681607561e-01 0.000000000000000000e+00 3.905205967824545987e-02
2.140000000000000000e+02 1.000000000000000000e+00 9.992371773682396929e-01 0.000000000000000000e+00 3.905205967824910973e-02
2.150000000000000000e+02 1.000000000000000000e+00 9.992371773682101610e-01 0.000000000000000000e+00 3.905205967824705582e-02
2.160000000000000000e+02 1.000000000000000000e+00 9.992371773682396929e-01 0.000000000000000000e+00 3.905205967824869340e-02
2.170000000000000000e+02 1.000000000000000000e+00 9.992371773682449110e-01 0.000000000000000000e+00 3.905205967824933178e-02
2.180000000000000000e+02 1.000000000000000000e+00 9.992371773681949509e-01 0.000000000000000000e+00 3.905205967824700031e-02
2.190000000000000000e+02 1.000000000000000000e+00 9.992371773682444669e-01 0.000000000000000000e+00 3.905205967824955382e-02
2.200000000000000000e+02 1.000000000000000000e+00 9.992371773681857361e-01 0.000000000000000000e+00 3.905205967824625091e-02
2.210000000000000000e+02 1.000000000000000000e+00 9.992371773682074965e-01 0.000000000000000000e+00 3.905205967824760399e-02
2.220000000000000000e+02 1.000000000000000000e+00 9.992371773682349190e-01 0.000000000000000000e+00 3.905205967824906810e-02
2.230000000000000000e+02 1.000000000000000000e+00 9.992371773682395819e-01 0.000000000000000000e+00 3.905205967824944280e-02
2.240000000000000000e+02 1.000000000000000000e+00 9.992371773682067193e-01 0.000000000000000000e+00 3.905205967824802726e-02
2.250000000000000000e+02 1.000000000000000000e+00 9.992371773682320324e-01 0.000000000000000000e+00 3.905205967824834645e-02
2.260000000000000000e+02 1.000000000000000000e+00 9.992371773682354741e-01 0.000000000000000000e+00 3.905205967824889463e-02
2.270000000000000000e+02 1.000000000000000000e+00 9.992371773682435787e-01 0.000000000000000000e+00 3.905205967824915136e-02
2.280000000000000000e+02 1.000000000000000000e+00 9.992371773682454661e-01 0.000000000000000000e+00 3.905205967824915136e-02
2.290000000000000000e+02 1.000000000000000000e+00 9.992371773681738567e-01 0.000000000000000000e+00 3.905205967824661173e-02
2.300000000000000000e+02 1.000000000000000000e+00 9.992371773682345859e-01 0.000000000000000000e+00 3.905205967824884605e-02
2.310000000000000000e+02 1.000000000000000000e+00 9.992371773682415803e-01 0.000000000000000000e+00 3.905205967824894320e-02
2.320000000000000000e+02 1.000000000000000000e+00 9.992371773682184877e-01 0.000000000000000000e+00 3.905205967824820767e-02
2.330000000000000000e+02 1.000000000000000000e+00 9.992371773682415803e-01 0.000000000000000000e+00 3.905205967824943586e-02
2.340000000000000000e+02 1.000000000000000000e+00 9.992371773682222624e-01 0.000000000000000000e+00 3.905205967824873503e-02
2.350000000000000000e+02 1.000000000000000000e+00 9.992371773682371394e-01 0.000000000000000000e+00 3.905205967824910973e-02
2.360000000000000000e+02 1.000000000000000000e+00 9.992371773682402480e-01 0.000000000000000000e+00 3.905205967824924851e-02
2.370000000000000000e+02 1.000000000000000000e+00 9.992371773681716363e-01 0.000000000000000000e+00 3.905205967824607743e-02
2.380000000000000000e+02 1.000000000000000000e+00 9.992371773682284797e-01 0.000000000000000000e+00 3.905205967824870034e-02
2.390000000000000000e+02 1.000000000000000000e+00 9.992371773682502401e-01 0.000000000000000000e+00 3.905205967824929014e-02
2.400000000000000000e+02 1.000000000000000000e+00 9.992371773682315883e-01 0.000000000000000000e+00 3.905205967824841584e-02
2.410000000000000000e+02 1.000000000000000000e+00 9.992371773682469094e-01 0.000000000000000000e+00 3.905205967824942892e-02
2.420000000000000000e+02 1.000000000000000000e+00 9.992371773681507641e-01 0.000000000000000000e+00 3.905205967824545987e-02
2.430000000000000000e+02 1.000000000000000000e+00 9.992371773682252600e-01 0.000000000000000000e+00 3.905205967824883218e-02
2.440000000000000000e+02 1.000000000000000000e+00 9.992371773681637537e-01 0.000000000000000000e+00 3.905205967824575131e-02
2.450000000000000000e+02 1.000000000000000000e+00 9.992371773682252600e-01 0.000000000000000000e+00 3.905205967824860319e-02
2.460000000000000000e+02 1.000000000000000000e+00 9.992371773682224845e-01 0.000000000000000000e+00 3.905205967824827706e-02
2.470000000000000000e+02 1.000000000000000000e+00 9.992371773682384717e-01 0.000000000000000000e+00 3.905205967824902646e-02
2.480000000000000000e+02 1.000000000000000000e+00 9.992371773681893998e-01 0.000000000000000000e+00 3.905205967824631336e-02
2.490000000000000000e+02 1.000000000000000000e+00 9.992371773682356961e-01 0.000000000000000000e+00 3.905205967824863789e-02
2.500000000000000000e+02 1.000000000000000000e+00 9.992371773682120484e-01 0.000000000000000000e+00 3.905205967824766644e-02
2.510000000000000000e+02 1.000000000000000000e+00 9.992371773682340308e-01 0.000000000000000000e+00 3.905205967824895708e-02
2.520000000000000000e+02 1.000000000000000000e+00 9.992371773682219294e-01 0.000000000000000000e+00 3.905205967824807584e-02
2.530000000000000000e+02 1.000000000000000000e+00 9.992371773682360292e-01 0.000000000000000000e+00 3.905205967824892932e-02
2.540000000000000000e+02 1.000000000000000000e+00 9.992371773681978375e-01 0.000000000000000000e+00 3.905205967824676438e-02
2.550000000000000000e+02 1.000000000000000000e+00 9.992371773682477976e-01 0.000000000000000000e+00 3.905205967824881830e-02
2.560000000000000000e+02 1.000000000000000000e+00 9.992371773681888447e-01 0.000000000000000000e+00 3.905205967824659091e-02
2.570000000000000000e+02 1.000000000000000000e+00 9.992371773681492098e-01 0.000000000000000000e+00 3.905205967824509905e-02
2.580000000000000000e+02 1.000000000000000000e+00 9.992371773682378056e-01 0.000000000000000000e+00 3.905205967824922075e-02
2.590000000000000000e+02 1.000000000000000000e+00 9.992371773681778535e-01 0.000000000000000000e+00 3.905205967824649377e-02
2.600000000000000000e+02 1.000000000000000000e+00 9.992371773682424685e-01 0.000000000000000000e+00 3.905205967824938035e-02
2.610000000000000000e+02 1.000000000000000000e+00 9.992371773682444669e-01 0.000000000000000000e+00 3.905205967824926933e-02
2.620000000000000000e+02 1.000000000000000000e+00 9.992371773682056091e-01 0.000000000000000000e+00 3.905205967824755542e-02
2.630000000000000000e+02 1.000000000000000000e+00 9.992371773682422464e-01 0.000000000000000000e+00 3.905205967824892932e-02
2.640000000000000000e+02 1.000000000000000000e+00 9.992371773682433567e-01 0.000000000000000000e+00 3.905205967824922075e-02
2.650000000000000000e+02 1.000000000000000000e+00 9.992371773682449110e-01 0.000000000000000000e+00 3.905205967824907504e-02
2.660000000000000000e+02 1.000000000000000000e+00 9.992371773682497960e-01 0.000000000000000000e+00 3.905205967824856156e-02
2.670000000000000000e+02 1.000000000000000000e+00 9.992371773682373615e-01 0.000000000000000000e+00 3.905205967824922769e-02
2.680000000000000000e+02 1.000000000000000000e+00 9.992371773682313663e-01 0.000000000000000000e+00 3.905205967824847135e-02
2.690000000000000000e+02 1.000000000000000000e+00 9.992371773682063862e-01 0.000000000000000000e+00 3.905205967824758317e-02
2.700000000000000000e+02 1.000000000000000000e+00 9.992371773682442448e-01 0.000000000000000000e+00 3.905205967824933871e-02
2.710000000000000000e+02 1.000000000000000000e+00 9.992371773682129366e-01 0.000000000000000000e+00 3.905205967824795787e-02
2.720000000000000000e+02 1.000000000000000000e+00 9.992371773682243719e-01 0.000000000000000000e+00 3.905205967824854768e-02
2.730000000000000000e+02 1.000000000000000000e+00 9.992371773682402480e-01 0.000000000000000000e+00 3.905205967824887381e-02
2.740000000000000000e+02 1.000000000000000000e+00 9.992371773682358072e-01 0.000000000000000000e+00 3.905205967824904728e-02
2.750000000000000000e+02 1.000000000000000000e+00 9.992371773681771874e-01 0.000000000000000000e+00 3.905205967824615376e-02
2.760000000000000000e+02 1.000000000000000000e+00 9.992371773682142688e-01 0.000000000000000000e+00 3.905205967824791624e-02
2.770000000000000000e+02 1.000000000000000000e+00 9.992371773682444669e-01 0.000000000000000000e+00 3.905205967824929014e-02
2.780000000000000000e+02 1.000000000000000000e+00 9.992371773680219782e-01 0.000000000000000000e+00 3.905205967824058877e-02
2.790000000000000000e+02 1.000000000000000000e+00 9.992371773682245939e-01 0.000000000000000000e+00 3.905205967824815910e-02
2.800000000000000000e+02 1.000000000000000000e+00 9.992371773681900660e-01 0.000000000000000000e+00 3.905205967824700031e-02
2.810000000000000000e+02 1.000000000000000000e+00 9.992371773682293679e-01 0.000000000000000000e+00 3.905205967824854768e-02
2.820000000000000000e+02 1.000000000000000000e+00 9.992371773682469094e-01 0.000000000000000000e+00 3.905205967824926239e-02
2.830000000000000000e+02 1.000000000000000000e+00 9.992371773682329206e-01 0.000000000000000000e+00 3.905205967824889463e-02
2.840000000000000000e+02 1.000000000000000000e+00 9.992371773682384717e-01 0.000000000000000000e+00 3.905205967824883218e-02
2.850000000000000000e+02 1.000000000000000000e+00 9.992371773682207081e-01 0.000000000000000000e+00 3.905205967824845747e-02
2.860000000000000000e+02 1.000000000000000000e+00 9.992371773682300340e-01 0.000000000000000000e+00 3.905205967824870728e-02
2.870000000000000000e+02 1.000000000000000000e+00 9.992371773682331426e-01 0.000000000000000000e+00 3.905205967824874891e-02
2.880000000000000000e+02 1.000000000000000000e+00 9.992371773681436586e-01 0.000000000000000000e+00 3.905205967824532109e-02
2.890000000000000000e+02 1.000000000000000000e+00 9.992371773682144909e-01 0.000000000000000000e+00 3.905205967824807584e-02
2.900000000000000000e+02 1.000000000000000000e+00 9.992371773682358072e-01 0.000000000000000000e+00 3.905205967824892238e-02
2.910000000000000000e+02 1.000000000000000000e+00 9.992371773682291458e-01 0.000000000000000000e+00 3.905205967824874197e-02
2.920000000000000000e+02 1.000000000000000000e+00 9.992371773682453551e-01 0.000000000000000000e+00 3.905205967824920688e-02
2.930000000000000000e+02 1.000000000000000000e+00 9.992371773682389158e-01 0.000000000000000000e+00 3.905205967824910279e-02
2.940000000000000000e+02 1.000000000000000000e+00 9.992371773682131586e-01 0.000000000000000000e+00 3.905205967824808277e-02
2.950000000000000000e+02 1.000000000000000000e+00 9.992371773681896219e-01 0.000000000000000000e+00 3.905205967824612601e-02
2.960000000000000000e+02 1.000000000000000000e+00 9.992371773682326985e-01 0.000000000000000000e+00 3.905205967824912361e-02
2.970000000000000000e+02 1.000000000000000000e+00 9.992371773681942848e-01 0.000000000000000000e+00 3.905205967824666724e-02
2.980000000000000000e+02 1.000000000000000000e+00 9.992371773682389158e-01 0.000000000000000000e+00 3.905205967824895014e-02
2.990000000000000000e+02 1.000000000000000000e+00 9.992371773681971714e-01 0.000000000000000000e+00 3.905205967824734725e-02
3.000000000000000000e+02 1.000000000000000000e+00 9.992371773682334757e-01 0.000000000000000000e+00 3.905205967824892932e-02
3.010000000000000000e+02 1.000000000000000000e+00 9.992371773682182656e-01 0.000000000000000000e+00 3.905205967824837421e-02
3.020000000000000000e+02 1.000000000000000000e+00 9.992371773682028335e-01 0.000000000000000000e+00 3.905205967824736113e-02
3.030000000000000000e+02 1.000000000000000000e+00 9.992371773682351410e-01 0.000000000000000000e+00 3.905205967824900565e-02
3.040000000000000000e+02 1.000000000000000000e+00 9.992371773682416913e-01 0.000000000000000000e+00 3.905205967824899177e-02
3.050000000000000000e+02 1.000000000000000000e+00 9.992371773682410252e-01 0.000000000000000000e+00 3.905205967824902646e-02
3.060000000000000000e+02 1.000000000000000000e+00 9.992371773682061642e-01 0.000000000000000000e+00 3.905205967824696561e-02
3.070000000000000000e+02 1.000000000000000000e+00 9.992371773681889557e-01 0.000000000000000000e+00 3.905205967824676438e-02
3.080000000000000000e+02 1.000000000000000000e+00 9.992371773682261482e-01 0.000000000000000000e+00 3.905205967824850605e-02
3.090000000000000000e+02 1.000000000000000000e+00 9.992371773682309222e-01 0.000000000000000000e+00 3.905205967824892238e-02
3.100000000000000000e+02 1.000000000000000000e+00 9.992371773682238167e-01 0.000000000000000000e+00 3.905205967824841584e-02
3.110000000000000000e+02 1.000000000000000000e+00 9.992371773682446889e-01 0.000000000000000000e+00 3.905205967824941504e-02
3.120000000000000000e+02 1.000000000000000000e+00 9.992371773682374725e-01 0.000000000000000000e+00 3.905205967824873503e-02
3.130000000000000000e+02 1.000000000000000000e+00 9.992371773682217073e-01 0.000000000000000000e+00 3.905205967824813135e-02
3.140000000000000000e+02 1.000000000000000000e+00 9.992371773682162672e-01 0.000000000000000000e+00 3.905205967824769420e-02
3.150000000000000000e+02 1.000000000000000000e+00 9.992371773681787417e-01 0.000000000000000000e+00 3.905205967824603580e-02
3.160000000000000000e+02 1.000000000000000000e+00 9.992371773682485747e-01 0.000000000000000000e+00 3.905205967824938729e-02
3.170000000000000000e+02 1.000000000000000000e+00 9.992371773681001379e-01 0.000000000000000000e+00 3.905205967824390556e-02
3.180000000000000000e+02 1.000000000000000000e+00 9.992371773682147129e-01 0.000000000000000000e+00 3.905205967824829094e-02
3.190000000000000000e+02 1.000000000000000000e+00 9.992371773682147129e-01 0.000000000000000000e+00 3.905205967824797175e-02
3.200000000000000000e+02 1.000000000000000000e+00 9.992371773682300340e-01 0.000000000000000000e+00 3.905205967824892932e-02
3.210000000000000000e+02 1.000000000000000000e+00 9.992371773682222624e-01 0.000000000000000000e+00 3.905205967824852686e-02
3.220000000000000000e+02 1.000000000000000000e+00 9.992371773682415803e-01 0.000000000000000000e+00 3.905205967824886687e-02
3.230000000000000000e+02 1.000000000000000000e+00 9.992371773682473535e-01 0.000000000000000000e+00 3.905205967824928320e-02
3.240000000000000000e+02 1.000000000000000000e+00 9.992371773682235947e-01 0.000000000000000000e+00 3.905205967824855462e-02
3.250000000000000000e+02 1.000000000000000000e+00 9.992371773682389158e-01 0.000000000000000000e+00 3.905205967824897095e-02
3.260000000000000000e+02 1.000000000000000000e+00 9.992371773682166003e-01 0.000000000000000000e+00 3.905205967824848523e-02
3.270000000000000000e+02 1.000000000000000000e+00 9.992371773682241498e-01 0.000000000000000000e+00 3.905205967824850605e-02
3.280000000000000000e+02 1.000000000000000000e+00 9.992371773682156011e-01 0.000000000000000000e+00 3.905205967824777746e-02
3.290000000000000000e+02 1.000000000000000000e+00 9.992371773681779645e-01 0.000000000000000000e+00 3.905205967824613988e-02
3.300000000000000000e+02 1.000000000000000000e+00 9.992371773682133806e-01 0.000000000000000000e+00 3.905205967824795787e-02
3.310000000000000000e+02 1.000000000000000000e+00 9.992371773682436897e-01 0.000000000000000000e+00 3.905205967824899871e-02
3.320000000000000000e+02 1.000000000000000000e+00 9.992371773682358072e-01 0.000000000000000000e+00 3.905205967824888769e-02
3.330000000000000000e+02 1.000000000000000000e+00 9.992371773680222002e-01 0.000000000000000000e+00 3.905205967824038754e-02
3.340000000000000000e+02 1.000000000000000000e+00 9.992371773682408032e-01 0.000000000000000000e+00 3.905205967824891544e-02
3.350000000000000000e+02 1.000000000000000000e+00 9.992371773682412472e-01 0.000000000000000000e+00 3.905205967824911667e-02
3.360000000000000000e+02 1.000000000000000000e+00 9.992371773682113822e-01 0.000000000000000000e+00 3.905205967824754154e-02
3.370000000000000000e+02 1.000000000000000000e+00 9.992371773682331426e-01 0.000000000000000000e+00 3.905205967824880442e-02
3.380000000000000000e+02 1.000000000000000000e+00 9.992371773682438008e-01 0.000000000000000000e+00 3.905205967824918606e-02
3.390000000000000000e+02 1.000000000000000000e+00 9.992371773682278135e-01 0.000000000000000000e+00 3.905205967824852686e-02
3.400000000000000000e+02 1.000000000000000000e+00 9.992371773682439118e-01 0.000000000000000000e+00 3.905205967824945668e-02
3.410000000000000000e+02 1.000000000000000000e+00 9.992371773682113822e-01 0.000000000000000000e+00 3.905205967824787461e-02
3.420000000000000000e+02 1.000000000000000000e+00 9.992371773682110492e-01 0.000000000000000000e+00 3.905205967824786767e-02
3.430000000000000000e+02 1.000000000000000000e+00 9.992371773682315883e-01 0.000000000000000000e+00 3.905205967824885993e-02
3.440000000000000000e+02 1.000000000000000000e+00 9.992371773682203751e-01 0.000000000000000000e+00 3.905205967824776359e-02
3.450000000000000000e+02 1.000000000000000000e+00 9.992371773682009461e-01 0.000000000000000000e+00 3.905205967824727786e-02
3.460000000000000000e+02 1.000000000000000000e+00 9.992371773682301450e-01 0.000000000000000000e+00 3.905205967824913749e-02
3.470000000000000000e+02 1.000000000000000000e+00 9.992371773682096059e-01 0.000000000000000000e+00 3.905205967824740276e-02
3.480000000000000000e+02 1.000000000000000000e+00 9.992371773681878455e-01 0.000000000000000000e+00 3.905205967824677826e-02
3.490000000000000000e+02 1.000000000000000000e+00 9.992371773682401370e-01 0.000000000000000000e+00 3.905205967824895014e-02
3.500000000000000000e+02 1.000000000000000000e+00 9.992371773682440228e-01 0.000000000000000000e+00 3.905205967824937341e-02
3.510000000000000000e+02 1.000000000000000000e+00 9.992371773682483527e-01 0.000000000000000000e+00 3.905205967824942198e-02
3.520000000000000000e+02 1.000000000000000000e+00 9.992371773681844038e-01 0.000000000000000000e+00 3.905205967824731256e-02
3.530000000000000000e+02 1.000000000000000000e+00 9.992371773681691938e-01 0.000000000000000000e+00 3.905205967824568886e-02
3.540000000000000000e+02 1.000000000000000000e+00 9.992371773682330316e-01 0.000000000000000000e+00 3.905205967824890156e-02
3.550000000000000000e+02 1.000000000000000000e+00 9.992371773682098279e-01 0.000000000000000000e+00 3.905205967824759705e-02
3.560000000000000000e+02 1.000000000000000000e+00 9.992371773681112401e-01 0.000000000000000000e+00 3.905205967824364188e-02
3.570000000000000000e+02 1.000000000000000000e+00 9.992371773682434677e-01 0.000000000000000000e+00 3.905205967824940116e-02
3.580000000000000000e+02 1.000000000000000000e+00 9.992371773682346969e-01 0.000000000000000000e+00 3.905205967824894320e-02
3.590000000000000000e+02 1.000000000000000000e+00 9.992371773682218183e-01 0.000000000000000000e+00 3.905205967824855462e-02
3.600000000000000000e+02 1.000000000000000000e+00 9.992371773681794078e-01 0.000000000000000000e+00 3.905205967824641744e-02
3.610000000000000000e+02 1.000000000000000000e+00 9.992371773681878455e-01 0.000000000000000000e+00 3.905205967824700031e-02
3.620000000000000000e+02 1.000000000000000000e+00 9.992371773682107161e-01 0.000000000000000000e+00 3.905205967824774277e-02
3.630000000000000000e+02 1.000000000000000000e+00 9.992371773682335867e-01 0.000000000000000000e+00 3.905205967824864483e-02
3.640000000000000000e+02 1.000000000000000000e+00 9.992371773682460212e-01 0.000000000000000000e+00 3.905205967824963709e-02
3.650000000000000000e+02 1.000000000000000000e+00 9.992371773681725244e-01 0.000000000000000000e+00 3.905205967824660479e-02
3.660000000000000000e+02 1.000000000000000000e+00 9.992371773681278935e-01 0.000000000000000000e+00 3.905205967824447455e-02
3.670000000000000000e+02 1.000000000000000000e+00 9.992371773682290348e-01 0.000000000000000000e+00 3.905205967824861707e-02
3.680000000000000000e+02 1.000000000000000000e+00 9.992371773682342528e-01 0.000000000000000000e+00 3.905205967824897095e-02
3.690000000000000000e+02 1.000000000000000000e+00 9.992371773682287017e-01 0.000000000000000000e+00 3.905205967824825625e-02
3.700000000000000000e+02 1.000000000000000000e+00 9.992371773682191538e-01 0.000000000000000000e+00 3.905205967824809665e-02
3.710000000000000000e+02 1.000000000000000000e+00 9.992371773680979175e-01 0.000000000000000000e+00 3.905205967824351698e-02
3.720000000000000000e+02 1.000000000000000000e+00 9.992371773682273695e-01 0.000000000000000000e+00 3.905205967824823543e-02
3.730000000000000000e+02 1.000000000000000000e+00 9.992371773682466873e-01 0.000000000000000000e+00 3.905205967824947055e-02
3.740000000000000000e+02 1.000000000000000000e+00 9.992371773681923974e-01 0.000000000000000000e+00 3.905205967824713215e-02
3.750000000000000000e+02 1.000000000000000000e+00 9.992371773681917313e-01 0.000000000000000000e+00 3.905205967824684765e-02
3.760000000000000000e+02 1.000000000000000000e+00 9.992371773682313663e-01 0.000000000000000000e+00 3.905205967824867952e-02
3.770000000000000000e+02 1.000000000000000000e+00 9.992371773682402480e-01 0.000000000000000000e+00 3.905205967824884605e-02
3.780000000000000000e+02 1.000000000000000000e+00 9.992371773682274805e-01 0.000000000000000000e+00 3.905205967824849217e-02
3.790000000000000000e+02 1.000000000000000000e+00 9.992371773681778535e-01 0.000000000000000000e+00 3.905205967824617458e-02
3.800000000000000000e+02 1.000000000000000000e+00 9.992371773682195979e-01 0.000000000000000000e+00 3.905205967824830482e-02
3.810000000000000000e+02 1.000000000000000000e+00 9.992371773682353631e-01 0.000000000000000000e+00 3.905205967824865176e-02
3.820000000000000000e+02 1.000000000000000000e+00 9.992371773682409142e-01 0.000000000000000000e+00 3.905205967824910973e-02
3.830000000000000000e+02 1.000000000000000000e+00 9.992371773682493519e-01 0.000000000000000000e+00 3.905205967824956770e-02
3.840000000000000000e+02 1.000000000000000000e+00 9.992371773681456570e-01 0.000000000000000000e+00 3.905205967824511293e-02
3.850000000000000000e+02 1.000000000000000000e+00 9.992371773682198199e-01 0.000000000000000000e+00 3.905205967824782604e-02
3.860000000000000000e+02 1.000000000000000000e+00 9.992371773682116043e-01 0.000000000000000000e+00 3.905205967824769420e-02
3.870000000000000000e+02 1.000000000000000000e+00 9.992371773682242608e-01 0.000000000000000000e+00 3.905205967824880442e-02
3.880000000000000000e+02 1.000000000000000000e+00 9.992371773681190117e-01 0.000000000000000000e+00 3.905205967824368352e-02
3.890000000000000000e+02 1.000000000000000000e+00 9.992371773682230396e-01 0.000000000000000000e+00 3.905205967824821461e-02
3.900000000000000000e+02 1.000000000000000000e+00 9.992371773681869573e-01 0.000000000000000000e+00 3.905205967824677132e-02
3.910000000000000000e+02 1.000000000000000000e+00 9.992371773682371394e-01 0.000000000000000000e+00 3.905205967824901953e-02
3.920000000000000000e+02 1.000000000000000000e+00 9.992371773681696379e-01 0.000000000000000000e+00 3.905205967824652846e-02
3.930000000000000000e+02 1.000000000000000000e+00 9.992371773681485436e-01 0.000000000000000000e+00 3.905205967824566110e-02
3.940000000000000000e+02 1.000000000000000000e+00 9.992371773682010572e-01 0.000000000000000000e+00 3.905205967824735419e-02
3.950000000000000000e+02 1.000000000000000000e+00 9.992371773682265923e-01 0.000000000000000000e+00 3.905205967824869340e-02
3.960000000000000000e+02 1.000000000000000000e+00 9.992371773681671954e-01 0.000000000000000000e+00 3.905205967824582763e-02
3.970000000000000000e+02 1.000000000000000000e+00 9.992371773682029445e-01 0.000000000000000000e+00 3.905205967824725011e-02
3.980000000000000000e+02 1.000000000000000000e+00 9.992371773682329206e-01 0.000000000000000000e+00 3.905205967824880442e-02
3.990000000000000000e+02 1.000000000000000000e+00 9.992371773682384717e-01 0.000000000000000000e+00 3.905205967824888769e-02
4.000000000000000000e+02 1.000000000000000000e+00 9.992371773682180436e-01 0.000000000000000000e+00 3.905205967824813829e-02
4.010000000000000000e+02 1.000000000000000000e+00 9.992371773682240388e-01 0.000000000000000000e+00 3.905205967824804808e-02
4.020000000000000000e+02 1.000000000000000000e+00 9.992371773682049430e-01 0.000000000000000000e+00 3.905205967824793012e-02
4.030000000000000000e+02 1.000000000000000000e+00 9.992371773682298119e-01 0.000000000000000000e+00 3.905205967824871421e-02
4.040000000000000000e+02 1.000000000000000000e+00 9.992371773681836267e-01 0.000000000000000000e+00 3.905205967824638275e-02
4.050000000000000000e+02 1.000000000000000000e+00 9.992371773682289238e-01 0.000000000000000000e+00 3.905205967824863789e-02
4.060000000000000000e+02 1.000000000000000000e+00 9.992371773681518743e-01 0.000000000000000000e+00 3.905205967824570967e-02
4.070000000000000000e+02 1.000000000000000000e+00 9.992371773682274805e-01 0.000000000000000000e+00 3.905205967824842278e-02
4.080000000000000000e+02 1.000000000000000000e+00 9.992371773682031666e-01 0.000000000000000000e+00 3.905205967824747909e-02
4.090000000000000000e+02 1.000000000000000000e+00 9.992371773682526825e-01 0.000000000000000000e+00 3.905205967824947055e-02
4.100000000000000000e+02 1.000000000000000000e+00 9.992371773681931746e-01 0.000000000000000000e+00 3.905205967824700725e-02
4.110000000000000000e+02 1.000000000000000000e+00 9.992371773682209302e-01 0.000000000000000000e+00 3.905205967824799951e-02
4.120000000000000000e+02 1.000000000000000000e+00 9.992371773682375835e-01 0.000000000000000000e+00 3.905205967824888769e-02
4.130000000000000000e+02 1.000000000000000000e+00 9.992371773682473535e-01 0.000000000000000000e+00 3.905205967824953300e-02
4.140000000000000000e+02 1.000000000000000000e+00 9.992371773682373615e-01 0.000000000000000000e+00 3.905205967824894320e-02
4.150000000000000000e+02 1.000000000000000000e+00 9.992371773682298119e-01 0.000000000000000000e+00 3.905205967824854074e-02
4.160000000000000000e+02 1.000000000000000000e+00 9.992371773682073854e-01 0.000000000000000000e+00 3.905205967824731950e-02
4.170000000000000000e+02 1.000000000000000000e+00 9.992371773682274805e-01 0.000000000000000000e+00 3.905205967824806890e-02
4.180000000000000000e+02 1.000000000000000000e+00 9.992371773682271474e-01 0.000000000000000000e+00 3.905205967824829094e-02
4.190000000000000000e+02 1.000000000000000000e+00 9.992371773681968383e-01 0.000000000000000000e+00 3.905205967824709745e-02
4.200000000000000000e+02 1.000000000000000000e+00 9.992371773682213743e-01 0.000000000000000000e+00 3.905205967824824237e-02
4.210000000000000000e+02 1.000000000000000000e+00 9.992371773682164893e-01 0.000000000000000000e+00 3.905205967824805502e-02
4.220000000000000000e+02 1.000000000000000000e+00 9.992371773681186786e-01 0.000000000000000000e+00 3.905205967824387087e-02
4.230000000000000000e+02 1.000000000000000000e+00 9.992371773682281466e-01 0.000000000000000000e+00 3.905205967824856156e-02
4.240000000000000000e+02 1.000000000000000000e+00 9.992371773682326985e-01 0.000000000000000000e+00 3.905205967824828400e-02
4.250000000000000000e+02 1.000000000000000000e+00 9.992371773681982816e-01 0.000000000000000000e+00 3.905205967824709051e-02
4.260000000000000000e+02 1.000000000000000000e+00 9.992371773682281466e-01 0.000000000000000000e+00 3.905205967824865870e-02
4.270000000000000000e+02 1.000000000000000000e+00 9.992371773681385516e-01 0.000000000000000000e+00 3.905205967824439822e-02
4.280000000000000000e+02 1.000000000000000000e+00 9.992371773682386937e-01 0.000000000000000000e+00 3.905205967824910973e-02
4.290000000000000000e+02 1.000000000000000000e+00 9.992371773682370284e-01 0.000000000000000000e+00 3.905205967824879748e-02
4.300000000000000000e+02 1.000000000000000000e+00 9.992371773682423575e-01 0.000000000000000000e+00 3.905205967824910973e-02
4.310000000000000000e+02 1.000000000000000000e+00 9.992371773681147928e-01 0.000000000000000000e+00 3.905205967824428720e-02
4.320000000000000000e+02 1.000000000000000000e+00 9.992371773682369174e-01 0.000000000000000000e+00 3.905205967824863095e-02
4.330000000000000000e+02 1.000000000000000000e+00 9.992371773682255931e-01 0.000000000000000000e+00 3.905205967824812441e-02
4.340000000000000000e+02 1.000000000000000000e+00 9.992371773682187097e-01 0.000000000000000000e+00 3.905205967824783297e-02
4.350000000000000000e+02 1.000000000000000000e+00 9.992371773682411362e-01 0.000000000000000000e+00 3.905205967824887381e-02
4.360000000000000000e+02 1.000000000000000000e+00 9.992371773680911451e-01 0.000000000000000000e+00 3.905205967824347535e-02
4.370000000000000000e+02 1.000000000000000000e+00 9.992371773682351410e-01 0.000000000000000000e+00 3.905205967824938729e-02
4.380000000000000000e+02 1.000000000000000000e+00 9.992371773681941738e-01 0.000000000000000000e+00 3.905205967824701419e-02
4.390000000000000000e+02 1.000000000000000000e+00 9.992371773682096059e-01 0.000000000000000000e+00 3.905205967824765256e-02
4.400000000000000000e+02 1.000000000000000000e+00 9.992371773682261482e-01 0.000000000000000000e+00 3.905205967824857544e-02
4.410000000000000000e+02 1.000000000000000000e+00 9.992371773681436586e-01 0.000000000000000000e+00 3.905205967824521007e-02
4.420000000000000000e+02 1.000000000000000000e+00 9.992371773682430236e-01 0.000000000000000000e+00 3.905205967824913749e-02
4.430000000000000000e+02 1.000000000000000000e+00 9.992371773681846259e-01 0.000000000000000000e+00 3.905205967824681990e-02
4.440000000000000000e+02 1.000000000000000000e+00 9.992371773682372504e-01 0.000000000000000000e+00 3.905205967824904034e-02
4.450000000000000000e+02 1.000000000000000000e+00 9.992371773682251490e-01 0.000000000000000000e+00 3.905205967824807584e-02
4.460000000000000000e+02 1.000000000000000000e+00 9.992371773682231506e-01 0.000000000000000000e+00 3.905205967824817992e-02
4.470000000000000000e+02 1.000000000000000000e+00 9.992371773682139358e-01 0.000000000000000000e+00 3.905205967824755542e-02
4.480000000000000000e+02 1.000000000000000000e+00 9.992371773682138247e-01 0.000000000000000000e+00 3.905205967824756930e-02
4.490000000000000000e+02 1.000000000000000000e+00 9.992371773682172664e-01 0.000000000000000000e+00 3.905205967824805502e-02
4.500000000000000000e+02 1.000000000000000000e+00 9.992371773682111602e-01 0.000000000000000000e+00 3.905205967824796481e-02
4.510000000000000000e+02 1.000000000000000000e+00 9.992371773682365843e-01 0.000000000000000000e+00 3.905205967824895708e-02
4.520000000000000000e+02 1.000000000000000000e+00 9.992371773681165692e-01 0.000000000000000000e+00 3.905205967824387780e-02
4.530000000000000000e+02 1.000000000000000000e+00 9.992371773682355851e-01 0.000000000000000000e+00 3.905205967824884605e-02
4.540000000000000000e+02 1.000000000000000000e+00 9.992371773681274494e-01 0.000000000000000000e+00 3.905205967824470353e-02
4.550000000000000000e+02 1.000000000000000000e+00 9.992371773682244829e-01 0.000000000000000000e+00 3.905205967824844360e-02
4.560000000000000000e+02 1.000000000000000000e+00 9.992371773682015013e-01 0.000000000000000000e+00 3.905205967824709051e-02
4.570000000000000000e+02 1.000000000000000000e+00 9.992371773682171554e-01 0.000000000000000000e+00 3.905205967824808277e-02
4.580000000000000000e+02 1.000000000000000000e+00 9.992371773682158231e-01 0.000000000000000000e+00 3.905205967824817992e-02
4.590000000000000000e+02 1.000000000000000000e+00 9.992371773682464653e-01 0.000000000000000000e+00 3.905205967824922769e-02
4.600000000000000000e+02 1.000000000000000000e+00 9.992371773682351410e-01 0.000000000000000000e+00 3.905205967824878360e-02
4.610000000000000000e+02 1.000000000000000000e+00 9.992371773682446889e-01 0.000000000000000000e+00 3.905205967824908198e-02
4.620000000000000000e+02 1.000000000000000000e+00 9.992371773681727465e-01 0.000000000000000000e+00 3.905205967824623703e-02
4.630000000000000000e+02 1.000000000000000000e+00 9.992371773682231506e-01 0.000000000000000000e+00 3.905205967824827706e-02
4.640000000000000000e+02 1.000000000000000000e+00 9.992371773681808511e-01 0.000000000000000000e+00 3.905205967824626478e-02
4.650000000000000000e+02 1.000000000000000000e+00 9.992371773681545388e-01 0.000000000000000000e+00 3.905205967824564028e-02
4.660000000000000000e+02 1.000000000000000000e+00 9.992371773682267033e-01 0.000000000000000000e+00 3.905205967824876279e-02
4.670000000000000000e+02 1.000000000000000000e+00 9.992371773682153790e-01 0.000000000000000000e+00 3.905205967824797175e-02
4.680000000000000000e+02 1.000000000000000000e+00 9.992371773681969493e-01 0.000000000000000000e+00 3.905205967824763869e-02
4.690000000000000000e+02 1.000000000000000000e+00 9.992371773682351410e-01 0.000000000000000000e+00 3.905205967824869340e-02
4.700000000000000000e+02 1.000000000000000000e+00 9.992371773682352520e-01 0.000000000000000000e+00 3.905205967824860319e-02
4.710000000000000000e+02 1.000000000000000000e+00 9.992371773681945069e-01 0.000000000000000000e+00 3.905205967824680602e-02
4.720000000000000000e+02 1.000000000000000000e+00 9.992371773681658631e-01 0.000000000000000000e+00 3.905205967824622315e-02
4.730000000000000000e+02 1.000000000000000000e+00 9.992371773682154901e-01 0.000000000000000000e+00 3.905205967824828400e-02
4.740000000000000000e+02 1.000000000000000000e+00 9.992371773682029445e-01 0.000000000000000000e+00 3.905205967824770807e-02
4.750000000000000000e+02 1.000000000000000000e+00 9.992371773682413583e-01 0.000000000000000000e+00 3.905205967824909585e-02
4.760000000000000000e+02 1.000000000000000000e+00 9.992371773681886227e-01 0.000000000000000000e+00 3.905205967824711827e-02
4.770000000000000000e+02 1.000000000000000000e+00 9.992371773682100500e-01 0.000000000000000000e+00 3.905205967824795787e-02
4.780000000000000000e+02 1.000000000000000000e+00 9.992371773680517322e-01 0.000000000000000000e+00 3.905205967824158797e-02
4.790000000000000000e+02 1.000000000000000000e+00 9.992371773681743008e-01 0.000000000000000000e+00 3.905205967824654234e-02
4.800000000000000000e+02 1.000000000000000000e+00 9.992371773682326985e-01 0.000000000000000000e+00 3.905205967824880442e-02
4.810000000000000000e+02 1.000000000000000000e+00 9.992371773681931746e-01 0.000000000000000000e+00 3.905205967824720154e-02
4.820000000000000000e+02 1.000000000000000000e+00 9.992371773682192648e-01 0.000000000000000000e+00 3.905205967824820767e-02
4.830000000000000000e+02 1.000000000000000000e+00 9.992371773681848479e-01 0.000000000000000000e+00 3.905205967824673663e-02
4.840000000000000000e+02 1.000000000000000000e+00 9.992371773682210412e-01 0.000000000000000000e+00 3.905205967824812441e-02
4.850000000000000000e+02 1.000000000000000000e+00 9.992371773681866243e-01 0.000000000000000000e+00 3.905205967824688235e-02
4.860000000000000000e+02 1.000000000000000000e+00 9.992371773681909541e-01 0.000000000000000000e+00 3.905205967824689622e-02
4.870000000000000000e+02 1.000000000000000000e+00 9.992371773681876235e-01 0.000000000000000000e+00 3.905205967824685459e-02
4.880000000000000000e+02 1.000000000000000000e+00 9.992371773681925085e-01 0.000000000000000000e+00 3.905205967824738889e-02
4.890000000000000000e+02 1.000000000000000000e+00 9.992371773681905101e-01 0.000000000000000000e+00 3.905205967824724317e-02
4.900000000000000000e+02 1.000000000000000000e+00 9.992371773681125724e-01 0.000000000000000000e+00 3.905205967824396107e-02
4.910000000000000000e+02 1.000000000000000000e+00 9.992371773681119063e-01 0.000000000000000000e+00 3.905205967824377372e-02
4.920000000000000000e+02 1.000000000000000000e+00 9.992371773681686387e-01 0.000000000000000000e+00 3.905205967824607743e-02
4.930000000000000000e+02 1.000000000000000000e+00 9.992371773682093838e-01 0.000000000000000000e+00 3.905205967824756930e-02
4.940000000000000000e+02 1.000000000000000000e+00 9.992371773682362512e-01 0.000000000000000000e+00 3.905205967824876279e-02
4.950000000000000000e+02 1.000000000000000000e+00 9.992371773681945069e-01 0.000000000000000000e+00 3.905205967824737501e-02
4.960000000000000000e+02 1.000000000000000000e+00 9.992371773682141578e-01 0.000000000000000000e+00 3.905205967824781910e-02
4.970000000000000000e+02 1.000000000000000000e+00 9.992371773682234837e-01 0.000000000000000000e+00 3.905205967824808277e-02
4.980000000000000000e+02 1.000000000000000000e+00 9.992371773682334757e-01 0.000000000000000000e+00 3.905205967824867952e-02
4.990000000000000000e+02 1.000000000000000000e+00 9.992371773682064973e-01 0.000000000000000000e+00 3.905205967824771501e-02
5.000000000000000000e+02 1.000000000000000000e+00 9.992371773682058311e-01 0.000000000000000000e+00 3.905205967824766644e-02
5.010000000000000000e+02 1.000000000000000000e+00 9.992371773681922864e-01 0.000000000000000000e+00 3.905205967824687541e-02
5.020000000000000000e+02 1.000000000000000000e+00 9.992371773681553160e-01 0.000000000000000000e+00 3.905205967824575825e-02
5.030000000000000000e+02 1.000000000000000000e+00 9.992371773681815172e-01 0.000000000000000000e+00 3.905205967824659091e-02
5.040000000000000000e+02 1.000000000000000000e+00 9.992371773682190428e-01 0.000000000000000000e+00 3.905205967824810359e-02
5.050000000000000000e+02 1.000000000000000000e+00 9.992371773682390268e-01 0.000000000000000000e+00 3.905205967824875585e-02
5.060000000000000000e+02 1.000000000000000000e+00 9.992371773682054981e-01 0.000000000000000000e+00 3.905205967824735419e-02
5.070000000000000000e+02 1.000000000000000000e+00 9.992371773681285596e-01 0.000000000000000000e+00 3.905205967824472435e-02
5.080000000000000000e+02 1.000000000000000000e+00 9.992371773682391378e-01 0.000000000000000000e+00 3.905205967824925545e-02
5.090000000000000000e+02 1.000000000000000000e+00 9.992371773679412650e-01 0.000000000000000000e+00 3.905205967823743851e-02
5.100000000000000000e+02 1.000000000000000000e+00 9.992371773682131586e-01 0.000000000000000000e+00 3.905205967824804114e-02
5.110000000000000000e+02 1.000000000000000000e+00 9.992371773682101610e-01 0.000000000000000000e+00 3.905205967824749991e-02
