512 4
0.000000000000000000e+00 1.000000000000000000e+00 9.992371773682557912e-01 0.000000000000000000e+00 3.905205967825263469e-02
1.000000000000000000e+00 1.000000000000000000e+00 9.992371773682533487e-01 0.000000000000000000e+00 3.905205967824888075e-02
2.000000000000000000e+00 1.000000000000000000e+00 9.992371773682450220e-01 0.000000000000000000e+00 3.905205967825060853e-02
3.000000000000000000e+00 1.000000000000000000e+00 9.992371773682483527e-01 0.000000000000000000e+00 3.905205967825110119e-02
4.000000000000000000e+00 1.000000000000000000e+00 9.992371773682471314e-01 0.000000000000000000e+00 3.905205967825096242e-02
5.000000000000000000e+00 1.000000000000000000e+00 9.992371773682461322e-01 0.000000000000000000e+00 3.905205967825089303e-02
6.000000000000000000e+00 1.000000000000000000e+00 9.992371773682320324e-01 0.000000000000000000e+00 3.905205967825019914e-02
7.000000000000000000e+00 1.000000000000000000e+00 9.992371773681953950e-01 0.000000000000000000e+00 3.905205967824928320e-02
8.000000000000000000e+00 1.000000000000000000e+00 9.992371773682543479e-01 0.000000000000000000e+00 3.905205967825080282e-02
9.000000000000000000e+00 1.000000000000000000e+00 9.992371773682220404e-01 0.000000000000000000e+00 3.905205967824977586e-02
1.000000000000000000e+01 1.000000000000000000e+00 9.992371773682571234e-01 0.000000000000000000e+00 3.905205967824941504e-02
1.100000000000000000e+01 1.000000000000000000e+00 9.992371773682265923e-01 0.000000000000000000e+00 3.905205967825038649e-02
1.200000000000000000e+01 1.000000000000000000e+00 9.992371773682446889e-01 0.000000000000000000e+00 3.905205967825084445e-02
1.300000000000000000e+01 1.000000000000000000e+00 9.992371773682474645e-01 0.000000000000000000e+00 3.905205967825101099e-02
1.400000000000000000e+01 1.000000000000000000e+00 9.992371773682355851e-01 0.000000000000000000e+00 3.905205967825048363e-02
1.500000000000000000e+01 1.000000000000000000e+00 9.992371773682232616e-01 0.000000000000000000e+00 3.905205967825028934e-02
1.600000000000000000e+01 1.000000000000000000e+00 9.992371773682275915e-01 0.000000000000000000e+00 3.905205967825037955e-02
1.700000000000000000e+01 1.000000000000000000e+00 9.992371773681910652e-01 0.000000000000000000e+00 3.905205967824977586e-02
1.800000000000000000e+01 1.000000000000000000e+00 9.992371773682509062e-01 0.000000000000000000e+00 3.905205967825181590e-02
1.900000000000000000e+01 1.000000000000000000e+00 9.992371773682248159e-01 0.000000000000000000e+00 3.905205967824979668e-02
2.000000000000000000e+01 1.000000000000000000e+00 9.992371773682461322e-01 0.000000000000000000e+00 3.905205967825094160e-02
2.100000000000000000e+01 1.000000000000000000e+00 9.992371773682238167e-01 0.000000000000000000e+00 3.905205967824976199e-02
2.200000000000000000e+01 1.000000000000000000e+00 9.992371773682262592e-01 0.000000000000000000e+00 3.905205967825024771e-02
2.300000000000000000e+01 1.000000000000000000e+00 9.992371773682098279e-01 0.000000000000000000e+00 3.905205967824947749e-02
2.400000000000000000e+01 1.000000000000000000e+00 9.992371773681845148e-01 0.000000000000000000e+00 3.905205967824883911e-02
2.500000000000000000e+01 1.000000000000000000e+00 9.992371773681794078e-01 0.000000000000000000e+00 3.905205967824870728e-02
2.600000000000000000e+01 1.000000000000000000e+00 9.992371773682300340e-01 0.000000000000000000e+00 3.905205967825042118e-02
2.700000000000000000e+01 1.000000000000000000e+00 9.992371773682459102e-01 0.000000000000000000e+00 3.905205967825143426e-02
2.800000000000000000e+01 1.000000000000000000e+00 9.992371773682340308e-01 0.000000000000000000e+00 3.905205967825019220e-02
2.900000000000000000e+01 1.000000000000000000e+00 9.992371773682378056e-01 0.000000000000000000e+00 3.905205967825047669e-02
3.000000000000000000e+01 1.000000000000000000e+00 9.992371773682426905e-01 0.000000000000000000e+00 3.905205967825061547e-02
3.100000000000000000e+01 1.000000000000000000e+00 9.992371773682147129e-01 0.000000000000000000e+00 3.905205967824934565e-02
3.200000000000000000e+01 1.000000000000000000e+00 9.992371773682202640e-01 0.000000000000000000e+00 3.905205967824956076e-02
3.300000000000000000e+01 1.000000000000000000e+00 9.992371773682477976e-01 0.000000000000000000e+00 3.905205967825086527e-02
3.400000000000000000e+01 1.000000000000000000e+00 9.992371773682495739e-01 0.000000000000000000e+00 3.905205967825112201e-02
3.500000000000000000e+01 1.000000000000000000e+00 9.992371773682366953e-01 0.000000000000000000e+00 3.905205967825026159e-02
3.600000000000000000e+01 1.000000000000000000e+00 9.992371773682332536e-01 0.000000000000000000e+00 3.905205967825007424e-02
3.700000000000000000e+01 1.000000000000000000e+00 9.992371773681976155e-01 0.000000000000000000e+00 3.905205967824898483e-02
3.800000000000000000e+01 1.000000000000000000e+00 9.992371773682385827e-01 0.000000000000000000e+00 3.905205967825055302e-02
3.900000000000000000e+01 1.000000000000000000e+00 9.992371773682314773e-01 0.000000000000000000e+00 3.905205967825032404e-02
4.000000000000000000e+01 1.000000000000000000e+00 9.992371773680791547e-01 0.000000000000000000e+00 3.905205967824430108e-02
4.100000000000000000e+01 1.000000000000000000e+00 9.992371773681991698e-01 0.000000000000000000e+00 3.905205967824929014e-02
4.200000000000000000e+01 1.000000000000000000e+00 9.992371773681556490e-01 0.000000000000000000e+00 3.905205967824734725e-02
4.300000000000000000e+01 1.000000000000000000e+00 9.992371773682428016e-01 0.000000000000000000e+00 3.905205967825083752e-02
4.400000000000000000e+01 1.000000000000000000e+00 9.992371773681896219e-01 0.000000000000000000e+00 3.905205967824930402e-02
4.500000000000000000e+01 1.000000000000000000e+00 9.992371773681829605e-01 0.000000000000000000e+00 3.905205967824896401e-02
4.600000000000000000e+01 1.000000000000000000e+00 9.992371773681102409e-01 0.000000000000000000e+00 3.905205967824506436e-02
4.700000000000000000e+01 1.000000000000000000e+00 9.992371773682502401e-01 0.000000000000000000e+00 3.905205967825163549e-02
4.800000000000000000e+01 1.000000000000000000e+00 9.992371773682497960e-01 0.000000000000000000e+00 3.905205967825155222e-02
4.900000000000000000e+01 1.000000000000000000e+00 9.992371773682535707e-01 0.000000000000000000e+00 3.905205967825171876e-02
5.000000000000000000e+01 1.000000000000000000e+00 9.992371773682019453e-01 0.000000000000000000e+00 3.905205967824919300e-02
5.100000000000000000e+01 1.000000000000000000e+00 9.992371773682472424e-01 0.000000000000000000e+00 3.905205967825144120e-02
5.200000000000000000e+01 1.000000000000000000e+00 9.992371773682239278e-01 0.000000000000000000e+00 3.905205967825004648e-02
5.300000000000000000e+01 1.000000000000000000e+00 9.992371773682366953e-01 0.000000000000000000e+00 3.905205967825029628e-02
5.400000000000000000e+01 1.000000000000000000e+00 9.992371773682231506e-01 0.000000000000000000e+00 3.905205967825020608e-02
5.500000000000000000e+01 1.000000000000000000e+00 9.992371773682200420e-01 0.000000000000000000e+00 3.905205967824963709e-02
5.600000000000000000e+01 1.000000000000000000e+00 9.992371773682459102e-01 0.000000000000000000e+00 3.905205967825065017e-02
5.700000000000000000e+01 1.000000000000000000e+00 9.992371773682076075e-01 0.000000000000000000e+00 3.905205967824944280e-02
5.800000000000000000e+01 1.000000000000000000e+00 9.992371773682087177e-01 0.000000000000000000e+00 3.905205967824952606e-02
5.900000000000000000e+01 1.000000000000000000e+00 9.992371773682171554e-01 0.000000000000000000e+00 3.905205967824972729e-02
6.000000000000000000e+01 1.000000000000000000e+00 9.992371773682264813e-01 0.000000000000000000e+00 3.905205967825026159e-02
6.100000000000000000e+01 1.000000000000000000e+00 9.992371773682374725e-01 0.000000000000000000e+00 3.905205967825044200e-02
6.200000000000000000e+01 1.000000000000000000e+00 9.992371773682360292e-01 0.000000000000000000e+00 3.905205967825034485e-02
6.300000000000000000e+01 1.000000000000000000e+00 9.992371773682111602e-01 0.000000000000000000e+00 3.905205967824947055e-02
6.400000000000000000e+01 1.000000000000000000e+00 9.992371773682247049e-01 0.000000000000000000e+00 3.905205967824992852e-02
6.500000000000000000e+01 1.000000000000000000e+00 9.992371773682352520e-01 0.000000000000000000e+00 3.905205967825040037e-02
6.600000000000000000e+01 1.000000000000000000e+00 9.992371773682426905e-01 0.000000000000000000e+00 3.905205967825085139e-02
6.700000000000000000e+01 1.000000000000000000e+00 9.992371773682249270e-01 0.000000000000000000e+00 3.905205967825001179e-02
6.800000000000000000e+01 1.000000000000000000e+00 9.992371773679646907e-01 0.000000000000000000e+00 3.905205967823960345e-02
6.900000000000000000e+01 1.000000000000000000e+00 9.992371773682335867e-01 0.000000000000000000e+00 3.905205967825013669e-02
7.000000000000000000e+01 1.000000000000000000e+00 9.992371773682391378e-01 0.000000000000000000e+00 3.905205967825055302e-02
7.100000000000000000e+01 1.000000000000000000e+00 9.992371773682486857e-01 0.000000000000000000e+00 3.905205967825113589e-02
7.200000000000000000e+01 1.000000000000000000e+00 9.992371773682326985e-01 0.000000000000000000e+00 3.905205967825052527e-02
7.300000000000000000e+01 1.000000000000000000e+00 9.992371773682374725e-01 0.000000000000000000e+00 3.905205967825058772e-02
7.400000000000000000e+01 1.000000000000000000e+00 9.992371773682457992e-01 0.000000000000000000e+00 3.905205967825066404e-02
7.500000000000000000e+01 1.000000000000000000e+00 9.992371773681901770e-01 0.000000000000000000e+00 3.905205967824914443e-02
7.600000000000000000e+01 1.000000000000000000e+00 9.992371773682204861e-01 0.000000000000000000e+00 3.905205967824934565e-02
7.700000000000000000e+01 1.000000000000000000e+00 9.992371773682181546e-01 0.000000000000000000e+00 3.905205967824924851e-02
7.800000000000000000e+01 1.000000000000000000e+00 9.992371773682011682e-01 0.000000000000000000e+00 3.905205967824980362e-02
7.900000000000000000e+01 1.000000000000000000e+00 9.992371773682365843e-01 0.000000000000000000e+00 3.905205967825035873e-02
8.000000000000000000e+01 1.000000000000000000e+00 9.992371773682223735e-01 0.000000000000000000e+00 3.905205967825012281e-02
8.100000000000000000e+01 1.000000000000000000e+00 9.992371773680012170e-01 0.000000000000000000e+00 3.905205967824108837e-02
8.200000000000000000e+01 1.000000000000000000e+00 9.992371773681825164e-01 0.000000000000000000e+00 3.905205967824848523e-02
8.300000000000000000e+01 1.000000000000000000e+00 9.992371773682123814e-01 0.000000000000000000e+00 3.905205967824973423e-02
8.400000000000000000e+01 1.000000000000000000e+00 9.992371773682158231e-01 0.000000000000000000e+00 3.905205967824970648e-02
8.500000000000000000e+01 1.000000000000000000e+00 9.992371773682050540e-01 0.000000000000000000e+00 3.905205967824926933e-02
8.600000000000000000e+01 1.000000000000000000e+00 9.992371773682282576e-01 0.000000000000000000e+00 3.905205967825030322e-02
8.700000000000000000e+01 1.000000000000000000e+00 9.992371773682515723e-01 0.000000000000000000e+00 3.905205967825209346e-02
8.800000000000000000e+01 1.000000000000000000e+00 9.992371773682369174e-01 0.000000000000000000e+00 3.905205967825021995e-02
8.900000000000000000e+01 1.000000000000000000e+00 9.992371773682446889e-01 0.000000000000000000e+00 3.905205967825087221e-02
9.000000000000000000e+01 1.000000000000000000e+00 9.992371773682396929e-01 0.000000000000000000e+00 3.905205967825056690e-02
9.100000000000000000e+01 1.000000000000000000e+00 9.992371773682395819e-01 0.000000000000000000e+00 3.905205967825026159e-02
9.200000000000000000e+01 1.000000000000000000e+00 9.992371773682157121e-01 0.000000000000000000e+00 3.905205967824967872e-02
9.300000000000000000e+01 1.000000000000000000e+00 9.992371773682455771e-01 0.000000000000000000e+00 3.905205967825103874e-02
9.400000000000000000e+01 1.000000000000000000e+00 9.992371773682398040e-01 0.000000000000000000e+00 3.905205967825068486e-02
9.500000000000000000e+01 1.000000000000000000e+00 9.992371773681576475e-01 0.000000000000000000e+00 3.905205967824738195e-02
9.600000000000000000e+01 1.000000000000000000e+00 9.992371773682406921e-01 0.000000000000000000e+00 3.905205967825056690e-02
9.700000000000000000e+01 1.000000000000000000e+00 9.992371773682328095e-01 0.000000000000000000e+00 3.905205967825003954e-02
9.800000000000000000e+01 1.000000000000000000e+00 9.992371773682298119e-01 0.000000000000000000e+00 3.905205967825021995e-02
9.900000000000000000e+01 1.000000000000000000e+00 9.992371773681998359e-01 0.000000000000000000e+00 3.905205967824917912e-02
1.000000000000000000e+02 1.000000000000000000e+00 9.992371773681651970e-01 0.000000000000000000e+00 3.905205967824794400e-02
1.010000000000000000e+02 1.000000000000000000e+00 9.992371773682491298e-01 0.000000000000000000e+00 3.905205967825083058e-02
1.020000000000000000e+02 1.000000000000000000e+00 9.992371773681911762e-01 0.000000000000000000e+00 3.905205967824922769e-02
1.030000000000000000e+02 1.000000000000000000e+00 9.992371773682411362e-01 0.000000000000000000e+00 3.905205967825051139e-02
1.040000000000000000e+02 1.000000000000000000e+00 9.992371773682102720e-01 0.000000000000000000e+00 3.905205967824929014e-02
1.050000000000000000e+02 1.000000000000000000e+00 9.992371773681756331e-01 0.000000000000000000e+00 3.905205967824855462e-02
1.060000000000000000e+02 1.000000000000000000e+00 9.992371773682344749e-01 0.000000000000000000e+00 3.905205967825065017e-02
1.070000000000000000e+02 1.000000000000000000e+00 9.992371773682322544e-01 0.000000000000000000e+00 3.905205967825018526e-02
1.080000000000000000e+02 1.000000000000000000e+00 9.992371773682252600e-01 0.000000000000000000e+00 3.905205967824992852e-02
1.090000000000000000e+02 1.000000000000000000e+00 9.992371773682471314e-01 0.000000000000000000e+00 3.905205967825080282e-02
1.100000000000000000e+02 1.000000000000000000e+00 9.992371773682140468e-01 0.000000000000000000e+00 3.905205967824934565e-02
1.110000000000000000e+02 1.000000000000000000e+00 9.992371773681858471e-01 0.000000000000000000e+00 3.905205967824864483e-02
1.120000000000000000e+02 1.000000000000000000e+00 9.992371773682289238e-01 0.000000000000000000e+00 3.905205967825037955e-02
1.130000000000000000e+02 1.000000000000000000e+00 9.992371773680575053e-01 0.000000000000000000e+00 3.905205967824357249e-02
1.140000000000000000e+02 1.000000000000000000e+00 9.992371773681737457e-01 0.000000000000000000e+00 3.905205967824824931e-02
1.150000000000000000e+02 1.000000000000000000e+00 9.992371773681836267e-01 0.000000000000000000e+00 3.905205967824845747e-02
1.160000000000000000e+02 1.000000000000000000e+00 9.992371773681913982e-01 0.000000000000000000e+00 3.905205967824935953e-02
1.170000000000000000e+02 1.000000000000000000e+00 9.992371773681714142e-01 0.000000000000000000e+00 3.905205967824810359e-02
1.180000000000000000e+02 1.000000000000000000e+00 9.992371773681480995e-01 0.000000000000000000e+00 3.905205967824726399e-02
1.190000000000000000e+02 1.000000000000000000e+00 9.992371773682211522e-01 0.000000000000000000e+00 3.905205967824978974e-02
1.200000000000000000e+02 1.000000000000000000e+00 9.992371773682373615e-01 0.000000000000000000e+00 3.905205967825053914e-02
1.210000000000000000e+02 1.000000000000000000e+00 9.992371773682442448e-01 0.000000000000000000e+00 3.905205967825051139e-02
1.220000000000000000e+02 1.000000000000000000e+00 9.992371773682428016e-01 0.000000000000000000e+00 3.905205967825056690e-02
1.230000000000000000e+02 1.000000000000000000e+00 9.992371773682204861e-01 0.000000000000000000e+00 3.905205967824976199e-02
1.240000000000000000e+02 1.000000000000000000e+00 9.992371773682438008e-01 0.000000000000000000e+00 3.905205967825037955e-02
1.250000000000000000e+02 1.000000000000000000e+00 9.992371773682401370e-01 0.000000000000000000e+00 3.905205967825080282e-02
1.260000000000000000e+02 1.000000000000000000e+00 9.992371773679987745e-01 0.000000000000000000e+00 3.905205967824090796e-02
1.270000000000000000e+02 1.000000000000000000e+00 9.992371773682262592e-01 0.000000000000000000e+00 3.905205967825029628e-02
1.280000000000000000e+02 1.000000000000000000e+00 9.992371773682380276e-01 0.000000000000000000e+00 3.905205967825051139e-02
1.290000000000000000e+02 1.000000000000000000e+00 9.992371773681856251e-01 0.000000000000000000e+00 3.905205967824854074e-02
1.300000000000000000e+02 1.000000000000000000e+00 9.992371773682471314e-01 0.000000000000000000e+00 3.905205967825133018e-02
1.310000000000000000e+02 1.000000000000000000e+00 9.992371773681514302e-01 0.000000000000000000e+00 3.905205967824802726e-02
1.320000000000000000e+02 1.000000000000000000e+00 9.992371773680965852e-01 0.000000000000000000e+00 3.905205967824541824e-02
1.330000000000000000e+02 1.000000000000000000e+00 9.992371773680847058e-01 0.000000000000000000e+00 3.905205967824446067e-02
1.340000000000000000e+02 1.000000000000000000e+00 9.992371773682184877e-01 0.000000000000000000e+00 3.905205967824949137e-02
1.350000000000000000e+02 1.000000000000000000e+00 9.992371773681663072e-01 0.000000000000000000e+00 3.905205967824775665e-02
1.360000000000000000e+02 1.000000000000000000e+00 9.992371773682225955e-01 0.000000000000000000e+00 3.905205967824983831e-02
1.370000000000000000e+02 1.000000000000000000e+00 9.992371773682349190e-01 0.000000000000000000e+00 3.905205967825042812e-02
1.380000000000000000e+02 1.000000000000000000e+00 9.992371773682382496e-01 0.000000000000000000e+00 3.905205967825059465e-02
1.390000000000000000e+02 1.000000000000000000e+00 9.992371773682335867e-01 0.000000000000000000e+00 3.905205967825033098e-02
1.400000000000000000e+02 1.000000000000000000e+00 9.992371773682366953e-01 0.000000000000000000e+00 3.905205967825031710e-02
1.410000000000000000e+02 1.000000000000000000e+00 9.992371773682410252e-01 0.000000000000000000e+00 3.905205967825045588e-02
1.420000000000000000e+02 1.000000000000000000e+00 9.992371773682030556e-01 0.000000000000000000e+00 3.905205967824941504e-02
1.430000000000000000e+02 1.000000000000000000e+00 9.992371773682027225e-01 0.000000000000000000e+00 3.905205967824975505e-02
1.440000000000000000e+02 1.000000000000000000e+00 9.992371773682414693e-01 0.000000000000000000e+00 3.905205967825072649e-02
1.450000000000000000e+02 1.000000000000000000e+00 9.992371773681987257e-01 0.000000000000000000e+00 3.905205967824920688e-02
1.460000000000000000e+02 1.000000000000000000e+00 9.992371773682034997e-01 0.000000000000000000e+00 3.905205967824926239e-02
1.470000000000000000e+02 1.000000000000000000e+00 9.992371773682191538e-01 0.000000000000000000e+00 3.905205967824966484e-02
1.480000000000000000e+02 1.000000000000000000e+00 9.992371773681766323e-01 0.000000000000000000e+00 3.905205967824831176e-02
1.490000000000000000e+02 1.000000000000000000e+00 9.992371773682371394e-01 0.000000000000000000e+00 3.905205967825021995e-02
1.500000000000000000e+02 1.000000000000000000e+00 9.992371773682443559e-01 0.000000000000000000e+00 3.905205967825089997e-02
1.510000000000000000e+02 1.000000000000000000e+00 9.992371773681808511e-01 0.000000000000000000e+00 3.905205967824908198e-02
1.520000000000000000e+02 1.000000000000000000e+00 9.992371773681733016e-01 0.000000000000000000e+00 3.905205967824836033e-02
1.530000000000000000e+02 1.000000000000000000e+00 9.992371773682000580e-01 0.000000000000000000e+00 3.905205967824911667e-02
1.540000000000000000e+02 1.000000000000000000e+00 9.992371773681920644e-01 0.000000000000000000e+00 3.905205967824945668e-02
1.550000000000000000e+02 1.000000000000000000e+00 9.992371773680426283e-01 0.000000000000000000e+00 3.905205967824293412e-02
1.560000000000000000e+02 1.000000000000000000e+00 9.992371773682404701e-01 0.000000000000000000e+00 3.905205967825095548e-02
1.570000000000000000e+02 1.000000000000000000e+00 9.992371773682444669e-01 0.000000000000000000e+00 3.905205967825072649e-02
1.580000000000000000e+02 1.000000000000000000e+00 9.992371773682425795e-01 0.000000000000000000e+00 3.905205967825080976e-02
1.590000000000000000e+02 1.000000000000000000e+00 9.992371773682067193e-01 0.000000000000000000e+00 3.905205967824902646e-02
1.600000000000000000e+02 1.000000000000000000e+00 9.992371773682127145e-01 0.000000000000000000e+00 3.905205967824922769e-02
1.610000000000000000e+02 1.000000000000000000e+00 9.992371773682047209e-01 0.000000000000000000e+00 3.905205967824922769e-02
1.620000000000000000e+02 1.000000000000000000e+00 9.992371773682200420e-01 0.000000000000000000e+00 3.905205967824970648e-02
1.630000000000000000e+02 1.000000000000000000e+00 9.992371773681962832e-01 0.000000000000000000e+00 3.905205967824920688e-02
1.640000000000000000e+02 1.000000000000000000e+00 9.992371773682040548e-01 0.000000000000000000e+00 3.905205967824932484e-02
1.650000000000000000e+02 1.000000000000000000e+00 9.992371773682244829e-01 0.000000000000000000e+00 3.905205967824983138e-02
1.660000000000000000e+02 1.000000000000000000e+00 9.992371773682109382e-01 0.000000000000000000e+00 3.905205967824951219e-02
1.670000000000000000e+02 1.000000000000000000e+00 9.992371773682123814e-01 0.000000000000000000e+00 3.905205967824938729e-02
1.680000000000000000e+02 1.000000000000000000e+00 9.992371773682233727e-01 0.000000000000000000e+00 3.905205967824988689e-02
1.690000000000000000e+02 1.000000000000000000e+00 9.992371773681407721e-01 0.000000000000000000e+00 3.905205967824702112e-02
1.700000000000000000e+02 1.000000000000000000e+00 9.992371773682402480e-01 0.000000000000000000e+00 3.905205967825092772e-02
1.710000000000000000e+02 1.000000000000000000e+00 9.992371773682151570e-01 0.000000000000000000e+00 3.905205967824959545e-02
1.720000000000000000e+02 1.000000000000000000e+00 9.992371773682348080e-01 0.000000000000000000e+00 3.905205967825041424e-02
1.730000000000000000e+02 1.000000000000000000e+00 9.992371773681353320e-01 0.000000000000000000e+00 3.905205967824655622e-02
1.740000000000000000e+02 1.000000000000000000e+00 9.992371773681836267e-01 0.000000000000000000e+00 3.905205967824874891e-02
1.750000000000000000e+02 1.000000000000000000e+00 9.992371773682324765e-01 0.000000000000000000e+00 3.905205967825020608e-02
1.760000000000000000e+02 1.000000000000000000e+00 9.992371773682358072e-01 0.000000000000000000e+00 3.905205967825013669e-02
1.770000000000000000e+02 1.000000000000000000e+00 9.992371773682453551e-01 0.000000000000000000e+00 3.905205967825096935e-02
1.780000000000000000e+02 1.000000000000000000e+00 9.992371773682015013e-01 0.000000000000000000e+00 3.905205967824931790e-02
1.790000000000000000e+02 1.000000000000000000e+00 9.992371773682405811e-01 0.000000000000000000e+00 3.905205967825093466e-02
1.800000000000000000e+02 1.000000000000000000e+00 9.992371773682521274e-01 0.000000000000000000e+00 3.905205967825091384e-02
1.810000000000000000e+02 1.000000000000000000e+00 9.992371773681700819e-01 0.000000000000000000e+00 3.905205967824866564e-02
1.820000000000000000e+02 1.000000000000000000e+00 9.992371773682084957e-01 0.000000000000000000e+00 3.905205967824922075e-02
1.830000000000000000e+02 1.000000000000000000e+00 9.992371773682273695e-01 0.000000000000000000e+00 3.905205967825031710e-02
1.840000000000000000e+02 1.000000000000000000e+00 9.992371773682358072e-01 0.000000000000000000e+00 3.905205967825058078e-02
1.850000000000000000e+02 1.000000000000000000e+00 9.992371773682202640e-01 0.000000000000000000e+00 3.905205967824977586e-02
1.860000000000000000e+02 1.000000000000000000e+00 9.992371773681818503e-01 0.000000000000000000e+00 3.905205967824863095e-02
1.870000000000000000e+02 1.000000000000000000e+00 9.992371773682493519e-01 0.000000000000000000e+00 3.905205967825055996e-02
1.880000000000000000e+02 1.000000000000000000e+00 9.992371773678855318e-01 0.000000000000000000e+00 3.905205967823720259e-02
1.890000000000000000e+02 1.000000000000000000e+00 9.992371773681654190e-01 0.000000000000000000e+00 3.905205967824780522e-02
1.900000000000000000e+02 1.000000000000000000e+00 9.992371773682156011e-01 0.000000000000000000e+00 3.905205967824978974e-02
1.910000000000000000e+02 1.000000000000000000e+00 9.992371773682304781e-01 0.000000000000000000e+00 3.905205967825045588e-02
1.920000000000000000e+02 1.000000000000000000e+00 9.992371773682147129e-01 0.000000000000000000e+00 3.905205967824959545e-02
1.930000000000000000e+02 1.000000000000000000e+00 9.992371773680280844e-01 0.000000000000000000e+00 3.905205967824224023e-02
1.940000000000000000e+02 1.000000000000000000e+00 9.992371773681310021e-01 0.000000000000000000e+00 3.905205967824665336e-02
1.950000000000000000e+02 1.000000000000000000e+00 9.992371773682282576e-01 0.000000000000000000e+00 3.905205967825016444e-02
1.960000000000000000e+02 1.000000000000000000e+00 9.992371773681345548e-01 0.000000000000000000e+00 3.905205967824648683e-02
1.970000000000000000e+02 1.000000000000000000e+00 9.992371773682187097e-01 0.000000000000000000e+00 3.905205967824970648e-02
1.980000000000000000e+02 1.000000000000000000e+00 9.992371773682316993e-01 0.000000000000000000e+00 3.905205967825024077e-02
1.990000000000000000e+02 1.000000000000000000e+00 9.992371773682466873e-01 0.000000000000000000e+00 3.905205967825065017e-02
2.000000000000000000e+02 1.000000000000000000e+00 9.992371773681419933e-01 0.000000000000000000e+00 3.905205967824702806e-02
2.010000000000000000e+02 1.000000000000000000e+00 9.992371773682148239e-01 0.000000000000000000e+00 3.905205967824950525e-02
2.020000000000000000e+02 1.000000000000000000e+00 9.992371773681841818e-01 0.000000000000000000e+00 3.905205967824844360e-02
2.030000000000000000e+02 1.000000000000000000e+00 9.992371773682184877e-01 0.000000000000000000e+00 3.905205967824976893e-02
2.040000000000000000e+02 1.000000000000000000e+00 9.992371773682304781e-01 0.000000000000000000e+00 3.905205967825026159e-02
2.050000000000000000e+02 1.000000000000000000e+00 9.992371773682291458e-01 0.000000000000000000e+00 3.905205967825031710e-02
2.060000000000000000e+02 1.000000000000000000e+00 9.992371773681608671e-01 0.000000000000000000e+00 3.905205967824751379e-02
2.070000000000000000e+02 1.000000000000000000e+00 9.992371773682553471e-01 0.000000000000000000e+00 3.905205967825212121e-02
2.080000000000000000e+02 1.000000000000000000e+00 9.992371773682231506e-01 0.000000000000000000e+00 3.905205967825012281e-02
2.090000000000000000e+02 1.000000000000000000e+00 9.992371773682010572e-01 0.000000000000000000e+00 3.905205967824919300e-02
2.100000000000000000e+02 1.000000000000000000e+00 9.992371773682219294e-01 0.000000000000000000e+00 3.905205967825023383e-02
2.110000000000000000e+02 1.000000000000000000e+00 9.992371773682019453e-01 0.000000000000000000e+00 3.905205967824947055e-02
2.120000000000000000e+02 1.000000000000000000e+00 9.992371773682473535e-01 0.000000000000000000e+00 3.905205967825123997e-02
2.130000000000000000e+02 1.000000000000000000e+00 9.992371773682472424e-01 0.000000000000000000e+00 3.905205967825099711e-02
2.140000000000000000e+02 1.000000000000000000e+00 9.992371773682084957e-01 0.000000000000000000e+00 3.905205967824929014e-02
2.150000000000000000e+02 1.000000000000000000e+00 9.992371773681822944e-01 0.000000000000000000e+00 3.905205967824821461e-02
2.160000000000000000e+02 1.000000000000000000e+00 9.992371773682204861e-01 0.000000000000000000e+00 3.905205967825011587e-02
2.170000000000000000e+02 1.000000000000000000e+00 9.992371773682234837e-01 0.000000000000000000e+00 3.905205967825028934e-02
2.180000000000000000e+02 1.000000000000000000e+00 9.992371773680276403e-01 0.000000000000000000e+00 3.905205967824215696e-02
2.190000000000000000e+02 1.000000000000000000e+00 9.992371773681967273e-01 0.000000000000000000e+00 3.905205967824908198e-02
2.200000000000000000e+02 1.000000000000000000e+00 9.992371773682228175e-01 0.000000000000000000e+00 3.905205967824994240e-02
2.210000000000000000e+02 1.000000000000000000e+00 9.992371773682329206e-01 0.000000000000000000e+00 3.905205967825051833e-02
2.220000000000000000e+02 1.000000000000000000e+00 9.992371773681979485e-01 0.000000000000000000e+00 3.905205967824905422e-02
2.230000000000000000e+02 1.000000000000000000e+00 9.992371773682459102e-01 0.000000000000000000e+00 3.905205967825122609e-02
2.240000000000000000e+02 1.000000000000000000e+00 9.992371773682255931e-01 0.000000000000000000e+00 3.905205967825021995e-02
2.250000000000000000e+02 1.000000000000000000e+00 9.992371773682002800e-01 0.000000000000000000e+00 3.905205967824896401e-02
2.260000000000000000e+02 1.000000000000000000e+00 9.992371773682005021e-01 0.000000000000000000e+00 3.905205967824946361e-02
2.270000000000000000e+02 1.000000000000000000e+00 9.992371773682211522e-01 0.000000000000000000e+00 3.905205967825003260e-02
2.280000000000000000e+02 1.000000000000000000e+00 9.992371773681555380e-01 0.000000000000000000e+00 3.905205967824729174e-02
2.290000000000000000e+02 1.000000000000000000e+00 9.992371773680712721e-01 0.000000000000000000e+00 3.905205967824414842e-02
2.300000000000000000e+02 1.000000000000000000e+00 9.992371773682233727e-01 0.000000000000000000e+00 3.905205967824997709e-02
2.310000000000000000e+02 1.000000000000000000e+00 9.992371773681287817e-01 0.000000000000000000e+00 3.905205967824638275e-02
2.320000000000000000e+02 1.000000000000000000e+00 9.992371773681907321e-01 0.000000000000000000e+00 3.905205967824905422e-02
2.330000000000000000e+02 1.000000000000000000e+00 9.992371773681886227e-01 0.000000000000000000e+00 3.905205967824861013e-02
2.340000000000000000e+02 1.000000000000000000e+00 9.992371773682353631e-01 0.000000000000000000e+00 3.905205967825056690e-02
2.350000000000000000e+02 1.000000000000000000e+00 9.992371773682481306e-01 0.000000000000000000e+00 3.905205967825138569e-02
2.360000000000000000e+02 1.000000000000000000e+00 9.992371773682096059e-01 0.000000000000000000e+00 3.905205967824942892e-02
2.370000000000000000e+02 1.000000000000000000e+00 9.992371773681949509e-01 0.000000000000000000e+00 3.905205967824861707e-02
2.380000000000000000e+02 1.000000000000000000e+00 9.992371773682042768e-01 0.000000000000000000e+00 3.905205967824929014e-02
2.390000000000000000e+02 1.000000000000000000e+00 9.992371773682017233e-01 0.000000000000000000e+00 3.905205967824904034e-02
2.400000000000000000e+02 1.000000000000000000e+00 9.992371773682202640e-01 0.000000000000000000e+00 3.905205967825014363e-02
2.410000000000000000e+02 1.000000000000000000e+00 9.992371773681981706e-01 0.000000000000000000e+00 3.905205967824935259e-02
2.420000000000000000e+02 1.000000000000000000e+00 9.992371773682293679e-01 0.000000000000000000e+00 3.905205967825001873e-02
2.430000000000000000e+02 1.000000000000000000e+00 9.992371773682103830e-01 0.000000000000000000e+00 3.905205967824908198e-02
2.440000000000000000e+02 1.000000000000000000e+00 9.992371773680479574e-01 0.000000000000000000e+00 3.905205967824336433e-02
2.450000000000000000e+02 1.000000000000000000e+00 9.992371773682326985e-01 0.000000000000000000e+00 3.905205967825038649e-02
2.460000000000000000e+02 1.000000000000000000e+00 9.992371773682477976e-01 0.000000000000000000e+00 3.905205967825042812e-02
2.470000000000000000e+02 1.000000000000000000e+00 9.992371773682225955e-01 0.000000000000000000e+00 3.905205967825019220e-02
2.480000000000000000e+02 1.000000000000000000e+00 9.992371773682371394e-01 0.000000000000000000e+00 3.905205967825055302e-02
2.490000000000000000e+02 1.000000000000000000e+00 9.992371773682169334e-01 0.000000000000000000e+00 3.905205967824967872e-02
2.500000000000000000e+02 1.000000000000000000e+00 9.992371773682477976e-01 0.000000000000000000e+00 3.905205967825106650e-02
2.510000000000000000e+02 1.000000000000000000e+00 9.992371773682071634e-01 0.000000000000000000e+00 3.905205967824944280e-02
2.520000000000000000e+02 1.000000000000000000e+00 9.992371773682207081e-01 0.000000000000000000e+00 3.905205967825023383e-02
2.530000000000000000e+02 1.000000000000000000e+00 9.992371773682267033e-01 0.000000000000000000e+00 3.905205967825042118e-02
2.540000000000000000e+02 1.000000000000000000e+00 9.992371773681903990e-01 0.000000000000000000e+00 3.905205967824890156e-02
2.550000000000000000e+02 1.000000000000000000e+00 9.992371773681687497e-01 0.000000000000000000e+00 3.905205967824804114e-02
2.560000000000000000e+02 1.000000000000000000e+00 9.992371773682555691e-01 0.000000000000000000e+00 3.905205967825208652e-02
2.570000000000000000e+02 1.000000000000000000e+00 9.992371773682375835e-01 0.000000000000000000e+00 3.905205967825042812e-02
2.580000000000000000e+02 1.000000000000000000e+00 9.992371773682218183e-01 0.000000000000000000e+00 3.905205967825029628e-02
2.590000000000000000e+02 1.000000000000000000e+00 9.992371773682210412e-01 0.000000000000000000e+00 3.905205967825005342e-02
2.600000000000000000e+02 1.000000000000000000e+00 9.992371773681791858e-01 0.000000000000000000e+00 3.905205967824863789e-02
2.610000000000000000e+02 1.000000000000000000e+00 9.992371773681011371e-01 0.000000000000000000e+00 3.905205967824544599e-02
2.620000000000000000e+02 1.000000000000000000e+00 9.992371773682364733e-01 0.000000000000000000e+00 3.905205967825065710e-02
2.630000000000000000e+02 1.000000000000000000e+00 9.992371773682258151e-01 0.000000000000000000e+00 3.905205967825010893e-02
2.640000000000000000e+02 1.000000000000000000e+00 9.992371773681454350e-01 0.000000000000000000e+00 3.905205967824740276e-02
2.650000000000000000e+02 1.000000000000000000e+00 9.992371773682102720e-01 0.000000000000000000e+00 3.905205967824960933e-02
2.660000000000000000e+02 1.000000000000000000e+00 9.992371773682100500e-01 0.000000000000000000e+00 3.905205967824972729e-02
2.670000000000000000e+02 1.000000000000000000e+00 9.992371773682382496e-01 0.000000000000000000e+00 3.905205967825055302e-02
2.680000000000000000e+02 1.000000000000000000e+00 9.992371773673673907e-01 0.000000000000000000e+00 3.905205967821638591e-02
2.690000000000000000e+02 1.000000000000000000e+00 9.992371773681452130e-01 0.000000000000000000e+00 3.905205967824695867e-02
2.700000000000000000e+02 1.000000000000000000e+00 9.992371773681294478e-01 0.000000000000000000e+00 3.905205967824691704e-02
2.710000000000000000e+02 1.000000000000000000e+00 9.992371773682463543e-01 0.000000000000000000e+00 3.905205967825084445e-02
2.720000000000000000e+02 1.000000000000000000e+00 9.992371773682099390e-01 0.000000000000000000e+00 3.905205967824948443e-02
2.730000000000000000e+02 1.000000000000000000e+00 9.992371773681943958e-01 0.000000000000000000e+00 3.905205967824913749e-02
2.740000000000000000e+02 1.000000000000000000e+00 9.992371773682193759e-01 0.000000000000000000e+00 3.905205967824998403e-02
2.750000000000000000e+02 1.000000000000000000e+00 9.992371773681173464e-01 0.000000000000000000e+00 3.905205967824594560e-02
2.760000000000000000e+02 1.000000000000000000e+00 9.992371773681705260e-01 0.000000000000000000e+00 3.905205967824822155e-02
2.770000000000000000e+02 1.000000000000000000e+00 9.992371773681545388e-01 0.000000000000000000e+00 3.905205967824773583e-02
2.780000000000000000e+02 1.000000000000000000e+00 9.992371773681381075e-01 0.000000000000000000e+00 3.905205967824673663e-02
2.790000000000000000e+02 1.000000000000000000e+00 9.992371773682352520e-01 0.000000000000000000e+00 3.905205967825031710e-02
2.800000000000000000e+02 1.000000000000000000e+00 9.992371773681772984e-01 0.000000000000000000e+00 3.905205967824861013e-02
2.810000000000000000e+02 1.000000000000000000e+00 9.992371773682342528e-01 0.000000000000000000e+00 3.905205967825053914e-02
2.820000000000000000e+02 1.000000000000000000e+00 9.992371773682063862e-01 0.000000000000000000e+00 3.905205967824945668e-02
2.830000000000000000e+02 1.000000000000000000e+00 9.992371773682058311e-01 0.000000000000000000e+00 3.905205967824917912e-02
2.840000000000000000e+02 1.000000000000000000e+00 9.992371773681527625e-01 0.000000000000000000e+00 3.905205967824761093e-02
2.850000000000000000e+02 1.000000000000000000e+00 9.992371773680903679e-01 0.000000000000000000e+00 3.905205967824491170e-02
2.860000000000000000e+02 1.000000000000000000e+00 9.992371773682027225e-01 0.000000000000000000e+00 3.905205967824929014e-02
2.870000000000000000e+02 1.000000000000000000e+00 9.992371773681153480e-01 0.000000000000000000e+00 3.905205967824586233e-02
2.880000000000000000e+02 1.000000000000000000e+00 9.992371773682322544e-01 0.000000000000000000e+00 3.905205967825012281e-02
2.890000000000000000e+02 1.000000000000000000e+00 9.992371773681913982e-01 0.000000000000000000e+00 3.905205967824874891e-02
2.900000000000000000e+02 1.000000000000000000e+00 9.992371773682289238e-01 0.000000000000000000e+00 3.905205967825031016e-02
2.910000000000000000e+02 1.000000000000000000e+00 9.992371773682454661e-01 0.000000000000000000e+00 3.905205967825114977e-02
2.920000000000000000e+02 1.000000000000000000e+00 9.992371773680808200e-01 0.000000000000000000e+00 3.905205967824443986e-02
2.930000000000000000e+02 1.000000000000000000e+00 9.992371773680979175e-01 0.000000000000000000e+00 3.905205967824548069e-02
2.940000000000000000e+02 1.000000000000000000e+00 9.992371773681869573e-01 0.000000000000000000e+00 3.905205967824891544e-02
2.950000000000000000e+02 1.000000000000000000e+00 9.992371773682108271e-01 0.000000000000000000e+00 3.905205967824931790e-02
2.960000000000000000e+02 1.000000000000000000e+00 9.992371773681316682e-01 0.000000000000000000e+00 3.905205967824683377e-02
2.970000000000000000e+02 1.000000000000000000e+00 9.992371773682164893e-01 0.000000000000000000e+00 3.905205967824949831e-02
2.980000000000000000e+02 1.000000000000000000e+00 9.992371773682034997e-01 0.000000000000000000e+00 3.905205967824963709e-02
2.990000000000000000e+02 1.000000000000000000e+00 9.992371773681447689e-01 0.000000000000000000e+00 3.905205967824718766e-02
3.000000000000000000e+02 1.000000000000000000e+00 9.992371773681925085e-01 0.000000000000000000e+00 3.905205967824933178e-02
3.010000000000000000e+02 1.000000000000000000e+00 9.992371773682298119e-01 0.000000000000000000e+00 3.905205967825048363e-02
3.020000000000000000e+02 1.000000000000000000e+00 9.992371773681503200e-01 0.000000000000000000e+00 3.905205967824691704e-02
3.030000000000000000e+02 1.000000000000000000e+00 9.992371773681445468e-01 0.000000000000000000e+00 3.905205967824709745e-02
3.040000000000000000e+02 1.000000000000000000e+00 9.992371773681416602e-01 0.000000000000000000e+00 3.905205967824661173e-02
3.050000000000000000e+02 1.000000000000000000e+00 9.992371773682209302e-01 0.000000000000000000e+00 3.905205967824975505e-02
3.060000000000000000e+02 1.000000000000000000e+00 9.992371773682412472e-01 0.000000000000000000e+00 3.905205967825074731e-02
3.070000000000000000e+02 1.000000000000000000e+00 9.992371773681846259e-01 0.000000000000000000e+00 3.905205967824845054e-02
3.080000000000000000e+02 1.000000000000000000e+00 9.992371773681989477e-01 0.000000000000000000e+00 3.905205967824911667e-02
3.090000000000000000e+02 1.000000000000000000e+00 9.992371773680126523e-01 0.000000000000000000e+00 3.905205967824176144e-02
3.100000000000000000e+02 1.000000000000000000e+00 9.992371773682167113e-01 0.000000000000000000e+00 3.905205967824978280e-02
3.110000000000000000e+02 1.000000000000000000e+00 9.992371773682249270e-01 0.000000000000000000e+00 3.905205967824988689e-02
3.120000000000000000e+02 1.000000000000000000e+00 9.992371773681973934e-01 0.000000000000000000e+00 3.905205967824899871e-02
3.130000000000000000e+02 1.000000000000000000e+00 9.992371773681933966e-01 0.000000000000000000e+00 3.905205967824897095e-02
3.140000000000000000e+02 1.000000000000000000e+00 9.992371773682000580e-01 0.000000000000000000e+00 3.905205967824920688e-02
3.150000000000000000e+02 1.000000000000000000e+00 9.992371773682278135e-01 0.000000000000000000e+00 3.905205967825024077e-02
3.160000000000000000e+02 1.000000000000000000e+00 9.992371773681903990e-01 0.000000000000000000e+00 3.905205967824885993e-02
3.170000000000000000e+02 1.000000000000000000e+00 9.992371773681546498e-01 0.000000000000000000e+00 3.905205967824763175e-02
3.180000000000000000e+02 1.000000000000000000e+00 9.992371773681960612e-01 0.000000000000000000e+00 3.905205967824901259e-02
3.190000000000000000e+02 1.000000000000000000e+00 9.992371773682242608e-01 0.000000000000000000e+00 3.905205967825002566e-02
3.200000000000000000e+02 1.000000000000000000e+00 9.992371773682068303e-01 0.000000000000000000e+00 3.905205967824963015e-02
3.210000000000000000e+02 1.000000000000000000e+00 9.992371773682280356e-01 0.000000000000000000e+00 3.905205967824999097e-02
3.220000000000000000e+02 1.000000000000000000e+00 9.992371773681932856e-01 0.000000000000000000e+00 3.905205967824940116e-02
3.230000000000000000e+02 1.000000000000000000e+00 9.992371773680688296e-01 0.000000000000000000e+00 3.905205967824414148e-02
3.240000000000000000e+02 1.000000000000000000e+00 9.992371773682195979e-01 0.000000000000000000e+00 3.905205967824967872e-02
3.250000000000000000e+02 1.000000000000000000e+00 9.992371773682018343e-01 0.000000000000000000e+00 3.905205967824891544e-02
3.260000000000000000e+02 1.000000000000000000e+00 9.992371773682333647e-01 0.000000000000000000e+00 3.905205967825038649e-02
3.270000000000000000e+02 1.000000000000000000e+00 9.992371773682307001e-01 0.000000000000000000e+00 3.905205967825033792e-02
3.280000000000000000e+02 1.000000000000000000e+00 9.992371773682471314e-01 0.000000000000000000e+00 3.905205967825118446e-02
3.290000000000000000e+02 1.000000000000000000e+00 9.992371773682344749e-01 0.000000000000000000e+00 3.905205967825008118e-02
3.300000000000000000e+02 1.000000000000000000e+00 9.992371773682249270e-01 0.000000000000000000e+00 3.905205967824982444e-02
3.310000000000000000e+02 1.000000000000000000e+00 9.992371773677458657e-01 0.000000000000000000e+00 3.905205967823121432e-02
3.320000000000000000e+02 1.000000000000000000e+00 9.992371773680781555e-01 0.000000000000000000e+00 3.905205967824446067e-02
3.330000000000000000e+02 1.000000000000000000e+00 9.992371773682474645e-01 0.000000000000000000e+00 3.905205967825053220e-02
3.340000000000000000e+02 1.000000000000000000e+00 9.992371773681850700e-01 0.000000000000000000e+00 3.905205967824884605e-02
3.350000000000000000e+02 1.000000000000000000e+00 9.992371773681953950e-01 0.000000000000000000e+00 3.905205967824888769e-02
3.360000000000000000e+02 1.000000000000000000e+00 9.992371773680392977e-01 0.000000000000000000e+00 3.905205967824303126e-02
3.370000000000000000e+02 1.000000000000000000e+00 9.992371773681913982e-01 0.000000000000000000e+00 3.905205967824872115e-02
3.380000000000000000e+02 1.000000000000000000e+00 9.992371773681820724e-01 0.000000000000000000e+00 3.905205967824883218e-02
3.390000000000000000e+02 1.000000000000000000e+00 9.992371773681912872e-01 0.000000000000000000e+00 3.905205967824873503e-02
3.400000000000000000e+02 1.000000000000000000e+00 9.992371773680094327e-01 0.000000000000000000e+00 3.905205967824148389e-02
3.410000000000000000e+02 1.000000000000000000e+00 9.992371773681845148e-01 0.000000000000000000e+00 3.905205967824909585e-02
3.420000000000000000e+02 1.000000000000000000e+00 9.992371773681176794e-01 0.000000000000000000e+00 3.905205967824619540e-02
3.430000000000000000e+02 1.000000000000000000e+00 9.992371773682469094e-01 0.000000000000000000e+00 3.905205967825101099e-02
3.440000000000000000e+02 1.000000000000000000e+00 9.992371773682013902e-01 0.000000000000000000e+00 3.905205967824914443e-02
3.450000000000000000e+02 1.000000000000000000e+00 9.992371773681767433e-01 0.000000000000000000e+00 3.905205967824828400e-02
3.460000000000000000e+02 1.000000000000000000e+00 9.992371773679723512e-01 0.000000000000000000e+00 3.905205967823989488e-02
3.470000000000000000e+02 1.000000000000000000e+00 9.992371773682364733e-01 0.000000000000000000e+00 3.905205967825032404e-02
3.480000000000000000e+02 1.000000000000000000e+00 9.992371773681816283e-01 0.000000000000000000e+00 3.905205967824873503e-02
3.490000000000000000e+02 1.000000000000000000e+00 9.992371773681416602e-01 0.000000000000000000e+00 3.905205967824702112e-02
3.500000000000000000e+02 1.000000000000000000e+00 9.992371773682268143e-01 0.000000000000000000e+00 3.905205967825036567e-02
3.510000000000000000e+02 1.000000000000000000e+00 9.992371773682056091e-01 0.000000000000000000e+00 3.905205967824917912e-02
3.520000000000000000e+02 1.000000000000000000e+00 9.992371773681125724e-01 0.000000000000000000e+00 3.905205967824586927e-02
3.530000000000000000e+02 1.000000000000000000e+00 9.992371773681938407e-01 0.000000000000000000e+00 3.905205967824910973e-02
3.540000000000000000e+02 1.000000000000000000e+00 9.992371773682020564e-01 0.000000000000000000e+00 3.905205967824906116e-02
3.550000000000000000e+02 1.000000000000000000e+00 9.992371773682413583e-01 0.000000000000000000e+00 3.905205967825076813e-02
3.560000000000000000e+02 1.000000000000000000e+00 9.992371773682141578e-01 0.000000000000000000e+00 3.905205967824964403e-02
3.570000000000000000e+02 1.000000000000000000e+00 9.992371773681512082e-01 0.000000000000000000e+00 3.905205967824772889e-02
3.580000000000000000e+02 1.000000000000000000e+00 9.992371773681745228e-01 0.000000000000000000e+00 3.905205967824840196e-02
3.590000000000000000e+02 1.000000000000000000e+00 9.992371773681854030e-01 0.000000000000000000e+00 3.905205967824898483e-02
3.600000000000000000e+02 1.000000000000000000e+00 9.992371773682016123e-01 0.000000000000000000e+00 3.905205967824910279e-02
3.610000000000000000e+02 1.000000000000000000e+00 9.992371773681154590e-01 0.000000000000000000e+00 3.905205967824627172e-02
3.620000000000000000e+02 1.000000000000000000e+00 9.992371773682250380e-01 0.000000000000000000e+00 3.905205967824983138e-02
3.630000000000000000e+02 1.000000000000000000e+00 9.992371773681658631e-01 0.000000000000000000e+00 3.905205967824768726e-02
3.640000000000000000e+02 1.000000000000000000e+00 9.992371773681822944e-01 0.000000000000000000e+00 3.905205967824880442e-02
3.650000000000000000e+02 1.000000000000000000e+00 9.992371773681845148e-01 0.000000000000000000e+00 3.905205967824869340e-02
3.660000000000000000e+02 1.000000000000000000e+00 9.992371773682137137e-01 0.000000000000000000e+00 3.905205967824987301e-02
3.670000000000000000e+02 1.000000000000000000e+00 9.992371773681708591e-01 0.000000000000000000e+00 3.905205967824795787e-02
3.680000000000000000e+02 1.000000000000000000e+00 9.992371773682042768e-01 0.000000000000000000e+00 3.905205967824955382e-02
3.690000000000000000e+02 1.000000000000000000e+00 9.992371773682218183e-01 0.000000000000000000e+00 3.905205967824997015e-02
3.700000000000000000e+02 1.000000000000000000e+00 9.992371773682152680e-01 0.000000000000000000e+00 3.905205967824963709e-02
3.710000000000000000e+02 1.000000000000000000e+00 9.992371773682016123e-01 0.000000000000000000e+00 3.905205967824883911e-02
3.720000000000000000e+02 1.000000000000000000e+00 9.992371773682051650e-01 0.000000000000000000e+00 3.905205967824909585e-02
3.730000000000000000e+02 1.000000000000000000e+00 9.992371773682139358e-01 0.000000000000000000e+00 3.905205967824943586e-02
3.740000000000000000e+02 1.000000000000000000e+00 9.992371773681023583e-01 0.000000000000000000e+00 3.905205967824559865e-02
3.750000000000000000e+02 1.000000000000000000e+00 9.992371773682166003e-01 0.000000000000000000e+00 3.905205967824997015e-02
3.760000000000000000e+02 1.000000000000000000e+00 9.992371773682404701e-01 0.000000000000000000e+00 3.905205967825082364e-02
3.770000000000000000e+02 1.000000000000000000e+00 9.992371773682311442e-01 0.000000000000000000e+00 3.905205967825041424e-02
3.780000000000000000e+02 1.000000000000000000e+00 9.992371773681879565e-01 0.000000000000000000e+00 3.905205967824881136e-02
3.790000000000000000e+02 1.000000000000000000e+00 9.992371773681500979e-01 0.000000000000000000e+00 3.905205967824746521e-02
3.800000000000000000e+02 1.000000000000000000e+00 9.992371773681617553e-01 0.000000000000000000e+00 3.905205967824784685e-02
3.810000000000000000e+02 1.000000000000000000e+00 9.992371773682331426e-01 0.000000000000000000e+00 3.905205967825035873e-02
3.820000000000000000e+02 1.000000000000000000e+00 9.992371773682084957e-01 0.000000000000000000e+00 3.905205967824976893e-02
3.830000000000000000e+02 1.000000000000000000e+00 9.992371773681764102e-01 0.000000000000000000e+00 3.905205967824874891e-02
3.840000000000000000e+02 1.000000000000000000e+00 9.992371773682242608e-01 0.000000000000000000e+00 3.905205967825002566e-02
3.850000000000000000e+02 1.000000000000000000e+00 9.992371773682262592e-01 0.000000000000000000e+00 3.905205967825027547e-02
3.860000000000000000e+02 1.000000000000000000e+00 9.992371773681822944e-01 0.000000000000000000e+00 3.905205967824863095e-02
3.870000000000000000e+02 1.000000000000000000e+00 9.992371773682346969e-01 0.000000000000000000e+00 3.905205967825072649e-02
3.880000000000000000e+02 1.000000000000000000e+00 9.992371773682026115e-01 0.000000000000000000e+00 3.905205967824926239e-02
3.890000000000000000e+02 1.000000000000000000e+00 9.992371773681536506e-01 0.000000000000000000e+00 3.905205967824747909e-02
3.900000000000000000e+02 1.000000000000000000e+00 9.992371773681925085e-01 0.000000000000000000e+00 3.905205967824896401e-02
3.910000000000000000e+02 1.000000000000000000e+00 9.992371773682122704e-01 0.000000000000000000e+00 3.905205967824977586e-02
3.920000000000000000e+02 1.000000000000000000e+00 9.992371773681558711e-01 0.000000000000000000e+00 3.905205967824747909e-02
3.930000000000000000e+02 1.000000000000000000e+00 9.992371773682182656e-01 0.000000000000000000e+00 3.905205967824998403e-02
3.940000000000000000e+02 1.000000000000000000e+00 9.992371773681985037e-01 0.000000000000000000e+00 3.905205967824910973e-02
3.950000000000000000e+02 1.000000000000000000e+00 9.992371773681791858e-01 0.000000000000000000e+00 3.905205967824842972e-02
3.960000000000000000e+02 1.000000000000000000e+00 9.992371773681189007e-01 0.000000000000000000e+00 3.905205967824601498e-02
3.970000000000000000e+02 1.000000000000000000e+00 9.992371773682088287e-01 0.000000000000000000e+00 3.905205967824926239e-02
3.980000000000000000e+02 1.000000000000000000e+00 9.992371773682116043e-01 0.000000000000000000e+00 3.905205967824962321e-02
3.990000000000000000e+02 1.000000000000000000e+00 9.992371773682275915e-01 0.000000000000000000e+00 3.905205967825033792e-02
4.000000000000000000e+02 1.000000000000000000e+00 9.992371773680922553e-01 0.000000000000000000e+00 3.905205967824480762e-02
4.010000000000000000e+02 1.000000000000000000e+00 9.992371773679551428e-01 0.000000000000000000e+00 3.905205967823947855e-02
4.020000000000000000e+02 1.000000000000000000e+00 9.992371773681809621e-01 0.000000000000000000e+00 3.905205967824827706e-02
4.030000000000000000e+02 1.000000000000000000e+00 9.992371773682122704e-01 0.000000000000000000e+00 3.905205967824955382e-02
4.040000000000000000e+02 1.000000000000000000e+00 9.992371773681996139e-01 0.000000000000000000e+00 3.905205967824913749e-02
4.050000000000000000e+02 1.000000000000000000e+00 9.992371773681949509e-01 0.000000000000000000e+00 3.905205967824891544e-02
4.060000000000000000e+02 1.000000000000000000e+00 9.992371773682016123e-01 0.000000000000000000e+00 3.905205967824913055e-02
4.070000000000000000e+02 1.000000000000000000e+00 9.992371773679864511e-01 0.000000000000000000e+00 3.905205967824085939e-02
4.080000000000000000e+02 1.000000000000000000e+00 9.992371773681480995e-01 0.000000000000000000e+00 3.905205967824711133e-02
4.090000000000000000e+02 1.000000000000000000e+00 9.992371773682404701e-01 0.000000000000000000e+00 3.905205967825103874e-02
4.100000000000000000e+02 1.000000000000000000e+00 9.992371773681989477e-01 0.000000000000000000e+00 3.905205967824929014e-02
4.110000000000000000e+02 1.000000000000000000e+00 9.992371773681665292e-01 0.000000000000000000e+00 3.905205967824793012e-02
4.120000000000000000e+02 1.000000000000000000e+00 9.992371773681136826e-01 0.000000000000000000e+00 3.905205967824580682e-02
4.130000000000000000e+02 1.000000000000000000e+00 9.992371773674888491e-01 0.000000000000000000e+00 3.905205967822122926e-02
4.140000000000000000e+02 1.000000000000000000e+00 9.992371773681993918e-01 0.000000000000000000e+00 3.905205967824926239e-02
4.150000000000000000e+02 1.000000000000000000e+00 9.992371773682089398e-01 0.000000000000000000e+00 3.905205967824958158e-02
4.160000000000000000e+02 1.000000000000000000e+00 9.992371773681254510e-01 0.000000000000000000e+00 3.905205967824633417e-02
4.170000000000000000e+02 1.000000000000000000e+00 9.992371773681747449e-01 0.000000000000000000e+00 3.905205967824829094e-02
4.180000000000000000e+02 1.000000000000000000e+00 9.992371773681907321e-01 0.000000000000000000e+00 3.905205967824876279e-02
4.190000000000000000e+02 1.000000000000000000e+00 9.992371773681708591e-01 0.000000000000000000e+00 3.905205967824809665e-02
4.200000000000000000e+02 1.000000000000000000e+00 9.992371773681250069e-01 0.000000000000000000e+00 3.905205967824650765e-02
4.210000000000000000e+02 1.000000000000000000e+00 9.992371773682087177e-01 0.000000000000000000e+00 3.905205967824960239e-02
4.220000000000000000e+02 1.000000000000000000e+00 9.992371773682093838e-01 0.000000000000000000e+00 3.905205967824963015e-02
4.230000000000000000e+02 1.000000000000000000e+00 9.992371773682138247e-01 0.000000000000000000e+00 3.905205967824945668e-02
4.240000000000000000e+02 1.000000000000000000e+00 9.992371773682346969e-01 0.000000000000000000e+00 3.905205967825021302e-02
4.250000000000000000e+02 1.000000000000000000e+00 9.992371773681882896e-01 0.000000000000000000e+00 3.905205967824898483e-02
4.260000000000000000e+02 1.000000000000000000e+00 9.992371773681634206e-01 0.000000000000000000e+00 3.905205967824815910e-02
4.270000000000000000e+02 1.000000000000000000e+00 9.992371773681887337e-01 0.000000000000000000e+00 3.905205967824895708e-02
4.280000000000000000e+02 1.000000000000000000e+00 9.992371773682056091e-01 0.000000000000000000e+00 3.905205967824945668e-02
4.290000000000000000e+02 1.000000000000000000e+00 9.992371773680184255e-01 0.000000000000000000e+00 3.905205967824186553e-02
4.300000000000000000e+02 1.000000000000000000e+00 9.992371773681971714e-01 0.000000000000000000e+00 3.905205967824898483e-02
4.310000000000000000e+02 1.000000000000000000e+00 9.992371773681700819e-01 0.000000000000000000e+00 3.905205967824797175e-02
4.320000000000000000e+02 1.000000000000000000e+00 9.992371773681371083e-01 0.000000000000000000e+00 3.905205967824660479e-02
4.330000000000000000e+02 1.000000000000000000e+00 9.992371773681840708e-01 0.000000000000000000e+00 3.905205967824874891e-02
4.340000000000000000e+02 1.000000000000000000e+00 9.992371773681467673e-01 0.000000000000000000e+00 3.905205967824727786e-02
4.350000000000000000e+02 1.000000000000000000e+00 9.992371773681505420e-01 0.000000000000000000e+00 3.905205967824744440e-02
4.360000000000000000e+02 1.000000000000000000e+00 9.992371773681725244e-01 0.000000000000000000e+00 3.905205967824805502e-02
4.370000000000000000e+02 1.000000000000000000e+00 9.992371773681851810e-01 0.000000000000000000e+00 3.905205967824863789e-02
4.380000000000000000e+02 1.000000000000000000e+00 9.992371773681947289e-01 0.000000000000000000e+00 3.905205967824897095e-02
4.390000000000000000e+02 1.000000000000000000e+00 9.992371773681505420e-01 0.000000000000000000e+00 3.905205967824745134e-02
4.400000000000000000e+02 1.000000000000000000e+00 9.992371773682079406e-01 0.000000000000000000e+00 3.905205967824940116e-02
4.410000000000000000e+02 1.000000000000000000e+00 9.992371773682348080e-01 0.000000000000000000e+00 3.905205967825047669e-02
4.420000000000000000e+02 1.000000000000000000e+00 9.992371773681451019e-01 0.000000000000000000e+00 3.905205967824698643e-02
4.430000000000000000e+02 1.000000000000000000e+00 9.992371773681647529e-01 0.000000000000000000e+00 3.905205967824761093e-02
4.440000000000000000e+02 1.000000000000000000e+00 9.992371773681909541e-01 0.000000000000000000e+00 3.905205967824881830e-02
4.450000000000000000e+02 1.000000000000000000e+00 9.992371773682393599e-01 0.000000000000000000e+00 3.905205967825070568e-02
4.460000000000000000e+02 1.000000000000000000e+00 9.992371773680324143e-01 0.000000000000000000e+00 3.905205967824252472e-02
4.470000000000000000e+02 1.000000000000000000e+00 9.992371773681792968e-01 0.000000000000000000e+00 3.905205967824861013e-02
4.480000000000000000e+02 1.000000000000000000e+00 9.992371773681925085e-01 0.000000000000000000e+00 3.905205967824892932e-02
4.490000000000000000e+02 1.000000000000000000e+00 9.992371773681949509e-01 0.000000000000000000e+00 3.905205967824894320e-02
4.500000000000000000e+02 1.000000000000000000e+00 9.992371773681205660e-01 0.000000000000000000e+00 3.905205967824591784e-02
4.510000000000000000e+02 1.000000000000000000e+00 9.992371773682133806e-01 0.000000000000000000e+00 3.905205967824976199e-02
4.520000000000000000e+02 1.000000000000000000e+00 9.992371773682302560e-01 0.000000000000000000e+00 3.905205967825047669e-02
4.530000000000000000e+02 1.000000000000000000e+00 9.992371773681423264e-01 0.000000000000000000e+00 3.905205967824719460e-02
4.540000000000000000e+02 1.000000000000000000e+00 9.992371773680870373e-01 0.000000000000000000e+00 3.905205967824459251e-02
4.550000000000000000e+02 1.000000000000000000e+00 9.992371773681848479e-01 0.000000000000000000e+00 3.905205967824856156e-02
4.560000000000000000e+02 1.000000000000000000e+00 9.992371773681467673e-01 0.000000000000000000e+00 3.905205967824730562e-02
4.570000000000000000e+02 1.000000000000000000e+00 9.992371773678989655e-01 0.000000000000000000e+00 3.905205967823738300e-02
4.580000000000000000e+02 1.000000000000000000e+00 9.992371773681759661e-01 0.000000000000000000e+00 3.905205967824831870e-02
4.590000000000000000e+02 1.000000000000000000e+00 9.992371773681667513e-01 0.000000000000000000e+00 3.905205967824804808e-02
4.600000000000000000e+02 1.000000000000000000e+00 9.992371773681949509e-01 0.000000000000000000e+00 3.905205967824917912e-02
4.610000000000000000e+02 1.000000000000000000e+00 9.992371773681001379e-01 0.000000000000000000e+00 3.905205967824530722e-02
4.620000000000000000e+02 1.000000000000000000e+00 9.992371773681418823e-01 0.000000000000000000e+00 3.905205967824658397e-02
4.630000000000000000e+02 1.000000000000000000e+00 9.992371773681932856e-01 0.000000000000000000e+00 3.905205967824898483e-02
4.640000000000000000e+02 1.000000000000000000e+00 9.992371773682011682e-01 0.000000000000000000e+00 3.905205967824917912e-02
4.650000000000000000e+02 1.000000000000000000e+00 9.992371773682238167e-01 0.000000000000000000e+00 3.905205967825019914e-02
4.660000000000000000e+02 1.000000000000000000e+00 9.992371773681092417e-01 0.000000000000000000e+00 3.905205967824580682e-02
4.670000000000000000e+02 1.000000000000000000e+00 9.992371773682107161e-01 0.000000000000000000e+00 3.905205967824966484e-02
4.680000000000000000e+02 1.000000000000000000e+00 9.992371773681347769e-01 0.000000000000000000e+00 3.905205967824691010e-02
4.690000000000000000e+02 1.000000000000000000e+00 9.992371773681935077e-01 0.000000000000000000e+00 3.905205967824901953e-02
4.700000000000000000e+02 1.000000000000000000e+00 9.992371773681991698e-01 0.000000000000000000e+00 3.905205967824921381e-02
4.710000000000000000e+02 1.000000000000000000e+00 9.992371773681441027e-01 0.000000000000000000e+00 3.905205967824725705e-02
4.720000000000000000e+02 1.000000000000000000e+00 9.992371773681334446e-01 0.000000000000000000e+00 3.905205967824684071e-02
4.730000000000000000e+02 1.000000000000000000e+00 9.992371773681223424e-01 0.000000000000000000e+00 3.905205967824632723e-02
4.740000000000000000e+02 1.000000000000000000e+00 9.992371773681344438e-01 0.000000000000000000e+00 3.905205967824680602e-02
4.750000000000000000e+02 1.000000000000000000e+00 9.992371773681394398e-01 0.000000000000000000e+00 3.905205967824677826e-02
4.760000000000000000e+02 1.000000000000000000e+00 9.992371773682123814e-01 0.000000000000000000e+00 3.905205967824966484e-02
4.770000000000000000e+02 1.000000000000000000e+00 9.992371773680552849e-01 0.000000000000000000e+00 3.905205967824371127e-02
4.780000000000000000e+02 1.000000000000000000e+00 9.992371773681778535e-01 0.000000000000000000e+00 3.905205967824842972e-02
4.790000000000000000e+02 1.000000000000000000e+00 9.992371773680406299e-01 0.000000000000000000e+00 3.905205967824282309e-02
4.800000000000000000e+02 1.000000000000000000e+00 9.992371773681745228e-01 0.000000000000000000e+00 3.905205967824826319e-02
4.810000000000000000e+02 1.000000000000000000e+00 9.992371773679968872e-01 0.000000000000000000e+00 3.905205967824101204e-02
4.820000000000000000e+02 1.000000000000000000e+00 9.992371773682062752e-01 0.000000000000000000e+00 3.905205967824922769e-02
4.830000000000000000e+02 1.000000000000000000e+00 9.992371773681462122e-01 0.000000000000000000e+00 3.905205967824741664e-02
4.840000000000000000e+02 1.000000000000000000e+00 9.992371773682015013e-01 0.000000000000000000e+00 3.905205967824917912e-02
4.850000000000000000e+02 1.000000000000000000e+00 9.992371773680296387e-01 0.000000000000000000e+00 3.905205967824282309e-02
4.860000000000000000e+02 1.000000000000000000e+00 9.992371773681669733e-01 0.000000000000000000e+00 3.905205967824822155e-02
4.870000000000000000e+02 1.000000000000000000e+00 9.992371773681205660e-01 0.000000000000000000e+00 3.905205967824619540e-02
4.880000000000000000e+02 1.000000000000000000e+00 9.992371773678128122e-01 0.000000000000000000e+00 3.905205967823389274e-02
4.890000000000000000e+02 1.000000000000000000e+00 9.992371773680169822e-01 0.000000000000000000e+00 3.905205967824224023e-02
4.900000000000000000e+02 1.000000000000000000e+00 9.992371773680817082e-01 0.000000000000000000e+00 3.905205967824498109e-02
4.910000000000000000e+02 1.000000000000000000e+00 9.992371773681427705e-01 0.000000000000000000e+00 3.905205967824711133e-02
4.920000000000000000e+02 1.000000000000000000e+00 9.992371773681441027e-01 0.000000000000000000e+00 3.905205967824702112e-02
4.930000000000000000e+02 1.000000000000000000e+00 9.992371773679221691e-01 0.000000000000000000e+00 3.905205967823834057e-02
4.940000000000000000e+02 1.000000000000000000e+00 9.992371773681556490e-01 0.000000000000000000e+00 3.905205967824748603e-02
4.950000000000000000e+02 1.000000000000000000e+00 9.992371773677068969e-01 0.000000000000000000e+00 3.905205967823005553e-02
4.960000000000000000e+02 1.000000000000000000e+00 9.992371773679578073e-01 0.000000000000000000e+00 3.905205967823961732e-02
4.970000000000000000e+02 1.000000000000000000e+00 9.992371773674761926e-01 0.000000000000000000e+00 3.905205967822109048e-02
4.980000000000000000e+02 1.000000000000000000e+00 9.992371773681111291e-01 0.000000000000000000e+00 3.905205967824555702e-02
4.990000000000000000e+02 1.000000000000000000e+00 9.992371773681534286e-01 0.000000000000000000e+00 3.905205967824750685e-02
5.000000000000000000e+02 1.000000000000000000e+00 9.992371773673995872e-01 0.000000000000000000e+00 3.905205967821781532e-02
5.010000000000000000e+02 1.000000000000000000e+00 9.992371773680376323e-01 0.000000000000000000e+00 3.905205967824298963e-02
5.020000000000000000e+02 1.000000000000000000e+00 9.992371773681589797e-01 0.000000000000000000e+00 3.905205967824759011e-02
5.030000000000000000e+02 1.000000000000000000e+00 9.992371773680225333e-01 0.000000000000000000e+00 3.905205967824221247e-02
5.040000000000000000e+02 1.000000000000000000e+00 9.992371773681096858e-01 0.000000000000000000e+00 3.905205967824600111e-02
5.050000000000000000e+02 1.000000000000000000e+00 9.992371773678089264e-01 0.000000000000000000e+00 3.905205967823389274e-02
5.060000000000000000e+02 1.000000000000000000e+00 9.992371773681267833e-01 0.000000000000000000e+00 3.905205967824637581e-02
5.070000000000000000e+02 1.000000000000000000e+00 9.992371773673012214e-01 0.000000000000000000e+00 3.905205967821402668e-02
5.080000000000000000e+02 1.000000000000000000e+00 9.992371773680048808e-01 0.000000000000000000e+00 3.905205967824150470e-02
5.090000000000000000e+02 1.000000000000000000e+00 9.992371773671160362e-01 0.000000000000000000e+00 3.905205967820697677e-02
5.100000000000000000e+02 1.000000000000000000e+00 9.992371773675448043e-01 0.000000000000000000e+00 3.905205967822372726e-02
5.110000000000000000e+02 1.000000000000000000e+00 9.992371773676139712e-01 0.000000000000000000e+00 3.905205967822647506e-02
