512 4
0.000000000000000000e+00 1.000000000000000000e+00 9.992371773682545699e-01 0.000000000000000000e+00 3.905205967825114977e-02
1.000000000000000000e+00 1.000000000000000000e+00 9.992371773682565683e-01 0.000000000000000000e+00 3.905205967825122609e-02
2.000000000000000000e+00 1.000000000000000000e+00 9.992371773682420244e-01 0.000000000000000000e+00 3.905205967825271796e-02
3.000000000000000000e+00 1.000000000000000000e+00 9.992371773682497960e-01 0.000000000000000000e+00 3.905205967825275959e-02
4.000000000000000000e+00 1.000000000000000000e+00 9.992371773682564573e-01 0.000000000000000000e+00 3.905205967825036567e-02
5.000000000000000000e+00 1.000000000000000000e+00 9.992371773682389158e-01 0.000000000000000000e+00 3.905205967825219754e-02
6.000000000000000000e+00 1.000000000000000000e+00 9.992371773682504621e-01 0.000000000000000000e+00 3.905205967825312041e-02
7.000000000000000000e+00 1.000000000000000000e+00 9.992371773682484637e-01 0.000000000000000000e+00 3.905205967825284979e-02
8.000000000000000000e+00 1.000000000000000000e+00 9.992371773682420244e-01 0.000000000000000000e+00 3.905205967825241958e-02
9.000000000000000000e+00 1.000000000000000000e+00 9.992371773682494629e-01 0.000000000000000000e+00 3.905205967825328695e-02
1.000000000000000000e+01 1.000000000000000000e+00 9.992371773682466873e-01 0.000000000000000000e+00 3.905205967825312735e-02
1.100000000000000000e+01 1.000000000000000000e+00 9.992371773682482416e-01 0.000000000000000000e+00 3.905205967825299551e-02
1.200000000000000000e+01 1.000000000000000000e+00 9.992371773682486857e-01 0.000000000000000000e+00 3.905205967825282898e-02
1.300000000000000000e+01 1.000000000000000000e+00 9.992371773682475755e-01 0.000000000000000000e+00 3.905205967825311347e-02
1.400000000000000000e+01 1.000000000000000000e+00 9.992371773682187097e-01 0.000000000000000000e+00 3.905205967825170488e-02
1.500000000000000000e+01 1.000000000000000000e+00 9.992371773682482416e-01 0.000000000000000000e+00 3.905205967825285673e-02
1.600000000000000000e+01 1.000000000000000000e+00 9.992371773682041658e-01 0.000000000000000000e+00 3.905205967825132324e-02
1.700000000000000000e+01 1.000000000000000000e+00 9.992371773682416913e-01 0.000000000000000000e+00 3.905205967825254448e-02
1.800000000000000000e+01 1.000000000000000000e+00 9.992371773682372504e-01 0.000000000000000000e+00 3.905205967825259999e-02
1.900000000000000000e+01 1.000000000000000000e+00 9.992371773682495739e-01 0.000000000000000000e+00 3.905205967825262775e-02
2.000000000000000000e+01 1.000000000000000000e+00 9.992371773682446889e-01 0.000000000000000000e+00 3.905205967825287061e-02
2.100000000000000000e+01 1.000000000000000000e+00 9.992371773682524605e-01 0.000000000000000000e+00 3.905205967825374491e-02
2.200000000000000000e+01 1.000000000000000000e+00 9.992371773682455771e-01 0.000000000000000000e+00 3.905205967825254448e-02
2.300000000000000000e+01 1.000000000000000000e+00 9.992371773682393599e-01 0.000000000000000000e+00 3.905205967825225999e-02
2.400000000000000000e+01 1.000000000000000000e+00 9.992371773682271474e-01 0.000000000000000000e+00 3.905205967825188529e-02
2.500000000000000000e+01 1.000000000000000000e+00 9.992371773682122704e-01 0.000000000000000000e+00 3.905205967825158692e-02
2.600000000000000000e+01 1.000000000000000000e+00 9.992371773682372504e-01 0.000000000000000000e+00 3.905205967825227387e-02
2.700000000000000000e+01 1.000000000000000000e+00 9.992371773682284797e-01 0.000000000000000000e+00 3.905205967825183672e-02
2.800000000000000000e+01 1.000000000000000000e+00 9.992371773681730796e-01 0.000000000000000000e+00 3.905205967824941504e-02
2.900000000000000000e+01 1.000000000000000000e+00 9.992371773682517944e-01 0.000000000000000000e+00 3.905205967825311347e-02
3.000000000000000000e+01 1.000000000000000000e+00 9.992371773682398040e-01 0.000000000000000000e+00 3.905205967825234326e-02
3.100000000000000000e+01 1.000000000000000000e+00 9.992371773682272584e-01 0.000000000000000000e+00 3.905205967825194774e-02
3.200000000000000000e+01 1.000000000000000000e+00 9.992371773682133806e-01 0.000000000000000000e+00 3.905205967825193386e-02
3.300000000000000000e+01 1.000000000000000000e+00 9.992371773682172664e-01 0.000000000000000000e+00 3.905205967825144120e-02
3.400000000000000000e+01 1.000000000000000000e+00 9.992371773682086067e-01 0.000000000000000000e+00 3.905205967825096935e-02
3.500000000000000000e+01 1.000000000000000000e+00 9.992371773682304781e-01 0.000000000000000000e+00 3.905205967825223223e-02
3.600000000000000000e+01 1.000000000000000000e+00 9.992371773682432456e-01 0.000000000000000000e+00 3.905205967825296776e-02
3.700000000000000000e+01 1.000000000000000000e+00 9.992371773682404701e-01 0.000000000000000000e+00 3.905205967825245428e-02
3.800000000000000000e+01 1.000000000000000000e+00 9.992371773681798519e-01 0.000000000000000000e+00 3.905205967825007424e-02
3.900000000000000000e+01 1.000000000000000000e+00 9.992371773682220404e-01 0.000000000000000000e+00 3.905205967825206570e-02
4.000000000000000000e+01 1.000000000000000000e+00 9.992371773681687497e-01 0.000000000000000000e+00 3.905205967824945668e-02
4.100000000000000000e+01 1.000000000000000000e+00 9.992371773682282576e-01 0.000000000000000000e+00 3.905205967825199631e-02
4.200000000000000000e+01 1.000000000000000000e+00 9.992371773681885117e-01 0.000000000000000000e+00 3.905205967825029628e-02
4.300000000000000000e+01 1.000000000000000000e+00 9.992371773682520164e-01 0.000000000000000000e+00 3.905205967825341185e-02
4.400000000000000000e+01 1.000000000000000000e+00 9.992371773682495739e-01 0.000000000000000000e+00 3.905205967825269020e-02
4.500000000000000000e+01 1.000000000000000000e+00 9.992371773681896219e-01 0.000000000000000000e+00 3.905205967825044200e-02
4.600000000000000000e+01 1.000000000000000000e+00 9.992371773682487968e-01 0.000000000000000000e+00 3.905205967825277347e-02
4.700000000000000000e+01 1.000000000000000000e+00 9.992371773682395819e-01 0.000000000000000000e+00 3.905205967825264857e-02
4.800000000000000000e+01 1.000000000000000000e+00 9.992371773682350300e-01 0.000000000000000000e+00 3.905205967825232244e-02
4.900000000000000000e+01 1.000000000000000000e+00 9.992371773681949509e-01 0.000000000000000000e+00 3.905205967825071955e-02
5.000000000000000000e+01 1.000000000000000000e+00 9.992371773682471314e-01 0.000000000000000000e+00 3.905205967825241264e-02
5.100000000000000000e+01 1.000000000000000000e+00 9.992371773682260372e-01 0.000000000000000000e+00 3.905205967825201019e-02
5.200000000000000000e+01 1.000000000000000000e+00 9.992371773682307001e-01 0.000000000000000000e+00 3.905205967825201019e-02
5.300000000000000000e+01 1.000000000000000000e+00 9.992371773682390268e-01 0.000000000000000000e+00 3.905205967825228774e-02
5.400000000000000000e+01 1.000000000000000000e+00 9.992371773682351410e-01 0.000000000000000000e+00 3.905205967825225999e-02
5.500000000000000000e+01 1.000000000000000000e+00 9.992371773682351410e-01 0.000000000000000000e+00 3.905205967825259306e-02
5.600000000000000000e+01 1.000000000000000000e+00 9.992371773682460212e-01 0.000000000000000000e+00 3.905205967825271102e-02
5.700000000000000000e+01 1.000000000000000000e+00 9.992371773682262592e-01 0.000000000000000000e+00 3.905205967825192692e-02
5.800000000000000000e+01 1.000000000000000000e+00 9.992371773682449110e-01 0.000000000000000000e+00 3.905205967825237101e-02
5.900000000000000000e+01 1.000000000000000000e+00 9.992371773682113822e-01 0.000000000000000000e+00 3.905205967825124691e-02
6.000000000000000000e+01 1.000000000000000000e+00 9.992371773682321434e-01 0.000000000000000000e+00 3.905205967825234326e-02
6.100000000000000000e+01 1.000000000000000000e+00 9.992371773682231506e-01 0.000000000000000000e+00 3.905205967825203794e-02
6.200000000000000000e+01 1.000000000000000000e+00 9.992371773682178215e-01 0.000000000000000000e+00 3.905205967825203794e-02
6.300000000000000000e+01 1.000000000000000000e+00 9.992371773682400260e-01 0.000000000000000000e+00 3.905205967825235019e-02
6.400000000000000000e+01 1.000000000000000000e+00 9.992371773682302560e-01 0.000000000000000000e+00 3.905205967825206570e-02
6.500000000000000000e+01 1.000000000000000000e+00 9.992371773682087177e-01 0.000000000000000000e+00 3.905205967825115670e-02
6.600000000000000000e+01 1.000000000000000000e+00 9.992371773682430236e-01 0.000000000000000000e+00 3.905205967825262081e-02
6.700000000000000000e+01 1.000000000000000000e+00 9.992371773682335867e-01 0.000000000000000000e+00 3.905205967825253061e-02
6.800000000000000000e+01 1.000000000000000000e+00 9.992371773682184877e-01 0.000000000000000000e+00 3.905205967825184366e-02
6.900000000000000000e+01 1.000000000000000000e+00 9.992371773682421354e-01 0.000000000000000000e+00 3.905205967825267632e-02
7.000000000000000000e+01 1.000000000000000000e+00 9.992371773682080516e-01 0.000000000000000000e+00 3.905205967825103874e-02
7.100000000000000000e+01 1.000000000000000000e+00 9.992371773681931746e-01 0.000000000000000000e+00 3.905205967825054608e-02
7.200000000000000000e+01 1.000000000000000000e+00 9.992371773682121594e-01 0.000000000000000000e+00 3.905205967825145508e-02
7.300000000000000000e+01 1.000000000000000000e+00 9.992371773681302249e-01 0.000000000000000000e+00 3.905205967824754154e-02
7.400000000000000000e+01 1.000000000000000000e+00 9.992371773682389158e-01 0.000000000000000000e+00 3.905205967825201713e-02
7.500000000000000000e+01 1.000000000000000000e+00 9.992371773682486857e-01 0.000000000000000000e+00 3.905205967825259306e-02
7.600000000000000000e+01 1.000000000000000000e+00 9.992371773682443559e-01 0.000000000000000000e+00 3.905205967825286367e-02
7.700000000000000000e+01 1.000000000000000000e+00 9.992371773682380276e-01 0.000000000000000000e+00 3.905205967825235713e-02
7.800000000000000000e+01 1.000000000000000000e+00 9.992371773682424685e-01 0.000000000000000000e+00 3.905205967825292612e-02
7.900000000000000000e+01 1.000000000000000000e+00 9.992371773682255931e-01 0.000000000000000000e+00 3.905205967825197549e-02
8.000000000000000000e+01 1.000000000000000000e+00 9.992371773682482416e-01 0.000000000000000000e+00 3.905205967825282204e-02
8.100000000000000000e+01 1.000000000000000000e+00 9.992371773682411362e-01 0.000000000000000000e+00 3.905205967825289837e-02
8.200000000000000000e+01 1.000000000000000000e+00 9.992371773682484637e-01 0.000000000000000000e+00 3.905205967825331470e-02
8.300000000000000000e+01 1.000000000000000000e+00 9.992371773682390268e-01 0.000000000000000000e+00 3.905205967825218366e-02
8.400000000000000000e+01 1.000000000000000000e+00 9.992371773682040548e-01 0.000000000000000000e+00 3.905205967825116364e-02
8.500000000000000000e+01 1.000000000000000000e+00 9.992371773682466873e-01 0.000000000000000000e+00 3.905205967825269020e-02
8.600000000000000000e+01 1.000000000000000000e+00 9.992371773682455771e-01 0.000000000000000000e+00 3.905205967825262775e-02
8.700000000000000000e+01 1.000000000000000000e+00 9.992371773682400260e-01 0.000000000000000000e+00 3.905205967825234326e-02
8.800000000000000000e+01 1.000000000000000000e+00 9.992371773682331426e-01 0.000000000000000000e+00 3.905205967825195468e-02
8.900000000000000000e+01 1.000000000000000000e+00 9.992371773682140468e-01 0.000000000000000000e+00 3.905205967825165631e-02
9.000000000000000000e+01 1.000000000000000000e+00 9.992371773682365843e-01 0.000000000000000000e+00 3.905205967825239877e-02
9.100000000000000000e+01 1.000000000000000000e+00 9.992371773682428016e-01 0.000000000000000000e+00 3.905205967825266244e-02
9.200000000000000000e+01 1.000000000000000000e+00 9.992371773682514613e-01 0.000000000000000000e+00 3.905205967825026159e-02
9.300000000000000000e+01 1.000000000000000000e+00 9.992371773682225955e-01 0.000000000000000000e+00 3.905205967825189917e-02
9.400000000000000000e+01 1.000000000000000000e+00 9.992371773681979485e-01 0.000000000000000000e+00 3.905205967825085833e-02
9.500000000000000000e+01 1.000000000000000000e+00 9.992371773682511282e-01 0.000000000000000000e+00 3.905205967825288449e-02
9.600000000000000000e+01 1.000000000000000000e+00 9.992371773682460212e-01 0.000000000000000000e+00 3.905205967825237101e-02
9.700000000000000000e+01 1.000000000000000000e+00 9.992371773681881786e-01 0.000000000000000000e+00 3.905205967825092772e-02
9.800000000000000000e+01 1.000000000000000000e+00 9.992371773682215963e-01 0.000000000000000000e+00 3.905205967825175345e-02
9.900000000000000000e+01 1.000000000000000000e+00 9.992371773682218183e-01 0.000000000000000000e+00 3.905205967825181590e-02
1.000000000000000000e+02 1.000000000000000000e+00 9.992371773682230396e-01 0.000000000000000000e+00 3.905205967825145508e-02
1.010000000000000000e+02 1.000000000000000000e+00 9.992371773682253711e-01 0.000000000000000000e+00 3.905205967825192692e-02
1.020000000000000000e+02 1.000000000000000000e+00 9.992371773682091618e-01 0.000000000000000000e+00 3.905205967825126079e-02
1.030000000000000000e+02 1.000000000000000000e+00 9.992371773682360292e-01 0.000000000000000000e+00 3.905205967825225999e-02
1.040000000000000000e+02 1.000000000000000000e+00 9.992371773682457992e-01 0.000000000000000000e+00 3.905205967825280122e-02
1.050000000000000000e+02 1.000000000000000000e+00 9.992371773682487968e-01 0.000000000000000000e+00 3.905205967825277347e-02
1.060000000000000000e+02 1.000000000000000000e+00 9.992371773682107161e-01 0.000000000000000000e+00 3.905205967825138569e-02
1.070000000000000000e+02 1.000000000000000000e+00 9.992371773682349190e-01 0.000000000000000000e+00 3.905205967825203794e-02
1.080000000000000000e+02 1.000000000000000000e+00 9.992371773681985037e-01 0.000000000000000000e+00 3.905205967825080282e-02
1.090000000000000000e+02 1.000000000000000000e+00 9.992371773682455771e-01 0.000000000000000000e+00 3.905205967825232938e-02
1.100000000000000000e+02 1.000000000000000000e+00 9.992371773681518743e-01 0.000000000000000000e+00 3.905205967824898483e-02
1.110000000000000000e+02 1.000000000000000000e+00 9.992371773682346969e-01 0.000000000000000000e+00 3.905205967825223223e-02
1.120000000000000000e+02 1.000000000000000000e+00 9.992371773682098279e-01 0.000000000000000000e+00 3.905205967825135099e-02
1.130000000000000000e+02 1.000000000000000000e+00 9.992371773682049430e-01 0.000000000000000000e+00 3.905205967825121915e-02
1.140000000000000000e+02 1.000000000000000000e+00 9.992371773682436897e-01 0.000000000000000000e+00 3.905205967825281510e-02
1.150000000000000000e+02 1.000000000000000000e+00 9.992371773682297009e-01 0.000000000000000000e+00 3.905205967825205182e-02
1.160000000000000000e+02 1.000000000000000000e+00 9.992371773682316993e-01 0.000000000000000000e+00 3.905205967825206570e-02
1.170000000000000000e+02 1.000000000000000000e+00 9.992371773682435787e-01 0.000000000000000000e+00 3.905205967825279428e-02
1.180000000000000000e+02 1.000000000000000000e+00 9.992371773682153790e-01 0.000000000000000000e+00 3.905205967825155222e-02
1.190000000000000000e+02 1.000000000000000000e+00 9.992371773681631986e-01 0.000000000000000000e+00 3.905205967824940810e-02
1.200000000000000000e+02 1.000000000000000000e+00 9.992371773682409142e-01 0.000000000000000000e+00 3.905205967825216284e-02
1.210000000000000000e+02 1.000000000000000000e+00 9.992371773682007241e-01 0.000000000000000000e+00 3.905205967825095548e-02
1.220000000000000000e+02 1.000000000000000000e+00 9.992371773677382052e-01 0.000000000000000000e+00 3.905205967823290047e-02
1.230000000000000000e+02 1.000000000000000000e+00 9.992371773681937297e-01 0.000000000000000000e+00 3.905205967825069180e-02
1.240000000000000000e+02 1.000000000000000000e+00 9.992371773682525715e-01 0.000000000000000000e+00 3.905205967825328695e-02
1.250000000000000000e+02 1.000000000000000000e+00 9.992371773682493519e-01 0.000000000000000000e+00 3.905205967825281510e-02
1.260000000000000000e+02 1.000000000000000000e+00 9.992371773682502401e-01 0.000000000000000000e+00 3.905205967825291918e-02
1.270000000000000000e+02 1.000000000000000000e+00 9.992371773682507952e-01 0.000000000000000000e+00 3.905205967825292612e-02
1.280000000000000000e+02 1.000000000000000000e+00 9.992371773682491298e-01 0.000000000000000000e+00 3.905205967825309266e-02
1.290000000000000000e+02 1.000000000000000000e+00 9.992371773682455771e-01 0.000000000000000000e+00 3.905205967825260693e-02
1.300000000000000000e+02 1.000000000000000000e+00 9.992371773682365843e-01 0.000000000000000000e+00 3.905205967825255836e-02
1.310000000000000000e+02 1.000000000000000000e+00 9.992371773682195979e-01 0.000000000000000000e+00 3.905205967825169100e-02
1.320000000000000000e+02 1.000000000000000000e+00 9.992371773682414693e-01 0.000000000000000000e+00 3.905205967825242652e-02
1.330000000000000000e+02 1.000000000000000000e+00 9.992371773682343639e-01 0.000000000000000000e+00 3.905205967825205876e-02
1.340000000000000000e+02 1.000000000000000000e+00 9.992371773682446889e-01 0.000000000000000000e+00 3.905205967825224611e-02
1.350000000000000000e+02 1.000000000000000000e+00 9.992371773682493519e-01 0.000000000000000000e+00 3.905205967825312735e-02
1.360000000000000000e+02 1.000000000000000000e+00 9.992371773682326985e-01 0.000000000000000000e+00 3.905205967825194774e-02
1.370000000000000000e+02 1.000000000000000000e+00 9.992371773682141578e-01 0.000000000000000000e+00 3.905205967825170488e-02
1.380000000000000000e+02 1.000000000000000000e+00 9.992371773681998359e-01 0.000000000000000000e+00 3.905205967825085833e-02
1.390000000000000000e+02 1.000000000000000000e+00 9.992371773682326985e-01 0.000000000000000000e+00 3.905205967825194774e-02
1.400000000000000000e+02 1.000000000000000000e+00 9.992371773682164893e-01 0.000000000000000000e+00 3.905205967825096242e-02
1.410000000000000000e+02 1.000000000000000000e+00 9.992371773682524605e-01 0.000000000000000000e+00 3.905205967825238489e-02
1.420000000000000000e+02 1.000000000000000000e+00 9.992371773682465763e-01 0.000000000000000000e+00 3.905205967825273877e-02
1.430000000000000000e+02 1.000000000000000000e+00 9.992371773682162672e-01 0.000000000000000000e+00 3.905205967825152447e-02
1.440000000000000000e+02 1.000000000000000000e+00 9.992371773682207081e-01 0.000000000000000000e+00 3.905205967825127467e-02
1.450000000000000000e+02 1.000000000000000000e+00 9.992371773682080516e-01 0.000000000000000000e+00 3.905205967825134405e-02
1.460000000000000000e+02 1.000000000000000000e+00 9.992371773682185987e-01 0.000000000000000000e+00 3.905205967825182284e-02
1.470000000000000000e+02 1.000000000000000000e+00 9.992371773681953950e-01 0.000000000000000000e+00 3.905205967825051139e-02
1.480000000000000000e+02 1.000000000000000000e+00 9.992371773682142688e-01 0.000000000000000000e+00 3.905205967825171876e-02
1.490000000000000000e+02 1.000000000000000000e+00 9.992371773682164893e-01 0.000000000000000000e+00 3.905205967825148977e-02
1.500000000000000000e+02 1.000000000000000000e+00 9.992371773682511282e-01 0.000000000000000000e+00 3.905205967825057384e-02
1.510000000000000000e+02 1.000000000000000000e+00 9.992371773682350300e-01 0.000000000000000000e+00 3.905205967825210733e-02
1.520000000000000000e+02 1.000000000000000000e+00 9.992371773682451330e-01 0.000000000000000000e+00 3.905205967825265551e-02
1.530000000000000000e+02 1.000000000000000000e+00 9.992371773682356961e-01 0.000000000000000000e+00 3.905205967825223223e-02
1.540000000000000000e+02 1.000000000000000000e+00 9.992371773682451330e-01 0.000000000000000000e+00 3.905205967825263469e-02
1.550000000000000000e+02 1.000000000000000000e+00 9.992371773682275915e-01 0.000000000000000000e+00 3.905205967825164243e-02
1.560000000000000000e+02 1.000000000000000000e+00 9.992371773681898439e-01 0.000000000000000000e+00 3.905205967825029628e-02
1.570000000000000000e+02 1.000000000000000000e+00 9.992371773682124925e-01 0.000000000000000000e+00 3.905205967825167712e-02
1.580000000000000000e+02 1.000000000000000000e+00 9.992371773681891778e-01 0.000000000000000000e+00 3.905205967825030322e-02
1.590000000000000000e+02 1.000000000000000000e+00 9.992371773682440228e-01 0.000000000000000000e+00 3.905205967825235713e-02
1.600000000000000000e+02 1.000000000000000000e+00 9.992371773682157121e-01 0.000000000000000000e+00 3.905205967825131630e-02
1.610000000000000000e+02 1.000000000000000000e+00 9.992371773682081626e-01 0.000000000000000000e+00 3.905205967825130242e-02
1.620000000000000000e+02 1.000000000000000000e+00 9.992371773682029445e-01 0.000000000000000000e+00 3.905205967825101793e-02
1.630000000000000000e+02 1.000000000000000000e+00 9.992371773682379166e-01 0.000000000000000000e+00 3.905205967825230162e-02
1.640000000000000000e+02 1.000000000000000000e+00 9.992371773682428016e-01 0.000000000000000000e+00 3.905205967825232244e-02
1.650000000000000000e+02 1.000000000000000000e+00 9.992371773682323655e-01 0.000000000000000000e+00 3.905205967825206570e-02
1.660000000000000000e+02 1.000000000000000000e+00 9.992371773682475755e-01 0.000000000000000000e+00 3.905205967825216978e-02
1.670000000000000000e+02 1.000000000000000000e+00 9.992371773681566482e-01 0.000000000000000000e+00 3.905205967824874197e-02
1.680000000000000000e+02 1.000000000000000000e+00 9.992371773682267033e-01 0.000000000000000000e+00 3.905205967825191304e-02
1.690000000000000000e+02 1.000000000000000000e+00 9.992371773682104941e-01 0.000000000000000000e+00 3.905205967825117058e-02
1.700000000000000000e+02 1.000000000000000000e+00 9.992371773682466873e-01 0.000000000000000000e+00 3.905205967825274571e-02
1.710000000000000000e+02 1.000000000000000000e+00 9.992371773682514613e-01 0.000000000000000000e+00 3.905205967825209346e-02
1.720000000000000000e+02 1.000000000000000000e+00 9.992371773682405811e-01 0.000000000000000000e+00 3.905205967825250285e-02
1.730000000000000000e+02 1.000000000000000000e+00 9.992371773682252600e-01 0.000000000000000000e+00 3.905205967825173263e-02
1.740000000000000000e+02 1.000000000000000000e+00 9.992371773682371394e-01 0.000000000000000000e+00 3.905205967825202407e-02
1.750000000000000000e+02 1.000000000000000000e+00 9.992371773682124925e-01 0.000000000000000000e+00 3.905205967825139263e-02
1.760000000000000000e+02 1.000000000000000000e+00 9.992371773682195979e-01 0.000000000000000000e+00 3.905205967825135099e-02
1.770000000000000000e+02 1.000000000000000000e+00 9.992371773682036107e-01 0.000000000000000000e+00 3.905205967825080282e-02
1.780000000000000000e+02 1.000000000000000000e+00 9.992371773682227065e-01 0.000000000000000000e+00 3.905205967825167018e-02
1.790000000000000000e+02 1.000000000000000000e+00 9.992371773682264813e-01 0.000000000000000000e+00 3.905205967825182978e-02
1.800000000000000000e+02 1.000000000000000000e+00 9.992371773681957281e-01 0.000000000000000000e+00 3.905205967825048363e-02
1.810000000000000000e+02 1.000000000000000000e+00 9.992371773682144909e-01 0.000000000000000000e+00 3.905205967825114977e-02
1.820000000000000000e+02 1.000000000000000000e+00 9.992371773682305891e-01 0.000000000000000000e+00 3.905205967825192692e-02
1.830000000000000000e+02 1.000000000000000000e+00 9.992371773682370284e-01 0.000000000000000000e+00 3.905205967825223223e-02
1.840000000000000000e+02 1.000000000000000000e+00 9.992371773681890668e-01 0.000000000000000000e+00 3.905205967825056690e-02
1.850000000000000000e+02 1.000000000000000000e+00 9.992371773682466873e-01 0.000000000000000000e+00 3.905205967825230162e-02
1.860000000000000000e+02 1.000000000000000000e+00 9.992371773681464342e-01 0.000000000000000000e+00 3.905205967824856850e-02
1.870000000000000000e+02 1.000000000000000000e+00 9.992371773682270364e-01 0.000000000000000000e+00 3.905205967825153834e-02
1.880000000000000000e+02 1.000000000000000000e+00 9.992371773682299230e-01 0.000000000000000000e+00 3.905205967825211427e-02
1.890000000000000000e+02 1.000000000000000000e+00 9.992371773681880676e-01 0.000000000000000000e+00 3.905205967825031710e-02
1.900000000000000000e+02 1.000000000000000000e+00 9.992371773682359182e-01 0.000000000000000000e+00 3.905205967825194080e-02
1.910000000000000000e+02 1.000000000000000000e+00 9.992371773682360292e-01 0.000000000000000000e+00 3.905205967825246122e-02
1.920000000000000000e+02 1.000000000000000000e+00 9.992371773682100500e-01 0.000000000000000000e+00 3.905205967825134405e-02
1.930000000000000000e+02 1.000000000000000000e+00 9.992371773682195979e-01 0.000000000000000000e+00 3.905205967825151059e-02
1.940000000000000000e+02 1.000000000000000000e+00 9.992371773682455771e-01 0.000000000000000000e+00 3.905205967825252367e-02
1.950000000000000000e+02 1.000000000000000000e+00 9.992371773682284797e-01 0.000000000000000000e+00 3.905205967825203794e-02
1.960000000000000000e+02 1.000000000000000000e+00 9.992371773682129366e-01 0.000000000000000000e+00 3.905205967825123997e-02
1.970000000000000000e+02 1.000000000000000000e+00 9.992371773681150149e-01 0.000000000000000000e+00 3.905205967824743052e-02
1.980000000000000000e+02 1.000000000000000000e+00 9.992371773681703040e-01 0.000000000000000000e+00 3.905205967824972035e-02
1.990000000000000000e+02 1.000000000000000000e+00 9.992371773682175995e-01 0.000000000000000000e+00 3.905205967825131630e-02
2.000000000000000000e+02 1.000000000000000000e+00 9.992371773682489078e-01 0.000000000000000000e+00 3.905205967825234326e-02
2.010000000000000000e+02 1.000000000000000000e+00 9.992371773682299230e-01 0.000000000000000000e+00 3.905205967825187141e-02
2.020000000000000000e+02 1.000000000000000000e+00 9.992371773682107161e-01 0.000000000000000000e+00 3.905205967825125385e-02
2.030000000000000000e+02 1.000000000000000000e+00 9.992371773682457992e-01 0.000000000000000000e+00 3.905205967825282898e-02
2.040000000000000000e+02 1.000000000000000000e+00 9.992371773682402480e-01 0.000000000000000000e+00 3.905205967825235713e-02
2.050000000000000000e+02 1.000000000000000000e+00 9.992371773682333647e-01 0.000000000000000000e+00 3.905205967825171876e-02
2.060000000000000000e+02 1.000000000000000000e+00 9.992371773682470204e-01 0.000000000000000000e+00 3.905205967825299551e-02
2.070000000000000000e+02 1.000000000000000000e+00 9.992371773682020564e-01 0.000000000000000000e+00 3.905205967825128854e-02
2.080000000000000000e+02 1.000000000000000000e+00 9.992371773682346969e-01 0.000000000000000000e+00 3.905205967825235019e-02
2.090000000000000000e+02 1.000000000000000000e+00 9.992371773682258151e-01 0.000000000000000000e+00 3.905205967825176039e-02
2.100000000000000000e+02 1.000000000000000000e+00 9.992371773681982816e-01 0.000000000000000000e+00 3.905205967825099017e-02
2.110000000000000000e+02 1.000000000000000000e+00 9.992371773682467984e-01 0.000000000000000000e+00 3.905205967825243346e-02
2.120000000000000000e+02 1.000000000000000000e+00 9.992371773681882896e-01 0.000000000000000000e+00 3.905205967825016444e-02
2.130000000000000000e+02 1.000000000000000000e+00 9.992371773682526825e-01 0.000000000000000000e+00 3.905205967825274571e-02
2.140000000000000000e+02 1.000000000000000000e+00 9.992371773682311442e-01 0.000000000000000000e+00 3.905205967825177427e-02
2.150000000000000000e+02 1.000000000000000000e+00 9.992371773681730796e-01 0.000000000000000000e+00 3.905205967824967872e-02
2.160000000000000000e+02 1.000000000000000000e+00 9.992371773681723024e-01 0.000000000000000000e+00 3.905205967824978974e-02
2.170000000000000000e+02 1.000000000000000000e+00 9.992371773682213743e-01 0.000000000000000000e+00 3.905205967825142732e-02
2.180000000000000000e+02 1.000000000000000000e+00 9.992371773681616443e-01 0.000000000000000000e+00 3.905205967824941504e-02
2.190000000000000000e+02 1.000000000000000000e+00 9.992371773682318103e-01 0.000000000000000000e+00 3.905205967825194774e-02
2.200000000000000000e+02 1.000000000000000000e+00 9.992371773676392843e-01 0.000000000000000000e+00 3.905205967822886204e-02
2.210000000000000000e+02 1.000000000000000000e+00 9.992371773682404701e-01 0.000000000000000000e+00 3.905205967825221836e-02
2.220000000000000000e+02 1.000000000000000000e+00 9.992371773682207081e-01 0.000000000000000000e+00 3.905205967825159385e-02
2.230000000000000000e+02 1.000000000000000000e+00 9.992371773681865132e-01 0.000000000000000000e+00 3.905205967825044894e-02
2.240000000000000000e+02 1.000000000000000000e+00 9.992371773682385827e-01 0.000000000000000000e+00 3.905205967825235713e-02
2.250000000000000000e+02 1.000000000000000000e+00 9.992371773682169334e-01 0.000000000000000000e+00 3.905205967825153834e-02
2.260000000000000000e+02 1.000000000000000000e+00 9.992371773682353631e-01 0.000000000000000000e+00 3.905205967825221836e-02
2.270000000000000000e+02 1.000000000000000000e+00 9.992371773682076075e-01 0.000000000000000000e+00 3.905205967825128854e-02
2.280000000000000000e+02 1.000000000000000000e+00 9.992371773681345548e-01 0.000000000000000000e+00 3.905205967824859625e-02
2.290000000000000000e+02 1.000000000000000000e+00 9.992371773682149350e-01 0.000000000000000000e+00 3.905205967825144120e-02
2.300000000000000000e+02 1.000000000000000000e+00 9.992371773682435787e-01 0.000000000000000000e+00 3.905205967825253754e-02
2.310000000000000000e+02 1.000000000000000000e+00 9.992371773681906211e-01 0.000000000000000000e+00 3.905205967825071955e-02
2.320000000000000000e+02 1.000000000000000000e+00 9.992371773682259262e-01 0.000000000000000000e+00 3.905205967825185753e-02
2.330000000000000000e+02 1.000000000000000000e+00 9.992371773682429126e-01 0.000000000000000000e+00 3.905205967825263469e-02
2.340000000000000000e+02 1.000000000000000000e+00 9.992371773681973934e-01 0.000000000000000000e+00 3.905205967825056690e-02
2.350000000000000000e+02 1.000000000000000000e+00 9.992371773682382496e-01 0.000000000000000000e+00 3.905205967825222529e-02
2.360000000000000000e+02 1.000000000000000000e+00 9.992371773682149350e-01 0.000000000000000000e+00 3.905205967825151753e-02
2.370000000000000000e+02 1.000000000000000000e+00 9.992371773682425795e-01 0.000000000000000000e+00 3.905205967825255142e-02
2.380000000000000000e+02 1.000000000000000000e+00 9.992371773681754110e-01 0.000000000000000000e+00 3.905205967825001873e-02
2.390000000000000000e+02 1.000000000000000000e+00 9.992371773681414382e-01 0.000000000000000000e+00 3.905205967824829788e-02
2.400000000000000000e+02 1.000000000000000000e+00 9.992371773682248159e-01 0.000000000000000000e+00 3.905205967825142038e-02
2.410000000000000000e+02 1.000000000000000000e+00 9.992371773682446889e-01 0.000000000000000000e+00 3.905205967825228774e-02
2.420000000000000000e+02 1.000000000000000000e+00 9.992371773682120484e-01 0.000000000000000000e+00 3.905205967825152447e-02
2.430000000000000000e+02 1.000000000000000000e+00 9.992371773682223735e-01 0.000000000000000000e+00 3.905205967825167712e-02
2.440000000000000000e+02 1.000000000000000000e+00 9.992371773682146019e-01 0.000000000000000000e+00 3.905205967825128854e-02
2.450000000000000000e+02 1.000000000000000000e+00 9.992371773682151570e-01 0.000000000000000000e+00 3.905205967825173263e-02
2.460000000000000000e+02 1.000000000000000000e+00 9.992371773682151570e-01 0.000000000000000000e+00 3.905205967825117752e-02
2.470000000000000000e+02 1.000000000000000000e+00 9.992371773682430236e-01 0.000000000000000000e+00 3.905205967825189917e-02
2.480000000000000000e+02 1.000000000000000000e+00 9.992371773681768543e-01 0.000000000000000000e+00 3.905205967824954688e-02
2.490000000000000000e+02 1.000000000000000000e+00 9.992371773680215341e-01 0.000000000000000000e+00 3.905205967824394026e-02
2.500000000000000000e+02 1.000000000000000000e+00 9.992371773682396929e-01 0.000000000000000000e+00 3.905205967825220448e-02
2.510000000000000000e+02 1.000000000000000000e+00 9.992371773682404701e-01 0.000000000000000000e+00 3.905205967825204488e-02
2.520000000000000000e+02 1.000000000000000000e+00 9.992371773680748248e-01 0.000000000000000000e+00 3.905205967824570967e-02
2.530000000000000000e+02 1.000000000000000000e+00 9.992371773682419134e-01 0.000000000000000000e+00 3.905205967825237101e-02
2.540000000000000000e+02 1.000000000000000000e+00 9.992371773682061642e-01 0.000000000000000000e+00 3.905205967825098323e-02
2.550000000000000000e+02 1.000000000000000000e+00 9.992371773681877345e-01 0.000000000000000000e+00 3.905205967825041424e-02
2.560000000000000000e+02 1.000000000000000000e+00 9.992371773681898439e-01 0.000000000000000000e+00 3.905205967825055302e-02
2.570000000000000000e+02 1.000000000000000000e+00 9.992371773681802960e-01 0.000000000000000000e+00 3.905205967824972035e-02
2.580000000000000000e+02 1.000000000000000000e+00 9.992371773682446889e-01 0.000000000000000000e+00 3.905205967825248203e-02
2.590000000000000000e+02 1.000000000000000000e+00 9.992371773682033886e-01 0.000000000000000000e+00 3.905205967825093466e-02
2.600000000000000000e+02 1.000000000000000000e+00 9.992371773682342528e-01 0.000000000000000000e+00 3.905205967825210733e-02
2.610000000000000000e+02 1.000000000000000000e+00 9.992371773682309222e-01 0.000000000000000000e+00 3.905205967825161467e-02
2.620000000000000000e+02 1.000000000000000000e+00 9.992371773682355851e-01 0.000000000000000000e+00 3.905205967825237101e-02
2.630000000000000000e+02 1.000000000000000000e+00 9.992371773682162672e-01 0.000000000000000000e+00 3.905205967825121222e-02
2.640000000000000000e+02 1.000000000000000000e+00 9.992371773682392488e-01 0.000000000000000000e+00 3.905205967825232938e-02
2.650000000000000000e+02 1.000000000000000000e+00 9.992371773682350300e-01 0.000000000000000000e+00 3.905205967825203794e-02
2.660000000000000000e+02 1.000000000000000000e+00 9.992371773682480196e-01 0.000000000000000000e+00 3.905205967825253061e-02
2.670000000000000000e+02 1.000000000000000000e+00 9.992371773682515723e-01 0.000000000000000000e+00 3.905205967825275959e-02
2.680000000000000000e+02 1.000000000000000000e+00 9.992371773681829605e-01 0.000000000000000000e+00 3.905205967825008118e-02
2.690000000000000000e+02 1.000000000000000000e+00 9.992371773682313663e-01 0.000000000000000000e+00 3.905205967825191304e-02
2.700000000000000000e+02 1.000000000000000000e+00 9.992371773681346658e-01 0.000000000000000000e+00 3.905205967824819380e-02
2.710000000000000000e+02 1.000000000000000000e+00 9.992371773682411362e-01 0.000000000000000000e+00 3.905205967825210733e-02
2.720000000000000000e+02 1.000000000000000000e+00 9.992371773682107161e-01 0.000000000000000000e+00 3.905205967825133018e-02
2.730000000000000000e+02 1.000000000000000000e+00 9.992371773682242608e-01 0.000000000000000000e+00 3.905205967825172569e-02
2.740000000000000000e+02 1.000000000000000000e+00 9.992371773682426905e-01 0.000000000000000000e+00 3.905205967825234326e-02
2.750000000000000000e+02 1.000000000000000000e+00 9.992371773682304781e-01 0.000000000000000000e+00 3.905205967825174651e-02
2.760000000000000000e+02 1.000000000000000000e+00 9.992371773680497338e-01 0.000000000000000000e+00 3.905205967824491170e-02
2.770000000000000000e+02 1.000000000000000000e+00 9.992371773680468472e-01 0.000000000000000000e+00 3.905205967824473823e-02
2.780000000000000000e+02 1.000000000000000000e+00 9.992371773682120484e-01 0.000000000000000000e+00 3.905205967825117752e-02
2.790000000000000000e+02 1.000000000000000000e+00 9.992371773682269254e-01 0.000000000000000000e+00 3.905205967825182978e-02
2.800000000000000000e+02 1.000000000000000000e+00 9.992371773681776315e-01 0.000000000000000000e+00 3.905205967824995628e-02
2.810000000000000000e+02 1.000000000000000000e+00 9.992371773682453551e-01 0.000000000000000000e+00 3.905205967825230856e-02
2.820000000000000000e+02 1.000000000000000000e+00 9.992371773682398040e-01 0.000000000000000000e+00 3.905205967825221836e-02
2.830000000000000000e+02 1.000000000000000000e+00 9.992371773682275915e-01 0.000000000000000000e+00 3.905205967825185753e-02
2.840000000000000000e+02 1.000000000000000000e+00 9.992371773680924774e-01 0.000000000000000000e+00 3.905205967824667418e-02
2.850000000000000000e+02 1.000000000000000000e+00 9.992371773682352520e-01 0.000000000000000000e+00 3.905205967825207958e-02
2.860000000000000000e+02 1.000000000000000000e+00 9.992371773682364733e-01 0.000000000000000000e+00 3.905205967825189223e-02
2.870000000000000000e+02 1.000000000000000000e+00 9.992371773682383607e-01 0.000000000000000000e+00 3.905205967825225999e-02
2.880000000000000000e+02 1.000000000000000000e+00 9.992371773682182656e-01 0.000000000000000000e+00 3.905205967825146895e-02
2.890000000000000000e+02 1.000000000000000000e+00 9.992371773682349190e-01 0.000000000000000000e+00 3.905205967825199631e-02
2.900000000000000000e+02 1.000000000000000000e+00 9.992371773682358072e-01 0.000000000000000000e+00 3.905205967825207264e-02
2.910000000000000000e+02 1.000000000000000000e+00 9.992371773682229286e-01 0.000000000000000000e+00 3.905205967825177427e-02
2.920000000000000000e+02 1.000000000000000000e+00 9.992371773681715252e-01 0.000000000000000000e+00 3.905205967824990770e-02
2.930000000000000000e+02 1.000000000000000000e+00 9.992371773680920333e-01 0.000000000000000000e+00 3.905205967824625785e-02
2.940000000000000000e+02 1.000000000000000000e+00 9.992371773682359182e-01 0.000000000000000000e+00 3.905205967825224611e-02
2.950000000000000000e+02 1.000000000000000000e+00 9.992371773682264813e-01 0.000000000000000000e+00 3.905205967825174651e-02
2.960000000000000000e+02 1.000000000000000000e+00 9.992371773682297009e-01 0.000000000000000000e+00 3.905205967825166324e-02
2.970000000000000000e+02 1.000000000000000000e+00 9.992371773682344749e-01 0.000000000000000000e+00 3.905205967825231550e-02
2.980000000000000000e+02 1.000000000000000000e+00 9.992371773682364733e-01 0.000000000000000000e+00 3.905205967825210733e-02
2.990000000000000000e+02 1.000000000000000000e+00 9.992371773682388048e-01 0.000000000000000000e+00 3.905205967825214203e-02
3.000000000000000000e+02 1.000000000000000000e+00 9.992371773681785196e-01 0.000000000000000000e+00 3.905205967824994240e-02
3.010000000000000000e+02 1.000000000000000000e+00 9.992371773682291458e-01 0.000000000000000000e+00 3.905205967825170488e-02
3.020000000000000000e+02 1.000000000000000000e+00 9.992371773681842928e-01 0.000000000000000000e+00 3.905205967825011587e-02
3.030000000000000000e+02 1.000000000000000000e+00 9.992371773680184255e-01 0.000000000000000000e+00 3.905205967824316310e-02
3.040000000000000000e+02 1.000000000000000000e+00 9.992371773682022784e-01 0.000000000000000000e+00 3.905205967825072649e-02
3.050000000000000000e+02 1.000000000000000000e+00 9.992371773678786484e-01 0.000000000000000000e+00 3.905205967823838914e-02
3.060000000000000000e+02 1.000000000000000000e+00 9.992371773682260372e-01 0.000000000000000000e+00 3.905205967825155222e-02
3.070000000000000000e+02 1.000000000000000000e+00 9.992371773682282576e-01 0.000000000000000000e+00 3.905205967825178121e-02
3.080000000000000000e+02 1.000000000000000000e+00 9.992371773681967273e-01 0.000000000000000000e+00 3.905205967825034485e-02
3.090000000000000000e+02 1.000000000000000000e+00 9.992371773682343639e-01 0.000000000000000000e+00 3.905205967825191304e-02
3.100000000000000000e+02 1.000000000000000000e+00 9.992371773682234837e-01 0.000000000000000000e+00 3.905205967825159385e-02
3.110000000000000000e+02 1.000000000000000000e+00 9.992371773682293679e-01 0.000000000000000000e+00 3.905205967825197549e-02
3.120000000000000000e+02 1.000000000000000000e+00 9.992371773682091618e-01 0.000000000000000000e+00 3.905205967825119140e-02
3.130000000000000000e+02 1.000000000000000000e+00 9.992371773681776315e-01 0.000000000000000000e+00 3.905205967824994934e-02
3.140000000000000000e+02 1.000000000000000000e+00 9.992371773682231506e-01 0.000000000000000000e+00 3.905205967825139957e-02
3.150000000000000000e+02 1.000000000000000000e+00 9.992371773681921754e-01 0.000000000000000000e+00 3.905205967825027547e-02
3.160000000000000000e+02 1.000000000000000000e+00 9.992371773682139358e-01 0.000000000000000000e+00 3.905205967825160773e-02
3.170000000000000000e+02 1.000000000000000000e+00 9.992371773682477976e-01 0.000000000000000000e+00 3.905205967825253754e-02
3.180000000000000000e+02 1.000000000000000000e+00 9.992371773681700819e-01 0.000000000000000000e+00 3.905205967824962321e-02
3.190000000000000000e+02 1.000000000000000000e+00 9.992371773680985836e-01 0.000000000000000000e+00 3.905205967824658397e-02
3.200000000000000000e+02 1.000000000000000000e+00 9.992371773682491298e-01 0.000000000000000000e+00 3.905205967825238489e-02
3.210000000000000000e+02 1.000000000000000000e+00 9.992371773682190428e-01 0.000000000000000000e+00 3.905205967825157304e-02
3.220000000000000000e+02 1.000000000000000000e+00 9.992371773682053870e-01 0.000000000000000000e+00 3.905205967825126773e-02
3.230000000000000000e+02 1.000000000000000000e+00 9.992371773682484637e-01 0.000000000000000000e+00 3.905205967825269020e-02
3.240000000000000000e+02 1.000000000000000000e+00 9.992371773682223735e-01 0.000000000000000000e+00 3.905205967825167018e-02
3.250000000000000000e+02 1.000000000000000000e+00 9.992371773680550628e-01 0.000000000000000000e+00 3.905205967824506436e-02
3.260000000000000000e+02 1.000000000000000000e+00 9.992371773682455771e-01 0.000000000000000000e+00 3.905205967825247509e-02
3.270000000000000000e+02 1.000000000000000000e+00 9.992371773682501290e-01 0.000000000000000000e+00 3.905205967825291224e-02
3.280000000000000000e+02 1.000000000000000000e+00 9.992371773682475755e-01 0.000000000000000000e+00 3.905205967825269714e-02
3.290000000000000000e+02 1.000000000000000000e+00 9.992371773682386937e-01 0.000000000000000000e+00 3.905205967825203794e-02
3.300000000000000000e+02 1.000000000000000000e+00 9.992371773681659741e-01 0.000000000000000000e+00 3.905205967824963709e-02
3.310000000000000000e+02 1.000000000000000000e+00 9.992371773680959191e-01 0.000000000000000000e+00 3.905205967824670887e-02
3.320000000000000000e+02 1.000000000000000000e+00 9.992371773678976332e-01 0.000000000000000000e+00 3.905205967823886792e-02
3.330000000000000000e+02 1.000000000000000000e+00 9.992371773681950620e-01 0.000000000000000000e+00 3.905205967825063629e-02
3.340000000000000000e+02 1.000000000000000000e+00 9.992371773678843105e-01 0.000000000000000000e+00 3.905205967823813240e-02
3.350000000000000000e+02 1.000000000000000000e+00 9.992371773682071634e-01 0.000000000000000000e+00 3.905205967825092772e-02
3.360000000000000000e+02 1.000000000000000000e+00 9.992371773682402480e-01 0.000000000000000000e+00 3.905205967825264857e-02
3.370000000000000000e+02 1.000000000000000000e+00 9.992371773682221514e-01 0.000000000000000000e+00 3.905205967825134405e-02
3.380000000000000000e+02 1.000000000000000000e+00 9.992371773681532066e-01 0.000000000000000000e+00 3.905205967824881830e-02
3.390000000000000000e+02 1.000000000000000000e+00 9.992371773681724134e-01 0.000000000000000000e+00 3.905205967824964403e-02
3.400000000000000000e+02 1.000000000000000000e+00 9.992371773682364733e-01 0.000000000000000000e+00 3.905205967825224611e-02
3.410000000000000000e+02 1.000000000000000000e+00 9.992371773682322544e-01 0.000000000000000000e+00 3.905205967825224611e-02
3.420000000000000000e+02 1.000000000000000000e+00 9.992371773682229286e-01 0.000000000000000000e+00 3.905205967825161467e-02
3.430000000000000000e+02 1.000000000000000000e+00 9.992371773681957281e-01 0.000000000000000000e+00 3.905205967825060853e-02
3.440000000000000000e+02 1.000000000000000000e+00 9.992371773681956171e-01 0.000000000000000000e+00 3.905205967825045588e-02
3.450000000000000000e+02 1.000000000000000000e+00 9.992371773682275915e-01 0.000000000000000000e+00 3.905205967825151059e-02
3.460000000000000000e+02 1.000000000000000000e+00 9.992371773682084957e-01 0.000000000000000000e+00 3.905205967825103874e-02
3.470000000000000000e+02 1.000000000000000000e+00 9.992371773682293679e-01 0.000000000000000000e+00 3.905205967825201713e-02
3.480000000000000000e+02 1.000000000000000000e+00 9.992371773682225955e-01 0.000000000000000000e+00 3.905205967825143426e-02
3.490000000000000000e+02 1.000000000000000000e+00 9.992371773682449110e-01 0.000000000000000000e+00 3.905205967825224611e-02
3.500000000000000000e+02 1.000000000000000000e+00 9.992371773682411362e-01 0.000000000000000000e+00 3.905205967825224611e-02
3.510000000000000000e+02 1.000000000000000000e+00 9.992371773682229286e-01 0.000000000000000000e+00 3.905205967825149671e-02
3.520000000000000000e+02 1.000000000000000000e+00 9.992371773682078295e-01 0.000000000000000000e+00 3.905205967825083058e-02
3.530000000000000000e+02 1.000000000000000000e+00 9.992371773682460212e-01 0.000000000000000000e+00 3.905205967825232938e-02
3.540000000000000000e+02 1.000000000000000000e+00 9.992371773682284797e-01 0.000000000000000000e+00 3.905205967825178814e-02
3.550000000000000000e+02 1.000000000000000000e+00 9.992371773682227065e-01 0.000000000000000000e+00 3.905205967825160079e-02
3.560000000000000000e+02 1.000000000000000000e+00 9.992371773681578695e-01 0.000000000000000000e+00 3.905205967824905422e-02
3.570000000000000000e+02 1.000000000000000000e+00 9.992371773682098279e-01 0.000000000000000000e+00 3.905205967825109425e-02
3.580000000000000000e+02 1.000000000000000000e+00 9.992371773681507641e-01 0.000000000000000000e+00 3.905205967824902646e-02
3.590000000000000000e+02 1.000000000000000000e+00 9.992371773682272584e-01 0.000000000000000000e+00 3.905205967825168406e-02
3.600000000000000000e+02 1.000000000000000000e+00 9.992371773681663072e-01 0.000000000000000000e+00 3.905205967824930402e-02
3.610000000000000000e+02 1.000000000000000000e+00 9.992371773682199310e-01 0.000000000000000000e+00 3.905205967825174651e-02
3.620000000000000000e+02 1.000000000000000000e+00 9.992371773682315883e-01 0.000000000000000000e+00 3.905205967825166324e-02
3.630000000000000000e+02 1.000000000000000000e+00 9.992371773682440228e-01 0.000000000000000000e+00 3.905205967825246122e-02
3.640000000000000000e+02 1.000000000000000000e+00 9.992371773682113822e-01 0.000000000000000000e+00 3.905205967825126079e-02
3.650000000000000000e+02 1.000000000000000000e+00 9.992371773681195668e-01 0.000000000000000000e+00 3.905205967824747909e-02
3.660000000000000000e+02 1.000000000000000000e+00 9.992371773682220404e-01 0.000000000000000000e+00 3.905205967825153834e-02
3.670000000000000000e+02 1.000000000000000000e+00 9.992371773682477976e-01 0.000000000000000000e+00 3.905205967825270408e-02
3.680000000000000000e+02 1.000000000000000000e+00 9.992371773682207081e-01 0.000000000000000000e+00 3.905205967825169100e-02
3.690000000000000000e+02 1.000000000000000000e+00 9.992371773681456570e-01 0.000000000000000000e+00 3.905205967824861013e-02
3.700000000000000000e+02 1.000000000000000000e+00 9.992371773682378056e-01 0.000000000000000000e+00 3.905205967825199631e-02
3.710000000000000000e+02 1.000000000000000000e+00 9.992371773680635005e-01 0.000000000000000000e+00 3.905205967824540436e-02
3.720000000000000000e+02 1.000000000000000000e+00 9.992371773681720803e-01 0.000000000000000000e+00 3.905205967824987301e-02
3.730000000000000000e+02 1.000000000000000000e+00 9.992371773681886227e-01 0.000000000000000000e+00 3.905205967825031710e-02
3.740000000000000000e+02 1.000000000000000000e+00 9.992371773682469094e-01 0.000000000000000000e+00 3.905205967825273877e-02
3.750000000000000000e+02 1.000000000000000000e+00 9.992371773682211522e-01 0.000000000000000000e+00 3.905205967825151059e-02
3.760000000000000000e+02 1.000000000000000000e+00 9.992371773681607561e-01 0.000000000000000000e+00 3.905205967824944974e-02
3.770000000000000000e+02 1.000000000000000000e+00 9.992371773682362512e-01 0.000000000000000000e+00 3.905205967825207958e-02
3.780000000000000000e+02 1.000000000000000000e+00 9.992371773681555380e-01 0.000000000000000000e+00 3.905205967824920688e-02
3.790000000000000000e+02 1.000000000000000000e+00 9.992371773682078295e-01 0.000000000000000000e+00 3.905205967825099017e-02
3.800000000000000000e+02 1.000000000000000000e+00 9.992371773682242608e-01 0.000000000000000000e+00 3.905205967825166324e-02
3.810000000000000000e+02 1.000000000000000000e+00 9.992371773681671954e-01 0.000000000000000000e+00 3.905205967824910973e-02
3.820000000000000000e+02 1.000000000000000000e+00 9.992371773682297009e-01 0.000000000000000000e+00 3.905205967825149671e-02
3.830000000000000000e+02 1.000000000000000000e+00 9.992371773682218183e-01 0.000000000000000000e+00 3.905205967825157304e-02
3.840000000000000000e+02 1.000000000000000000e+00 9.992371773682171554e-01 0.000000000000000000e+00 3.905205967825116364e-02
3.850000000000000000e+02 1.000000000000000000e+00 9.992371773682272584e-01 0.000000000000000000e+00 3.905205967825172569e-02
3.860000000000000000e+02 1.000000000000000000e+00 9.992371773682164893e-01 0.000000000000000000e+00 3.905205967825133018e-02
3.870000000000000000e+02 1.000000000000000000e+00 9.992371773682348080e-01 0.000000000000000000e+00 3.905205967825178814e-02
3.880000000000000000e+02 1.000000000000000000e+00 9.992371773681858471e-01 0.000000000000000000e+00 3.905205967825017138e-02
3.890000000000000000e+02 1.000000000000000000e+00 9.992371773682195979e-01 0.000000000000000000e+00 3.905205967825147589e-02
3.900000000000000000e+02 1.000000000000000000e+00 9.992371773680577274e-01 0.000000000000000000e+00 3.905205967824486313e-02
3.910000000000000000e+02 1.000000000000000000e+00 9.992371773681888447e-01 0.000000000000000000e+00 3.905205967825038649e-02
3.920000000000000000e+02 1.000000000000000000e+00 9.992371773681878455e-01 0.000000000000000000e+00 3.905205967825042812e-02
3.930000000000000000e+02 1.000000000000000000e+00 9.992371773681980596e-01 0.000000000000000000e+00 3.905205967825106650e-02
3.940000000000000000e+02 1.000000000000000000e+00 9.992371773682313663e-01 0.000000000000000000e+00 3.905205967825162161e-02
3.950000000000000000e+02 1.000000000000000000e+00 9.992371773682074965e-01 0.000000000000000000e+00 3.905205967825116364e-02
3.960000000000000000e+02 1.000000000000000000e+00 9.992371773681945069e-01 0.000000000000000000e+00 3.905205967825060853e-02
3.970000000000000000e+02 1.000000000000000000e+00 9.992371773682116043e-01 0.000000000000000000e+00 3.905205967825117752e-02
3.980000000000000000e+02 1.000000000000000000e+00 9.992371773682243719e-01 0.000000000000000000e+00 3.905205967825145508e-02
3.990000000000000000e+02 1.000000000000000000e+00 9.992371773682433567e-01 0.000000000000000000e+00 3.905205967825238489e-02
4.000000000000000000e+02 1.000000000000000000e+00 9.992371773680647218e-01 0.000000000000000000e+00 3.905205967824574437e-02
4.010000000000000000e+02 1.000000000000000000e+00 9.992371773681972824e-01 0.000000000000000000e+00 3.905205967825062241e-02
4.020000000000000000e+02 1.000000000000000000e+00 9.992371773681476554e-01 0.000000000000000000e+00 3.905205967824858931e-02
4.030000000000000000e+02 1.000000000000000000e+00 9.992371773682152680e-01 0.000000000000000000e+00 3.905205967825154528e-02
4.040000000000000000e+02 1.000000000000000000e+00 9.992371773682123814e-01 0.000000000000000000e+00 3.905205967825103874e-02
4.050000000000000000e+02 1.000000000000000000e+00 9.992371773681594238e-01 0.000000000000000000e+00 3.905205967824917912e-02
4.060000000000000000e+02 1.000000000000000000e+00 9.992371773682242608e-01 0.000000000000000000e+00 3.905205967825162161e-02
4.070000000000000000e+02 1.000000000000000000e+00 9.992371773682384717e-01 0.000000000000000000e+00 3.905205967825194080e-02
4.080000000000000000e+02 1.000000000000000000e+00 9.992371773682194869e-01 0.000000000000000000e+00 3.905205967825166324e-02
4.090000000000000000e+02 1.000000000000000000e+00 9.992371773681738567e-01 0.000000000000000000e+00 3.905205967824970648e-02
4.100000000000000000e+02 1.000000000000000000e+00 9.992371773682459102e-01 0.000000000000000000e+00 3.905205967825239877e-02
4.110000000000000000e+02 1.000000000000000000e+00 9.992371773681993918e-01 0.000000000000000000e+00 3.905205967825077507e-02
4.120000000000000000e+02 1.000000000000000000e+00 9.992371773682247049e-01 0.000000000000000000e+00 3.905205967825169100e-02
4.130000000000000000e+02 1.000000000000000000e+00 9.992371773682231506e-01 0.000000000000000000e+00 3.905205967825146202e-02
4.140000000000000000e+02 1.000000000000000000e+00 9.992371773681780756e-01 0.000000000000000000e+00 3.905205967825003954e-02
4.150000000000000000e+02 1.000000000000000000e+00 9.992371773682053870e-01 0.000000000000000000e+00 3.905205967825103874e-02
4.160000000000000000e+02 1.000000000000000000e+00 9.992371773681618663e-01 0.000000000000000000e+00 3.905205967824886687e-02
4.170000000000000000e+02 1.000000000000000000e+00 9.992371773678234703e-01 0.000000000000000000e+00 3.905205967823627972e-02
4.180000000000000000e+02 1.000000000000000000e+00 9.992371773680663871e-01 0.000000000000000000e+00 3.905205967824555702e-02
4.190000000000000000e+02 1.000000000000000000e+00 9.992371773681885117e-01 0.000000000000000000e+00 3.905205967825001179e-02
4.200000000000000000e+02 1.000000000000000000e+00 9.992371773681945069e-01 0.000000000000000000e+00 3.905205967825076119e-02
4.210000000000000000e+02 1.000000000000000000e+00 9.992371773681211211e-01 0.000000000000000000e+00 3.905205967824772195e-02
4.220000000000000000e+02 1.000000000000000000e+00 9.992371773681917313e-01 0.000000000000000000e+00 3.905205967825061547e-02
4.230000000000000000e+02 1.000000000000000000e+00 9.992371773680304159e-01 0.000000000000000000e+00 3.905205967824439128e-02
4.240000000000000000e+02 1.000000000000000000e+00 9.992371773680741587e-01 0.000000000000000000e+00 3.905205967824621621e-02
4.250000000000000000e+02 1.000000000000000000e+00 9.992371773680766012e-01 0.000000000000000000e+00 3.905205967824627866e-02
4.260000000000000000e+02 1.000000000000000000e+00 9.992371773680881475e-01 0.000000000000000000e+00 3.905205967824634111e-02
4.270000000000000000e+02 1.000000000000000000e+00 9.992371773682168223e-01 0.000000000000000000e+00 3.905205967825134405e-02
4.280000000000000000e+02 1.000000000000000000e+00 9.992371773682273695e-01 0.000000000000000000e+00 3.905205967825173957e-02
4.290000000000000000e+02 1.000000000000000000e+00 9.992371773681981706e-01 0.000000000000000000e+00 3.905205967825094160e-02
4.300000000000000000e+02 1.000000000000000000e+00 9.992371773682129366e-01 0.000000000000000000e+00 3.905205967825103180e-02
4.310000000000000000e+02 1.000000000000000000e+00 9.992371773682164893e-01 0.000000000000000000e+00 3.905205967825153140e-02
4.320000000000000000e+02 1.000000000000000000e+00 9.992371773681599789e-01 0.000000000000000000e+00 3.905205967824915830e-02
4.330000000000000000e+02 1.000000000000000000e+00 9.992371773681094638e-01 0.000000000000000000e+00 3.905205967824715990e-02
4.340000000000000000e+02 1.000000000000000000e+00 9.992371773682039438e-01 0.000000000000000000e+00 3.905205967825078200e-02
4.350000000000000000e+02 1.000000000000000000e+00 9.992371773682082736e-01 0.000000000000000000e+00 3.905205967825110813e-02
4.360000000000000000e+02 1.000000000000000000e+00 9.992371773682207081e-01 0.000000000000000000e+00 3.905205967825157304e-02
4.370000000000000000e+02 1.000000000000000000e+00 9.992371773682040548e-01 0.000000000000000000e+00 3.905205967825086527e-02
4.380000000000000000e+02 1.000000000000000000e+00 9.992371773681845148e-01 0.000000000000000000e+00 3.905205967825006730e-02
4.390000000000000000e+02 1.000000000000000000e+00 9.992371773682122704e-01 0.000000000000000000e+00 3.905205967825155916e-02
4.400000000000000000e+02 1.000000000000000000e+00 9.992371773681781866e-01 0.000000000000000000e+00 3.905205967825034485e-02
4.410000000000000000e+02 1.000000000000000000e+00 9.992371773682281466e-01 0.000000000000000000e+00 3.905205967825173263e-02
4.420000000000000000e+02 1.000000000000000000e+00 9.992371773682380276e-01 0.000000000000000000e+00 3.905205967825196162e-02
4.430000000000000000e+02 1.000000000000000000e+00 9.992371773681067992e-01 0.000000000000000000e+00 3.905205967824712521e-02
4.440000000000000000e+02 1.000000000000000000e+00 9.992371773681836267e-01 0.000000000000000000e+00 3.905205967824995628e-02
4.450000000000000000e+02 1.000000000000000000e+00 9.992371773682295899e-01 0.000000000000000000e+00 3.905205967825171876e-02
4.460000000000000000e+02 1.000000000000000000e+00 9.992371773682043878e-01 0.000000000000000000e+00 3.905205967825050445e-02
4.470000000000000000e+02 1.000000000000000000e+00 9.992371773681720803e-01 0.000000000000000000e+00 3.905205967824941504e-02
4.480000000000000000e+02 1.000000000000000000e+00 9.992371773682192648e-01 0.000000000000000000e+00 3.905205967825148283e-02
4.490000000000000000e+02 1.000000000000000000e+00 9.992371773681388847e-01 0.000000000000000000e+00 3.905205967824833257e-02
4.500000000000000000e+02 1.000000000000000000e+00 9.992371773682149350e-01 0.000000000000000000e+00 3.905205967825102487e-02
4.510000000000000000e+02 1.000000000000000000e+00 9.992371773679158409e-01 0.000000000000000000e+00 3.905205967823951324e-02
4.520000000000000000e+02 1.000000000000000000e+00 9.992371773681505420e-01 0.000000000000000000e+00 3.905205967824870728e-02
4.530000000000000000e+02 1.000000000000000000e+00 9.992371773682002800e-01 0.000000000000000000e+00 3.905205967825061547e-02
4.540000000000000000e+02 1.000000000000000000e+00 9.992371773681307801e-01 0.000000000000000000e+00 3.905205967824807584e-02
4.550000000000000000e+02 1.000000000000000000e+00 9.992371773681272273e-01 0.000000000000000000e+00 3.905205967824822849e-02
4.560000000000000000e+02 1.000000000000000000e+00 9.992371773681716363e-01 0.000000000000000000e+00 3.905205967824963015e-02
4.570000000000000000e+02 1.000000000000000000e+00 9.992371773681141267e-01 0.000000000000000000e+00 3.905205967824744440e-02
4.580000000000000000e+02 1.000000000000000000e+00 9.992371773682302560e-01 0.000000000000000000e+00 3.905205967825153834e-02
4.590000000000000000e+02 1.000000000000000000e+00 9.992371773682188207e-01 0.000000000000000000e+00 3.905205967825155222e-02
4.600000000000000000e+02 1.000000000000000000e+00 9.992371773682018343e-01 0.000000000000000000e+00 3.905205967825103180e-02
4.610000000000000000e+02 1.000000000000000000e+00 9.992371773682298119e-01 0.000000000000000000e+00 3.905205967825162855e-02
4.620000000000000000e+02 1.000000000000000000e+00 9.992371773681751890e-01 0.000000000000000000e+00 3.905205967824967872e-02
4.630000000000000000e+02 1.000000000000000000e+00 9.992371773681363312e-01 0.000000000000000000e+00 3.905205967824827706e-02
4.640000000000000000e+02 1.000000000000000000e+00 9.992371773678478952e-01 0.000000000000000000e+00 3.905205967823720953e-02
4.650000000000000000e+02 1.000000000000000000e+00 9.992371773681878455e-01 0.000000000000000000e+00 3.905205967825027547e-02
4.660000000000000000e+02 1.000000000000000000e+00 9.992371773681396618e-01 0.000000000000000000e+00 3.905205967824877666e-02
4.670000000000000000e+02 1.000000000000000000e+00 9.992371773681585356e-01 0.000000000000000000e+00 3.905205967824919994e-02
4.680000000000000000e+02 1.000000000000000000e+00 9.992371773681647529e-01 0.000000000000000000e+00 3.905205967824942892e-02
4.690000000000000000e+02 1.000000000000000000e+00 9.992371773682398040e-01 0.000000000000000000e+00 3.905205967825234326e-02
4.700000000000000000e+02 1.000000000000000000e+00 9.992371773681465452e-01 0.000000000000000000e+00 3.905205967824847829e-02
4.710000000000000000e+02 1.000000000000000000e+00 9.992371773681399949e-01 0.000000000000000000e+00 3.905205967824849911e-02
4.720000000000000000e+02 1.000000000000000000e+00 9.992371773677737323e-01 0.000000000000000000e+00 3.905205967823421886e-02
4.730000000000000000e+02 1.000000000000000000e+00 9.992371773681161251e-01 0.000000000000000000e+00 3.905205967824777746e-02
4.740000000000000000e+02 1.000000000000000000e+00 9.992371773678352387e-01 0.000000000000000000e+00 3.905205967823652258e-02
4.750000000000000000e+02 1.000000000000000000e+00 9.992371773680702729e-01 0.000000000000000000e+00 3.905205967824613295e-02
4.760000000000000000e+02 1.000000000000000000e+00 9.992371773673385249e-01 0.000000000000000000e+00 3.905205967821766266e-02
4.770000000000000000e+02 1.000000000000000000e+00 9.992371773681623104e-01 0.000000000000000000e+00 3.905205967824904034e-02
4.780000000000000000e+02 1.000000000000000000e+00 9.992371773680478464e-01 0.000000000000000000e+00 3.905205967824499497e-02
4.790000000000000000e+02 1.000000000000000000e+00 9.992371773681341107e-01 0.000000000000000000e+00 3.905205967824806890e-02
4.800000000000000000e+02 1.000000000000000000e+00 9.992371773681816283e-01 0.000000000000000000e+00 3.905205967824996321e-02
4.810000000000000000e+02 1.000000000000000000e+00 9.992371773680286395e-01 0.000000000000000000e+00 3.905205967824398883e-02
4.820000000000000000e+02 1.000000000000000000e+00 9.992371773682022784e-01 0.000000000000000000e+00 3.905205967825060853e-02
4.830000000000000000e+02 1.000000000000000000e+00 9.992371773681303360e-01 0.000000000000000000e+00 3.905205967824757624e-02
4.840000000000000000e+02 1.000000000000000000e+00 9.992371773681558711e-01 0.000000000000000000e+00 3.905205967824908198e-02
4.850000000000000000e+02 1.000000000000000000e+00 9.992371773681447689e-01 0.000000000000000000e+00 3.905205967824874891e-02
4.860000000000000000e+02 1.000000000000000000e+00 9.992371773682082736e-01 0.000000000000000000e+00 3.905205967825117752e-02
4.870000000000000000e+02 1.000000000000000000e+00 9.992371773682081626e-01 0.000000000000000000e+00 3.905205967825123303e-02
4.880000000000000000e+02 1.000000000000000000e+00 9.992371773681216762e-01 0.000000000000000000e+00 3.905205967824752072e-02
4.890000000000000000e+02 1.000000000000000000e+00 9.992371773682007241e-01 0.000000000000000000e+00 3.905205967825067792e-02
4.900000000000000000e+02 1.000000000000000000e+00 9.992371773678878633e-01 0.000000000000000000e+00 3.905205967823866670e-02
4.910000000000000000e+02 1.000000000000000000e+00 9.992371773680698288e-01 0.000000000000000000e+00 3.905205967824590396e-02
4.920000000000000000e+02 1.000000000000000000e+00 9.992371773670936097e-01 0.000000000000000000e+00 3.905205967820721963e-02
4.930000000000000000e+02 1.000000000000000000e+00 9.992371773680988056e-01 0.000000000000000000e+00 3.905205967824682683e-02
4.940000000000000000e+02 1.000000000000000000e+00 9.992371773681905101e-01 0.000000000000000000e+00 3.905205967825060159e-02
4.950000000000000000e+02 1.000000000000000000e+00 9.992371773671140378e-01 0.000000000000000000e+00 3.905205967820849638e-02
4.960000000000000000e+02 1.000000000000000000e+00 9.992371773681734126e-01 0.000000000000000000e+00 3.905205967824990770e-02
4.970000000000000000e+02 1.000000000000000000e+00 9.992371773681584246e-01 0.000000000000000000e+00 3.905205967824892238e-02
4.980000000000000000e+02 1.000000000000000000e+00 9.992371773682077185e-01 0.000000000000000000e+00 3.905205967825071955e-02
4.990000000000000000e+02 1.000000000000000000e+00 9.992371773681774094e-01 0.000000000000000000e+00 3.905205967825015057e-02
5.000000000000000000e+02 1.000000000000000000e+00 9.992371773681034686e-01 0.000000000000000000e+00 3.905205967824715296e-02
5.010000000000000000e+02 1.000000000000000000e+00 9.992371773681028024e-01 0.000000000000000000e+00 3.905205967824705582e-02
5.020000000000000000e+02 1.000000000000000000e+00 9.992371773681676395e-01 0.000000000000000000e+00 3.905205967824965790e-02
5.030000000000000000e+02 1.000000000000000000e+00 9.992371773681467673e-01 0.000000000000000000e+00 3.905205967824901953e-02
5.040000000000000000e+02 1.000000000000000000e+00 9.992371773656427703e-01 0.000000000000000000e+00 3.905205967815100765e-02
5.050000000000000000e+02 1.000000000000000000e+00 9.992371773681359981e-01 0.000000000000000000e+00 3.905205967824802726e-02
5.060000000000000000e+02 1.000000000000000000e+00 9.992371773681585356e-01 0.000000000000000000e+00 3.905205967824914443e-02
5.070000000000000000e+02 1.000000000000000000e+00 9.992371773678550007e-01 0.000000000000000000e+00 3.905205967823752178e-02
5.080000000000000000e+02 1.000000000000000000e+00 9.992371773677433122e-01 0.000000000000000000e+00 3.905205967823278251e-02
5.090000000000000000e+02 1.000000000000000000e+00 9.992371773682484637e-01 0.000000000000000000e+00 3.905205967825264163e-02
5.100000000000000000e+02 1.000000000000000000e+00 9.992371773673507374e-01 0.000000000000000000e+00 3.905205967821782920e-02
5.110000000000000000e+02 1.000000000000000000e+00 9.992371773679645797e-01 0.000000000000000000e+00 3.905205967824196961e-02
