2000 2
19 0.7070942091978809 0.7071193529516946
1565 0.7070833115169274 0.7071302500772089
298 0.7070967688103812 0.707116793420944
443 -0.7070890003380469 0.7071245615879438
872 -0.7070793108640632 0.7071342504418814
533 -0.7070859621238919 0.7071275996362538
255 -0.7070882881996363 0.7071252736898236
1959 -0.7070876149317251 0.7071259469218792
1398 -0.7070828955135102 0.7071306660527673
478 -0.7070849584944595 0.7071286032051656
173 0.7070921665697261 0.7071213955013174
836 -0.7070771902620971 0.707136370872732
1469 -0.7070931314095001 0.7071204307001088
1441 0.7070778257394903 0.7071357354479514
613 -0.7070711155676465 0.7071424450066082
647 0.7070838738440169 0.7071296877869988
1797 -0.7070714960413341 0.7071420645710942
1346 -0.7070727305158246 0.707140830217642
706 -0.7070847786301083 0.7071287830583695
1166 -0.7070873266971538 0.7071262351407086
100 0.7070926612935466 0.7071209007976003
1446 -0.7070908513777333 0.7071227106365008
1846 -0.7070917031132363 0.7071218589383463
463 -0.7070677565114982 0.7071458037079742
87 0.7070944289747314 0.7071191331825907
1788 -0.7070849503925912 0.7071286113065337
1849 -0.7070797942395937 0.7071337671035755
680 -0.7070932636430236 0.7071202984716657
1989 -0.7070770694301337 0.7071364916945623
1683 0.7070848604476808 0.7071287012458791
222 -0.7070655867211132 0.7071479732522239
619 -0.7070791184061828 0.7071344428847569
383 -0.7070841942332848 0.7071293674183433
483 -0.7070890491392139 0.7071245127892275
1154 -0.707074716845387 0.70713884407379
1824 -0.7070782644574439 0.7071352967656537
202 -0.7070860120913127 0.7071275496717717
1687 -0.7070917258500726 0.7071218362024793
7 0.7070951151312675 0.7071184470493607
1523 -0.7070862851592308 0.7071272766197887
1338 -0.7070907382232082 0.7071228237859096
1051 -0.7070884064596135 0.7071251554360122
1916 -0.7070901373040928 0.7071234246772476
581 0.7070816311097419 0.7071319303688578
406 0.7070958088630264 0.7071177533398114
1987 -0.7070849635647527 0.7071285981351854
182 0.7070922943148499 0.7071212677614511
704 -0.707085235664578 0.7071283260520455
1729 -0.7070886357650845 0.7071249261423838
1657 -0.7070600671599768 0.7071534921272249
363 -0.7070870389619183 0.7071265228599949
1513 -0.7070843836180399 0.7071291780456358
904 -0.7070905142291911 0.7071230477696919
459 -0.7070844369482058 0.7071291247188443
501 -0.7070882102364255 0.7071253516489481
35 0.7070948543300818 0.7071187078418448
1895 -0.7070901365138111 0.7071234254674923
1889 -0.7070882422736191 0.7071253196134357
1853 -0.707094965920666 0.7071185962550074
232 -0.7070839684254673 0.7071295932116635
998 -0.7070880934790287 0.707125468400193
387 -0.7070883493968685 0.7071252124957871
1779 -0.7070821296728836 0.7071314318408279
973 -0.7070837885578088 0.7071297730676709
1577 -0.7070877889477329 0.7071257729152616
217 -0.7070905271668739 0.7071230348326041
454 -0.7070859063940775 0.7071276553627823
104 0.7070918801339477 0.7071216819251399
349 -0.707091022312731 0.707122539709163
1511 -0.7070806979786713 0.7071328634323218
1347 -0.7070739010906733 0.7071396597535855
1258 -0.7070879243725345 0.7071256374977086
1436 0.7070853828948046 0.7071281788307602
1057 -0.7070926834004368 0.7071208786915923
1870 -0.7070842556201663 0.7071293060353779
867 -0.707087407802806 0.7071261540395096
624 -0.7070863268716856 0.7071272349097493
832 -0.707086073580275 0.7071274881864161
1903 -0.7070808994340121 0.7071326619917851
1421 -0.707081597435035 0.7071319640411677
1586 -0.7070839365146073 0.7071296251204631
1878 -0.7070811159886654 0.7071324454529175
1348 -0.7070773181791354 0.7071362429663761
1437 0.7070859818389208 0.7071275799223853
1086 -0.7070911013294783 0.707122460695929
205 -0.7070760062193732 0.7071375548143803
1394 -0.707085853973379 0.707127707780382
1212 -0.7070821120472081 0.707131449465274
939 -0.7070840943606894 0.7071294672845444
726 -0.7070834048610797 0.7071301567392401
1143 0.7070855890642744 0.7071279726737079
347 -0.7070786324847497 0.7071349287678388
55 0.707094909993991 0.707118652179809
732 -0.7070807317965202 0.7071328296169661
447 -0.7070844896588815 0.7071290720114957
121 0.707088920259278 0.7071246416626764
1699 -0.707089029763378 0.7071245321640911
1157 -0.7070884095242853 0.7071251523714998
1419 -0.7070836371886039 0.7071299244270002
359 -0.7070730087176715 0.7071405520424774
598 -0.707088428522175 0.7071251333745966
794 -0.7070885647765018 0.707124997127316
728 -0.7070791741297753 0.7071343871655195
672 -0.7070795136147019 0.707134047706937
977 -0.7070896957544959 0.7071238662057835
236 -0.707089552837001 0.7071240091163431
1079 -0.7070891284199048 0.7071244335125036
348 -0.7070871986572187 0.7071263631735751
1975 -0.7070721628874872 0.7071413977908598
819 0.7070855544449294 0.707128007290976
1709 -0.7070881272627348 0.7071254346182709
1112 -0.707082711541282 0.7071308500125194
1848 0.7070881635738715 0.707125398309048
1239 -0.7070930212718084 0.7071205408335315
893 -0.7070855280431292 0.7071280336911904
696 0.7070837585016216 0.7071298031219024
1406 0.7070819719467549 0.7071315895559246
783 -0.7070827540021987 0.7071308075544908
671 -0.7070854956890485 0.7071280660433248
1225 0.7070857940779373 0.7071277676722736
630 -0.7070824537960041 0.7071311077401571
435 -0.7070817696677718 0.7071317918206567
213 -0.7070897281157783 0.7071238338460633
1391 -0.7070821158472808 0.7071314456654666
317 0.7070955264682711 0.7071180357256902
1992 -0.707071463885524 0.707142096723694
1698 0.7070868796199821 0.7071266821929978
147 0.70709253368231 0.7071210284037176
466 -0.7070882794653217 0.7071252824236816
715 -0.7070832575982351 0.7071303039923179
1983 -0.7070875506945391 0.7071260111555772
1367 -0.7070816146130957 0.7071319468643299
1290 -0.7070898415234675 0.7071237204438257
1550 -0.7070888892376804 0.7071246726827055
1074 -0.7070872439270871 0.7071263179062112
948 -0.7070814058041448 0.7071321556583566
1667 -0.7070791583801697 0.7071344029138952
1294 0.7070891681614895 0.7071243937729011
1313 -0.707070442677598 0.7071431178281421
1710 -0.707075383500114 0.7071381774788905
1781 -0.7070850169029036 0.7071285448003218
605 -0.7070915762615563 0.7071219857845941
1624 -0.707092502617785 0.7071210594669894
358 -0.7070925090063497 0.7071210530786828
562 -0.707086518697036 0.7071270430954442
1941 -0.7070787918879679 0.7071347693772748
1782 -0.7070919908428397 0.7071215712208967
716 -0.7070908564297935 0.7071227055846682
1277 -0.7070863897512033 0.7071271720338637
1190 0.7070869457963787 0.70712661602032
1130 -0.7070857122060159 0.7071278495393258
1235 -0.7070751448862767 0.7071384160714584
1007 -0.7070746027450726 0.7071389581637387
1223 0.7070866493224263 0.7071269124775156
64 0.7070944766966292 0.7071190854623569
531 -0.7070881422873404 0.7071254195944577
1 0.7070909403233769 0.7071226216948533
812 0.707084056320098 0.707129505322693
1871 -0.7070828828430732 0.7071306787223482
1600 -0.7070870317182545 0.7071265301032539
1885 -0.7070919967312573 0.7071215653327253
648 -0.7070785009722771 0.7071350602698169
1366 -0.7070848259887941 0.7071287357026278
1241 -0.7070831886925676 0.7071303728933943
1014 -0.7070846725981519 0.7071288890837117
614 -0.707087843582762 0.7071257182831632
1163 -0.7070796802479701 0.7071338810864801
1705 -0.7070725161054163 0.7071410446073371
135 0.7070962683018678 0.7071172939149295
643 0.7070817860630235 0.7071317754265641
325 0.7070820098465147 0.707131551658822
878 0.7070925457689246 0.70712101631759
1866 -0.7070791782423748 0.7071343830532413
1943 -0.7070906387410961 0.7071229232634937
901 -0.7070854555216723 0.7071281062082804
191 0.7070844543810032 0.7071291072871481
356 -0.7070783425384998 0.7071352186908867
801 -0.7070739696575437 0.7071395911930848
1325 -0.7070860494590573 0.7071275123062203
1960 -0.7070664179535626 0.7071471421156404
626 -0.7070890183259025 0.707124543600992
1496 0.7070789106380411 0.7071346506365821
1289 -0.7070909187988718 0.7071226432183934
1838 -0.7070804688880602 0.7071330925059589
682 -0.7070853993520828 0.7071281623744775
796 -0.707078041860398 0.7071355193446763
1706 -0.7070828980171671 0.7071306635492797
1453 -0.7070906147421856 0.7071229472613078
966 -0.7070843153665294 0.7071292462928163
1644 -0.7070889668755871 0.7071245950487188
1578 -0.7070878854437597 0.7071256764244052
1837 -0.7070810260554085 0.707132535379635
834 -0.7070876371889299 0.7071259246658804
1499 0.7070853118523727 0.7071282498688853
1053 -0.7070850828515448 0.7071284788557338
240 -0.7070826360923953 0.7071309254562619
556 -0.7070810618755897 0.7071324995620613
209 -0.707085654191146 0.7071279075507337
1040 0.7070855102719052 0.7071280514613456
1009 -0.7070810451555529 0.7071325162808813
1314 -0.7070927828959505 0.7071207792000319
120 0.7070926447826137 0.7071209173078736
1640 0.7070866208693373 0.7071269409289835
644 0.7070833086006946 0.7071302529932478
768 -0.7070874621815532 0.707126099663738
997 -0.7070784496324771 0.7071351116055067
1574 -0.7070715088808467 0.7071420517328626
1752 -0.7070875388412997 0.7071260230081716
859 -0.7070833502972591 0.7071302112994491
660 -0.7070795847751669 0.7071339765519526
560 -0.7070898604635802 0.7071237015046198
8 0.7070995822224249 0.7071139800773792
25 0.707092309346218 0.7071212527306983
1955 -0.7070811553052919 0.7071324061391429
484 0.7070943172134652 0.7071192449399347
1618 -0.7070898909784238 0.7071236709912352
773 -0.7070828216993225 0.707130739861961
1697 0.7070783525744548 0.7071352086557388
74 0.7070967793042103 0.7071167829274121
1738 -0.7070895428108577 0.7071240191419979
1068 -0.7070914058991474 0.7071221561396357
4 0.7070905555976684 0.7071230064031155
1726 -0.7070763425554955 0.7071372185073727
1373 -0.7070823227870487 0.7071312387400741
917 -0.7070530898960604 0.7071604684005134
1881 -0.7070808371370826 0.7071327242841491
311 0.707096029945358 0.7071175322642717
615 -0.7070889251614023 0.7071246367607994
144 0.7070915084626785 0.7071220535805498
746 -0.7070820730028585 0.7071314885068974
1725 -0.7070866557403835 0.7071269060599237
558 -0.7070820114124368 0.7071315500930098
1520 -0.7070804898208057 0.7071330715747705
548 -0.7070800340523691 0.7071335273090229
40 0.707089120180237 0.70712444175176
1681 0.7070816650208349 0.707131896460175
527 -0.7070866020205951 0.7071269597766504
1638 0.707085684893967 0.707127876849746
65 0.7070926653880791 0.7071208967032314
1859 -0.7070853577895184 0.7071282039345261
935 -0.7070867246469679 0.707126837157255
815 0.7070891217120044 0.7071244402200693
1454 -0.7070839873191602 0.7071295743191893
1814 -0.7070830129903942 0.7071305485838
999 -0.707076829840015 0.7071367312644667
1357 0.7070823753035127 0.7071311862272393
640 0.7070893847423363 0.7071241772027771
42 0.7070953722919758 0.707118189897044
1945 -0.707087886755959 0.7071256751122761
949 -0.7070830881665909 0.707130473412649
1011 -0.7070839183027693 0.707129643331124
1178 -0.7070905452201867 0.7071230167801209
951 -0.707086907908427 0.707126653906144
1887 -0.7070796460875454 0.7071339152442848
1876 -0.7070665581946773 0.7071470018905073
1539 0.7070898931522943 0.7071236688174686
885 -0.7070819243251761 0.7071316371741585
1430 -0.7070798283156723 0.7071337330300962
880 0.7070898230681526 0.7071237388982557
1194 -0.707065594822346 0.7071479651519349
1416 -0.7070900524325607 0.7071235095447743
1332 -0.7070852463221615 0.7071283153951112
962 -0.7070792636411616 0.7071342976611109
282 0.7070921012211627 0.7071214608471738
481 -0.7070840378913055 0.7071295237503006
1806 -0.7070798492376528 0.7071337121097099
965 -0.7070747233687354 0.707138837551033
852 -0.7070875394302091 0.7071260224192943
1766 0.7070870195479161 0.7071265422729123
1132 -0.7070850790431816 0.7071284826638632
1847 0.70708163713854 0.7071319243404883
642 0.7070918023134 0.7071217597423995
1254 -0.70707768369224 0.7071358774835403
1427 -0.7070873065064496 0.7071262553303009
1274 -0.7070643746597249 0.7071491851703232
788 -0.7070879243067395 0.7071256375635001
1470 -0.7070833048170649 0.7071302567766263
941 -0.7070828493815129 0.7071307121816451
198 -0.7070733713643169 0.7071401894302848
897 -0.7070804924757739 0.7071330689199998
1933 -0.7070862352088652 0.7071273265672552
1480 -0.7070875988587119 0.7071259629940211
1493 -0.7070875492466794 0.7071260126033582
1886 -0.7070773991431015 0.7071361620091474
927 0.7070874530010627 0.7071261088437267
583 0.707087853924198 0.7071257079422809
864 -0.7070734705192602 0.7071400902846966
1180 -0.7070876224564872 0.707125939397525
1711 -0.7070799411929612 0.7071336201613938
1397 -0.7070881136730042 0.7071254482072843
1267 -0.7071056769244861 0.7071078854468846
1440 0.7070858934935871 0.7071276682625109
894 -0.7070859912286306 0.7071275705332275
1606 -0.7070820568467855 0.7071315046618409
421 0.707087839705175 0.7071257221605426
425 0.7070825501785764 0.7071310113642033
1183 -0.7070809157723622 0.7071326456546307
1929 -0.7070884310620249 0.7071251308348785
1364 -0.707090906008993 0.7071226560076983
227 -0.7070855850266504 0.7071279767110897
1754 -0.7070788462337702 0.7071347150357707
896 -0.7070771517867066 0.7071364093449007
1761 -0.7070885111173146 0.7071250507837347
1420 -0.7070766545843575 0.7071369065052349
319 0.7070932315955757 0.7071203305178869
1205 -0.7070828464751596 0.7071307150878017
33 0.7070944995360927 0.7071190626236876
1300 0.7070921397824774 0.707121422287458
912 -0.707090067208532 0.7071234947695019
1489 -0.7070745065457258 0.7071390543543175
1375 -0.707088011295686 0.7071255505791826
1342 -0.7070841031943821 0.7071294584514186
98 0.7070931441444653 0.7071204179656352
1146 -0.7070743418143224 0.7071392190706458
1728 -0.7070871656203642 0.7071263962085984
1621 -0.7070784609117993 0.7071351003270885
544 -0.7070804409328246 0.7071331204591129
1032 -0.7070857130347538 0.7071278487106372
1443 0.7070809058254163 0.7071326556008488
742 -0.7070675347670875 0.7071460254278416
1544 -0.7070855059953779 0.7071280557376155
237 -0.7070890191203955 0.7071245428065391
107 0.7070943266132818 0.7071192355404493
223 -0.7070861326735186 0.7071274290966284
1390 -0.7070830501919277 0.7071305113847653
662 -0.7070851938571613 0.7071283678569122
1740 -0.7070714434576855 0.7071421171494915
1435 0.7070821867766672 0.7071313747410212
1175 -0.7070853770016878 0.7071281847235202
585 0.7070833757754272 0.7071301858229686
612 -0.707084527565298 0.7071290341074671
344 -0.7070905771316861 0.7071229848700854
1855 -0.7070916310103401 0.7071219310381606
1841 -0.7070865828632914 0.7071269789328603
1382 -0.7070788976931757 0.7071346635804269
176 0.7070930960586657 0.7071204660495768
1494 -0.7070889525897274 0.7071246093338588
698 0.7070874889476167 0.7071260728991359
550 -0.7070857219527709 0.7071278397931514
495 0.7070820606664222 0.7071315008424711
1753 -0.707054769968693 0.7071587885789999
708 -0.7070741041838479 0.7071394566792389
1845 -0.7070865020683778 0.707127059723149
857 -0.7070753851796086 0.707138175799545
1448 -0.7070867159126708 0.7071268458910565
1913 -0.7070818929330998 0.7071316685640268
1162 -0.7070865479391836 0.7071270138549711
1243 -0.7070887558257534 0.7071248060878562
1894 0.7070899438255991 0.7071236181465806
1145 -0.7070846930349413 0.7071288686481997
1966 -0.7070880756444015 0.7071254862338773
1139 0.7070792319823311 0.7071343293174762
1477 -0.707092556744731 0.7071210053422251
502 -0.70708590918957 0.7071276525674548
1213 -0.7070871136324581 0.7071264481936163
1198 -0.7070815262884677 0.7071320351826602
370 -0.7070865077710736 0.7071270540207802
1533 -0.7070865409399539 0.7071270208538003
1568 0.7070877616194118 0.707125800242114
961 -0.7070777024054636 0.7071358587718563
968 -0.7070815727298428 0.7071319887445994
190 0.7070861355675099 0.7071274262028062
261 -0.7070821093055208 0.7071314522067701
996 -0.7070872196050156 0.7071263422269377
1486 -0.7070723371291914 0.7071412235661722
1090 0.7070736125716574 0.7071399482456538
514 -0.7070930158045664 0.7071205463005605
380 -0.7070819583789121 0.7071316031228151
1172 -0.707082632824281 0.7071309287241531
1949 0.7070815007669563 0.7071320607023478
645 0.7070798875968429 0.7071336737534396
579 0.7070772445445053 0.7071363165948625
1050 -0.7070871781321785 0.707126383697478
396 -0.7070910215933784 0.7071225404284834
929 0.7070784643795646 0.7071350968596005
270 -0.7070843916429281 0.707129170021256
43 0.7070921618748882 0.7071214001959615
461 -0.7070834366100469 0.7071301249923706
1317 -0.7070897606864894 0.7071238012769214
1033 -0.7070718278923641 0.7071417327530254
1161 -0.7070756190000733 0.7071379419997651
1517 -0.7070902476145404 0.7071233143719756
1339 -0.707084384113123 0.707129177550584
455 -0.7070901867635456 0.7071233752201195
157 0.7070908687825472 0.7071226932324706
1611 0.7070878092697168 0.7071257525943689
1028 -0.7070912122152196 0.7071223498150878
946 -0.7070745258688488 0.7071390350329577
79 0.7070933122338964 0.7071202498826473
266 -0.7070845552942757 0.7071290063802335
1105 -0.7070821145506215 0.7071314469620353
293 0.7070932744717923 0.707120287643311
739 -0.7070899951549287 0.7071235668196916
193 -0.7070876310977335 0.7071259307567467
1519 -0.7070857584643547 0.7071278032837404
60 0.7070941508298919 0.7071194113176035
1856 -0.7070781615193169 0.7071353996954634
1570 -0.707081786641203 0.7071317748484254
415 0.7070964728238273 0.7071170893989923
1950 0.7070893790106298 0.7071241829342013
727 -0.7070838752316713 0.7071296863994343
795 -0.7070888620005032 0.7071246999185032
158 0.707090788323739 0.7071227736876484
1546 -0.7070831012587824 0.7071304603213348
582 0.7070842501199033 0.7071293115352905
434 -0.7070797648231996 0.7071337965177233
1880 -0.7070912291836138 0.7071223328474403
525 -0.707088089326815 0.7071254725521873
1877 -0.7070901779961871 0.7071233839870664
776 -0.7070902165988444 0.7071233453862199
1860 -0.7070887164839668 0.7071248454276349
1938 -0.7070899291807317 0.7071236327907504
1370 -0.7070870234117177 0.7071265384093266
1747 -0.707090061502157 0.7071235004756071
1587 -0.7070903396514623 0.7071232223393457
294 0.7070954413630344 0.7071181208282076
268 -0.7070821529998638 0.7071314085154734
543 -0.7070807292626179 0.7071328321506818
804 -0.7070792923498629 0.7071342689546427
518 -0.7070647862951348 0.7071487735840424
1899 -0.7070801607126179 0.707133400658333
1571 -0.7070854772231592 0.7071280845081019
1720 -0.7070877294674833 0.7071258323923112
429 -0.707083242541816 0.7071303190477349
603 -0.7070761337077145 0.7071374273371126
207 -0.7070804570879113 0.7071331043052295
760 -0.707085246112605 0.707128315604655
1605 -0.7070826488930928 0.7071309126564382
252 -0.7070876085636966 0.7071259532895625
192 -0.7070709988609539 0.7071425617015094
1722 -0.7070833121857881 0.7071302494083924
433 -0.7070835671226039 0.7071299944884067
1107 -0.7070750704720822 0.7071384904789868
1393 -0.7070898516021745 0.7071237103656014
849 -0.7070681270984721 0.7071454331617075
1828 -0.7070885948922918 0.7071249670130763
828 -0.7070894332316432 0.7071241287158525
947 -0.7070811522982849 0.7071324091459318
930 0.7070863701545607 0.7071271916293757
1003 -0.7070912267631425 0.7071223352678051
1541 -0.7070830702874684 0.7071304912905729
9 0.7070955260196399 0.7071180361743072
1377 -0.7070867690848083 0.7071267927219326
1278 -0.7070800207240789 0.7071335406363045
1124 -0.7070846575405191 0.7071289041404027
1985 -0.7070855429556601 0.7071280187795557
1159 -0.7070848271946019 0.7071287344968947
1429 -0.7070936596083209 0.7071199025212851
1529 -0.7070885708452367 0.7071249910588938
541 -0.7070855222470187 0.7071280394869524
1401 -0.7070861007241303 0.7071274610441493
54 0.7070963002932638 0.7071172619244835
623 -0.7070894991189289 0.7071240628317935
224 -0.707081294976708 0.7071322664778221
351 -0.7070814634554486 0.7071320980111855
666 -0.707078551595126 0.7071350096510133
113 0.7070929466258561 0.7071206154765708
371 -0.7070801033233017 0.7071334580433236
388 -0.7070867495853772 0.7071268122202593
1707 -0.7070869345695279 0.7071266272465406
1810 -0.7070887812385459 0.7071247806763582
1215 -0.7070874847384576 0.7071260771080651
91 0.7070872959683331 0.7071262658678372
1052 -0.7070867993143659 0.7071267624940847
779 -0.7070809337782924 0.7071326276500174
1830 -0.7070874349710821 0.7071261268727211
669 -0.7070827036714926 0.7071308578817729
1410 -0.7070880949083387 0.7071254669709585
1343 -0.707085018211005 0.707128543492301
1575 -0.7070858524867322 0.7071277092669408
733 -0.7070824689157817 0.7071310926214195
103 0.7070915679503204 0.7071219940954724
28 0.707094922334073 0.7071186398401411
206 -0.7070877148443175 0.7071258470146888
189 0.7070818992416896 0.7071316622558806
41 0.7070964325746542 0.7071171296469896
1995 -0.7070852553108384 0.7071283064069818
1518 -0.7070921030589682 0.7071214590094446
1704 -0.7070867969060627 0.7071267649022519
130 0.7070910603176436 0.7071225017059424
1805 -0.707087995644051 0.7071255662299863
1071 -0.7070830385314131 0.7071305230444973
591 -0.707083351308454 0.7071302102883213
1873 -0.7070858863998178 0.7071276753558611
479 -0.7070867026122296 0.7071268591907428
1850 -0.7070881518246974 0.7071254100576033
321 0.7070916070003193 0.7071219550471518
295 0.707092375386693 0.7071211866929203
127 0.707094046162685 0.7071195159810558
599 -0.7070878842541033 0.7071256776139981
1872 -0.7070805868700513 0.7071329745327282
271 -0.7070824946123823 0.707131066926585
86 0.7070936310005076 0.7071199311280356
1700 -0.7070820677545222 0.707131493754867
1479 -0.707082372743242 0.7071311887873332
928 0.707088087039488 0.7071254748393934
891 -0.7070730004009983 0.707140560358356
145 0.7070903648298287 0.7071231971621493
637 0.7070837278905865 0.707129833730943
1858 -0.7070895233057364 0.7071240386461675
1291 -0.7070741968895926 0.7071393639820495
569 -0.7070738563009128 0.7071397045391781
212 -0.7070841019256165 0.7071294597201028
1081 -0.7070886596290232 0.707124902279669
980 0.7070868401355218 0.7071267216752335
1504 -0.7070873833065301 0.7071261785344425
1958 -0.707094240714266 0.707119321436429
1940 -0.707082715615709 0.7071308459383698
563 -0.7070925383445335 0.7071210237416821
1713 0.70708931279676 0.7071242491448062
1948 -0.7070883136973997 0.7071252481933932
470 -0.7070861715442572 0.7071273902281576
1344 -0.7070858243478599 0.7071277374041465
404 -0.707081298284555 0.7071322631702135
239 -0.7070903931675707 0.7071231688257219
1843 -0.7070799906777883 0.7071335706803196
519 -0.7070892079068117 0.7071243540295563
1144 0.7070877479422276 0.707125813918562
887 -0.7070912266053474 0.7071223354255933
1807 -0.7070794342297674 0.7071341270857405
1634 -0.7070835644726543 0.7071299971381825
869 -0.7070771859485016 0.7071363751859666
201 -0.707088016151174 0.7071255457239521
424 0.7070889036336427 0.7071246582874714
66 0.7070939090290942 0.7071196531096806
163 0.7070924043413973 0.7071211577393947
1036 -0.7070881302354537 0.7071254316457087
1591 -0.7070857547372074 0.7071278070106661
1099 -0.707092436181731 0.7071211259003541
1318 -0.7070816880888093 0.7071318733938387
497 -0.7070814791069291 0.7071320823608256
1842 -0.7070887379975095 0.7071248239151908
1035 -0.707089724749963 0.7071238372117161
521 -0.7070905503091983 0.707123011691343
1500 0.7070838419854621 0.7071297196434881
1912 0.7070868942603041 0.7071266675534995
988 0.7070862466401182 0.7071273151366659
211 -0.70708836163795 0.7071252002553434
1792 -0.7070790481112476 0.7071345131741854
1673 -0.7070928582763388 0.70712070382262
670 -0.7070803217188026 0.7071332396642337
1312 -0.7070917268812594 0.7071218351713364
1303 -0.7070862701382759 0.7071272916398724
389 -0.7070710897125209 0.7071424708591247
1381 -0.7070869294728569 0.7071266323429257
216 -0.7070777351130885 0.7071358260669199
489 0.7070844944541352 0.7071290672165442
1305 -0.7070791570889474 0.7071344042050164
1150 -0.7070795222992108 0.7071340390230977
1330 -0.7070853658924041 0.7071281958321313
374 -0.7070870627771835 0.7071264990460586
1525 -0.7070793478958812 0.7071342134129387
315 0.7070950494574023 0.7071185127210529
269 -0.7070737796285098 0.7071397812044332
1140 0.7070892197928768 0.707124342144082
249 -0.7070810080831359 0.707132553350598
1540 -0.7070843465681236 0.7071292150932033
1751 -0.7070752616053536 0.7071382993628055
1572 -0.7070911712801714 0.707122390748331
1062 -0.7070798954345054 0.707133665916373
399 -0.7070746043144788 0.7071389565944753
1248 -0.7070593542041816 0.7071542049881098
457 -0.7070737504959496 0.7071398103342731
117 0.7070938492488504 0.7071197128877429
964 -0.7070837859331657 0.7071297756921434
1337 -0.7070908050306457 0.7071227569814972
1736 -0.7070876658886152 0.7071258959677477
874 -0.7070800633839764 0.7071334979796331
174 0.7070871761873653 0.7071263856421836
1206 -0.7070893934485182 0.7071241684970233
1653 -0.7070825075197118 0.7071310540201419
1831 -0.707086096492904 0.7071274652751284
1221 0.7070826997749676 0.7071308617780325
1122 -0.7070888021595293 0.7071247597564394
650 -0.7070834157774902 0.7071301458235512
1135 -0.7070860407525977 0.7071275210121692
1153 -0.7070853609058542 0.7071282008183791
125 0.7070951177512868 0.7071184444294278
1030 -0.7070819384545076 0.7071316230458201
220 -0.7070818156855928 0.7071317458060876
219 -0.7070855844736444 0.7071279772640625
31 0.707093551476377 0.7071200106491996
1778 -0.7070850299940955 0.7071285317099355
472 -0.7070843962485636 0.707129165415912
1898 -0.7070821179337194 0.7071314435791733
1133 -0.7070834894593881 0.707130072146515
106 0.7070930843597537 0.7071204777480355
15 0.7070933282581688 0.707120233858985
300 0.7070931361595936 0.7071204259501987
1169 -0.7070851807321835 0.7071283809810885
1684 -0.707091898860472 0.7071216631994046
656 -0.7070911138505932 0.7071224481753691
1804 0.7070900067777067 0.7071235551974652
1484 -0.707087189682538 0.7071263721477588
1048 -0.707081979350754 0.7071315821524449
1013 -0.7070810421263525 0.7071325193098613
258 -0.7070880300332684 0.7071255318425943
498 -0.7070816306027715 0.7071319308757921
1451 -0.7070801294799324 0.7071334318886655
16 0.7070942917277495 0.7071192704247512
1149 -0.7070718964696578 0.7071416641825041
1304 -0.7070797072856746 0.7071338540508472
811 0.7070800571191589 0.7071335042439773
617 -0.707084388477544 0.7071291731864394
1123 -0.7070815983361578 0.707131963140109
382 -0.7070926014268502 0.7071209606619009
1244 -0.7070909185535784 0.7071226434636757
564 -0.7070831401356942 0.7071304214470244
333 0.7070852371749846 0.707128324541731
1380 -0.7070767117576104 0.7071368493368485
1970 -0.7070776943546042 0.7071358668220534
395 -0.70708343683439 0.7071301247680423
524 -0.7070731123397648 0.7071404484302666
1665 0.707083135366992 0.7071304262154077
1182 -0.707088424924339 0.7071251369722457
267 -0.7070851196558201 0.7071284420537153
1734 -0.7070891416454271 0.7071244202876414
862 -0.7070927152569069 0.7071208468363911
992 -0.7070860921036406 0.7071274696641346
1125 -0.7070831633073955 0.7071303982768716
1785 -0.7070895548155066 0.7071240071379338
1622 -0.7070805965911767 0.7071329648123227
241 -0.7070851947864307 0.7071283669276995
1316 -0.7070843419290631 0.7071292197319693
83 0.7070938455194862 0.7071197166169706
231 -0.7070841860410623 0.7071293756100424
767 -0.7070771459574747 0.7071364151736438
1428 -0.7070901125696542 0.7071234494105213
991 -0.7070876130044418 0.7071259488490581
1834 -0.7070917301656642 0.7071218318870712
73 0.7070915785052001 0.7071219835410467
892 -0.7070870217126902 0.7071265401082594
686 -0.7070831225481502 0.7071304390333919
465 -0.7070832528718382 0.7071303087184004
575 0.7070874362176384 0.7071261256262331
1555 -0.7070898140349856 0.7071237479309895
1037 -0.7070901717428845 0.7071233902400754
1349 -0.7070906770430619 0.7071228849632744
446 -0.7070789941921055 0.7071345670890941
110 0.70709474768488 0.7071188144834333
1671 -0.7070876805229004 0.7071258813342536
1220 -0.7070685278663736 0.7071450324373912
441 -0.7070812817119365 0.7071322797416372
78 0.7070914765931262 0.7071220854487239
1557 -0.7070882472294293 0.7071253146578853
1075 -0.7070833411486706 0.7071302204474313
1581 -0.7070814518609527 0.7071321096048512
1902 0.7070822083658869 0.7071313531533023
139 0.7070944047571592 0.707119157399316
1372 -0.7070871067911564 0.7071264550345374
230 -0.7070939268676855 0.7071196352717384
287 0.7070941957997888 0.7071193663493103
1240 -0.7070763732524792 0.7071371878130303
1798 -0.7070862697769045 0.7071272920012229
1813 -0.7070791678475956 0.7071343934472086
101 0.7070929760493866 0.7071205860541901
11 0.7070925334843716 0.7071210286016479
1000 -0.7070875276837646 0.7071260341650994
816 0.7070902131071576 0.7071233488777431
360 -0.7070839113141094 0.707129650319332
1762 -0.7070876493773597 0.7071259124781102
1999 -0.7070817484578363 0.7071318130290908
1743 -0.707092035579029 0.7071215264865759
1654 0.7070840204137065 0.7071295412267747
1516 -0.7070909624274313 0.7071225995917885
442 -0.7070876874019967 0.7071258744555287
1647 -0.7070881189729349 0.7071254429076335
931 0.7070850163502107 0.7071285453529805
950 -0.7070929702665992 0.7071205918367519
970 -0.7070718228802697 0.7071417377646241
6 0.7070959385737251 0.7071176236331144
1652 -0.7070868551635473 0.7071267066480552
895 -0.7070724067438815 0.7071411539582567
1833 -0.7070920744885174 0.707121487578708
62 0.7070898412031834 0.7071237207640945
1978 -0.7070859791571255 0.7071275826040229
1764 -0.7070898039467461 0.7071237580187447
1073 -0.7070735566541299 0.7071400041579311
782 -0.7070804754574663 0.7071330859370414
1355 0.707084946231964 0.7071286154669039
1851 -0.7070829126938541 0.7071306488735836
1423 -0.7070740533757107 0.7071395074826767
464 -0.7070863555311329 0.707127206251959
1322 -0.7070882548545859 0.7071253070331284
1864 -0.7070819690293995 0.7071315924730752
49 0.7070934998577094 0.707120062265932
659 -0.7070911308839665 0.7071224311427501
1795 -0.7070827277321523 0.707130833822751
409 0.7070919439419807 0.7071216181197904
1963 -0.7070844761854138 0.7071290854841138
1923 -0.7070867912644868 0.7071267705435086
620 -0.7070785416357194 0.7071350196096245
837 -0.7070899651019412 0.707123596871251
1808 -0.7070807680053077 0.7071327934108447
606 -0.7070907736860137 0.7071227883247115
250 -0.7070827671745534 0.7071307943830307
1093 0.7070874702249653 0.707126091620765
304 0.7070966578354327 0.7071169043927326
50 0.7070912675250148 0.7071222945077237
994 -0.7070649774229999 0.7071485824788258
228 -0.707084673113104 0.7071288885687919
37 0.7070959529003453 0.7071176093069332
221 -0.7070867034072854 0.7071268583957319
924 0.7070867115514385 0.7071268502520411
482 -0.7070835112677104 0.7071300503396286
1696 -0.7070709872089672 0.7071425733523167
419 0.7070885978288786 0.7071249640766409
936 -0.7070899248719907 0.7071236370992859
1280 -0.7070589738534967 0.7071545852875736
749 0.7070862101406973 0.7071273516339653
63 0.7070937887438179 0.7071197733905573
414 0.7070949877257852 0.7071185744506162
1137 -0.7070822258766377 0.7071313356437681
17 0.7070880612346203 0.7071255006428958
345 -0.7070833075449868 0.7071302540488859
1836 -0.7070847371089459 0.7071288245769457
355 -0.7070791115887013 0.7071344497017047
195 -0.7070883531057793 0.7071252087870695
1371 -0.7070819947707665 0.7071315667335138
723 -0.7070845551868252 0.7071290064876775
318 0.7070943669419784 0.707119195213171
208 -0.7070880469801342 0.7071255148966269
427 0.7070856515767806 0.7071279101649429
959 -0.707084216497779 0.7071293451552708
283 0.7070966381208261 0.7071169241067743
969 -0.7070788516368678 0.7071347096330999
1724 -0.7070895234571896 0.7071240384947216
80 0.7070935866364902 0.7071199754904003
1884 -0.7070769043158467 0.7071366567949359
764 -0.7070739862136052 0.7071395746385593
69 0.7070877532324638 0.7071258086286105
197 -0.7070799253429885 0.707133636010163
156 0.7070897437085446 0.7071238182540487
1407 0.7070853151387988 0.7071282465826589
185 0.7070889109209203 0.7071246510005621
259 -0.7070910050688359 0.7071225569522893
155 0.7070918596346999 0.7071217024235233
1503 -0.707084522005902 0.7071290396665131
1019 -0.7070900675328862 0.7071234944451631
567 -0.7070753754474929 0.7071381855307964
1596 -0.7070878151877504 0.7071257466766526
1141 0.707085792710687 0.7071277690394427
1522 -0.7070791967148249 0.7071343645822328
1111 -0.7070911293794078 0.7071224326472423
553 -0.707077276425515 0.7071362847165147
953 -0.7070902140037969 0.7071233479811457
1459 -0.7070758159069083 0.7071377451102295
39 0.7070957327371614 0.7071178294633058
1094 0.7070933683199135 0.7071201937987622
1224 0.7070896314767361 0.7071239304804311
1006 -0.7070885027971547 0.7071250591034645
863 -0.7070862424336367 0.7071273193429033
803 -0.7070941690265496 0.7071193931215952
1632 -0.7070836804229159 0.7071298811955155
114 0.707090852278276 0.7071227097359987
330 0.707083548245206 0.7071300133645647
712 -0.7070858175312674 0.7071277442203349
1594 -0.707083607775911 0.7071299538377663
856 -0.7070869127957417 0.707126649019104
810 0.7070894295374357 0.7071241324098788
1200 -0.7070860826237727 0.7071274791434478
1044 0.7070823952566241 0.7071311662755045
468 -0.7070715035392724 0.7071420570739041
1869 -0.7070918020181954 0.7071217600375915
291 0.7070904615820606 0.7071231004143963
736 -0.7070864338308541 0.7071271279567521
1270 -0.7070915281015442 0.7071220339425318
873 -0.7070625589690582 0.7071510006385674
265 -0.7070906626367458 0.7071228993689341
1383 0.7070872937006892 0.707126268135356
1934 -0.7070876512991134 0.7071259105564605
81 0.7070928015013475 0.707120760595371
38 0.7070937148907016 0.7071198472409519
1741 -0.707087339591308 0.7071262222472634
124 0.7070952507555727 0.7071183114295047
989 0.7070851123490098 0.7071284493600777
1649 -0.7070868896113627 0.7071266722021795
853 -0.7070806059181496 0.7071329554860404
933 -0.7070813525893088 0.7071322088693697
76 0.7070890425243509 0.7071245194037585
1588 -0.7070877143635534 0.707125847495427
1604 -0.7070702332404708 0.7071433272436828
1595 -0.7070804925543628 0.7071330688414166
1167 -0.7070891271612955 0.7071244347710502
1115 -0.7070928008049641 0.7071207612917269
618 -0.7070813842907423 0.7071321771702145
1495 0.7070824856704713 0.7071310758678815
1614 -0.7070881672629405 0.7071253946201734
10 0.7070932610568744 0.7071203010577158
774 -0.7070860461207424 0.7071275156443392
27 0.707093755243127 0.7071198068900154
678 -0.707090322505187 0.7071232394848233
1528 -0.707087972940113 0.7071255889327172
1967 -0.7070829537403546 0.7071306078298519
1800 -0.7070750704720822 0.7071384904789869
1564 -0.7070840242523326 0.7071295373883958
1787 -0.7070897312795984 0.7071238306823957
353 -0.7070894643669594 0.7071240975820627
140 0.7070929586105194 0.7071206034923762
1642 -0.7070904756510791 0.7071230863460269
1151 -0.7070814483672746 0.707132113098279
1208 -0.7070908186064919 0.7071227434062642
1732 -0.7070860403240237 0.707127521440718
703 -0.7070784523073944 0.7071351089308037
590 -0.7070880225965983 0.7071255392788698
898 -0.7070802695805682 0.7071332917985624
1131 -0.7070855203793073 0.7071280413545514
1780 -0.707086710548528 0.7071268512548947
1911 -0.7070754676538998 0.7071380933325675
1136 -0.7070880601069419 0.7071255017705143
133 0.707091416102804 0.7071221459364225
1509 -0.7070795055973774 0.7071340557236431
571 -0.7070776143107935 0.7071359468592702
1607 -0.7070739262447803 0.7071396346018167
95 0.7070914548740278 0.7071221071668816
1789 -0.7070827175476236 0.7071308440065865
365 -0.707085660660777 0.7071279010814895
1491 -0.707078186344619 0.7071353748721699
985 0.7070931956324673 0.7071203664796154
431 -0.7070681412979725 0.7071454189637593
1456 -0.7070747538693437 0.7071388070531887
1245 -0.707086585449094 0.7071269763472056
976 -0.7070848030324066 0.7071287586575888
710 -0.7070595003718094 0.7071540588400572
1022 -0.7070831650834315 0.7071303965009543
1661 -0.7070902220023603 0.7071233399829572
717 -0.7070883198184706 0.7071252420726418
1678 -0.7070717770180698 0.7071417836222867
1402 -0.7070879790340604 0.7071255828390939
1794 0.7070816359210387 0.707131925557903
1186 -0.707079356156578 0.7071342051528825
865 -0.7070814499254076 0.7071321115402577
1675 -0.7070759823446677 0.7071375786870071
203 -0.7070862832415603 0.7071272785373477
649 -0.7070822757991613 0.707131285724708
313 0.7070953796623173 0.7071181825269403
1617 -0.7070781900534356 0.7071353711636532
1238 -0.7070736661515884 0.7071398946707448
1623 -0.7070900972204859 0.7071234647589655
1015 -0.7070874499465135 0.7071261118981089
1979 -0.7070790719168358 0.7071344893704635
452 -0.7070847270291493 0.7071288346561136
1287 -0.7070735301246468 0.7071400306849204
814 0.70708751088409 0.7071260509638587
1321 -0.7070786207403 0.7071349405113531
754 -0.7070843326641338 0.7071292289963105
762 -0.7070917724794062 0.7071217895751281
1527 -0.7070811166378466 0.7071324448037836
420 0.7070844695726525 0.7071290920964579
1098 -0.7070791318530057 0.7071344294389855
242 -0.7070829554992083 0.7071306060711167
1067 -0.7070883955325533 0.7071251663625044
99 0.707089484169595 0.7071240777803963
376 -0.7070818706371814 0.7071316908583749
1109 -0.7070833410096039 0.7071302205864889
1487 -0.707083055381968 0.7071305061950734
254 -0.7070869307003438 0.7071266311155074
1284 -0.7070896485411287 0.7071239134168659
646 0.7070911639210464 0.7071223981071311
1679 -0.7070937275055446 0.707119834626575
411 0.7070938212111134 0.7071197409244533
940 -0.7070764106794326 0.7071371503892935
938 -0.7070886614654661 0.7071249004433201
1492 -0.7070829982649494 0.7071305633082547
368 -0.707067112404542 0.7071464477432542
775 -0.707086467674712 0.7071270941148406
1612 -0.7070852125366252 0.7071283491785886
750 -0.707089653185364 0.7071239087728556
67 0.7070926438916187 0.7071209181988328
1376 -0.7070661202304271 0.7071474398046642
1177 -0.7070876078698866 0.7071259539833349
1656 -0.7070834002247515 0.7071301613752619
911 -0.7070862008968559 0.707127360877269
1891 0.7070848836852374 0.7071286780097624
607 -0.7070804408720173 0.7071331205199157
1576 -0.7070877919572498 0.7071257699059065
1387 -0.7070901887510328 0.7071233732327259
684 -0.7070936828058586 0.7071198793246077
1598 -0.7070800107484702 0.707133550611158
89 0.7070850898689246 0.7071284718387847
608 -0.7070901943684789 0.7071233676155433
1010 -0.7070890998442655 0.7071244620867152
1901 0.7070813384842503 0.7071322229734133
343 -0.7070828056130384 0.7071307559471546
1211 -0.7070894525209033 0.7071241094275383
757 -0.7070767114395173 0.7071368496549149
1844 -0.7070853073217813 0.7071282543992017
1255 -0.7070840581083013 0.7071295035346046
77 0.7070956915155437 0.7071178706836329
292 0.70709465133775 0.7071189108272707
1609 0.7070860429046012 0.7071275188602919
1802 -0.7070864193982388 0.7071271423885367
1042 0.7070915548640198 0.7071220071812098
1431 -0.707076443114093 0.7071371179574178
1164 -0.707084583154418 0.7071289785218414
958 -0.7070850128301838 0.7071285488727909
509 -0.7070876370997679 0.7071259247550375
790 -0.7070845389860406 0.7071290226874432
1515 -0.7070714674594459 0.707142093150129
257 -0.707092600694694 0.7071209613940275
797 -0.7070831198645043 0.707130441716858
1668 -0.707093797984504 0.7071197641502105
1228 0.7070876467568017 0.7071259150985266
658 -0.7070906819225193 0.7071228800840393
1466 -0.7070893548433858 0.707124207100255
1352 0.7070842900461928 0.7071292716115432
432 -0.7070706067924688 0.7071429537300997
772 -0.7070878302829556 0.7071257315822571
1100 -0.7070852747027315 0.7071282870162691
1483 -0.7070749112692116 0.7071386496675434
1786 -0.7070889610251646 0.7071246008988467
546 -0.707077430423552 0.7071361307312949
160 0.7070948863793407 0.7071186757936657
14 0.7070942639900467 0.7071192981614729
1233 -0.7070793865888367 0.707134174722983
1187 -0.7070757264437777 0.7071378345655138
986 0.7070910154869583 0.7071225465346316
512 -0.707085043493638 0.707128518211223
200 -0.7070867026630236 0.7071268591399514
1840 -0.7070801228910164 0.7071334384770849
177 0.7070948875547142 0.7071186746183318
492 0.7070869549750253 0.7071266068421882
821 -0.7070870217126901 0.7071265401082593
899 -0.7070922417727104 0.7071213203014337
549 -0.7070901236674398 0.7071234383132585
53 0.7070937964890905 0.7071197656455691
1651 -0.7070861669820981 0.7071273947900509
59 0.7070933914610708 0.7071201706584821
709 -0.7070909738572086 0.7071225881625224
486 0.7070947965573775 0.7071187656125957
218 -0.7070845526932005 0.7071290089811453
437 -0.7070819894686433 0.7071315720352652
740 -0.7070775373822685 0.707136023781441
1414 -0.7070885648569428 0.7071249970468793
1536 -0.7070903345080966 0.7071232274824721
1298 0.7070903024042955 0.7071232595847785
1926 -0.7070864148582059 0.7071271469283082
46 0.7070950739854592 0.7071184881938091
1076 -0.7070835254941766 0.7071300361140984
473 -0.7070864239782286 0.7071271378088108
1868 -0.7070744163699187 0.7071391445218819
534 -0.70709080822877 0.7071227537835174
813 0.7070820305853076 0.7071315309214816
952 -0.7070775746631291 0.7071359865036619
1920 -0.7070856336911129 0.7071279280495413
972 -0.7070758475642255 0.7071377134556833
1819 -0.7070884927352995 0.7071250691647993
1584 -0.7070896106693718 0.7071239512867855
984 0.707087828564855 0.7071257333002656
542 -0.707088711244913 0.7071248506664207
926 0.7070811587727989 0.7071324026718873
1096 0.7070828904808204 0.7071306710851172
845 -0.7070880207804794 0.7071255410948925
596 -0.7070913072654045 0.7071222547690756
1026 -0.7070824908879374 0.7071310706507741
507 -0.707079848352004 0.7071337129952914
1460 -0.707081715313388 0.7071318461711911
71 0.7070939249941071 0.7071196371452486
1020 -0.707078787264196 0.7071347740006807
846 -0.7070926379361568 0.7071209241540566
1043 0.7070844368584637 0.7071291248085806
289 0.7070918224227177 0.707121739633933
784 -0.7070831683446536 0.7071303932399501
830 -0.7070830674548522 0.7071304941229991
1543 -0.7070918749727669 0.7071216870861032
26 0.7070926238796998 0.7071209382099511
1114 -0.7070887632369823 0.707124798677005
1279 -0.7070813961679999 0.7071321652938098
1993 0.7070864446209629 0.7071271171672642
235 -0.7070941396017413 0.7071194225453528
341 -0.7070792769917066 0.7071342843116047
530 -0.707082700655414 0.7071308608976461
1253 -0.7070851386499604 0.7071284230607381
1890 -0.7070857665566918 0.7071277951918844
278 0.7070955999872203 0.7071179622090736
1385 0.7070839812937955 0.7071295803441654
842 -0.7070869382394552 0.7071266235768194
1265 0.7070818796543883 0.7071316818418032
1693 -0.7070888010580322 0.7071247608578806
870 -0.707090157967171 0.7071234040151417
1501 -0.7070843889987717 0.7071291726652449
453 -0.7070794518224008 0.7071341094944671
983 0.7070859605350058 0.7071276012250464
367 -0.7070660522220775 0.7071475078051864
1016 -0.7070899284840545 0.7071236334873943
1415 -0.7070711037467204 0.7071424568263417
855 -0.7070850693011131 0.7071284924053336
1121 -0.7070868681037247 0.7071266937086067
900 -0.7070881852753617 0.7071253766087002
1682 0.7070783269882704 0.7071352342398648
504 -0.7070856110867929 0.7071279506525087
1276 -0.7070865123727289 0.7071270494193889
1719 -0.7070763035759511 0.7071372574835592
128 0.7070923192358133 0.7071212428415078
1041 0.7070913834484595 0.7071221785893466
1434 -0.7070893505935067 0.7071242113499246
1953 -0.7070884318474158 0.7071251300495285
741 -0.707070015851603 0.7071435446100134
679 -0.7070752619964871 0.7071382989717071
721 -0.7070837968050819 0.7071297648209341
1472 0.7070887322322474 0.7071248296801583
1296 0.7070734786837134 0.7071400821210126
1973 -0.7070817728023704 0.7071317886862796
1908 -0.7070920400545834 0.7071215220112081
1817 -0.7070875561297246 0.7071260057206873
918 -0.7070774913317901 0.7071360698281075
882 -0.7070926089764761 0.7071209531125777
1490 -0.7070903592925825 0.7071232026991382
786 -0.7070764529846284 0.7071371080877291
540 -0.7070822635613682 0.7071312979616529
119 0.7070926946240117 0.7071208674684648
831 -0.7070870641111232 0.7071264977121932
1716 -0.7070892495426864 0.7071243123957488
1977 -0.7070865704089598 0.7071269913864802
1234 -0.7070799692750267 0.707133592081459
690 -0.7070922115395052 0.7071213505333944
386 -0.7070803673619187 0.7071331940245303
247 -0.7070794276373977 0.7071341336776001
1134 -0.7070849963339805 0.7071285653679781
1080 -0.7070849395022587 0.7071286221961935
907 -0.7070924565549679 0.7071211055279434
1072 -0.7070917328389652 0.7071218292138842
771 -0.7070922686372972 0.7071212934379507
1582 -0.7070875848646974 0.7071259769872758
906 -0.7070875584245294 0.7071260034260073
532 -0.7070812790352305 0.70713228241815
1907 -0.707092022038216 0.7071215400268239
634 -0.7070630529575669 0.7071505067114958
1811 -0.7070859698263833 0.7071275919342158
310 0.7070934413899195 0.7071201207315208
1737 -0.7070917147950708 0.7071218472570101
520 -0.7070804279360162 0.7071331334549529
22 0.7070913823824533 0.7071221796553062
1336 -0.7070860429334377 0.7071275188314572
439 -0.7070807022024987 0.7071328592088063
1058 -0.7070703577761275 0.7071432027208768
122 0.707093668336367 0.707119893793563
1757 -0.70708539107329 0.7071281706527696
262 -0.7070878190588732 0.7071257428057376
1910 -0.7070876843675545 0.7071258774898068
839 -0.7070905989068068 0.7071229630959621
1070 -0.7070886748366847 0.7071248870727865
1310 -0.7070858061249241 0.7071277556260017
1915 -0.7070792671169852 0.7071342941855578
1160 -0.7070901778971754 0.7071233840860737
1994 -0.7070896559479339 0.7071239060104194
496 -0.7070877981974797 0.7071257636660117
792 -0.7070905926787817 0.707122969323702
1424 -0.7070813428880994 0.7071322185698811
1320 -0.7070908346975001 0.7071227273159817
625 -0.7070784138865943 0.7071351473485235
1971 -0.7070732769968928 0.7071402837887791
1590 -0.707093431546829 0.7071201305742398
1603 -0.707088173042317 0.7071253888411011
781 -0.7070666809545288 0.7071468791445993
1064 -0.7070751415918249 0.7071384193656153
1174 -0.7070788023069948 0.7071347589590727
1695 -0.7070862077769359 0.7071273539975893
654 -0.7070784764033613 0.7071350848367666
1059 -0.7070817420946123 0.7071318193918643
1129 -0.7070837773468712 0.7071297842778794
1083 -0.7070899438512356 0.7071236181209454
362 -0.7070888504769154 0.7071247114415069
707 -0.7070827539953242 0.7071308075613648
699 -0.7070888714298448 0.7071246904896396
616 -0.7070868079444321 0.7071267538645062
1095 0.7070868584606215 0.7071267033511669
233 -0.7070920501055595 0.7071215119606509
1256 -0.7070905493121982 0.7071230126882974
18 0.7070954185831988 0.7071181436073118
922 0.7070834789242048 0.7071300826810041
886 -0.707086933807829 0.7071266280081969
963 -0.7070799223810582 0.7071336389718684
1505 -0.7070855603978511 0.7071280013384118
1748 -0.7070894698212047 0.7071240921280845
299 0.7070937861662802 0.7071197759680001
1119 -0.707088227855184 0.7071253340311148
747 0.7070894666988424 0.7071240952502937
751 -0.7070836203276147 0.7071299412868852
1413 -0.7070768317292775 0.707136729375364
851 -0.707087934524178 0.7071256273466064
430 -0.7070900659317342 0.7071234960462393
1400 -0.7070697860056512 0.7071437744319911
1359 0.7070851517368925 0.7071284099746069
32 0.7070930461988394 0.7071205159074696
825 -0.7070805286686686 0.7071330327297942
1991 -0.7070764918498981 0.707137069225791
405 0.7070893847423363 0.7071241772027771
1188 0.7070844365697208 0.7071291250973055
97 0.7070972834491389 0.7071162787963858
256 -0.7070845557884223 0.7071290058861179
1269 -0.7070907469477605 0.7071228150617531
471 -0.7070735149483987 0.707140045859741
1791 -0.7070882340763373 0.7071253278102877
1768 -0.7070800432910175 0.707133518071073
105 0.7070965439157693 0.7071170183091159
1648 -0.7070806352114876 0.7071329261948699
1862 -0.7070894266371431 0.7071241353100289
1353 0.7070873924028067 0.7071261694386648
724 -0.7070840407355646 0.7071295209062244
1297 0.7070877222138121 0.7071258396455915
1784 -0.7070796414262155 0.7071339199052571
1589 -0.7070776188642287 0.7071359423062107
34 0.7070931812072336 0.7071203809042943
416 0.7070833758609415 0.7071301857374601
456 -0.7070846057711531 0.7071289559065257
491 0.7070859378029274 0.7071276239557853
861 -0.7070901563714722 0.7071234056107654
75 0.7070936464033933 0.7071199157257225
1882 -0.7070869148582338 0.7071266469567277
138 0.7070913751684633 0.7071221868689819
1793 -0.7070895638632528 0.7071239980906283
1249 -0.7070876293754556 0.7071259324789315
785 -0.7070859458832913 0.7071276158758978
1921 -0.7070875327093921 0.7071260291397458
1087 -0.7070867658503865 0.7071267959561713
1334 -0.707082157083755 0.7071314044318665
1507 -0.7070792473057014 0.7071343139952995
639 0.7070833002106497 0.7071302613827358
1171 -0.7070820555339983 0.7071315059745363
418 0.7070834123871088 0.7071301492137088
1004 -0.7070859692959905 0.7071275924645773
2 0.7070943393445576 0.7071192228096219
868 -0.7070956014276099 0.7071179607687297
1626 -0.7070710366491773 0.7071425239171082
1203 -0.7070770912168913 0.707136469909635
908 -0.7070915043136398 0.7071220577294092
369 -0.7070817216118371 0.7071318398731883
1097 0.7070876012846132 0.707125960568251
1066 -0.7070802240516184 0.7071333373240957
334 0.7070877123949462 0.707125849463928
70 0.707094664257996 0.7071188979074677
1510 -0.7070917771067875 0.7071217849479431
1299 0.7070787319318789 0.7071348293286126
554 -0.7070846534384618 0.7071289082422032
183 0.7070911066391498 0.7071224553864927
734 -0.7070739953157111 0.7071395655372972
238 -0.7070881151517039 0.7071254467286626
759 -0.7070827094256759 0.7071308521279814
1820 0.7070839445352779 0.7071296171003107
629 -0.707093589878326 0.7071199722486856
1285 -0.7070897993525302 0.7071237626127399
597 -0.7070855572916227 0.7071280044444538
1384 0.7070789926207967 0.7071345686602795
1976 -0.7070801750098464 0.7071333863621804
1961 -0.7070876813151196 0.707125880542077
1199 -0.70708676896941 0.7071267928373245
337 -0.707089912519569 0.7071236494511186
1113 -0.7070939494675387 0.707119612672706
745 -0.7070882390583688 0.7071253228285176
13 0.7070884193092284 0.7071251425870647
1936 -0.7070894031434922 0.7071241588025259
1412 -0.7070890069623124 0.7071245549640113
297 0.7070890429425843 0.7071245189855462
1374 -0.7070821174883352 0.7071314440245265
702 -0.7070909157928831 0.707122646224247
1867 -0.7070836904339626 0.7071298711851227
126 0.7070918437895499 0.7071217182680043
978 -0.7070895378528103 0.7071240240998032
664 -0.7070862175479556 0.7071273442271379
47 0.7070926528466629 0.7071209092441467
1127 -0.7070855442577452 0.7071280174775487
1790 -0.7070854897215361 0.7071280720104779
246 -0.7070827977520155 0.7071307638076443
1438 0.7070875468111165 0.7071260150387887
1947 -0.7070846740151294 0.707128887666823
480 -0.7070610251986537 0.7071525342138206
1854 -0.7070824872650786 0.707131074273384
1482 -0.7070724035022241 0.707141157199599
954 -0.7070743718581057 0.7071391890296177
681 -0.7070772221034948 0.707136339033998
1669 -0.707080629697468 0.7071329317084817
364 -0.7070830439812849 0.7071305175949915
890 -0.7070949505093274 0.7071186116658308
436 -0.7070813354970285 0.7071322259604201
1508 -0.7070857678321198 0.7071277939165322
697 0.7070794913266679 0.7071340699932512
1217 -0.7070784023938694 0.7071351588403261
1204 -0.7070873571730457 0.7071262046664921
1615 -0.7070828663119506 0.7071306952523532
1643 -0.7070735328727159 0.7071400279371096
148 0.7070933023014634 0.7071202598147017
1354 0.7070825623340069 0.7071309992096054
1061 -0.70708811152398 0.7071254503561949
1358 0.7070884025084756 0.7071251593869446
314 0.7070914312970424 0.707122130742844
809 -0.7070852437926868 0.7071283179244321
1946 -0.7070866827045013 0.7071268790973401
1727 -0.7070817358210101 0.7071318256650222
1633 -0.7070912176955936 0.707122344334955
1715 -0.7070916846837564 0.7071218773670399
1691 -0.7070885885356649 0.7071249733693764
595 -0.7070865621269591 0.7071269996680075
993 -0.7070875538015315 0.7071260080487538
668 -0.7070903661945196 0.7071231957975217
888 -0.7070739538714258 0.7071396069777373
1521 -0.7070856401419197 0.7071279215991203
1173 -0.7070920839545074 0.7071214781131115
923 0.7070773154716267 0.7071362456736591
1816 -0.7070875586883574 0.7071260031621937
1054 -0.7070798677316172 0.7071336936171537
1445 -0.7070887312527463 0.7071248306596096
523 -0.7070851833682945 0.7071283783451384
1635 -0.7070815473320842 0.7071320141405463
1514 -0.7070875492466794 0.7071260126033582
412 0.7070905930188142 0.7071229689836853
1250 -0.7070790010583826 0.7071345602233563
1746 -0.7070879813247831 0.7071255805484928
1236 -0.7070857878477695 0.7071277739020713
1549 -0.7070878529977884 0.7071257088686411
1965 0.707090267190762 0.707123294796669
889 -0.7070851423975312 0.7071284193133968
915 -0.707080073610231 0.7071334877541512
1110 -0.7070826038618244 0.7071309576846301
1660 -0.707084730950072 0.7071288307354358
576 0.7070883564938265 0.707125205399199
1088 -0.707082440423828 0.7071311211114131
1952 -0.7070734342010416 0.7071401265994919
925 0.7070889945117276 0.7071245674139699
1883 -0.707084017944033 0.7071295436962893
1662 -0.707083119532769 0.7071304420485712
1956 -0.7070883004992076 0.7071252613908955
1771 -0.7070787330638625 0.707134828196719
88 0.7070949021565641 0.7071186600169727
1773 -0.7070809773429272 0.7071325840885648
738 -0.7070834863660607 0.7071300752396387
329 0.7070865129874097 0.7071270488047433
1996 -0.7070907815246922 0.7071227804863878
1089 0.7070803764498934 0.7071331849372345
919 -0.7070792478929605 0.7071343134080862
1822 -0.7070832835833653 0.7071302780089156
165 0.7070901222930962 0.7071234396875373
500 -0.7070832508272379 0.7071303107628645
1458 -0.7070886987863673 0.7071248631243298
1202 -0.7070851955538494 0.7071283661603277
1835 -0.7070853523842208 0.7071282093394962
168 0.7070903826012978 0.707123179391505
1745 -0.7070831114099945 0.7071304501708021
584 0.7070735985995834 0.7071399622164167
1548 -0.7070744917016116 0.7071390691970764
866 -0.7070733416811447 0.7071402191106508
20 0.7070939989369496 0.707119563205087
1263 0.707085335272051 0.7071282264506287
0 0.707093126729605 0.7071204353798233
611 -0.7070887935675069 0.7071247683480247
178 0.7070915135068486 0.7071220485365973
1116 -0.707085493146813 0.7071280685854071
714 -0.707088558319025 0.7071250035844601
955 -0.7070828771742492 0.707130684390789
102 0.7070945578389564 0.7071190043228445
448 -0.7070792590083969 0.707134302293515
1670 -0.7070826121579973 0.7071309493890245
134 0.7070898029266957 0.7071237590387461
445 -0.7070890808617903 0.7071244810682404
1625 -0.7070870792873255 0.7071264825368371
975 -0.7070846370310911 0.7071289246485467
428 -0.707079251146864 0.707134310154436
204 -0.7070827380714149 0.7071308234841918
982 0.7070904570042688 0.7071231049919768
57 0.7070914610070039 0.7071221010341712
1733 -0.7070917478138506 0.7071218142396356
1815 -0.7070870569580726 0.707126504864845
1155 -0.7070772020793914 0.7071363590564266
82 0.7070930593206636 0.707120502786155
1309 -0.7070850116222974 0.7071285500806028
357 -0.7070853000714 0.7071282616491426
743 -0.7070797522157733 0.7071338091241858
1825 -0.707084077432034 0.7071294842121131
578 0.7070802983839439 0.7071332629973455
1957 -0.7070821173182492 0.7071314441946007
1192 -0.7070861871085109 0.7071273746648109
593 -0.7070906803705798 0.7071228816359082
462 -0.7070816492742077 0.7071319122056834
51 0.7070935542779905 0.7071200078476908
1056 -0.7070930571570213 0.707120504949713
154 0.7070907225364041 0.7071228394720016
758 -0.7070835859448342 0.7071299756674115
1796 -0.7070868912546523 0.7071266705589824
1306 -0.7070914947219185 0.707122067320716
1046 0.7070839910869219 0.7071295705516704
381 -0.7070848038011404 0.7071287578889032
1506 -0.7070744131371566 0.7071391477543482
1919 -0.707089715956063 0.7071238460051917
413 0.7070877343406176 0.7071258275194396
1104 -0.7070906056734639 0.7071229563296144
1863 -0.7070796212647585 0.7071339400651661
1467 -0.7070722996788827 0.7071412610128307
108 0.7070921022470239 0.7071214598213549
720 -0.7070829467161368 0.7071306148535962
1463 -0.7070745442870338 0.7071390166164525
902 -0.7070821104987649 0.7071314510136093
45 0.7070915988141706 0.7071219632329492
700 -0.7070897020539574 0.7071238599066261
695 0.707080093358183 0.7071334680076904
1324 -0.7070893714443267 0.7071241905001321
199 -0.7070834171060221 0.707130144495107
24 0.7070934773342339 0.7071200847885607
981 0.7070836973946215 0.7071298642249183
1620 -0.7070901008466883 0.7071234611329341
400 -0.7070902674328523 0.7071232945545899
248 -0.7070859128539997 0.7071276489032415
181 0.7070944921362459 0.7071190700232773
604 -0.7070891618028516 0.7071244001312221
1968 -0.707087146788786 0.7071264150391312
1197 -0.7070611270561199 0.7071524323695207
791 -0.7070902845268514 0.7071232774613888
565 -0.7070905783421241 0.7071229836597029
1120 -0.7070806135246372 0.7071329478801158
458 -0.7070901424063503 0.7071234195752303
379 -0.7070754244820581 0.7071381365005831
1251 -0.707083703924122 0.707129857695844
1735 -0.7070867297403151 0.7071268320641967
1692 -0.7070817722969627 0.7071317891916515
243 -0.707068867384563 0.7071446929557706
1464 -0.7070784794361655 0.7071350818042054
1091 0.7070845736633569 0.7071289880123064
1537 -0.7070886302046888 0.707124931702494
1329 -0.7070825492575781 0.7071310122851384
1293 0.7070828943238784 0.7071306672423188
1077 -0.7070842986237943 0.7071292630344872
914 -0.7070859159872033 0.7071276457702228
787 -0.7070749009406994 0.7071386599951243
375 -0.7070883434936042 0.7071252183987438
1803 -0.7070871579270648 0.707126403901471
1672 -0.707092357252206 0.7071212048266681
580 0.7070819961234278 0.7071315653809472
770 -0.7070917840259879 0.7071217780290364
943 -0.7070833996151129 0.70713016198486
1478 -0.7070919040931256 0.707121657966971
1702 -0.7070676875526805 0.7071458726591743
838 -0.7070900005016287 0.7071235614732453
56 0.707090864374286 0.7071226976405333
1315 -0.7070831400339005 0.7071304215488113
151 0.7070943790054621 0.7071191831501106
285 0.7070946121750376 0.7071189499886376
1563 -0.7070867582707697 0.7071268035353591
802 -0.7070813415616333 0.7071322198962519
417 0.7070852944446807 0.7071282672755198
1452 -0.7070738960104482 0.7071396648333379
883 -0.7070797878666278 0.7071337734760547
1645 -0.707081654807304 0.7071319066729803
1774 -0.7070895469696822 0.707124014983376
210 -0.7070920457557021 0.7071215163103272
636 -0.7070926581305802 0.7071209039604405
693 0.7070835140808738 0.7071300475266504
253 -0.7070892673473241 0.7071242945919934
1474 -0.7070774263863564 0.7071361347681553
957 -0.7070645066861728 0.7071490531596851
493 0.7070885615919007 0.7071250003117532
141 0.7070933910247256 0.7071201710948108
1701 -0.7070820350334629 0.7071315264736375
58 0.7070906935887559 0.7071228684183337
1450 -0.7070923904928517 0.707121171587377
1165 -0.7070835716933344 0.7071299899179763
577 0.7070864649572207 0.7071270968321756
1404 -0.7070931109326862 0.7071204511761316
1311 -0.7070923261513297 0.7071212359262743
1271 -0.7070904054272699 0.7071231565665906
735 -0.7070876648209543 0.7071258970353509
1207 -0.7070886357704323 0.7071249261370361
1209 -0.7070876746291462 0.7071258872276893
226 -0.7070819299647154 0.7071316315350158
956 -0.7070830024140823 0.7071305591594009
1308 -0.7070763251526879 0.7071372359086816
1462 -0.7070878400788796 0.7071257217868578
1214 -0.7070860076880453 0.7071275540747805
352 -0.707089820589406 0.7071237413768835
850 -0.7070888048030767 0.7071247571130264
971 -0.7070801121296381 0.7071334492376518
1106 -0.707086972942911 0.7071265888753095
1264 0.7070863338574152 0.7071272279244238
1023 -0.7070887028454557 0.7071248590654489
84 0.7070873816084469 0.7071261802324326
1232 -0.7070692102604317 0.7071443501165017
1997 -0.7070886594567521 0.7071249024519312
171 0.7070948435821691 0.7071187185893948
1561 -0.707085208857244 0.707128352857745
327 0.7070867630574542 0.7071267987489455
756 -0.7070881856335068 0.7071253762505737
384 -0.7070883103124601 0.7071252515781556
661 -0.7070809391803328 0.7071326222483719
1534 -0.7070908254285961 0.7071227365844679
1827 -0.7070882720643528 0.707125289824263
1865 -0.707085079704373 0.7071284820027124
1184 -0.7070851868024075 0.7071283749112353
1906 -0.7070901441800972 0.7071234178015671
302 0.7070958170943407 0.7071177451087526
860 -0.7070847265705749 0.7071288351146595
1744 0.7070893866999369 0.7071241752452727
1580 -0.7070883933778891 0.7071251685170564
68 0.7070910479799153 0.7071225140431218
960 -0.7070861946120617 0.7071273671616972
528 -0.7070849329862942 0.7071286287117556
1465 -0.7070784420872143 0.7071351191501649
423 0.7070858848541021 0.7071276769014855
526 -0.7070879528862808 0.7071256089854819
1832 -0.7070844203655995 0.7071291413004023
879 0.707086225702032 0.7071273360735356
755 -0.7070852286616256 0.7071283330545713
1063 -0.7070839197813222 0.7071296418526668
555 -0.7070900609307056 0.7071235010470313
1954 -0.7070855258606834 0.7071280358735048
1181 -0.7070817269950338 0.7071318344903731
881 0.7070874850198231 0.7071260768267152
1558 -0.7070898827291078 0.7071236792401572
1378 -0.7070835026241261 0.7071300589826439
485 0.7070952870227675 0.7071182751634907
1361 -0.7070844805777584 0.7071290810920462
552 -0.7070862796130354 0.7071272821656625
1021 -0.7070842845595163 0.7071292770978703
545 -0.7070893677705823 0.7071241941736953
1286 -0.7070815465304482 0.7071320149421249
179 0.7070963645660929 0.7071171976535536
1283 -0.7070885325033469 0.7071250293988067
1323 -0.7070907854760088 0.7071227765352498
1425 -0.7070868893260739 0.7071266724874523
1444 -0.7070890832901208 0.7071244786400318
1101 -0.7070749319408808 0.7071386289977368
1196 -0.7070707210734383 0.7071428394608037
1879 -0.7070858910032438 0.7071276707527072
1579 -0.7070873251066938 0.7071262367310808
1368 -0.707088890530779 0.7071246713896723
1636 -0.707084953666552 0.707128608032775
3 0.7070943998890097 0.7071191622672953
808 -0.7070845873947323 0.7071289742817933
194 -0.7070844653264906 0.7071290963423519
170 0.7070900355588012 0.7071235264177349
1230 -0.7070838403091724 0.7071297213196691
1569 -0.7070895374903315 0.7071240244622643
467 -0.7070846890752834 0.70712887260761
513 -0.7070894017104702 0.7071241602354776
449 -0.7070793255452501 0.7071342357618349
1818 -0.7070920343227772 0.7071215277427751
1029 -0.7070894984943149 0.7071240634563769
589 -0.7070784686307494 0.7071350926087564
422 0.7070880426886011 0.7071255191879324
390 -0.7070882183672915 0.7071253435185092
1730 -0.7070921918766845 0.7071213701954043
945 -0.7070774724692707 0.7071360886890641
570 -0.7070876602717191 0.7071259015843403
1545 -0.7070855818722858 0.7071279798652654
1998 -0.7070876986020895 0.7071258632560404
1731 0.7070825580677751 0.707131003475545
1502 -0.7070907209727469 0.7071228410355875
1363 -0.7070823539982035 0.707131207531077
875 0.7070903775328906 0.7071231844596768
1045 0.7070913319045955 0.7071222301309619
306 0.7070901977920663 0.7071233641921165
594 -0.7070856587928807 0.7071279029492742
1341 -0.7070834052820252 0.7071301563183225
1259 -0.7070899629874947 0.7071235989855971
460 -0.7070851391697115 0.7071284225410189
1152 -0.7070909821222535 0.7071225798978469
1307 -0.7070793791887908 0.7071341821224555
180 0.7070968451754375 0.7071167170580422
1257 -0.7070766599062773 0.7071369011837684
322 0.7070952036399133 0.7071183585436244
1476 -0.7070896050018054 0.7071239569540766
1060 -0.7070898530419018 0.7071237089259431
1560 -0.7070770267172769 0.7071365344038274
159 0.7070823153103986 0.707131246216207
1497 0.7070873328445398 0.7071262289936606
1439 0.7070926392885329 0.7071209228017347
913 -0.7070927493776609 0.7071208127169929
1562 -0.7070753983697562 0.7071381626105683
1418 -0.7070930194077402 0.707120542697527
769 -0.7070784742434293 0.7071350869965259
942 -0.707076100672725 0.7071374603692372
90 0.7070912394127149 0.7071223226187889
476 -0.7070839437997731 0.707129617835768
1875 -0.7070775677846302 0.7071359933815926
143 0.7070978109530809 0.7071157513062206
96 0.7070920158799955 0.7071215461847872
1801 -0.7070812491124666 0.7071323123387543
1857 -0.707065653141297 0.7071479068397721
573 0.7070906911207913 0.7071228708861862
131 0.7070945376836248 0.7071190244774787
316 0.707095818796561 0.7071177434065851
152 0.7070925550731152 0.7071210070137738
1229 -0.7070941436547271 0.707119418492512
800 -0.7070863290773522 0.7071272327042103
116 0.7070924526978469 0.7071211093849079
731 -0.7070780580566468 0.7071355031497437
780 -0.7070751551776204 0.7071384057810353
1984 -0.7070825025028691 0.70713105903664
1350 -0.7070877483824788 0.7071258134783345
1333 -0.7070924039253184 0.7071211581554566
1457 -0.7070788299504004 0.7071347313178532
1714 0.7070838192890915 0.7071297423383855
499 -0.7070839789872229 0.7071295826505893
1395 -0.7070765909400132 0.7071369701441504
1219 -0.7070799371748396 0.7071336241792106
1345 -0.7070880447865799 0.7071255170900649
635 -0.7070889431364732 0.707124618786636
12 0.7070966956004164 0.7071168666288282
1769 -0.7070926873647572 0.7071208747274301
1551 -0.7070857175197544 0.7071278442259038
1351 -0.7070733640256008 0.7071401967683071
1039 0.7070823638017626 0.7071311977281951
1268 -0.7070854253202097 0.7071281364079202
1369 -0.7070814674367646 0.7071320940301549
539 -0.7070876663284016 0.7071258955279851
1772 -0.7070833679390222 0.7071301936588545
694 0.7070899553911902 0.7071236065815399
817 0.7070901500233947 0.7071234119585443
557 -0.7070920283092366 0.707121533756065
280 0.7070931453208995 0.7071204167892463
685 -0.7070914480247377 0.7071221140158747
587 -0.7070924554039622 0.7071211066789026
332 0.7070854512420574 0.7071281104876371
1686 -0.7070854527345123 0.7071281089952723
805 -0.7070910079342897 0.7071225540869633
1655 -0.7070831958501074 0.707130365736332
677 -0.7070781570932158 0.7071354041212062
1616 -0.7070797414657332 0.7071338198734041
1742 -0.70708305404801 0.707130507528942
765 -0.7070758230599598 0.7071377379578044
1760 -0.7070917813362463 0.7071217807186638
1928 -0.7070802519281127 0.707133309449694
29 0.7070894099408681 0.707124152005484
566 -0.7070916063879749 0.7071219556594699
1531 -0.707088577962349 0.7071249839421478
1893 -0.7070843309337779 0.7071292307265565
1674 -0.7070767216354452 0.7071368394598538
142 0.7070933711951729 0.7071201909236119
378 -0.7070860257774604 0.7071275359864277
1776 -0.7070876555851694 0.7071259062706367
628 -0.7070884758791326 0.707125086020094
1092 0.7070905552431027 0.7071230067576649
1433 -0.7070803459339271 0.7071332154509204
979 -0.7070901922622502 0.707123369721673
1392 -0.7070904526217232 0.7071231093743201
600 -0.7070863118370248 0.70712724994354
394 -0.7070827357969129 0.7071308257585388
1821 -0.7070836267896677 0.7071299348252555
1990 0.7070840906308445 0.70712947101415
1246 -0.7070849982083427 0.7071285634937313
511 -0.7070837819909868 0.7071297796340659
1812 0.7070828683739501 0.707130693190493
1535 -0.7070870657657119 0.7071264960576967
1262 -0.707051904503281 0.7071616536113106
1712 -0.7070747869785344 0.7071387739469955
1962 -0.7070897411501376 0.7071238208123324
1685 -0.7070876398338053 0.7071259220211482
871 -0.7070947453739822 0.7071188167942524
1909 -0.7070743378651945 0.7071392230194113
827 -0.707075470021295 0.7071380909653819
1189 0.7070899305852795 0.7071236313862693
260 -0.7070820503873193 0.7071315111208554
561 -0.7070887481161273 0.707124813797089
398 -0.7070911902248794 0.7071223718044589
440 -0.7070798560607146 0.707133705287168
1538 0.7070868377371514 0.7071267240734687
21 0.7070932295847863 0.7071203325285991
149 0.7070894748402832 0.7071240871092518
1942 -0.7070844901214501 0.7071290715489563
1650 -0.7070864981423091 0.7071270636489926
346 -0.7070869611268815 0.7071266006906768
1403 -0.7070793356853375 0.7071342256225348
290 0.707093494156568 0.7071200679668593
1610 0.7070866722862946 0.7071268895149542
1554 -0.7070810655003474 0.7071324959375671
652 -0.7070814202650876 0.7071321411984514
1242 -0.7070823850252432 0.7071311765061796
1126 -0.7070908165828015 0.7071227454298632
1396 -0.7070853992479094 0.7071281624786449
392 -0.7070908791520852 0.7071226828633991
705 -0.7070809952420434 0.7071325661907543
129 0.7070904304284084 0.7071231315666091
494 0.7070849722261316 0.7071285894743408
184 0.7070866781892359 0.7071268836123485
844 -0.7070770855595025 0.7071364755665486
536 -0.7070792698138001 0.7071342914889527
277 0.7070972830441099 0.707116279201404
1723 -0.707085104805634 0.7071284569029912
655 -0.707071170055897 0.7071423905238495
172 0.707091387940868 0.7071221740971336
1755 -0.7070810213544055 0.7071325400802957
1969 -0.707074630067147 0.7071389308441497
326 0.7070838910348062 0.7071296705973229
748 0.7070835334703731 0.7071300281384265
451 -0.7070851990355332 0.7071283626788566
722 -0.707076054417386 0.7071375066205594
1680 -0.7070782519366982 0.7071353092853891
336 0.7070786201891149 0.7071349410624943
1914 -0.7070739355218281 0.7071396253256309
44 0.7070933909701659 0.7071201711493684
1763 -0.7070830501919277 0.7071305113847653
921 0.7070837644116181 0.7071297972122907
1547 -0.7070874216927903 0.7071261401502862
338 -0.707073093445561 0.7071404673226707
94 0.7070936910219504 0.7071198711088201
937 -0.7070841386927799 0.7071294229552959
719 -0.7070859199133057 0.7071276418443521
974 -0.7070875919997208 0.7071259698526398
1210 -0.7070840515803956 0.7071295100620909
1749 -0.7070807032007831 0.7071328582105955
763 -0.7070870183567155 0.7071265434640464
426 0.7070860174128385 0.7071275443505585
1981 0.7070818388074468 0.7071317226858655
342 -0.7070801028739133 0.7071334584926781
730 -0.7070771055111154 0.707136455616611
1226 0.7070892372401627 0.7071243246976624
1340 -0.7070919142182662 0.7071216478422563
1118 -0.7070838132367894 0.7071297483902945
373 -0.7070928171459472 0.7071207449513894
1608 0.7070862401942632 0.7071273215821468
5 0.7070901924239521 0.7071233695599786
1432 -0.7070868144096166 0.7071267473996868
1758 0.7070850321260975 0.7071285295780645
186 0.7070791965543485 0.7071343647426964
633 -0.7070784583644517 0.7071351028742318
1455 -0.7070838536126537 0.7071297080170508
718 -0.7070812277599048 0.7071323336897739
503 -0.7070863365102764 0.7071272252717161
1103 -0.7070819181120519 0.707131643386846
1360 -0.7070811398188724 0.7071324216244396
137 0.7070956072015149 0.7071179549950071
1573 -0.7070885432169145 0.7071250186857918
1328 0.7070896206340185 0.7071239413226226
793 -0.7070838688182932 0.7071296928123969
340 -0.7070879606296356 0.7071256012425393
1498 0.707087343920009 0.7071262179188003
1951 -0.707085945875182 0.7071276158840066
1179 -0.7070844099897013 0.707129151675644
169 0.7070918304486561 0.7071217316083342
847 -0.7070826499501874 0.7071309115994158
987 0.7070817879340031 0.7071317735557165
1386 -0.7070705107630859 0.7071430497496449
335 0.7070831182672475 0.7071304433140082
586 -0.707088202812259 0.7071253590727244
1689 -0.7070864477979152 0.707127113990495
1409 -0.7070842275633654 0.7071293340903905
778 -0.7070915868025187 0.7071219752440848
905 -0.7070827118552403 0.7071308496985824
1078 -0.7070747181604302 0.707138842758866
225 -0.7070835151452253 0.707130046462369
410 0.7070948889758416 0.7071186731972521
1442 0.7070822721963825 0.7071312893272372
854 -0.7070893422885302 0.7071242196544917
1218 -0.7070833743262099 0.7071301872720899
401 -0.7070888204393734 0.7071247414775245
323 0.7070914904450918 0.7071220715973577
1012 -0.7070847241979289 0.7071288374871575
1765 -0.707086354831831 0.7071272069512203
876 0.7070855187452667 0.7071280429884939
1426 -0.7070880955387011 0.7071254663406294
1597 -0.7070850715506565 0.7071284901559283
841 -0.7070929732460319 0.7071205888574353
301 0.7070942168493966 0.7071193453004511
1583 -0.707079829688498 0.7071337316573753
487 0.7070891539248995 0.7071244080087816
1552 -0.707076783112817 0.7071367779877034
1237 -0.7070839564394715 0.7071296051968857
1047 0.7070881855373766 0.7071253763466988
1542 -0.7070745730375173 0.707138987868589
354 -0.7070814349534994 0.7071321265110928
753 -0.7070858307280277 0.7071277310243569
1566 0.7070878563253419 0.7071257055412655
1927 -0.707076860122547 0.7071367009844987
1085 -0.7070902430185854 0.7071233189677156
1666 0.7070851777146084 0.7071283839984791
798 -0.7070886831832273 0.7071248787266714
761 -0.7070922810197948 0.707121281055961
1252 -0.7070842265389292 0.7071293351147613
559 -0.7070898856205935 0.7071236763488096
1530 -0.7070909802320219 0.7071225817879941
305 0.7070955527608276 0.7071180094339697
1158 -0.70708579373517 0.7071277680150204
588 -0.707089130347919 0.707124431584586
1703 -0.7070855527497645 0.7071280089860393
1739 -0.7070817267571224 0.7071318347282677
1475 -0.7070898381682988 0.7071237237988336
651 -0.7070920553134253 0.707121506753002
150 0.7070928477939366 0.7071207143046094
1688 -0.7070742204661706 0.7071393404076435
263 -0.7070804138820677 0.7071331475078536
1524 -0.7070865788249765 0.7071269829709446
234 -0.7070893281263889 0.7071242338159341
766 -0.707087250746163 0.707126311087512
1266 0.7070823416386983 0.7071312198897283
279 0.7070932080509277 0.707120354061632
274 0.7070923504780919 0.7071212116005057
30 0.7070944224285269 0.7071191397285665
1944 -0.7070884500944938 0.7071251118033969
1288 -0.7070922375798445 0.7071213244941271
1619 -0.7070850062924128 0.7071285554101592
858 -0.7070860272956832 0.707127534468294
574 0.707092021354281 0.7071215407107303
1904 0.7070780304703929 0.7071355307337555
244 -0.7070894131600847 0.7071241487864255
308 0.707091470378878 0.707122091662703
823 -0.7070874439540085 0.7071261178902862
1922 -0.7070878093547909 0.7071257525092994
1399 -0.7070776067439097 0.7071359544255298
1195 -0.7070791050693196 0.7071344562205761
196 -0.7070872033699043 0.7071263584611507
1292 -0.7070736433282568 0.7071399174919383
691 -0.707089324764259 0.7071242371778982
1905 -0.7070896727065151 0.7071238892526494
1138 0.7070868133030073 0.7071267485062335
833 -0.7070709913007985 0.7071425692608995
1935 0.7070926317477113 0.7071209303422544
729 -0.7070697228260251 0.7071438376050009
408 0.707093868818705 0.7071196933186037
162 0.7070946432272988 0.7071189189374436
286 0.7070925331048548 0.7071210289811495
609 -0.7070820919842504 0.7071314695268314
667 -0.7070785705091268 0.7071349907385222
1775 0.7070849464435036 0.7071286152553774
391 -0.7070806785156146 0.7071328828939424
1247 -0.7070914171858775 0.7071221448533962
1639 0.7070829447056303 0.707130616863967
245 -0.7070852471204896 0.707128314596832
109 0.7071056768701206 0.7071078855012498
475 -0.7070883446014873 0.7071252172909182
535 -0.7070865931511627 0.7071269686455764
1974 -0.7070894212597094 0.7071241406871988
444 -0.707074998265846 0.7071385626787398
1592 -0.7070781588435421 0.7071354023710216
818 0.7070789945585054 0.7071345667227229
1231 -0.7070817249183255 0.7071318365669342
92 0.707091173502593 0.7071223885260076
469 -0.7070890450989041 0.7071245168293345
1826 -0.707091706391741 0.7071218556599818
1461 -0.7070900376121975 0.7071235243644359
568 -0.7070854263775085 0.7071281353506852
1008 -0.7070829488290776 0.7071306127407978
1001 -0.7070715040565371 0.7071420565566913
1770 -0.7070853145648154 0.7071282471566074
522 -0.7070875352381969 0.7071260266110786
1422 -0.7070881424678434 0.7071254194139642
806 -0.707066930551187 0.7071466295761601
1102 -0.7070836604702364 0.7071299011468906
1601 -0.7070867139983581 0.7071268478052606
840 -0.707093089633328 0.7071204724746657
1556 -0.707085836304451 0.7071277254482639
1319 -0.7070884812011146 0.7071250806983876
1335 -0.707086484276639 0.7071270775138668
829 -0.7070808406831751 0.7071327207383168
188 0.7070834657245663 0.7071300958797724
1331 -0.7070888514055571 0.7071247105129123
1468 -0.7070738367606846 0.7071397240775862
1658 -0.7070854982810865 0.7071280634514426
1888 -0.7070727649351922 0.7071407958015875
610 -0.7070744849129433 0.7071390759851247
995 -0.7070826426205509 0.7071309189285521
118 0.7070928944991095 0.7071206676012738
1481 -0.7070854972402525 0.7071280644922141
632 -0.7070701586076991 0.7071434018687323
1411 -0.7070844655353155 0.70712909613354
175 0.7070950806134662 0.7071184815660213
1142 0.7070850935170474 0.7071284681908857
112 0.7070952758071652 0.7071182863787281
932 0.7070873263547542 0.707126235483089
1379 -0.7070776006780511 0.7071359604908877
288 0.7070924727656196 0.7071210893179481
1170 -0.7070804037630534 0.7071331576261132
407 0.7070814207270503 0.7071321407365219
1852 -0.7070816693975455 0.7071318920837755
1750 -0.7070899224232353 0.7071236395479245
167 0.70709281968142 0.7071207424160169
403 -0.7070868648031673 0.7071266970089782
1272 -0.7070822422769532 0.7071313192445914
477 -0.7070892541742584 0.7071243077644064
72 0.7070936184925223 0.7071199436355556
52 0.7070898570875983 0.7071237048804404
517 -0.70708778836953 0.7071257734934335
789 -0.7070770966339139 0.7071364644930671
1602 -0.7070843530268279 0.7071292086349088
1024 -0.707091287974616 0.7071222740590193
339 -0.7070793375260553 0.7071342237819596
1216 -0.7070750070843577 0.7071385538610205
506 -0.7070816335621094 0.7071319279166645
944 -0.7070848089185416 0.7071287527718199
1148 -0.7070912121014568 0.7071223499288455
826 -0.7070819963026693 0.7071315652017183
402 -0.7070818067039211 0.707131754787125
331 0.7070855479451148 0.7071280137904005
166 0.7070901686339024 0.7071233933489115
1128 -0.7070892723923683 0.707124289547199
1526 -0.7070852788250692 0.7071282828941818
251 -0.7070913897611075 0.7071221722769734
324 0.7070864725884047 0.7071270892014301
361 -0.7070894927952934 0.7071240691551197
1599 -0.7070857138253843 0.7071278479200538
1027 -0.7070876125942089 0.7071259492592687
1613 -0.7070882773153527 0.7071252845735376
1930 -0.7070897741272424 0.7071237878368152
547 -0.7070861736646283 0.7071273881079102
1147 -0.7070873708448409 0.7071261909954478
777 -0.7070841591605996 0.7071294024887863
136 0.7070925094103849 0.7071210526746639
1917 -0.7070797792003751 0.7071337821416459
1065 -0.7070863525790997 0.7071272092038215
1767 -0.7070890017460072 0.7071245601800543
366 -0.7070842950004824 0.7071292666575686
1986 0.7070786718685498 0.7071348893871717
1222 0.7070888069058299 0.7071247550103802
1630 -0.7070839742494339 0.7071295873880726
621 -0.7070744476826182 0.7071391132120473
1017 -0.7070862152606838 0.7071273465142766
1356 0.7070796955821158 0.7071338657535094
1365 -0.7070801160385446 0.7071334453290399
281 0.707092082862051 0.7071214792055227
1362 -0.7070890357516051 0.7071245261761646
1185 -0.7070693899269096 0.7071441704690691
1931 -0.7070773000926258 0.7071362610513782
820 -0.7070806706757808 0.7071328907331972
309 0.7070898160829804 0.7071237458830928
725 -0.7070871620642334 0.707126399764532
1964 -0.7070808129566449 0.7071327484628116
1405 -0.7070869354706302 0.7071266263454891
187 0.7070908678003657 0.7071226942146079
1892 -0.707082586654255 0.7071309748910226
631 -0.7070807640441238 0.7071327973717372
1585 -0.7070733062925856 0.7071402544958614
1721 -0.7070864772951054 0.7071270844949996
1302 -0.7070829670819117 0.7071305944891935
1918 -0.7070834802375897 0.7071300813677057
1839 0.7070750755237052 0.7071384854278169
1627 -0.7070840360034805 0.7071295256380042
372 -0.7070818642226716 0.7071316972724327
23 0.707095538993031 0.7071180232013287
515 -0.707081780287634 0.7071317812015452
1567 0.7070794771335589 0.7071340841852648
490 0.7070825432983353 0.7071310182439728
1809 -0.7070854751459285 0.7071280865852074
1447 -0.7070676124974865 0.7071459477060617
1861 -0.707084091214043 0.707129470430989
1201 -0.7070907066172214 0.7071228553904608
673 -0.7070899273139998 0.7071236346573931
848 -0.7070916718829572 0.7071218901672924
641 0.7070829450694666 0.7071306165001551
1532 -0.7070792878360754 0.7071342734680792
284 0.7070911249735508 0.7071224370529042
884 -0.7070874680438742 0.7071260938017371
1295 0.7070849548203708 0.7071286068790276
1664 -0.7070798160723353 0.7071337452724996
93 0.7070911764405196 0.7071223855882107
692 -0.7070841385737371 0.707129423074331
1900 -0.7070894310592896 0.7071241308880996
1417 -0.7070814827094387 0.7071320787585739
161 0.7070924454312362 0.7071211166512243
1553 -0.7070888901833328 0.707124671737101
312 0.7070961089428057 0.7071174532692173
1925 -0.7070803783695991 0.707133183017672
1559 -0.7070799159557287 0.7071336453967095
843 -0.7070857249241961 0.7071278368219032
1002 -0.7070883753110707 0.7071251865829348
1275 -0.7070888800293191 0.7071246818906007
1783 -0.7070926532944749 0.7071209087963525
350 -0.7070850263447488 0.7071285353590575
683 -0.7070828068969401 0.7071307546633399
1677 -0.7070827240713389 0.7071308374833153
264 -0.7070907681147707 0.7071227938957021
328 0.7070818485177931 0.707131712976204
275 0.7070926368050908 0.7071209252850774
529 -0.7070805055365323 0.7071330558602121
307 0.7070919513501431 0.7071216107119388
572 0.7070839050428401 0.7071296565901956
1388 -0.707082222452184 0.7071313390679841
1168 -0.7070898541546514 0.7071237078132466
1718 -0.7070778293802539 0.7071357318074859
689 -0.7070898481131783 0.7071237138544304
1897 -0.7070884756936107 0.7071250862056062
48 0.7070918982834627 0.7071216637763895
1485 -0.7070781093964197 0.7071354518141377
1631 -0.707084847362635 0.7071287143301135
1282 -0.7070865879186281 0.7071269738778123
1156 -0.7070854433707602 0.7071281183584595
1799 -0.7070894490981293 0.7071241128501445
1273 -0.7070844974430343 0.7071290642278337
1471 0.7070833969258956 0.7071301646738997
1676 -0.7070825261049918 0.7071310354361372
1025 -0.7070860280735378 0.707127533690485
1823 -0.7070792127826372 0.7071343485156735
1628 -0.7070909145710601 0.7071226474460154
132 0.7070931822651897 0.707120379846379
835 -0.7070639635716681 0.7071495962088382
85 0.7070918234596136 0.707121738597081
622 -0.7070838368945582 0.7071297247340614
701 -0.7070832471063648 0.7071303144834901
215 -0.7070780960284889 0.7071354651809842
1038 -0.7070878349055671 0.7071257269598933
909 -0.7070889997920498 0.7071245621339132
688 -0.7070860120225725 0.707127549740508
1018 -0.707086080401759 0.7071274813653315
934 -0.7070887203688655 0.7071248415429345
1659 -0.7070818737448501 0.7071316877509252
807 -0.7070859387244883 0.7071276230342788
1389 -0.7070787406029552 0.7071348206582243
663 -0.7070849441793469 0.7071286175193943
1512 -0.7070798611886308 0.7071337001596419
990 -0.7070877517507578 0.7071258101102368
1641 -0.7070884436811621 0.7071251182163961
627 -0.7070796190125846 0.7071339423171666
1055 -0.7070879213696097 0.7071256405004732
153 0.7070935270369407 0.7071200350877207
1924 -0.7070756434711549 0.7071379175308394
737 -0.70709089755459 0.7071226644617216
1281 -0.7070875495083415 0.7071260123417105
537 -0.7070813644958207 0.7071321969637138
1117 -0.7070914536886939 0.7071221083521642
1473 0.7070876858935087 0.7071258759639353
657 -0.7070860803113874 0.7071274814556978
1326 -0.7070860432400119 0.707127518524901
1084 -0.7070808558804534 0.7071327055421531
123 0.7070895141493403 0.7071240478021164
602 -0.7070910174503288 0.7071225445713485
752 -0.7070839720046374 0.7071295896327244
505 -0.7070752001179457 0.7071383608447268
1176 -0.7070883078105527 0.7071252540799325
1034 -0.7070897364394767 0.7071238255227662
61 0.7070926970952899 0.707120864997285
1260 -0.7070923355165661 0.7071212265614207
675 -0.7070801497952869 0.7071334115748418
1759 0.7070816170278554 0.707131944449742
164 0.7070945242306996 0.7071190379299376
1690 -0.7070807672513413 0.7071327941647556
214 -0.7070891164512291 0.7071244454805817
799 -0.7070882182254159 0.7071253436603772
1629 -0.7070814348910321 0.7071321265735555
744 -0.7070901537328911 0.7071234082492224
1874 -0.7070827972503443 0.7071307643092813
910 -0.7070889867925084 0.7071245751328007
516 -0.7070833812705362 0.7071301803282232
1756 -0.7070888233538619 0.707124738563184
1637 -0.7070812070048654 0.7071323544433126
320 0.7070925287966306 0.7071210332892002
1261 -0.7070921497479012 0.7071214123224465
1896 -0.7070858811447264 0.7071276806106418
551 -0.7070778794085416 0.707135681783291
1408 0.7070793490772013 0.7071342122317101
1829 0.7070825012877506 0.7071310602516752
1193 -0.7070881059639303 0.7071254559159511
303 0.7070946791995123 0.7071188829664632
592 -0.7070949526543401 0.7071186095208898
903 -0.7070832470840082 0.7071303145058451
1717 -0.707087398176672 0.7071261636651159
272 0.7070961881370784 0.7071173740773264
229 -0.7070846639308263 0.7071288977504954
653 -0.7070828480574026 0.7071307135056658
508 -0.7070818065864165 0.7071317549046213
488 0.7070923369252996 0.7071212251527447
1777 -0.7070800891721107 0.7071334721934466
1980 0.7070876740257706 0.7071258878310321
377 -0.7070801670573688 0.7071333943140596
1449 -0.7070787392043952 0.707134822056673
1593 -0.7070830647701222 0.7071304968075489
474 -0.7070883213470226 0.7071252405441696
1937 -0.7070873932602602 0.7071261685812582
1227 0.7070848484575442 0.7071287132352723
146 0.7070943724535729 0.7071191897017702
601 -0.7070728180806836 0.7071407426612049
1988 -0.7070872571340961 0.7071263046999317
1972 0.707089329339492 0.7071242326028908
713 -0.707081365563902 0.7071321958957094
920 -0.7070697854867695 0.7071437749508186
638 0.7070815532959649 0.707132008177091
510 -0.707067783511175 0.7071457767112761
1191 0.7070812857628493 0.7071322756910164
393 -0.7070915295230289 0.7071220325211083
711 -0.7070796963704741 0.7071338649652115
1069 -0.7070807121255293 0.7071328492865074
1939 -0.7070826989618393 0.7071308625911055
115 0.7070931883501856 0.7071203737616168
822 -0.7070854374667102 0.7071281242621532
676 -0.7070895013258878 0.7071240606249425
824 -0.707077172811116 0.7071363883222522
967 -0.707088552614395 0.7071250092887961
877 0.707093025710445 0.7071205363950676
1663 -0.7070888089257148 0.7071247529905978
1708 -0.7070865538455127 0.7071270079489801
687 -0.7070855411917182 0.7071280205433914
36 0.7070953303353308 0.7071182318523328
1031 -0.7070913259594409 0.7071222360758567
273 0.7070966530944821 0.7071169091335475
450 -0.7070833352003235 0.7071302263953839
1108 -0.7070737979240892 0.7071397629105609
1049 -0.7070877476060808 0.7071258142546908
1694 -0.7070872164127854 0.7071263454189914
538 -0.7070900860097425 0.7071234759691796
385 -0.7070753414346742 0.7071382195405923
438 -0.7070840833280966 0.7071294783164292
1982 -0.7070879503604067 0.7071256115112213
296 0.7070937007731587 0.7071198613579729
397 -0.7070935513344005 0.7071200107911706
276 0.7070956057375265 0.7071179564589493
1005 -0.707086155621814 0.7071274061496724
916 -0.7070910603552997 0.7071225016682879
1327 -0.7070853440478887 0.7071282176753229
665 -0.7070765881333698 0.7071369729505542
1932 -0.7070866743647303 0.7071268874366365
1082 -0.7070853719169056 0.7071281898079947
1646 -0.7070817318005285 0.7071318296852191
1301 -0.7070836573704357 0.7071299042464886
111 0.7070961697552515 0.7071173924586021
674 -0.7070809298099616 0.7071326316180581
1488 -0.7070820817245452 0.70713147978582
